264 478 1
265 478 1
266 478 1
269 478 2
270 478 1
275 478 2
282 478 3
284 478 1
290 478 2
291 478 2
293 478 3
294 478 1
296 478 1
299 478 1
301 478 1
303 478 3
304 478 3
308 478 1
310 478 3
315 478 1
316 478 1
318 478 3
321 478 1
322 478 2
325 478 3
326 478 2
328 478 3
330 478 1
331 478 1
332 478 2
334 478 3
335 478 1
337 478 1
340 478 3
341 478 3
343 478 2
350 478 1
351 478 3
352 478 1
354 478 2
356 478 3
358 478 1
360 478 2
361 478 3
366 478 3
369 478 3
378 478 2
384 478 3
390 478 1
393 478 3
398 478 1
400 478 1
403 478 3
407 478 2
413 478 3
420 478 3
421 478 2
422 478 2
423 478 2
426 478 2
427 478 2
429 478 2
431 478 1
433 478 2
434 478 1
438 478 2
439 478 1
443 478 1
446 478 1
449 478 3
450 478 2
466 478 2
467 478 1
468 478 2
470 478 2
474 478 2
478 478 2
482 478 3
486 478 1
489 478 3
491 478 2
495 478 3
497 478 3
498 478 1
499 478 2
500 478 3
504 478 2
505 478 2
517 478 2
522 478 1
523 478 1
525 478 3
526 478 1
528 478 2
529 478 1
531 478 3
535 478 3
536 478 1
538 478 2
543 478 3
548 478 2
551 478 3
552 478 3
553 478 1
555 478 3
557 478 2
558 478 1
560 478 3
566 478 1
567 478 1
569 478 1
573 478 3
574 478 3
581 478 3
582 478 2
590 478 3
591 478 3
592 478 2
595 478 1
596 478 1
597 478 2
600 478 1
601 478 3
602 478 3
606 478 3
612 478 1
614 478 3
617 478 2
618 478 1
621 478 3
623 478 3
629 478 2
630 478 1
631 478 2
635 478 3
636 478 2
644 478 3
645 478 3
646 478 3
648 478 2
650 478 1
655 478 3
656 478 2
658 478 2
662 478 2
663 478 3
670 478 2
671 478 1
673 478 1
677 478 1
679 478 3
681 478 2
686 478 2
687 478 1
692 478 3
698 478 2
703 478 2
704 478 1
709 478 2
710 478 1
712 478 1
713 478 3
716 478 1
719 478 2
721 478 2
728 478 2
732 478 1
733 478 1
734 478 3
736 478 2
737 478 2
738 478 2
741 478 2
744 478 2
747 478 3
748 478 3
749 478 3
750 478 2
752 478 2
753 478 3
755 478 1
758 478 3
759 478 1
764 478 1
770 478 2
774 478 1
775 478 3
777 478 3
785 478 2
793 478 3
799 478 2
803 478 1
805 478 3
809 478 2
813 478 1
817 478 3
821 478 1
824 478 1
825 478 3
826 478 2
828 478 3
830 478 3
835 478 3
838 478 1
843 478 3
844 478 1
848 478 3
854 478 2
855 478 2
862 478 2
863 478 1
864 478 1
865 478 3
867 478 3
869 478 2
871 478 1
872 478 3
875 478 1
877 478 3
879 478 1
881 478 2
883 478 3
885 478 3
886 478 3
888 478 1
890 478 2
891 478 3
894 478 3
895 478 3
903 478 1
905 478 3
906 478 2
907 478 2
908 478 2
911 478 2
915 478 3
917 478 3
918 478 3
920 478 3
924 478 2
925 478 1
928 478 3
935 478 1
937 478 3
939 478 2
944 478 3
947 478 3
949 478 1
950 478 2
951 478 3
953 478 1
959 478 2
961 478 1
965 478 3
967 478 3
968 478 2
973 478 2
975 478 3
977 478 3
978 478 1
981 478 3
982 478 3
983 478 2
985 478 2
986 478 3
987 478 1
988 478 2
989 478 2
992 478 1
993 478 3
994 478 1
1 479 1
2 479 3
3 479 3
4 479 3
6 479 3
7 479 3
13 479 2
19 479 1
21 479 2
30 479 2
32 479 1
34 479 3
37 479 1
38 479 3
47 479 3
52 479 3
53 479 2
56 479 3
60 479 1
65 479 2
67 479 3
68 479 2
70 479 3
74 479 1
76 479 3
77 479 2
89 479 1
94 479 2
96 479 2
97 479 1
98 479 3
99 479 1
104 479 2
106 479 3
118 479 2
119 479 1
121 479 3
122 479 1
124 479 1
134 479 1
137 479 3
140 479 1
144 479 3
148 479 2
149 479 3
156 479 1
158 479 2
159 479 1
161 479 1
162 479 3
163 479 3
165 479 3
171 479 1
175 479 3
177 479 2
178 479 2
183 479 1
184 479 1
187 479 1
190 479 2
196 479 1
198 479 3
201 479 1
202 479 1
205 479 3
206 479 1
209 479 1
212 479 3
220 479 1
221 479 2
222 479 3
225 479 3
226 479 1
229 479 3
236 479 1
242 479 1
243 479 1
249 479 2
253 479 3
255 479 2
262 479 3
263 479 1
264 479 2
266 479 3
267 479 2
272 479 3
273 479 1
275 479 1
285 479 1
290 479 3
304 479 3
305 479 1
306 479 3
308 479 3
314 479 1
315 479 1
316 479 3
318 479 3
319 479 2
322 479 3
323 479 3
324 479 1
326 479 1
327 479 3
333 479 3
336 479 2
340 479 3
341 479 1
343 479 1
347 479 3
348 479 2
352 479 3
355 479 2
356 479 3
360 479 3
363 479 2
364 479 1
366 479 2
369 479 3
372 479 2
374 479 1
379 479 1
382 479 3
383 479 2
384 479 1
386 479 3
387 479 2
389 479 1
391 479 2
393 479 3
399 479 1
400 479 3
402 479 2
404 479 2
405 479 2
408 479 1
412 479 1
418 479 2
425 479 3
426 479 3
428 479 1
433 479 1
436 479 2
438 479 2
443 479 1
444 479 1
446 479 3
454 479 1
455 479 1
456 479 2
460 479 2
462 479 2
465 479 2
469 479 1
470 479 1
475 479 2
477 479 3
484 479 2
485 479 2
488 479 2
489 479 1
490 479 2
492 479 3
493 479 1
495 479 1
496 479 1
504 479 1
506 479 2
509 479 3
513 479 3
514 479 3
516 479 3
518 479 3
521 479 3
525 479 1
526 479 3
527 479 3
528 479 3
529 479 1
530 479 3
537 479 3
538 479 1
541 479 2
550 479 1
552 479 1
553 479 3
562 479 2
563 479 1
568 479 3
570 479 1
571 479 2
574 479 3
576 479 1
583 479 1
586 479 2
590 479 3
593 479 1
594 479 2
597 479 2
602 479 2
606 479 2
612 479 2
614 479 1
617 479 2
618 479 2
619 479 1
626 479 1
628 479 3
629 479 2
632 479 2
635 479 2
636 479 3
637 479 2
638 479 3
644 479 2
649 479 3
651 479 2
652 479 2
654 479 1
656 479 2
658 479 3
662 479 1
666 479 2
671 479 1
676 479 3
679 479 1
682 479 2
684 479 1
685 479 3
687 479 2
689 479 2
690 479 2
691 479 2
694 479 2
695 479 3
697 479 1
698 479 3
700 479 3
703 479 2
706 479 3
709 479 1
716 479 1
729 479 2
732 479 3
736 479 2
737 479 2
738 479 2
739 479 3
740 479 1
745 479 1
749 479 3
754 479 1
763 479 1
773 479 1
779 479 3
784 479 2
787 479 1
791 479 2
795 479 1
797 479 3
801 479 1
802 479 2
805 479 2
812 479 1
813 479 3
818 479 2
819 479 2
820 479 2
824 479 2
829 479 3
835 479 1
838 479 1
840 479 1
842 479 3
843 479 1
845 479 2
847 479 2
848 479 3
849 479 1
856 479 3
857 479 2
859 479 3
866 479 3
872 479 1
884 479 3
888 479 3
891 479 3
895 479 1
898 479 3
901 479 1
902 479 2
910 479 2
912 479 1
913 479 3
918 479 1
920 479 3
922 479 1
926 479 2
927 479 3
928 479 2
929 479 3
932 479 1
937 479 2
943 479 1
945 479 3
946 479 2
952 479 1
962 479 3
966 479 2
968 479 3
975 479 3
978 479 3
981 479 2
983 479 2
984 479 3
987 479 1
994 479 1
996 479 2
998 479 2
0 480 3
7 480 1
9 480 1
13 480 2
20 480 1
22 480 3
24 480 1
25 480 1
30 480 3
39 480 2
43 480 3
45 480 3
49 480 1
51 480 1
52 480 1
55 480 1
60 480 3
61 480 2
62 480 2
63 480 1
65 480 2
66 480 2
67 480 2
68 480 1
69 480 1
71 480 2
72 480 3
82 480 1
84 480 1
86 480 1
91 480 1
97 480 2
99 480 3
102 480 3
103 480 1
108 480 3
109 480 1
110 480 1
115 480 1
118 480 2
119 480 2
129 480 1
130 480 3
131 480 2
134 480 2
137 480 3
138 480 2
140 480 3
141 480 1
143 480 2
145 480 3
146 480 2
150 480 2
151 480 2
154 480 2
156 480 1
158 480 1
164 480 3
165 480 2
171 480 1
173 480 2
175 480 3
176 480 1
178 480 3
182 480 1
186 480 3
187 480 2
188 480 3
189 480 3
195 480 3
201 480 3
202 480 2
206 480 3
213 480 3
217 480 2
220 480 3
