615 620 3
616 620 2
617 620 1
618 620 1
622 620 3
624 620 1
626 620 3
628 620 2
629 620 1
630 620 1
632 620 2
639 620 1
642 620 2
645 620 3
646 620 2
647 620 3
648 620 1
649 620 2
655 620 1
660 620 2
665 620 2
667 620 2
669 620 3
670 620 3
672 620 3
677 620 1
679 620 2
682 620 1
683 620 3
685 620 2
695 620 3
698 620 1
699 620 3
702 620 3
703 620 2
705 620 1
708 620 2
712 620 1
717 620 2
718 620 1
722 620 3
726 620 3
727 620 3
728 620 3
732 620 1
739 620 3
743 620 3
751 620 3
757 620 1
760 620 2
764 620 1
766 620 3
767 620 1
772 620 3
779 620 1
781 620 3
784 620 3
785 620 2
787 620 1
789 620 2
795 620 3
802 620 1
803 620 3
804 620 1
818 620 3
819 620 2
822 620 3
828 620 2
832 620 2
833 620 1
834 620 2
835 620 1
837 620 2
841 620 3
843 620 1
848 620 2
851 620 1
852 620 1
854 620 3
859 620 1
860 620 3
861 620 3
862 620 3
863 620 3
864 620 1
865 620 3
866 620 2
867 620 1
868 620 3
870 620 3
871 620 3
872 620 3
873 620 3
875 620 3
878 620 1
880 620 2
881 620 3
891 620 2
893 620 2
896 620 2
900 620 3
905 620 1
906 620 2
907 620 3
908 620 2
910 620 3
922 620 3
924 620 3
925 620 2
926 620 2
931 620 3
935 620 1
936 620 1
938 620 1
940 620 2
947 620 3
949 620 3
951 620 1
952 620 1
959 620 1
964 620 1
972 620 3
977 620 3
985 620 1
990 620 3
991 620 2
992 620 1
994 620 3
995 620 2
996 620 3
997 620 1
0 621 2
5 621 1
10 621 2
11 621 1
12 621 1
13 621 3
14 621 3
16 621 1
17 621 3
18 621 3
19 621 3
20 621 1
21 621 2
23 621 3
26 621 3
29 621 1
32 621 2
38 621 3
40 621 1
42 621 2
44 621 3
45 621 1
46 621 1
47 621 3
54 621 1
60 621 2
61 621 3
63 621 2
67 621 1
70 621 1
71 621 3
72 621 2
73 621 1
76 621 1
80 621 3
82 621 3
89 621 3
92 621 3
93 621 3
97 621 2
99 621 1
100 621 3
102 621 2
104 621 2
109 621 3
119 621 1
120 621 2
121 621 2
128 621 1
129 621 3
138 621 3
140 621 2
142 621 3
145 621 1
146 621 3
147 621 2
148 621 3
150 621 3
152 621 1
153 621 2
154 621 3
155 621 1
159 621 2
160 621 2
175 621 2
176 621 1
178 621 2
180 621 1
182 621 2
189 621 1
190 621 3
194 621 1
196 621 3
197 621 2
203 621 3
204 621 1
207 621 2
208 621 3
210 621 3
211 621 1
216 621 1
219 621 2
223 621 3
225 621 2
227 621 2
228 621 1
230 621 2
232 621 1
233 621 1
237 621 2
239 621 1
242 621 2
246 621 2
248 621 1
251 621 2
252 621 1
253 621 1
254 621 1
255 621 1
260 621 3
261 621 2
263 621 2
264 621 2
267 621 3
268 621 1
269 621 3
270 621 2
273 621 1
274 621 1
276 621 1
277 621 2
282 621 1
283 621 1
292 621 1
293 621 1
299 621 3
302 621 3
309 621 3
313 621 3
314 621 1
315 621 3
316 621 2
321 621 1
322 621 2
324 621 1
326 621 3
328 621 1
334 621 3
335 621 1
336 621 2
337 621 3
340 621 2
341 621 1
345 621 1
346 621 3
353 621 3
354 621 1
356 621 1
357 621 1
358 621 3
359 621 3
360 621 2
361 621 2
364 621 1
369 621 3
374 621 1
381 621 3
396 621 3
397 621 1
398 621 1
403 621 3
404 621 2
406 621 3
410 621 2
411 621 3
421 621 2
429 621 2
430 621 1
433 621 1
434 621 2
435 621 3
437 621 3
442 621 2
457 621 2
460 621 2
463 621 3
464 621 3
472 621 1
473 621 2
474 621 3
476 621 1
480 621 3
481 621 3
483 621 3
484 621 2
488 621 3
489 621 3
491 621 3
495 621 1
500 621 3
501 621 1
504 621 1
506 621 1
509 621 1
510 621 3
514 621 2
518 621 2
524 621 2
525 621 1
526 621 2
529 621 1
534 621 1
535 621 1
542 621 1
553 621 1
557 621 3
558 621 2
559 621 3
563 621 1
566 621 1
569 621 3
570 621 1
574 621 2
575 621 1
576 621 2
586 621 1
587 621 2
589 621 2
590 621 2
591 621 2
597 621 3
598 621 1
601 621 3
602 621 1
603 621 2
606 621 1
608 621 2
612 621 1
614 621 2
615 621 1
616 621 1
625 621 3
626 621 2
628 621 1
629 621 1
630 621 3
631 621 2
634 621 1
637 621 1
638 621 2
644 621 1
647 621 2
648 621 2
651 621 1
652 621 2
656 621 2
660 621 2
661 621 2
664 621 1
665 621 3
671 621 2
674 621 1
678 621 3
679 621 2
680 621 3
684 621 3
685 621 1
689 621 2
692 621 1
693 621 2
694 621 2
695 621 3
696 621 1
697 621 2
699 621 3
700 621 3
702 621 2
705 621 3
707 621 3
710 621 3
713 621 3
715 621 1
719 621 1
724 621 2
733 621 3
735 621 3
737 621 3
738 621 2
741 621 3
742 621 1
748 621 2
751 621 3
755 621 2
756 621 3
757 621 2
763 621 1
764 621 1
765 621 2
766 621 2
769 621 2
774 621 1
776 621 2
777 621 2
782 621 3
783 621 3
790 621 1
794 621 3
796 621 3
798 621 2
799 621 3
802 621 2
809 621 1
810 621 3
811 621 1
813 621 1
814 621 3
819 621 2
823 621 3
824 621 3
825 621 3
827 621 2
828 621 1
833 621 1
835 621 3
837 621 3
843 621 2
846 621 2
850 621 2
851 621 2
852 621 3
857 621 2
858 621 2
859 621 1
860 621 1
861 621 3
862 621 2
869 621 1
874 621 2
877 621 1
879 621 3
880 621 1
884 621 3
885 621 2
886 621 3
888 621 1
889 621 1
891 621 2
892 621 2
893 621 2
894 621 3
912 621 2
914 621 3
916 621 1
921 621 2
922 621 2
923 621 2
924 621 3
927 621 2
928 621 3
929 621 1
930 621 3
934 621 3
936 621 3
937 621 2
939 621 3
941 621 3
945 621 1
948 621 3
949 621 1
952 621 2
954 621 3
956 621 2
957 621 3
968 621 2
975 621 2
976 621 2
982 621 1
983 621 3
985 621 2
986 621 1
987 621 2
990 621 3
994 621 3
996 621 1
997 621 1
1 622 1
3 622 3
7 622 2
11 622 3
13 622 1
16 622 3
17 622 3
18 622 3
22 622 3
26 622 3
29 622 2
33 622 3
37 622 2
42 622 1
44 622 3
45 622 1
46 622 1
56 622 1
71 622 3
72 622 2
74 622 2
76 622 2
80 622 2
82 622 3
83 622 2
85 622 2
92 622 2
95 622 3
99 622 1
101 622 1
102 622 1
104 622 1
105 622 1
107 622 1
110 622 1
113 622 1
114 622 3
121 622 3
122 622 1
125 622 3
126 622 3
127 622 2
132 622 3
134 622 2
137 622 1
142 622 1
145 622 3
148 622 1
150 622 1
155 622 2
158 622 2
159 622 1
161 622 1
165 622 1
167 622 3
170 622 2
175 622 1
176 622 2
177 622 3
185 622 2
189 622 2
193 622 1
195 622 2
199 622 2
201 622 2
202 622 1
205 622 2
208 622 3
209 622 1
210 622 2
212 622 1
213 622 3
214 622 2
216 622 1
218 622 1
219 622 2
222 622 3
225 622 1
226 622 1
228 622 3
230 622 2
241 622 1
242 622 1
249 622 2
251 622 1
258 622 3
259 622 1
263 622 1
264 622 2
265 622 2
266 622 2
267 622 2
268 622 2
275 622 1
286 622 2
290 622 3
291 622 3
295 622 1
299 622 3
303 622 3
305 622 1
308 622 3
310 622 3
314 622 3
315 622 1
316 622 1
317 622 2
319 622 1
327 622 1
330 622 2
333 622 3
336 622 2
340 622 3
343 622 3
346 622 3
349 622 3
351 622 2
353 622 2
355 622 3
356 622 3
358 622 1
359 622 3
361 622 1
364 622 1
365 622 3
367 622 2
369 622 2
372 622 2
376 622 1
377 622 3
379 622 3
383 622 2
385 622 2
388 622 1
390 622 3
393 622 2
394 622 3
397 622 3
399 622 3
401 622 3
402 622 2
403 622 1
405 622 1
407 622 1
410 622 3
413 622 3
414 622 3
415 622 2
419 622 1
422 622 1
431 622 1
432 622 2
434 622 3
436 622 1
437 622 1
442 622 2
450 622 2
452 622 3
458 622 3
459 622 3
464 622 1
465 622 3
468 622 3
470 622 2
477 622 2
478 622 3
479 622 2
481 622 3
482 622 1
483 622 1
