33 62 1
35 62 1
38 62 3
42 62 3
50 62 2
51 62 1
52 62 3
53 62 2
57 62 3
59 62 3
60 62 1
61 62 3
62 62 1
65 62 3
70 62 2
78 62 2
80 62 2
81 62 3
82 62 2
84 62 1
88 62 1
91 62 1
95 62 3
99 62 2
100 62 3
102 62 1
103 62 3
105 62 2
108 62 1
114 62 3
117 62 2
122 62 2
124 62 2
128 62 1
133 62 2
134 62 1
135 62 3
140 62 3
146 62 2
147 62 2
152 62 3
155 62 2
160 62 3
161 62 1
165 62 2
168 62 2
173 62 1
176 62 3
185 62 3
188 62 2
196 62 3
198 62 1
204 62 3
205 62 1
206 62 1
207 62 1
210 62 3
214 62 3
218 62 2
222 62 1
224 62 3
226 62 1
229 62 3
233 62 3
238 62 3
246 62 2
247 62 2
250 62 1
254 62 3
255 62 3
257 62 3
259 62 1
260 62 3
261 62 2
264 62 2
266 62 3
268 62 2
269 62 3
270 62 3
276 62 3
277 62 1
283 62 2
284 62 1
288 62 1
290 62 2
292 62 3
294 62 1
296 62 3
300 62 1
309 62 2
313 62 1
314 62 3
316 62 3
317 62 1
321 62 3
323 62 2
325 62 1
334 62 2
340 62 3
341 62 3
344 62 2
346 62 1
347 62 2
354 62 1
355 62 3
358 62 2
365 62 1
368 62 1
369 62 2
371 62 3
372 62 2
373 62 3
375 62 2
376 62 2
377 62 1
378 62 1
380 62 1
381 62 3
384 62 2
387 62 3
390 62 2
391 62 3
396 62 2
407 62 1
411 62 2
416 62 1
423 62 1
425 62 1
427 62 3
428 62 1
429 62 2
430 62 1
432 62 1
433 62 3
435 62 2
437 62 3
438 62 2
442 62 3
443 62 3
450 62 1
453 62 1
456 62 1
463 62 3
469 62 3
470 62 2
471 62 1
473 62 1
479 62 3
483 62 1
484 62 1
485 62 3
487 62 3
489 62 3
490 62 2
497 62 3
498 62 3
499 62 2
509 62 3
512 62 1
513 62 3
514 62 3
517 62 1
518 62 1
521 62 3
522 62 3
527 62 1
528 62 1
531 62 2
533 62 3
536 62 3
537 62 3
540 62 3
541 62 1
544 62 2
546 62 1
548 62 1
549 62 2
552 62 1
554 62 1
556 62 3
557 62 3
558 62 3
570 62 2
573 62 2
574 62 2
576 62 2
577 62 1
578 62 3
588 62 2
589 62 2
596 62 2
597 62 1
599 62 1
601 62 1
602 62 3
603 62 2
606 62 2
609 62 3
614 62 1
616 62 2
618 62 3
622 62 2
627 62 2
629 62 2
630 62 3
631 62 1
632 62 1
636 62 2
643 62 3
645 62 2
646 62 3
647 62 2
649 62 3
650 62 1
654 62 3
658 62 2
659 62 1
660 62 1
662 62 3
664 62 3
668 62 1
669 62 1
674 62 3
679 62 1
680 62 2
682 62 3
686 62 3
687 62 2
689 62 1
690 62 2
693 62 2
694 62 2
699 62 2
702 62 1
703 62 2
706 62 3
707 62 1
718 62 1
719 62 3
720 62 2
721 62 2
723 62 1
724 62 1
725 62 2
727 62 1
729 62 3
736 62 1
738 62 2
739 62 3
744 62 3
748 62 3
749 62 2
750 62 2
751 62 2
753 62 3
755 62 3
758 62 2
759 62 2
760 62 3
763 62 2
765 62 3
766 62 3
767 62 2
769 62 3
770 62 1
773 62 1
774 62 2
777 62 2
781 62 1
790 62 3
791 62 3
792 62 3
793 62 2
794 62 3
797 62 2
798 62 1
803 62 2
814 62 3
816 62 2
819 62 1
822 62 1
824 62 3
827 62 1
829 62 3
836 62 1
837 62 2
842 62 1
843 62 2
849 62 2
851 62 1
855 62 3
861 62 3
866 62 2
867 62 2
868 62 1
869 62 2
871 62 1
872 62 3
880 62 1
883 62 2
886 62 1
888 62 3
890 62 2
896 62 1
905 62 2
914 62 1
918 62 2
921 62 3
923 62 1
925 62 1
927 62 1
941 62 2
945 62 1
947 62 3
958 62 3
961 62 3
962 62 2
967 62 3
971 62 1
973 62 1
974 62 1
975 62 3
980 62 2
986 62 3
987 62 2
990 62 3
992 62 1
998 62 2
2 63 2
4 63 3
5 63 1
6 63 1
7 63 1
10 63 3
11 63 3
16 63 3
19 63 2
20 63 1
26 63 3
27 63 1
30 63 3
32 63 1
33 63 2
34 63 2
37 63 3
39 63 3
41 63 2
43 63 2
44 63 3
48 63 1
53 63 3
55 63 1
59 63 3
66 63 3
67 63 1
68 63 1
69 63 2
70 63 3
90 63 1
93 63 2
94 63 3
96 63 3
97 63 3
99 63 2
102 63 2
103 63 1
106 63 1
108 63 3
111 63 1
121 63 3
122 63 1
125 63 2
126 63 1
138 63 3
141 63 2
142 63 2
143 63 3
144 63 2
146 63 1
147 63 2
148 63 1
150 63 2
153 63 1
155 63 1
159 63 3
163 63 3
165 63 2
166 63 3
167 63 3
169 63 1
175 63 3
179 63 2
182 63 3
183 63 1
185 63 3
187 63 1
193 63 3
194 63 3
195 63 3
197 63 3
198 63 2
202 63 2
204 63 3
205 63 2
210 63 2
212 63 1
214 63 1
217 63 1
222 63 2
225 63 3
229 63 2
230 63 3
231 63 1
232 63 2
233 63 2
235 63 2
236 63 1
246 63 3
247 63 3
251 63 1
253 63 3
255 63 1
261 63 1
263 63 1
265 63 2
268 63 2
278 63 1
281 63 2
291 63 3
292 63 1
298 63 3
303 63 3
306 63 3
308 63 2
311 63 3
313 63 3
319 63 1
320 63 2
321 63 2
323 63 1
327 63 2
329 63 3
334 63 1
335 63 3
337 63 1
338 63 3
342 63 3
347 63 2
348 63 3
350 63 3
352 63 1
353 63 2
354 63 2
355 63 3
362 63 3
368 63 3
369 63 3
370 63 1
374 63 1
376 63 2
379 63 3
380 63 3
381 63 3
384 63 1
390 63 2
393 63 3
395 63 1
396 63 2
401 63 2
402 63 3
403 63 2
405 63 1
407 63 1
410 63 1
412 63 2
413 63 2
416 63 1
417 63 1
420 63 2
422 63 1
428 63 1
432 63 1
436 63 3
441 63 1
442 63 3
446 63 1
447 63 2
450 63 3
454 63 3
460 63 1
463 63 3
465 63 2
466 63 2
469 63 2
471 63 2
473 63 2
475 63 1
478 63 1
480 63 3
482 63 1
486 63 1
487 63 1
488 63 3
489 63 1
490 63 1
491 63 1
498 63 2
507 63 3
511 63 2
513 63 1
520 63 3
521 63 1
522 63 3
526 63 2
527 63 2
533 63 1
536 63 2
537 63 3
539 63 3
542 63 3
544 63 2
545 63 3
550 63 2
555 63 2
556 63 1
558 63 3
560 63 2
562 63 2
563 63 2
565 63 1
574 63 1
575 63 3
578 63 1
581 63 2
584 63 2
586 63 3
588 63 3
590 63 1
591 63 2
593 63 3
594 63 2
599 63 2
601 63 1
602 63 2
604 63 1
606 63 1
608 63 3
609 63 3
613 63 3
614 63 2
616 63 2
618 63 3
626 63 1
635 63 1
643 63 2
644 63 3
645 63 1
650 63 1
653 63 1
654 63 3
660 63 1
661 63 2
667 63 3
673 63 2
675 63 2
680 63 3
681 63 2
684 63 1
688 63 1
692 63 2
693 63 1
695 63 3
696 63 1
697 63 2
698 63 1
700 63 2
702 63 3
703 63 3
705 63 3
707 63 3
709 63 1
711 63 1
722 63 1
725 63 3
733 63 2
738 63 1
739 63 1
742 63 3
744 63 2
748 63 1
749 63 1
752 63 2
754 63 2
756 63 3
757 63 1
760 63 3
763 63 1
765 63 2
767 63 1
770 63 2
771 63 1
775 63 1
779 63 1
780 63 1
787 63 2
788 63 3
791 63 1
795 63 2
799 63 2
805 63 2
806 63 1
809 63 3
814 63 3
815 63 3
820 63 2
821 63 3
822 63 2
829 63 1
831 63 1
835 63 2
836 63 1
837 63 2
842 63 1
846 63 1
850 63 3
861 63 2
862 63 3
863 63 2
865 63 1
871 63 3
875 63 1
885 63 3
888 63 2
893 63 1
897 63 3
900 63 2
906 63 3
911 63 3
912 63 1
913 63 3
920 63 2
922 63 1
925 63 1
928 63 3
929 63 3
931 63 3
934 63 1
938 63 3
939 63 1
941 63 3
944 63 3
947 63 3
950 63 2
951 63 1
954 63 1
955 63 1
958 63 1
959 63 1
965 63 1
967 63 1
969 63 1
970 63 3
974 63 3
976 63 2
977 63 2
978 63 1
