213 285 3
214 285 1
217 285 2
218 285 1
219 285 1
221 285 2
222 285 3
224 285 3
225 285 1
230 285 1
233 285 3
234 285 2
242 285 2
243 285 3
244 285 2
251 285 3
252 285 2
253 285 1
262 285 2
263 285 1
264 285 2
271 285 2
275 285 2
277 285 1
283 285 3
287 285 1
288 285 1
290 285 2
292 285 3
293 285 3
301 285 3
303 285 1
306 285 1
309 285 2
311 285 3
318 285 3
320 285 3
321 285 2
326 285 3
327 285 2
331 285 3
332 285 2
333 285 2
335 285 1
342 285 1
343 285 3
344 285 1
345 285 1
347 285 1
348 285 2
350 285 2
354 285 3
360 285 1
363 285 1
365 285 1
375 285 1
377 285 3
385 285 1
388 285 1
392 285 1
398 285 1
405 285 3
407 285 1
410 285 1
415 285 1
417 285 3
418 285 2
419 285 2
421 285 2
422 285 1
423 285 3
430 285 3
432 285 3
435 285 2
440 285 1
443 285 3
445 285 1
452 285 2
453 285 3
454 285 3
456 285 2
461 285 2
464 285 2
465 285 2
466 285 2
468 285 3
469 285 2
474 285 1
475 285 1
477 285 2
479 285 2
483 285 3
484 285 1
485 285 1
490 285 1
494 285 3
495 285 2
499 285 2
500 285 2
505 285 2
507 285 3
508 285 1
510 285 2
512 285 2
514 285 2
516 285 3
518 285 2
523 285 1
526 285 1
527 285 3
528 285 3
531 285 1
533 285 1
536 285 2
541 285 3
545 285 2
546 285 2
547 285 1
549 285 1
553 285 3
554 285 1
556 285 1
557 285 3
558 285 1
564 285 2
569 285 3
580 285 3
584 285 3
585 285 3
586 285 2
594 285 1
598 285 2
600 285 1
603 285 3
613 285 2
616 285 3
617 285 2
620 285 1
623 285 2
630 285 1
634 285 3
636 285 3
637 285 2
642 285 3
643 285 2
650 285 3
654 285 1
656 285 1
658 285 2
659 285 2
661 285 2
663 285 3
664 285 1
666 285 3
668 285 1
669 285 3
673 285 2
674 285 3
675 285 3
676 285 1
682 285 3
689 285 3
690 285 2
693 285 2
694 285 2
696 285 3
698 285 1
701 285 2
711 285 2
712 285 1
718 285 3
721 285 2
722 285 1
723 285 3
732 285 1
735 285 1
739 285 1
741 285 1
743 285 2
744 285 3
747 285 3
748 285 3
749 285 1
750 285 3
752 285 2
754 285 3
755 285 3
759 285 2
767 285 2
768 285 3
773 285 2
782 285 3
788 285 2
791 285 3
793 285 1
794 285 2
797 285 1
801 285 1
802 285 3
805 285 2
806 285 1
812 285 2
814 285 2
816 285 2
817 285 3
818 285 3
825 285 1
826 285 1
829 285 1
831 285 1
834 285 1
835 285 3
840 285 1
841 285 1
842 285 3
849 285 1
855 285 3
856 285 1
857 285 2
859 285 3
860 285 3
872 285 2
877 285 3
878 285 1
880 285 3
882 285 2
884 285 1
887 285 3
888 285 3
889 285 2
905 285 1
906 285 1
907 285 2
909 285 1
912 285 1
924 285 1
925 285 2
928 285 2
939 285 2
940 285 2
944 285 3
955 285 1
962 285 2
966 285 2
968 285 3
969 285 3
974 285 1
980 285 2
981 285 2
983 285 3
984 285 3
986 285 3
989 285 2
995 285 3
997 285 1
6 286 2
7 286 2
12 286 2
13 286 3
18 286 1
22 286 3
27 286 2
33 286 3
38 286 3
41 286 1
42 286 1
43 286 2
44 286 3
45 286 3
46 286 3
49 286 2
52 286 1
60 286 2
63 286 1
67 286 3
68 286 3
73 286 1
74 286 3
81 286 3
86 286 1
89 286 2
90 286 3
92 286 3
94 286 3
99 286 1
102 286 2
107 286 2
116 286 2
118 286 2
120 286 2
125 286 3
126 286 2
128 286 1
131 286 1
134 286 1
136 286 3
138 286 3
140 286 1
142 286 1
144 286 3
148 286 2
154 286 3
156 286 1
160 286 3
161 286 3
162 286 2
163 286 3
165 286 1
166 286 1
170 286 1
173 286 3
176 286 2
177 286 1
180 286 2
181 286 1
182 286 3
183 286 2
184 286 2
187 286 3
188 286 3
190 286 1
191 286 2
198 286 1
199 286 3
200 286 3
203 286 1
204 286 2
205 286 1
208 286 1
215 286 3
216 286 2
221 286 3
224 286 2
226 286 2
227 286 1
229 286 2
232 286 1
233 286 1
236 286 3
241 286 1
243 286 1
251 286 1
254 286 3
262 286 2
263 286 2
271 286 1
273 286 1
274 286 2
275 286 1
277 286 3
279 286 3
280 286 2
281 286 1
282 286 1
284 286 3
285 286 2
290 286 2
294 286 3
295 286 3
299 286 1
304 286 3
305 286 2
310 286 3
314 286 2
315 286 2
318 286 3
319 286 2
322 286 1
323 286 3
330 286 1
334 286 2
342 286 2
343 286 1
344 286 1
345 286 3
351 286 1
352 286 1
354 286 3
359 286 2
362 286 3
366 286 1
367 286 3
368 286 3
371 286 1
376 286 3
381 286 1
382 286 3
383 286 3
385 286 1
387 286 2
389 286 2
396 286 3
397 286 2
399 286 2
402 286 3
407 286 1
411 286 1
415 286 3
417 286 1
419 286 2
425 286 2
426 286 3
428 286 2
429 286 3
430 286 3
431 286 1
432 286 2
434 286 1
438 286 1
440 286 2
441 286 2
443 286 3
447 286 3
451 286 3
459 286 1
462 286 3
465 286 3
473 286 1
475 286 2
478 286 1
482 286 3
490 286 1
493 286 1
499 286 3
503 286 3
509 286 3
513 286 3
514 286 1
516 286 2
520 286 2
527 286 1
533 286 3
535 286 1
536 286 2
537 286 2
540 286 2
541 286 3
544 286 3
546 286 3
547 286 3
548 286 3
554 286 2
562 286 3
567 286 2
568 286 3
569 286 1
575 286 3
576 286 1
577 286 3
579 286 1
581 286 2
583 286 1
588 286 3
589 286 3
591 286 3
593 286 1
595 286 3
598 286 3
600 286 3
602 286 1
604 286 2
607 286 2
610 286 2
613 286 2
620 286 2
623 286 2
631 286 2
634 286 3
636 286 1
643 286 1
650 286 1
651 286 2
652 286 2
653 286 1
657 286 3
658 286 3
664 286 3
669 286 1
677 286 2
679 286 3
684 286 2
685 286 3
687 286 3
688 286 1
696 286 1
707 286 1
712 286 2
713 286 1
715 286 1
716 286 1
720 286 1
723 286 1
725 286 3
730 286 1
731 286 1
740 286 1
741 286 1
744 286 2
745 286 1
747 286 1
748 286 2
750 286 1
751 286 1
756 286 1
761 286 1
763 286 2
765 286 3
766 286 2
767 286 1
771 286 3
774 286 3
776 286 2
779 286 1
781 286 3
782 286 1
785 286 2
786 286 2
788 286 3
790 286 3
793 286 2
794 286 3
797 286 1
798 286 2
800 286 2
801 286 1
803 286 1
806 286 2
810 286 1
812 286 2
813 286 1
814 286 3
820 286 1
821 286 1
824 286 1
825 286 3
830 286 1
832 286 2
836 286 2
837 286 2
838 286 1
840 286 2
842 286 2
844 286 2
847 286 1
849 286 1
850 286 3
852 286 2
855 286 3
857 286 3
859 286 3
868 286 1
871 286 2
875 286 3
878 286 2
879 286 2
881 286 1
890 286 2
893 286 1
897 286 3
899 286 2
901 286 3
903 286 2
905 286 1
907 286 3
917 286 1
918 286 3
920 286 3
923 286 2
926 286 3
928 286 1
929 286 1
933 286 2
935 286 3
937 286 3
940 286 3
942 286 3
945 286 2
947 286 2
949 286 1
951 286 2
955 286 3
956 286 3
957 286 3
958 286 2
960 286 1
962 286 1
963 286 2
972 286 3
977 286 2
980 286 2
981 286 3
985 286 2
987 286 2
988 286 2
990 286 3
991 286 2
996 286 1
997 286 1
999 286 3
1 287 1
4 287 3
14 287 2
18 287 3
19 287 1
22 287 1
23 287 1
31 287 2
38 287 1
41 287 2
42 287 3
46 287 1
49 287 2
52 287 2
53 287 3
55 287 2
56 287 3
60 287 1
61 287 3
62 287 1
68 287 3
71 287 3
73 287 3
78 287 1
95 287 2
96 287 3
102 287 1
103 287 1
104 287 2
105 287 2
107 287 1
116 287 1
120 287 2
121 287 1
122 287 1
123 287 1
128 287 3
130 287 2
131 287 2
137 287 2
138 287 1
139 287 3
140 287 3
142 287 2
143 287 3
146 287 3
151 287 1
154 287 1
155 287 3
157 287 3
159 287 3
160 287 3
161 287 3
167 287 2
168 287 1
170 287 1
172 287 3
186 287 3
187 287 2
188 287 2
191 287 3
193 287 3
194 287 1
196 287 3
197 287 2
199 287 2
201 287 3
