515 916 1
519 916 3
524 916 2
525 916 1
527 916 3
529 916 2
531 916 3
532 916 3
541 916 2
549 916 2
550 916 3
551 916 2
552 916 1
554 916 1
564 916 2
568 916 3
571 916 2
572 916 2
577 916 1
581 916 2
584 916 2
585 916 3
595 916 3
611 916 1
614 916 3
616 916 1
617 916 1
623 916 3
628 916 2
631 916 1
632 916 2
636 916 2
639 916 3
641 916 3
642 916 3
643 916 1
645 916 1
647 916 1
648 916 2
655 916 2
658 916 2
664 916 3
670 916 3
671 916 2
675 916 3
676 916 3
678 916 1
680 916 1
682 916 2
684 916 2
685 916 3
686 916 2
688 916 2
691 916 1
698 916 1
699 916 3
700 916 3
705 916 2
709 916 3
710 916 1
713 916 3
714 916 2
718 916 3
721 916 3
724 916 3
725 916 2
727 916 1
728 916 1
729 916 2
730 916 2
732 916 1
735 916 3
741 916 3
742 916 1
743 916 3
746 916 3
748 916 1
752 916 2
755 916 3
756 916 3
758 916 1
762 916 3
765 916 2
766 916 2
767 916 2
770 916 2
775 916 2
776 916 2
779 916 1
780 916 1
782 916 2
787 916 1
788 916 1
791 916 2
794 916 1
795 916 3
798 916 1
802 916 2
804 916 1
806 916 2
808 916 2
809 916 3
813 916 3
826 916 1
828 916 1
829 916 2
830 916 3
831 916 2
833 916 3
834 916 3
840 916 1
841 916 3
842 916 2
847 916 2
850 916 1
853 916 3
856 916 3
858 916 2
859 916 2
861 916 1
862 916 3
863 916 3
868 916 1
869 916 1
872 916 2
884 916 1
888 916 3
889 916 1
891 916 2
894 916 3
896 916 2
897 916 3
901 916 3
903 916 3
904 916 1
906 916 2
907 916 1
912 916 2
915 916 1
921 916 1
922 916 1
923 916 3
924 916 2
927 916 1
931 916 1
939 916 3
940 916 1
941 916 1
942 916 1
943 916 3
944 916 1
949 916 1
950 916 1
956 916 3
962 916 3
968 916 3
971 916 2
974 916 3
978 916 2
981 916 2
984 916 3
987 916 3
989 916 2
991 916 2
992 916 3
995 916 3
999 916 2
4 917 1
10 917 2
13 917 2
15 917 3
16 917 1
18 917 1
20 917 2
21 917 2
22 917 1
26 917 3
27 917 2
31 917 2
32 917 2
35 917 1
36 917 1
37 917 2
38 917 2
41 917 2
43 917 3
45 917 1
48 917 3
49 917 3
50 917 3
51 917 3
57 917 1
58 917 1
59 917 2
60 917 1
61 917 1
62 917 1
64 917 1
65 917 2
66 917 3
73 917 1
75 917 1
76 917 3
78 917 3
79 917 3
83 917 2
84 917 2
87 917 2
91 917 1
94 917 2
97 917 1
99 917 3
100 917 1
103 917 2
104 917 2
113 917 3
116 917 1
117 917 1
118 917 3
120 917 3
124 917 2
126 917 1
130 917 1
131 917 1
135 917 2
142 917 3
144 917 3
147 917 3
148 917 3
149 917 3
152 917 1
153 917 2
154 917 3
155 917 2
157 917 3
158 917 2
159 917 2
161 917 2
166 917 2
170 917 3
174 917 3
177 917 2
179 917 2
182 917 2
184 917 3
188 917 3
193 917 1
196 917 2
197 917 2
199 917 1
201 917 3
202 917 1
205 917 2
213 917 1
218 917 2
220 917 2
222 917 2
225 917 3
235 917 2
238 917 3
243 917 2
250 917 1
253 917 3
255 917 1
258 917 2
259 917 3
260 917 2
262 917 1
263 917 1
265 917 3
268 917 3
275 917 3
276 917 3
277 917 2
278 917 3
279 917 3
280 917 1
282 917 1
288 917 1
289 917 1
291 917 1
293 917 1
295 917 2
297 917 3
299 917 3
300 917 1
302 917 3
304 917 3
307 917 3
310 917 1
311 917 1
313 917 1
318 917 1
319 917 2
320 917 2
321 917 1
325 917 3
327 917 3
336 917 3
340 917 1
342 917 2
345 917 3
351 917 3
361 917 3
362 917 3
367 917 3
368 917 3
369 917 3
370 917 3
383 917 2
392 917 1
399 917 1
401 917 3
402 917 3
404 917 2
408 917 3
412 917 1
421 917 3
422 917 2
427 917 3
428 917 3
429 917 2
431 917 3
432 917 1
434 917 2
437 917 1
439 917 3
441 917 3
442 917 3
448 917 2
451 917 2
456 917 1
462 917 1
464 917 2
466 917 3
476 917 3
477 917 1
478 917 3
481 917 2
484 917 2
485 917 1
488 917 3
489 917 2
491 917 2
495 917 3
507 917 3
508 917 3
522 917 3
524 917 1
525 917 2
526 917 2
528 917 2
530 917 3
534 917 3
536 917 3
537 917 3
539 917 1
540 917 2
542 917 2
549 917 3
550 917 2
553 917 1
558 917 1
560 917 1
561 917 3
563 917 2
567 917 3
569 917 1
577 917 2
581 917 3
584 917 1
585 917 3
587 917 3
591 917 2
592 917 2
600 917 1
603 917 2
604 917 3
605 917 2
606 917 3
612 917 1
613 917 3
614 917 2
616 917 2
617 917 2
618 917 1
621 917 2
627 917 3
629 917 3
632 917 1
636 917 3
649 917 3
650 917 3
651 917 1
654 917 2
660 917 1
663 917 2
665 917 1
670 917 3
672 917 1
674 917 2
676 917 2
678 917 3
679 917 3
680 917 2
682 917 3
683 917 3
687 917 1
688 917 1
692 917 2
693 917 2
694 917 2
695 917 3
702 917 2
704 917 2
714 917 3
716 917 2
717 917 2
719 917 1
725 917 2
726 917 1
727 917 1
728 917 1
731 917 1
733 917 1
740 917 3
743 917 3
744 917 2
746 917 1
747 917 3
752 917 2
755 917 3
761 917 1
763 917 1
769 917 3
770 917 2
771 917 2
778 917 1
783 917 1
788 917 2
790 917 3
791 917 3
796 917 2
797 917 2
798 917 2
803 917 3
804 917 1
806 917 2
808 917 2
813 917 3
815 917 2
828 917 1
831 917 2
832 917 3
833 917 2
837 917 3
840 917 1
841 917 2
842 917 1
843 917 2
844 917 2
847 917 3
852 917 1
855 917 3
857 917 1
864 917 3
867 917 3
868 917 3
877 917 1
878 917 2
882 917 2
886 917 1
887 917 3
895 917 1
896 917 3
897 917 1
902 917 1
903 917 2
904 917 1
905 917 2
909 917 3
913 917 2
914 917 3
916 917 1
919 917 2
923 917 1
924 917 2
928 917 3
930 917 3
935 917 2
943 917 2
947 917 2
956 917 3
957 917 3
958 917 1
962 917 3
964 917 3
970 917 3
977 917 3
979 917 2
985 917 2
987 917 2
988 917 1
993 917 1
994 917 3
997 917 3
998 917 3
0 918 3
7 918 1
14 918 1
17 918 3
18 918 2
21 918 1
26 918 1
31 918 2
35 918 3
36 918 1
37 918 1
38 918 2
40 918 1
41 918 3
42 918 3
50 918 3
58 918 1
59 918 1
62 918 1
64 918 3
69 918 1
72 918 1
78 918 2
79 918 1
84 918 2
89 918 2
92 918 3
94 918 1
96 918 1
99 918 1
100 918 3
104 918 3
107 918 3
108 918 1
109 918 3
111 918 1
114 918 1
117 918 2
130 918 1
132 918 2
138 918 2
148 918 1
151 918 2
153 918 1
156 918 1
157 918 1
159 918 1
162 918 1
164 918 3
166 918 2
167 918 2
168 918 2
177 918 2
179 918 2
182 918 1
184 918 2
199 918 3
200 918 1
205 918 3
207 918 1
211 918 2
213 918 3
214 918 3
216 918 3
221 918 3
222 918 1
224 918 2
227 918 1
228 918 3
229 918 2
234 918 3
239 918 1
241 918 2
243 918 1
244 918 1
248 918 3
250 918 2
253 918 2
254 918 1
257 918 1
258 918 3
260 918 1
262 918 1
266 918 2
269 918 3
275 918 2
276 918 3
282 918 1
288 918 2
290 918 2
293 918 1
300 918 2
301 918 3
302 918 2
306 918 3
308 918 1
314 918 2
316 918 2
327 918 2
337 918 2
339 918 1
342 918 2
343 918 2
345 918 2
346 918 2
348 918 1
349 918 1
351 918 3
356 918 1
357 918 3
366 918 3
372 918 2
375 918 3
379 918 2
383 918 3
386 918 3
387 918 3
388 918 3
389 918 1
399 918 1
403 918 1
410 918 3
412 918 1
418 918 2
421 918 2
423 918 3
424 918 3
427 918 3
429 918 1
430 918 3
434 918 2
436 918 1
437 918 2
439 918 2
440 918 2
443 918 3
448 918 1
449 918 1
451 918 1
452 918 3
453 918 1
456 918 1
462 918 3
463 918 3
471 918 3
475 918 3
482 918 2
490 918 3
495 918 1
496 918 1
498 918 1
499 918 2
500 918 2
502 918 2
504 918 1
505 918 2
507 918 1
508 918 2
510 918 2
