332 44 3
339 44 2
340 44 1
342 44 1
343 44 1
345 44 2
346 44 3
347 44 3
348 44 2
349 44 1
350 44 1
354 44 3
355 44 3
356 44 1
373 44 1
378 44 3
382 44 3
386 44 1
387 44 3
389 44 2
390 44 2
393 44 1
397 44 2
398 44 3
401 44 2
403 44 2
404 44 2
408 44 1
410 44 2
411 44 2
418 44 2
419 44 1
422 44 1
437 44 3
441 44 2
443 44 2
444 44 2
447 44 1
450 44 2
451 44 3
453 44 1
456 44 1
458 44 3
459 44 2
460 44 1
461 44 3
462 44 1
463 44 1
464 44 1
470 44 1
471 44 2
473 44 3
475 44 3
486 44 2
488 44 1
489 44 2
490 44 1
491 44 2
494 44 1
496 44 3
497 44 1
500 44 1
505 44 1
506 44 2
507 44 1
508 44 3
510 44 3
512 44 2
513 44 2
518 44 2
520 44 1
526 44 3
527 44 2
528 44 3
530 44 1
532 44 1
533 44 1
535 44 3
536 44 3
539 44 2
543 44 1
547 44 1
550 44 3
554 44 3
557 44 1
567 44 2
578 44 3
579 44 3
580 44 3
581 44 1
582 44 1
586 44 1
589 44 2
592 44 3
596 44 2
597 44 2
599 44 3
601 44 3
602 44 3
604 44 3
605 44 3
608 44 2
609 44 3
610 44 3
611 44 2
615 44 2
620 44 2
621 44 3
622 44 2
623 44 2
626 44 3
632 44 2
633 44 3
634 44 2
636 44 2
640 44 3
641 44 2
643 44 1
647 44 3
648 44 1
650 44 2
653 44 1
655 44 2
656 44 1
657 44 3
661 44 1
664 44 1
665 44 3
666 44 1
671 44 3
673 44 3
680 44 3
681 44 2
684 44 3
685 44 2
687 44 1
691 44 3
705 44 3
706 44 2
707 44 1
709 44 3
711 44 2
712 44 2
714 44 2
715 44 1
720 44 1
721 44 3
731 44 2
736 44 1
741 44 1
742 44 3
743 44 3
746 44 1
748 44 1
750 44 2
751 44 3
758 44 1
761 44 1
767 44 2
768 44 3
769 44 3
770 44 1
772 44 3
773 44 1
774 44 1
775 44 1
777 44 3
778 44 3
780 44 2
783 44 1
786 44 2
794 44 3
796 44 1
797 44 2
818 44 3
819 44 2
821 44 3
824 44 1
829 44 3
830 44 2
831 44 1
838 44 2
841 44 2
842 44 1
845 44 1
847 44 1
848 44 3
852 44 2
863 44 1
870 44 3
875 44 3
877 44 2
879 44 3
880 44 3
883 44 2
887 44 1
889 44 1
895 44 1
899 44 3
900 44 2
902 44 1
911 44 3
912 44 2
914 44 2
920 44 3
921 44 2
924 44 3
927 44 3
928 44 3
932 44 1
934 44 2
939 44 3
940 44 1
943 44 2
944 44 2
946 44 3
949 44 1
959 44 3
967 44 1
972 44 3
980 44 3
988 44 3
989 44 2
994 44 2
0 45 2
4 45 2
10 45 1
13 45 2
16 45 1
18 45 1
22 45 2
27 45 3
33 45 2
34 45 3
35 45 3
38 45 1
39 45 3
43 45 3
48 45 2
51 45 3
55 45 3
57 45 3
61 45 2
62 45 3
69 45 2
78 45 1
82 45 3
84 45 2
86 45 2
89 45 3
97 45 2
108 45 3
110 45 3
112 45 3
117 45 3
118 45 1
121 45 3
123 45 2
125 45 2
127 45 1
128 45 3
129 45 2
130 45 2
135 45 2
140 45 3
142 45 3
143 45 1
148 45 3
152 45 1
154 45 1
155 45 1
158 45 3
159 45 1
161 45 2
167 45 3
171 45 1
177 45 3
178 45 2
181 45 3
183 45 2
191 45 1
193 45 1
195 45 2
196 45 2
200 45 1
201 45 1
205 45 1
206 45 1
211 45 3
214 45 1
215 45 3
218 45 1
219 45 3
224 45 1
225 45 3
229 45 3
230 45 2
236 45 2
238 45 2
241 45 2
243 45 2
246 45 1
247 45 3
249 45 3
251 45 2
252 45 2
253 45 1
257 45 3
259 45 1
263 45 3
265 45 1
269 45 1
273 45 3
275 45 3
276 45 2
281 45 1
282 45 2
287 45 2
288 45 1
289 45 2
293 45 2
296 45 2
298 45 1
300 45 2
301 45 1
305 45 2
306 45 2
309 45 2
312 45 2
313 45 1
315 45 2
318 45 2
323 45 3
331 45 1
333 45 1
336 45 1
337 45 2
339 45 2
341 45 3
342 45 3
345 45 2
347 45 1
348 45 1
353 45 2
354 45 1
357 45 3
358 45 3
361 45 2
362 45 1
363 45 1
365 45 2
370 45 2
376 45 3
381 45 2
382 45 3
386 45 3
394 45 3
395 45 3
397 45 1
400 45 3
402 45 1
403 45 2
405 45 2
406 45 1
408 45 3
413 45 2
415 45 3
420 45 1
424 45 1
425 45 3
430 45 2
437 45 2
439 45 3
452 45 3
453 45 1
454 45 1
455 45 1
458 45 2
461 45 3
462 45 3
463 45 1
470 45 2
473 45 2
477 45 1
479 45 2
481 45 1
484 45 2
486 45 2
487 45 2
488 45 1
489 45 3
495 45 1
500 45 3
504 45 1
511 45 3
512 45 3
513 45 2
515 45 3
516 45 1
519 45 1
525 45 3
530 45 3
534 45 3
535 45 1
539 45 1
544 45 1
551 45 1
552 45 3
555 45 3
557 45 1
558 45 1
560 45 2
563 45 2
567 45 2
570 45 3
572 45 1
584 45 1
588 45 1
589 45 2
594 45 1
599 45 1
603 45 3
604 45 2
612 45 1
613 45 2
615 45 1
618 45 3
619 45 2
621 45 2
624 45 3
625 45 1
629 45 1
638 45 2
644 45 2
649 45 1
653 45 2
657 45 2
659 45 3
666 45 2
669 45 3
670 45 3
671 45 3
673 45 1
675 45 2
676 45 2
677 45 2
678 45 1
679 45 1
687 45 3
689 45 2
691 45 1
692 45 1
693 45 2
694 45 2
697 45 1
700 45 3
702 45 3
705 45 1
716 45 1
723 45 3
726 45 2
731 45 3
735 45 3
740 45 2
745 45 2
748 45 1
750 45 1
751 45 3
752 45 1
755 45 3
761 45 1
765 45 3
766 45 3
768 45 3
771 45 3
773 45 1
780 45 2
787 45 3
795 45 1
797 45 1
798 45 1
799 45 3
803 45 1
805 45 3
808 45 1
811 45 3
815 45 2
816 45 1
817 45 2
818 45 2
820 45 1
822 45 3
823 45 1
825 45 2
830 45 2
841 45 1
842 45 2
845 45 3
846 45 2
848 45 1
849 45 2
851 45 3
858 45 3
863 45 3
865 45 3
869 45 2
872 45 1
875 45 1
881 45 3
885 45 3
888 45 1
889 45 3
891 45 3
894 45 1
898 45 3
899 45 1
901 45 3
904 45 1
910 45 1
913 45 2
914 45 3
918 45 3
920 45 1
921 45 2
923 45 1
925 45 3
928 45 1
929 45 1
931 45 1
938 45 2
945 45 3
946 45 2
953 45 2
955 45 2
957 45 2
959 45 3
960 45 3
961 45 3
966 45 2
974 45 2
978 45 2
979 45 2
983 45 1
987 45 1
988 45 2
991 45 1
994 45 3
997 45 2
998 45 3
999 45 1
2 46 3
3 46 2
4 46 2
8 46 3
9 46 3
19 46 3
26 46 3
27 46 2
32 46 2
33 46 2
34 46 3
38 46 1
41 46 1
43 46 2
44 46 3
45 46 2
47 46 3
51 46 3
52 46 2
54 46 3
55 46 1
56 46 3
57 46 2
58 46 1
63 46 2
64 46 2
65 46 3
70 46 3
72 46 2
73 46 2
75 46 1
76 46 2
84 46 1
85 46 3
89 46 1
90 46 1
93 46 1
96 46 1
99 46 3
100 46 2
102 46 1
104 46 2
105 46 2
106 46 2
107 46 3
112 46 2
118 46 2
119 46 1
120 46 1
121 46 2
132 46 3
135 46 2
139 46 2
142 46 3
143 46 2
144 46 3
148 46 2
152 46 2
154 46 3
155 46 2
156 46 2
157 46 3
159 46 1
164 46 2
175 46 2
176 46 2
177 46 2
179 46 3
181 46 3
182 46 3
188 46 2
190 46 1
193 46 3
200 46 2
203 46 3
204 46 3
215 46 3
216 46 1
218 46 3
220 46 3
225 46 3
229 46 3
231 46 1
233 46 1
239 46 3
244 46 1
247 46 1
252 46 3
253 46 1
256 46 1
257 46 1
258 46 1
259 46 1
262 46 3
264 46 3
265 46 3
276 46 2
277 46 3
279 46 1
280 46 2
284 46 2
286 46 1
287 46 1
294 46 3
295 46 1
302 46 2
305 46 3
311 46 1
313 46 1
316 46 3
319 46 1
322 46 3
323 46 3
324 46 1
327 46 1
329 46 3
