436 628 1
438 628 2
441 628 3
450 628 1
451 628 2
453 628 2
456 628 1
460 628 3
461 628 1
463 628 3
464 628 2
470 628 3
472 628 2
474 628 3
477 628 2
479 628 3
480 628 3
482 628 3
485 628 2
486 628 1
489 628 2
490 628 1
492 628 1
497 628 1
499 628 3
501 628 3
510 628 2
514 628 3
515 628 2
516 628 2
522 628 2
526 628 2
527 628 2
528 628 1
530 628 2
531 628 2
538 628 2
541 628 1
542 628 2
543 628 2
544 628 2
549 628 3
550 628 1
556 628 2
557 628 1
559 628 2
561 628 2
570 628 2
571 628 3
573 628 3
577 628 3
588 628 1
593 628 1
595 628 1
597 628 3
600 628 1
601 628 3
606 628 1
610 628 3
614 628 1
616 628 1
627 628 1
631 628 3
633 628 1
634 628 1
637 628 3
644 628 3
646 628 3
648 628 1
652 628 1
656 628 3
657 628 1
658 628 3
660 628 3
664 628 1
667 628 3
669 628 1
671 628 2
672 628 3
677 628 3
678 628 3
680 628 2
681 628 1
683 628 2
688 628 2
689 628 2
695 628 3
696 628 2
697 628 2
698 628 3
699 628 2
707 628 3
713 628 2
715 628 3
720 628 1
721 628 1
722 628 2
724 628 1
727 628 1
730 628 1
731 628 1
737 628 2
740 628 1
742 628 3
744 628 1
746 628 3
752 628 2
755 628 1
758 628 1
760 628 1
762 628 3
763 628 1
766 628 2
769 628 3
771 628 3
772 628 2
776 628 3
782 628 1
783 628 1
784 628 2
786 628 1
790 628 3
791 628 2
798 628 2
801 628 2
803 628 2
804 628 2
805 628 1
811 628 2
815 628 3
816 628 2
820 628 2
829 628 1
834 628 1
841 628 2
843 628 3
851 628 3
852 628 2
853 628 2
861 628 2
864 628 3
869 628 1
871 628 2
873 628 3
875 628 3
879 628 2
881 628 1
887 628 2
889 628 1
892 628 3
893 628 3
894 628 1
897 628 1
901 628 3
902 628 2
909 628 1
910 628 1
915 628 3
916 628 2
919 628 1
922 628 3
924 628 2
925 628 1
930 628 2
933 628 1
935 628 3
945 628 3
948 628 3
954 628 3
955 628 3
956 628 1
957 628 3
958 628 1
960 628 1
964 628 2
965 628 3
970 628 2
971 628 2
972 628 3
974 628 2
977 628 3
988 628 1
990 628 3
991 628 1
996 628 1
998 628 3
0 629 2
3 629 2
8 629 2
16 629 1
18 629 1
19 629 3
20 629 2
28 629 3
30 629 1
31 629 2
36 629 3
38 629 1
43 629 2
49 629 1
51 629 1
53 629 1
62 629 2
70 629 1
72 629 2
78 629 3
80 629 1
82 629 1
84 629 3
86 629 1
88 629 1
93 629 2
95 629 3
101 629 2
103 629 3
104 629 3
107 629 1
110 629 2
114 629 2
115 629 3
119 629 2
121 629 3
124 629 2
126 629 3
129 629 2
136 629 1
137 629 2
166 629 3
170 629 1
176 629 1
185 629 1
186 629 2
188 629 2
191 629 2
195 629 1
198 629 2
200 629 3
207 629 1
209 629 2
214 629 1
215 629 3
216 629 3
217 629 2
219 629 3
220 629 1
221 629 3
224 629 1
226 629 1
230 629 3
231 629 1
237 629 1
242 629 3
243 629 3
246 629 3
250 629 2
251 629 3
256 629 3
257 629 3
258 629 1
259 629 2
262 629 1
263 629 3
267 629 3
271 629 1
273 629 2
276 629 3
281 629 1
287 629 1
296 629 2
300 629 1
301 629 2
302 629 3
307 629 2
310 629 1
313 629 1
318 629 2
329 629 1
330 629 3
333 629 1
339 629 1
342 629 2
345 629 3
347 629 3
348 629 1
349 629 1
350 629 3
352 629 2
354 629 3
355 629 2
362 629 3
363 629 1
365 629 1
366 629 2
371 629 1
373 629 3
377 629 3
378 629 1
381 629 2
382 629 2
386 629 1
393 629 1
395 629 1
397 629 3
398 629 1
404 629 1
405 629 2
406 629 2
407 629 2
410 629 2
412 629 3
413 629 3
416 629 1
420 629 3
422 629 2
423 629 3
424 629 3
426 629 1
429 629 1
430 629 3
431 629 2
434 629 2
437 629 1
438 629 3
447 629 3
452 629 1
455 629 1
457 629 1
458 629 2
460 629 1
463 629 1
464 629 1
465 629 1
467 629 3
468 629 1
470 629 2
472 629 1
476 629 2
479 629 2
481 629 2
484 629 1
488 629 1
489 629 3
492 629 3
493 629 3
494 629 2
496 629 2
497 629 2
500 629 1
502 629 1
503 629 2
505 629 2
507 629 3
510 629 1
519 629 3
520 629 1
522 629 1
526 629 1
529 629 1
530 629 2
537 629 1
538 629 1
543 629 2
544 629 3
545 629 2
546 629 2
548 629 2
550 629 3
551 629 1
552 629 3
553 629 2
561 629 2
562 629 3
564 629 3
567 629 3
569 629 2
570 629 1
582 629 2
584 629 1
586 629 1
591 629 1
592 629 1
595 629 2
603 629 2
606 629 3
613 629 3
614 629 3
616 629 2
617 629 2
618 629 3
619 629 1
625 629 2
635 629 1
637 629 2
639 629 1
640 629 3
641 629 2
647 629 1
648 629 3
649 629 3
653 629 2
656 629 3
662 629 3
664 629 2
666 629 1
667 629 1
673 629 1
678 629 1
687 629 3
688 629 3
693 629 2
694 629 2
703 629 1
704 629 2
707 629 2
709 629 1
714 629 2
718 629 2
719 629 1
722 629 3
724 629 3
725 629 3
727 629 2
728 629 3
729 629 1
733 629 1
741 629 2
743 629 1
744 629 2
746 629 1
749 629 1
760 629 3
763 629 2
765 629 2
767 629 3
774 629 2
775 629 1
777 629 2
782 629 2
791 629 3
792 629 1
793 629 2
799 629 2
802 629 1
804 629 3
810 629 3
813 629 2
815 629 3
818 629 2
821 629 2
828 629 1
829 629 1
830 629 1
831 629 1
832 629 2
834 629 3
845 629 1
846 629 3
848 629 2
852 629 3
853 629 2
857 629 3
858 629 2
859 629 2
860 629 1
862 629 1
863 629 1
864 629 2
870 629 2
876 629 3
879 629 2
886 629 2
889 629 2
890 629 2
891 629 2
894 629 3
900 629 3
908 629 2
911 629 1
913 629 2
915 629 2
916 629 1
920 629 2
921 629 3
927 629 1
930 629 2
931 629 1
934 629 3
938 629 2
939 629 1
940 629 3
941 629 2
942 629 2
944 629 1
946 629 3
953 629 3
956 629 2
959 629 3
966 629 2
967 629 3
972 629 2
975 629 3
976 629 3
985 629 1
986 629 1
987 629 3
992 629 2
993 629 1
998 629 2
999 629 1
1 630 1
13 630 1
14 630 3
16 630 1
17 630 3
21 630 2
25 630 3
26 630 1
29 630 2
37 630 1
39 630 1
40 630 2
43 630 3
44 630 1
48 630 2
53 630 3
55 630 3
58 630 2
59 630 3
60 630 1
72 630 1
73 630 2
74 630 3
75 630 2
76 630 1
77 630 2
80 630 2
84 630 1
87 630 2
90 630 2
91 630 1
95 630 2
96 630 3
102 630 2
103 630 2
108 630 1
109 630 3
112 630 2
115 630 1
116 630 1
120 630 2
121 630 1
123 630 3
126 630 2
131 630 1
132 630 1
133 630 2
134 630 3
140 630 2
142 630 2
146 630 1
159 630 2
161 630 3
166 630 3
167 630 3
168 630 3
170 630 2
173 630 1
174 630 1
177 630 3
178 630 1
182 630 1
183 630 1
185 630 2
186 630 3
194 630 3
195 630 2
199 630 2
201 630 3
203 630 2
204 630 3
205 630 2
216 630 2
219 630 3
220 630 3
222 630 2
224 630 2
234 630 2
235 630 2
238 630 2
241 630 1
244 630 2
245 630 2
248 630 1
250 630 3
251 630 1
252 630 1
264 630 2
265 630 3
268 630 2
272 630 3
275 630 3
277 630 3
279 630 1
285 630 2
289 630 2
292 630 2
296 630 1
301 630 1
306 630 3
308 630 2
310 630 2
312 630 1
313 630 1
318 630 1
319 630 2
322 630 1
326 630 2
329 630 2
331 630 3
335 630 1
339 630 3
341 630 2
342 630 3
347 630 2
349 630 2
352 630 1
358 630 2
361 630 3
363 630 1
364 630 2
368 630 2
369 630 2
376 630 1
377 630 3
378 630 2
389 630 1
391 630 2
392 630 3
398 630 2
407 630 1
409 630 3
412 630 3
414 630 2
419 630 1
424 630 2
426 630 2
428 630 3
429 630 3
431 630 2
433 630 3
437 630 2
441 630 2
442 630 3
448 630 3
453 630 2
456 630 1
457 630 2
461 630 1
465 630 3
468 630 3
470 630 2
471 630 2
472 630 2
473 630 2
475 630 2
476 630 2
