325 28 2
327 28 2
328 28 3
331 28 1
333 28 3
335 28 3
340 28 1
343 28 3
346 28 2
352 28 1
353 28 3
356 28 2
357 28 1
360 28 2
362 28 3
364 28 3
368 28 3
370 28 3
372 28 3
378 28 1
379 28 3
381 28 1
385 28 1
393 28 3
398 28 2
405 28 3
406 28 1
408 28 2
411 28 2
412 28 3
413 28 3
414 28 3
421 28 2
426 28 2
427 28 3
428 28 2
429 28 1
438 28 1
439 28 2
441 28 1
442 28 2
451 28 2
452 28 3
455 28 3
457 28 3
463 28 2
467 28 3
471 28 3
476 28 3
477 28 2
478 28 1
479 28 1
480 28 1
483 28 1
488 28 3
490 28 3
491 28 2
492 28 2
495 28 1
497 28 1
502 28 1
508 28 1
511 28 3
522 28 1
523 28 2
525 28 3
528 28 3
529 28 3
536 28 3
537 28 2
538 28 1
540 28 1
544 28 1
548 28 3
550 28 1
551 28 1
554 28 3
556 28 1
559 28 2
561 28 2
562 28 2
565 28 3
567 28 2
568 28 1
571 28 3
572 28 1
581 28 2
583 28 3
588 28 1
589 28 1
600 28 3
602 28 1
606 28 3
610 28 1
615 28 2
617 28 2
618 28 2
621 28 3
624 28 2
625 28 1
633 28 1
635 28 2
637 28 1
639 28 2
640 28 1
644 28 2
646 28 2
655 28 2
656 28 3
657 28 2
659 28 2
661 28 3
663 28 1
665 28 3
667 28 3
668 28 1
669 28 3
672 28 3
676 28 3
677 28 3
678 28 3
679 28 2
682 28 1
688 28 1
691 28 2
694 28 1
696 28 2
700 28 1
703 28 1
705 28 2
707 28 1
711 28 1
714 28 3
718 28 1
720 28 1
729 28 1
730 28 1
735 28 3
741 28 3
746 28 3
747 28 1
752 28 1
757 28 2
759 28 1
763 28 2
766 28 1
767 28 3
768 28 3
775 28 1
781 28 1
787 28 1
791 28 1
793 28 1
794 28 3
796 28 2
797 28 1
798 28 2
800 28 1
802 28 3
804 28 3
806 28 1
808 28 2
817 28 3
819 28 3
822 28 3
826 28 3
827 28 1
834 28 1
835 28 1
839 28 1
841 28 2
846 28 1
848 28 3
851 28 3
858 28 2
859 28 1
861 28 2
863 28 1
869 28 1
870 28 3
876 28 1
879 28 3
880 28 3
881 28 1
882 28 1
885 28 1
891 28 2
895 28 1
896 28 3
897 28 2
902 28 3
907 28 3
908 28 2
912 28 1
914 28 3
915 28 3
920 28 3
924 28 1
926 28 1
930 28 1
935 28 1
939 28 1
942 28 3
943 28 3
946 28 2
948 28 1
961 28 3
962 28 1
965 28 2
966 28 2
968 28 1
969 28 1
970 28 2
972 28 3
974 28 2
977 28 1
979 28 3
983 28 1
985 28 3
989 28 1
990 28 3
991 28 1
994 28 2
995 28 1
998 28 1
999 28 3
0 29 1
1 29 3
3 29 3
5 29 3
8 29 3
11 29 3
12 29 3
14 29 3
15 29 1
20 29 1
21 29 3
28 29 2
29 29 3
31 29 3
34 29 2
36 29 2
41 29 2
45 29 1
49 29 3
55 29 2
59 29 3
62 29 2
63 29 3
64 29 1
67 29 2
68 29 2
69 29 3
71 29 1
73 29 2
74 29 2
76 29 1
77 29 3
79 29 2
81 29 1
83 29 2
84 29 3
85 29 1
87 29 3
89 29 2
91 29 2
99 29 1
104 29 3
105 29 1
109 29 3
112 29 1
117 29 1
121 29 2
122 29 2
126 29 3
133 29 1
137 29 2
142 29 3
145 29 3
149 29 2
151 29 3
153 29 3
154 29 2
155 29 1
159 29 2
160 29 1
162 29 1
165 29 1
169 29 3
170 29 1
173 29 2
179 29 2
189 29 3
190 29 1
191 29 3
193 29 1
194 29 2
199 29 3
202 29 2
204 29 3
208 29 1
209 29 2
219 29 2
221 29 2
222 29 3
225 29 3
228 29 2
230 29 3
231 29 2
235 29 1
240 29 3
242 29 2
243 29 2
245 29 3
246 29 2
248 29 2
253 29 1
255 29 3
258 29 3
260 29 1
263 29 1
264 29 1
272 29 3
275 29 2
279 29 2
282 29 1
283 29 3
285 29 2
286 29 2
287 29 1
288 29 3
290 29 1
296 29 3
304 29 2
308 29 2
311 29 3
313 29 3
327 29 3
328 29 1
334 29 2
337 29 2
339 29 3
341 29 2
344 29 3
345 29 1
347 29 1
350 29 3
351 29 1
353 29 3
355 29 3
358 29 3
364 29 1
366 29 2
368 29 1
371 29 3
378 29 2
388 29 2
390 29 3
392 29 1
394 29 2
396 29 2
402 29 2
404 29 3
405 29 3
408 29 2
411 29 1
414 29 2
429 29 1
430 29 1
433 29 3
434 29 2
437 29 1
439 29 3
441 29 2
442 29 3
444 29 1
446 29 3
458 29 1
461 29 1
463 29 3
465 29 1
476 29 1
479 29 3
481 29 2
482 29 1
484 29 3
489 29 2
491 29 2
495 29 3
497 29 1
498 29 1
503 29 1
507 29 1
512 29 3
513 29 1
515 29 1
516 29 2
518 29 1
528 29 1
529 29 2
535 29 2
539 29 2
543 29 1
544 29 2
545 29 1
547 29 3
548 29 1
549 29 1
551 29 3
553 29 2
556 29 2
559 29 1
561 29 2
563 29 2
564 29 1
565 29 3
566 29 3
567 29 3
569 29 3
570 29 3
571 29 3
572 29 3
573 29 2
578 29 1
579 29 2
585 29 1
589 29 2
590 29 3
591 29 2
597 29 1
603 29 3
605 29 1
611 29 2
614 29 1
616 29 3
619 29 3
620 29 1
624 29 3
627 29 1
629 29 1
634 29 3
635 29 3
636 29 3
640 29 3
641 29 2
646 29 3
647 29 1
648 29 3
649 29 3
650 29 3
651 29 3
659 29 2
669 29 3
675 29 3
676 29 2
682 29 3
683 29 3
690 29 1
692 29 3
699 29 2
701 29 2
704 29 2
708 29 2
709 29 2
710 29 3
712 29 3
715 29 2
727 29 3
738 29 3
739 29 2
740 29 2
743 29 1
752 29 1
753 29 1
754 29 3
756 29 3
757 29 1
760 29 1
761 29 1
762 29 3
766 29 2
770 29 1
773 29 2
776 29 3
777 29 1
782 29 1
785 29 1
788 29 1
790 29 2
795 29 1
803 29 1
816 29 3
818 29 1
820 29 1
821 29 3
822 29 3
827 29 3
828 29 3
833 29 2
836 29 1
842 29 3
845 29 2
855 29 1
856 29 1
859 29 2
864 29 2
866 29 2
867 29 1
873 29 2
874 29 1
875 29 1
876 29 1
882 29 2
884 29 2
886 29 2
887 29 2
891 29 1
901 29 1
902 29 1
903 29 2
905 29 2
906 29 2
907 29 1
909 29 3
917 29 3
918 29 2
919 29 2
921 29 3
928 29 2
931 29 2
932 29 3
934 29 3
938 29 2
940 29 1
945 29 2
946 29 1
948 29 1
954 29 2
965 29 2
966 29 1
968 29 2
971 29 3
974 29 2
976 29 1
977 29 2
985 29 1
990 29 3
991 29 1
994 29 1
997 29 2
998 29 1
3 30 2
6 30 3
10 30 1
12 30 3
14 30 2
22 30 2
25 30 3
32 30 3
33 30 3
34 30 2
37 30 2
38 30 1
43 30 1
45 30 2
53 30 2
56 30 2
57 30 2
58 30 2
61 30 2
66 30 2
68 30 1
81 30 1
93 30 3
98 30 3
99 30 2
101 30 2
106 30 1
107 30 2
108 30 2
109 30 3
112 30 3
113 30 1
115 30 3
119 30 1
129 30 3
130 30 3
131 30 1
139 30 3
154 30 2
163 30 3
164 30 3
165 30 2
167 30 1
169 30 2
170 30 3
171 30 2
172 30 3
173 30 3
176 30 1
178 30 3
179 30 1
180 30 2
182 30 2
186 30 2
189 30 1
192 30 1
199 30 1
202 30 1
203 30 3
205 30 2
212 30 3
214 30 1
216 30 3
217 30 3
221 30 2
222 30 1
224 30 3
228 30 2
229 30 1
231 30 3
232 30 2
238 30 3
246 30 2
247 30 2
249 30 1
251 30 3
255 30 2
256 30 3
259 30 1
261 30 1
262 30 2
269 30 3
272 30 1
273 30 3
277 30 2
281 30 3
284 30 2
294 30 2
296 30 1
300 30 2
303 30 3
306 30 1
307 30 1
313 30 2
314 30 2
315 30 3
317 30 2
320 30 1
323 30 2
325 30 1
330 30 3
332 30 2
334 30 1
341 30 2
343 30 1
344 30 3
345 30 1
346 30 1
349 30 2
351 30 2
354 30 1
355 30 2
356 30 3
359 30 1
363 30 2
