609 386 1
613 386 3
616 386 3
622 386 2
623 386 1
627 386 1
628 386 2
631 386 3
635 386 2
636 386 1
640 386 2
641 386 2
643 386 3
646 386 3
647 386 1
649 386 1
651 386 2
653 386 2
654 386 2
659 386 3
662 386 2
663 386 3
664 386 1
667 386 1
677 386 3
683 386 3
684 386 3
685 386 3
687 386 1
688 386 1
691 386 3
694 386 3
695 386 2
696 386 2
697 386 2
699 386 3
701 386 3
704 386 3
705 386 1
707 386 3
712 386 1
715 386 2
717 386 2
723 386 1
725 386 3
732 386 3
733 386 2
734 386 1
742 386 3
745 386 2
746 386 1
753 386 2
756 386 2
757 386 1
764 386 1
765 386 1
768 386 3
773 386 3
778 386 3
780 386 3
781 386 1
783 386 2
785 386 3
787 386 2
790 386 2
793 386 2
794 386 2
795 386 2
800 386 1
802 386 3
804 386 2
808 386 3
811 386 3
812 386 2
815 386 3
816 386 1
817 386 3
819 386 2
820 386 1
822 386 3
826 386 2
836 386 1
839 386 1
844 386 2
848 386 3
850 386 1
854 386 1
855 386 2
856 386 1
858 386 1
859 386 1
862 386 1
864 386 2
869 386 1
872 386 3
874 386 1
876 386 3
886 386 1
890 386 3
892 386 2
893 386 1
894 386 3
895 386 1
897 386 3
899 386 2
902 386 1
907 386 1
912 386 1
913 386 1
915 386 1
918 386 2
919 386 2
926 386 2
931 386 1
934 386 1
936 386 1
940 386 3
942 386 1
944 386 3
946 386 2
947 386 1
952 386 2
956 386 3
959 386 2
963 386 1
965 386 1
967 386 2
969 386 3
970 386 2
978 386 3
979 386 2
986 386 1
987 386 2
993 386 2
996 386 1
998 386 2
2 387 2
6 387 1
7 387 3
10 387 3
11 387 3
15 387 2
16 387 1
28 387 3
30 387 3
35 387 3
37 387 3
45 387 1
48 387 1
51 387 1
55 387 3
56 387 2
57 387 1
62 387 3
75 387 2
77 387 3
81 387 3
83 387 1
85 387 3
90 387 3
92 387 2
96 387 2
103 387 2
104 387 2
105 387 2
107 387 3
108 387 1
109 387 1
112 387 2
113 387 3
114 387 2
118 387 2
120 387 3
124 387 3
126 387 1
133 387 3
136 387 2
139 387 2
141 387 1
144 387 3
145 387 2
148 387 1
149 387 2
153 387 2
155 387 1
156 387 3
158 387 2
162 387 2
164 387 2
165 387 1
166 387 1
167 387 2
168 387 2
174 387 1
175 387 1
180 387 2
181 387 3
183 387 3
185 387 2
194 387 3
196 387 3
199 387 1
201 387 3
203 387 3
210 387 2
213 387 3
216 387 2
223 387 3
224 387 3
225 387 1
227 387 1
232 387 1
233 387 1
237 387 3
239 387 2
240 387 3
241 387 3
242 387 1
257 387 2
262 387 2
263 387 3
267 387 2
268 387 3
276 387 3
277 387 2
278 387 2
279 387 2
281 387 2
282 387 1
284 387 1
287 387 1
289 387 2
291 387 2
300 387 1
302 387 2
305 387 2
308 387 1
309 387 1
317 387 3
319 387 3
326 387 1
330 387 3
332 387 1
338 387 3
343 387 3
344 387 3
347 387 1
354 387 1
355 387 2
356 387 3
360 387 3
367 387 1
368 387 2
369 387 3
370 387 2
372 387 3
383 387 2
386 387 3
388 387 1
390 387 2
396 387 2
397 387 3
404 387 1
411 387 2
415 387 3
417 387 3
419 387 2
423 387 3
424 387 3
429 387 2
430 387 2
435 387 2
440 387 2
441 387 2
444 387 1
445 387 2
449 387 3
450 387 1
453 387 3
454 387 3
455 387 3
463 387 1
464 387 1
469 387 1
470 387 3
471 387 3
477 387 3
479 387 3
483 387 1
489 387 3
491 387 2
493 387 2
499 387 3
502 387 2
503 387 1
511 387 3
512 387 3
514 387 1
519 387 2
520 387 2
526 387 3
529 387 2
531 387 1
533 387 2
534 387 3
540 387 1
543 387 1
545 387 2
553 387 2
554 387 1
556 387 3
558 387 2
561 387 1
566 387 1
573 387 2
574 387 1
581 387 2
587 387 1
588 387 1
589 387 2
591 387 1
592 387 1
595 387 3
601 387 1
608 387 3
611 387 3
612 387 3
616 387 2
626 387 1
630 387 1
635 387 1
636 387 2
637 387 1
643 387 3
653 387 1
656 387 3
658 387 1
660 387 1
661 387 3
662 387 3
664 387 3
670 387 1
675 387 1
679 387 2
682 387 1
683 387 2
685 387 2
688 387 1
689 387 1
692 387 3
693 387 2
697 387 3
699 387 1
700 387 2
707 387 1
710 387 1
711 387 1
712 387 3
715 387 1
716 387 3
717 387 3
720 387 2
722 387 3
723 387 3
724 387 3
726 387 3
729 387 2
733 387 1
739 387 1
740 387 3
749 387 1
751 387 3
752 387 2
754 387 3
755 387 1
757 387 2
758 387 3
762 387 3
763 387 1
770 387 2
772 387 1
773 387 1
777 387 2
779 387 1
781 387 3
782 387 3
786 387 3
793 387 3
809 387 2
810 387 3
813 387 1
814 387 1
815 387 2
819 387 1
830 387 3
831 387 1
832 387 3
833 387 1
836 387 1
841 387 3
842 387 3
846 387 2
851 387 1
853 387 1
856 387 2
858 387 3
864 387 2
867 387 2
873 387 3
881 387 3
890 387 3
895 387 2
902 387 2
909 387 1
911 387 1
916 387 2
919 387 2
924 387 2
928 387 2
929 387 2
932 387 3
935 387 1
939 387 2
944 387 1
945 387 3
946 387 1
947 387 3
948 387 3
949 387 2
951 387 2
955 387 2
956 387 1
960 387 3
963 387 1
964 387 2
966 387 2
969 387 1
972 387 3
973 387 1
974 387 1
975 387 1
984 387 2
990 387 3
992 387 3
996 387 2
997 387 2
999 387 2
1 388 2
4 388 1
5 388 3
6 388 2
11 388 3
12 388 1
15 388 2
17 388 1
23 388 3
27 388 1
28 388 3
29 388 2
31 388 1
35 388 1
42 388 2
43 388 1
52 388 1
56 388 1
57 388 2
60 388 2
61 388 1
70 388 1
71 388 1
73 388 1
76 388 3
77 388 3
78 388 2
86 388 3
90 388 3
91 388 2
92 388 3
98 388 3
100 388 3
103 388 1
109 388 3
113 388 2
114 388 2
116 388 1
120 388 3
122 388 1
123 388 2
125 388 3
127 388 1
129 388 3
132 388 3
133 388 3
135 388 3
139 388 1
155 388 1
158 388 3
164 388 3
166 388 1
167 388 3
169 388 1
174 388 1
178 388 3
181 388 2
187 388 3
188 388 2
191 388 1
192 388 2
196 388 3
199 388 1
210 388 1
215 388 1
217 388 2
218 388 2
220 388 1
225 388 2
226 388 1
229 388 3
234 388 3
240 388 3
247 388 3
248 388 3
250 388 2
251 388 3
256 388 3
257 388 1
262 388 1
265 388 3
266 388 1
267 388 3
268 388 1
270 388 1
273 388 3
280 388 3
283 388 3
287 388 3
288 388 3
297 388 1
299 388 2
304 388 2
305 388 1
307 388 2
310 388 2
313 388 3
314 388 2
317 388 2
319 388 1
322 388 3
323 388 3
325 388 1
331 388 1
334 388 3
347 388 2
350 388 3
354 388 2
356 388 3
359 388 1
360 388 2
363 388 2
365 388 1
368 388 2
370 388 3
371 388 2
376 388 3
378 388 1
382 388 1
384 388 1
389 388 3
391 388 3
392 388 2
394 388 1
399 388 2
400 388 2
401 388 3
404 388 2
407 388 2
409 388 1
411 388 2
417 388 3
419 388 2
422 388 3
423 388 1
429 388 1
433 388 3
443 388 2
445 388 3
447 388 3
451 388 2
456 388 2
460 388 1
464 388 2
467 388 3
473 388 3
474 388 1
478 388 2
481 388 3
482 388 1
487 388 2
488 388 2
489 388 2
492 388 1
498 388 2
499 388 3
501 388 3
506 388 1
508 388 2
510 388 2
512 388 2
514 388 3
515 388 2
516 388 1
518 388 3
528 388 3
532 388 1
533 388 3
536 388 1
537 388 1
540 388 3
544 388 1
545 388 2
549 388 2
550 388 3
559 388 3
561 388 3
569 388 3
571 388 3
572 388 3
573 388 3
575 388 3
584 388 2
596 388 2
601 388 3
602 388 1
604 388 1
606 388 2
608 388 3
614 388 3
615 388 1
616 388 1
617 388 3
621 388 2
622 388 3
624 388 3
625 388 2
626 388 2
632 388 2
633 388 3
636 388 2
637 388 1
642 388 3
652 388 1
654 388 3
656 388 1
662 388 1
668 388 1
669 388 2
670 388 1
671 388 3
673 388 2
677 388 2
683 388 1
686 388 1
687 388 2
689 388 2
694 388 1
695 388 3
