480 630 3
482 630 3
483 630 1
485 630 3
486 630 2
488 630 3
489 630 3
490 630 3
491 630 3
500 630 1
501 630 1
503 630 1
511 630 3
515 630 1
517 630 2
519 630 1
521 630 2
522 630 3
523 630 2
524 630 2
525 630 3
529 630 2
532 630 2
535 630 2
538 630 1
547 630 1
551 630 1
554 630 3
558 630 3
564 630 1
567 630 1
573 630 3
575 630 1
576 630 2
592 630 1
593 630 1
603 630 3
604 630 1
611 630 2
617 630 1
620 630 2
622 630 3
623 630 3
627 630 1
629 630 2
631 630 3
633 630 1
635 630 3
636 630 2
638 630 3
640 630 3
646 630 3
647 630 3
648 630 2
649 630 1
651 630 2
653 630 2
654 630 2
655 630 2
657 630 3
663 630 1
672 630 3
677 630 3
688 630 2
689 630 2
690 630 3
695 630 1
700 630 2
702 630 1
704 630 2
707 630 3
710 630 2
711 630 2
713 630 3
715 630 2
717 630 2
719 630 2
721 630 1
724 630 3
725 630 3
732 630 1
737 630 3
739 630 3
745 630 2
748 630 2
750 630 2
751 630 2
754 630 1
759 630 3
760 630 1
767 630 2
768 630 3
772 630 1
775 630 3
777 630 3
778 630 3
781 630 1
788 630 1
789 630 2
794 630 3
796 630 3
798 630 2
801 630 2
802 630 1
803 630 2
805 630 3
806 630 1
809 630 3
810 630 2
813 630 3
817 630 1
818 630 2
819 630 3
820 630 1
823 630 3
824 630 2
835 630 3
846 630 2
849 630 1
852 630 1
856 630 2
858 630 2
859 630 3
862 630 1
866 630 3
867 630 3
868 630 1
869 630 1
870 630 1
874 630 1
878 630 1
881 630 1
882 630 3
885 630 1
886 630 1
887 630 2
890 630 2
892 630 1
895 630 1
897 630 1
902 630 1
905 630 3
906 630 3
907 630 3
909 630 3
911 630 3
914 630 2
915 630 3
916 630 1
919 630 3
924 630 3
926 630 1
927 630 2
930 630 2
931 630 2
932 630 1
934 630 2
935 630 1
938 630 3
939 630 2
942 630 2
944 630 2
946 630 3
949 630 2
950 630 3
958 630 1
959 630 3
961 630 1
963 630 2
964 630 1
965 630 2
966 630 1
967 630 1
968 630 1
969 630 1
971 630 3
972 630 3
976 630 1
977 630 2
981 630 3
982 630 2
983 630 2
984 630 3
986 630 2
987 630 2
988 630 2
989 630 2
992 630 1
998 630 2
2 631 1
3 631 3
6 631 1
7 631 3
8 631 2
14 631 2
16 631 3
18 631 3
20 631 3
23 631 1
25 631 3
26 631 2
28 631 2
29 631 3
30 631 3
31 631 1
33 631 3
37 631 2
43 631 1
44 631 3
46 631 1
50 631 2
52 631 2
55 631 2
57 631 2
62 631 2
66 631 1
69 631 3
70 631 2
72 631 2
73 631 2
81 631 2
82 631 1
83 631 2
92 631 1
94 631 3
96 631 3
98 631 1
100 631 1
104 631 3
105 631 1
106 631 2
107 631 2
110 631 3
111 631 1
119 631 1
120 631 1
125 631 1
131 631 3
136 631 3
137 631 3
142 631 3
143 631 3
145 631 3
146 631 1
150 631 2
151 631 3
152 631 1
155 631 2
158 631 2
166 631 1
170 631 3
171 631 2
175 631 3
177 631 1
181 631 2
182 631 3
185 631 3
186 631 2
189 631 2
193 631 3
195 631 2
196 631 2
198 631 3
201 631 3
204 631 2
205 631 1
206 631 3
211 631 3
213 631 3
217 631 3
218 631 2
219 631 1
222 631 2
232 631 1
234 631 2
239 631 3
240 631 1
245 631 2
248 631 1
249 631 1
252 631 3
253 631 1
262 631 1
263 631 1
264 631 3
272 631 3
276 631 1
278 631 1
280 631 3
281 631 3
287 631 1
289 631 1
292 631 2
295 631 3
296 631 3
301 631 1
302 631 3
304 631 3
308 631 3
312 631 3
314 631 1
316 631 1
317 631 2
318 631 3
320 631 1
321 631 1
323 631 3
327 631 3
329 631 2
333 631 1
335 631 2
340 631 1
341 631 1
347 631 3
352 631 2
354 631 1
360 631 3
365 631 2
367 631 3
368 631 1
375 631 1
377 631 2
378 631 1
381 631 1
383 631 2
384 631 1
386 631 2
388 631 1
392 631 3
393 631 2
399 631 2
400 631 2
401 631 3
402 631 2
403 631 3
408 631 3
410 631 2
412 631 1
418 631 3
419 631 3
422 631 2
427 631 3
430 631 1
431 631 1
432 631 2
435 631 2
438 631 2
441 631 1
446 631 2
450 631 2
454 631 1
461 631 2
462 631 2
463 631 2
465 631 3
470 631 2
473 631 1
475 631 3
477 631 2
478 631 2
487 631 1
490 631 1
494 631 3
502 631 3
504 631 1
507 631 1
510 631 2
511 631 3
512 631 1
513 631 2
515 631 2
519 631 1
527 631 2
528 631 2
533 631 2
541 631 2
543 631 2
546 631 1
548 631 2
550 631 2
552 631 2
554 631 2
555 631 3
557 631 2
558 631 3
566 631 3
576 631 1
586 631 1
588 631 2
590 631 1
592 631 3
596 631 1
602 631 1
604 631 3
607 631 2
612 631 2
615 631 2
616 631 1
626 631 3
629 631 2
630 631 2
637 631 3
640 631 2
642 631 1
645 631 2
646 631 1
647 631 3
648 631 2
650 631 2
652 631 2
655 631 3
658 631 3
663 631 1
666 631 2
670 631 3
671 631 1
674 631 3
675 631 1
682 631 3
684 631 3
686 631 3
690 631 3
691 631 2
694 631 3
697 631 2
698 631 3
700 631 2
703 631 1
706 631 3
714 631 3
715 631 2
716 631 2
718 631 1
723 631 2
728 631 2
730 631 3
731 631 3
734 631 1
739 631 2
741 631 3
743 631 3
748 631 1
750 631 1
754 631 1
755 631 2
757 631 2
761 631 1
762 631 1
770 631 1
771 631 1
773 631 1
779 631 3
783 631 2
789 631 2
790 631 2
795 631 3
796 631 1
798 631 3
800 631 3
807 631 2
816 631 3
822 631 1
824 631 1
827 631 3
841 631 3
843 631 2
845 631 3
847 631 3
851 631 1
852 631 3
861 631 1
862 631 2
866 631 2
868 631 3
869 631 1
871 631 1
873 631 3
879 631 2
880 631 1
883 631 1
886 631 3
888 631 1
893 631 3
896 631 1
900 631 1
901 631 1
904 631 1
909 631 3
912 631 3
919 631 1
923 631 1
924 631 3
929 631 1
932 631 3
933 631 1
934 631 2
935 631 2
938 631 1
940 631 2
945 631 2
947 631 2
952 631 3
956 631 1
963 631 1
966 631 3
972 631 1
973 631 1
976 631 3
980 631 2
981 631 3
983 631 2
984 631 2
985 631 2
989 631 3
990 631 3
996 631 1
997 631 1
999 631 1
6 632 3
9 632 1
11 632 3
12 632 3
18 632 1
20 632 3
24 632 2
26 632 2
28 632 3
29 632 1
30 632 3
36 632 1
37 632 1
39 632 3
41 632 3
46 632 3
51 632 1
57 632 3
58 632 1
59 632 3
60 632 2
63 632 1
65 632 1
67 632 1
68 632 2
71 632 2
76 632 3
83 632 2
85 632 1
86 632 1
87 632 2
88 632 3
91 632 1
95 632 1
99 632 2
106 632 1
111 632 1
112 632 2
124 632 3
125 632 3
126 632 3
129 632 2
131 632 1
133 632 2
136 632 1
143 632 1
144 632 3
145 632 1
146 632 1
147 632 3
154 632 3
158 632 2
160 632 2
161 632 3
163 632 1
164 632 3
169 632 1
176 632 2
179 632 1
190 632 2
191 632 1
197 632 1
198 632 1
199 632 1
201 632 3
204 632 3
205 632 2
209 632 2
211 632 2
213 632 1
217 632 1
220 632 3
221 632 1
223 632 2
229 632 1
231 632 2
232 632 3
234 632 3
241 632 1
246 632 2
247 632 3
251 632 1
258 632 2
263 632 3
265 632 3
266 632 1
268 632 3
272 632 3
274 632 1
277 632 3
280 632 1
281 632 1
282 632 2
285 632 1
286 632 2
288 632 1
290 632 3
292 632 2
294 632 1
298 632 2
301 632 3
304 632 3
308 632 3
310 632 3
313 632 3
315 632 1
318 632 3
325 632 1
326 632 3
327 632 1
328 632 1
329 632 3
330 632 1
334 632 3
337 632 1
338 632 1
344 632 1
356 632 2
357 632 2
358 632 3
359 632 3
360 632 3
361 632 1
362 632 2
366 632 2
367 632 1
368 632 2
369 632 1
372 632 3
376 632 2
378 632 3
381 632 3
393 632 1
399 632 3
400 632 3
404 632 2
405 632 2
409 632 1
413 632 3
417 632 3
422 632 1
425 632 3
426 632 2
427 632 3
428 632 2
431 632 2
432 632 2
433 632 3
