290 902 1
293 902 1
294 902 1
296 902 3
302 902 2
305 902 1
306 902 2
313 902 2
316 902 2
318 902 3
319 902 1
320 902 1
322 902 2
326 902 3
328 902 1
331 902 3
332 902 2
333 902 2
338 902 3
339 902 3
340 902 1
343 902 1
344 902 3
346 902 3
347 902 3
351 902 1
355 902 2
356 902 1
358 902 2
360 902 3
364 902 1
366 902 1
369 902 1
370 902 2
373 902 3
376 902 3
378 902 2
379 902 1
380 902 2
382 902 2
387 902 3
390 902 2
391 902 1
393 902 1
396 902 2
397 902 3
398 902 1
400 902 2
402 902 1
403 902 3
404 902 2
405 902 1
410 902 1
412 902 2
413 902 3
414 902 2
417 902 1
419 902 3
420 902 1
426 902 2
434 902 3
435 902 3
438 902 3
449 902 2
450 902 2
451 902 1
458 902 2
460 902 1
461 902 2
462 902 3
468 902 2
469 902 2
472 902 2
478 902 1
489 902 1
491 902 1
495 902 2
497 902 2
499 902 3
500 902 3
502 902 3
514 902 1
515 902 3
517 902 2
518 902 2
523 902 2
526 902 3
527 902 3
536 902 3
539 902 1
545 902 1
549 902 1
551 902 2
559 902 3
560 902 3
561 902 2
563 902 2
564 902 2
565 902 2
573 902 3
581 902 3
582 902 1
586 902 2
591 902 1
593 902 2
596 902 3
599 902 2
606 902 2
611 902 1
612 902 3
615 902 1
621 902 3
622 902 3
626 902 1
629 902 1
630 902 1
633 902 3
635 902 1
636 902 1
639 902 1
645 902 3
646 902 2
648 902 3
652 902 1
655 902 1
656 902 3
658 902 1
659 902 2
666 902 2
667 902 1
670 902 1
671 902 2
685 902 3
686 902 2
690 902 2
693 902 3
695 902 1
697 902 1
703 902 3
706 902 3
711 902 3
712 902 3
716 902 1
717 902 1
718 902 2
723 902 2
726 902 2
727 902 3
728 902 1
729 902 2
731 902 2
732 902 1
734 902 1
738 902 3
743 902 2
745 902 1
746 902 2
749 902 2
755 902 3
759 902 2
762 902 3
763 902 3
764 902 1
766 902 1
768 902 1
770 902 3
771 902 2
772 902 1
774 902 3
775 902 3
776 902 2
779 902 1
780 902 1
781 902 2
783 902 3
787 902 2
788 902 2
790 902 3
796 902 2
798 902 2
804 902 3
806 902 3
807 902 2
808 902 3
816 902 1
826 902 2
828 902 2
831 902 3
833 902 1
837 902 1
851 902 2
852 902 1
853 902 1
854 902 1
858 902 2
862 902 3
865 902 1
867 902 2
869 902 1
872 902 3
875 902 2
878 902 3
881 902 2
885 902 3
888 902 2
889 902 1
892 902 3
893 902 1
894 902 2
910 902 2
915 902 1
918 902 1
921 902 2
922 902 3
924 902 1
925 902 3
926 902 2
927 902 1
931 902 3
932 902 3
935 902 1
937 902 1
942 902 1
946 902 3
948 902 1
950 902 3
953 902 1
954 902 3
955 902 1
958 902 3
968 902 1
972 902 2
973 902 3
978 902 3
979 902 1
987 902 2
992 902 3
994 902 2
0 903 1
2 903 3
3 903 2
5 903 2
14 903 3
15 903 1
17 903 3
19 903 3
22 903 2
26 903 3
27 903 1
28 903 1
30 903 1
31 903 1
35 903 1
37 903 1
45 903 2
48 903 3
49 903 2
51 903 3
58 903 3
62 903 2
63 903 1
66 903 3
67 903 2
73 903 3
87 903 2
88 903 1
91 903 2
95 903 1
99 903 1
101 903 2
104 903 2
105 903 3
109 903 1
111 903 3
112 903 1
120 903 1
122 903 1
124 903 2
128 903 1
133 903 3
137 903 3
139 903 2
143 903 2
144 903 3
147 903 2
148 903 3
149 903 1
154 903 1
162 903 3
165 903 1
177 903 3
178 903 1
180 903 1
183 903 3
184 903 2
192 903 3
193 903 2
196 903 1
198 903 2
199 903 1
200 903 2
204 903 1
205 903 1
207 903 1
209 903 1
210 903 3
211 903 1
213 903 1
215 903 2
218 903 3
219 903 2
224 903 3
229 903 2
233 903 1
235 903 2
239 903 2
242 903 2
243 903 1
244 903 2
251 903 2
256 903 3
257 903 1
258 903 3
259 903 3
260 903 2
261 903 3
262 903 1
267 903 3
269 903 2
273 903 2
277 903 2
284 903 2
286 903 1
287 903 3
288 903 1
290 903 2
291 903 3
295 903 3
297 903 3
303 903 2
304 903 1
308 903 2
310 903 1
312 903 3
316 903 1
318 903 3
320 903 1
321 903 3
323 903 3
325 903 1
326 903 2
335 903 1
339 903 2
340 903 2
344 903 3
345 903 2
346 903 2
348 903 2
350 903 2
352 903 1
356 903 1
357 903 1
361 903 3
364 903 1
365 903 2
367 903 1
368 903 3
369 903 3
370 903 1
372 903 3
375 903 3
385 903 1
393 903 3
395 903 2
397 903 1
399 903 3
401 903 3
402 903 3
403 903 2
404 903 2
412 903 3
414 903 1
416 903 3
417 903 1
419 903 3
421 903 3
424 903 3
425 903 2
426 903 3
427 903 1
430 903 3
431 903 1
432 903 1
439 903 3
440 903 1
442 903 1
445 903 3
449 903 1
450 903 3
452 903 2
455 903 3
456 903 3
458 903 2
459 903 1
461 903 3
464 903 2
468 903 3
469 903 1
470 903 2
473 903 2
478 903 2
481 903 3
482 903 3
485 903 3
492 903 1
496 903 2
497 903 1
498 903 2
503 903 3
505 903 3
508 903 2
514 903 1
517 903 2
521 903 2
525 903 2
530 903 1
531 903 2
532 903 2
533 903 1
541 903 1
542 903 3
543 903 1
545 903 3
547 903 2
550 903 1
553 903 2
557 903 3
558 903 3
563 903 1
565 903 2
566 903 3
572 903 1
573 903 3
583 903 3
585 903 3
588 903 3
593 903 3
594 903 1
595 903 3
599 903 2
611 903 3
612 903 2
613 903 1
615 903 2
616 903 3
618 903 1
619 903 3
622 903 2
623 903 2
625 903 1
627 903 3
631 903 2
633 903 3
635 903 3
636 903 3
638 903 2
642 903 3
653 903 2
654 903 2
656 903 2
657 903 2
666 903 2
672 903 2
678 903 2
681 903 1
683 903 1
688 903 3
690 903 3
692 903 3
693 903 3
695 903 3
696 903 1
697 903 3
703 903 2
704 903 1
710 903 1
712 903 2
714 903 1
719 903 1
725 903 2
726 903 3
730 903 3
732 903 2
735 903 2
736 903 2
740 903 2
741 903 3
742 903 1
751 903 2
752 903 3
753 903 2
756 903 3
758 903 2
760 903 3
763 903 3
766 903 3
769 903 3
770 903 1
778 903 1
779 903 1
782 903 3
786 903 1
788 903 3
789 903 1
792 903 3
798 903 1
799 903 3
800 903 2
802 903 3
804 903 2
806 903 3
811 903 2
812 903 3
813 903 3
816 903 2
820 903 2
821 903 3
822 903 3
828 903 3
829 903 3
831 903 1
833 903 2
836 903 1
839 903 1
846 903 1
847 903 3
848 903 1
850 903 2
851 903 3
852 903 2
854 903 3
859 903 2
860 903 2
863 903 2
870 903 3
876 903 3
879 903 1
883 903 2
886 903 2
887 903 1
888 903 1
889 903 1
890 903 1
892 903 2
894 903 3
900 903 3
901 903 3
903 903 1
911 903 2
912 903 3
914 903 3
915 903 1
919 903 1
920 903 2
921 903 1
924 903 1
925 903 1
926 903 2
928 903 2
930 903 3
932 903 1
934 903 2
936 903 1
937 903 3
938 903 3
939 903 3
940 903 2
942 903 2
944 903 3
946 903 2
947 903 2
948 903 2
949 903 2
950 903 1
958 903 1
961 903 1
966 903 2
968 903 2
970 903 2
974 903 2
975 903 3
978 903 1
982 903 3
988 903 2
991 903 1
999 903 1
4 904 1
5 904 2
7 904 3
14 904 3
16 904 3
19 904 1
24 904 1
29 904 2
32 904 1
37 904 3
39 904 2
40 904 3
44 904 2
45 904 3
49 904 1
53 904 2
54 904 3
55 904 3
57 904 2
60 904 3
65 904 2
69 904 1
71 904 3
73 904 3
76 904 3
81 904 2
86 904 1
88 904 1
103 904 1
104 904 1
110 904 3
113 904 1
115 904 1
117 904 2
121 904 2
123 904 1
124 904 3
127 904 3
128 904 2
129 904 3
132 904 3
136 904 1
148 904 1
153 904 2
154 904 2
156 904 2
162 904 2
163 904 2
166 904 3
167 904 2
169 904 1
170 904 3
174 904 1
182 904 1
185 904 2
193 904 3
194 904 1
211 904 2
215 904 3
216 904 2
228 904 3
230 904 2
240 904 1
241 904 1
243 904 2
244 904 2
245 904 3
247 904 3
248 904 1
250 904 2
