448 978 2
451 978 3
452 978 2
453 978 1
454 978 2
455 978 3
456 978 2
457 978 1
463 978 2
464 978 2
465 978 3
469 978 1
474 978 1
476 978 1
479 978 2
483 978 3
486 978 3
487 978 3
492 978 1
493 978 1
494 978 1
497 978 1
498 978 2
503 978 1
505 978 3
506 978 3
507 978 3
510 978 1
513 978 2
515 978 2
517 978 1
525 978 1
526 978 3
530 978 2
537 978 1
539 978 2
540 978 1
542 978 3
545 978 3
546 978 3
550 978 2
554 978 3
555 978 3
559 978 2
565 978 1
567 978 2
572 978 1
577 978 1
581 978 2
583 978 3
585 978 1
586 978 2
588 978 1
592 978 1
593 978 2
596 978 3
597 978 3
600 978 1
607 978 2
617 978 1
621 978 1
623 978 1
627 978 3
631 978 2
632 978 2
633 978 1
634 978 1
638 978 3
640 978 3
642 978 2
644 978 1
646 978 1
647 978 3
648 978 3
652 978 3
654 978 3
656 978 3
657 978 3
662 978 3
669 978 1
670 978 2
678 978 3
687 978 1
692 978 1
693 978 2
696 978 2
697 978 3
701 978 2
702 978 1
706 978 1
708 978 1
710 978 2
713 978 3
716 978 1
720 978 2
722 978 1
728 978 2
732 978 3
737 978 1
738 978 2
739 978 1
742 978 1
747 978 1
748 978 3
751 978 1
753 978 1
754 978 2
758 978 1
760 978 2
762 978 3
764 978 2
767 978 1
769 978 2
770 978 1
771 978 2
775 978 3
777 978 3
778 978 1
780 978 3
785 978 2
792 978 2
793 978 2
795 978 1
797 978 1
799 978 3
803 978 3
811 978 1
815 978 3
822 978 2
824 978 2
827 978 2
832 978 3
836 978 1
837 978 3
839 978 1
841 978 3
842 978 1
843 978 3
848 978 3
851 978 2
852 978 1
854 978 1
857 978 2
860 978 3
864 978 2
865 978 1
866 978 3
867 978 2
868 978 3
870 978 2
874 978 1
880 978 3
884 978 1
885 978 1
890 978 2
892 978 2
893 978 3
894 978 1
902 978 3
904 978 2
905 978 2
908 978 1
910 978 2
912 978 2
914 978 2
915 978 3
916 978 2
922 978 3
923 978 3
924 978 3
925 978 3
928 978 1
944 978 1
945 978 3
947 978 2
948 978 3
950 978 3
954 978 3
955 978 3
958 978 2
963 978 3
965 978 2
966 978 3
968 978 1
971 978 1
976 978 1
982 978 1
986 978 3
988 978 2
990 978 3
992 978 1
993 978 2
995 978 3
2 979 2
3 979 3
4 979 1
5 979 3
7 979 1
10 979 2
11 979 2
15 979 3
24 979 3
26 979 3
28 979 2
30 979 3
32 979 2
44 979 3
46 979 1
53 979 2
58 979 3
59 979 1
64 979 1
68 979 3
71 979 3
78 979 2
82 979 2
86 979 2
89 979 3
90 979 1
92 979 2
93 979 3
101 979 3
102 979 2
107 979 1
123 979 1
126 979 3
131 979 1
135 979 2
137 979 1
142 979 1
143 979 1
144 979 1
148 979 2
150 979 2
153 979 2
159 979 1
161 979 2
162 979 1
165 979 1
167 979 2
170 979 2
177 979 3
181 979 2
186 979 2
190 979 3
197 979 1
200 979 1
202 979 2
204 979 1
208 979 2
216 979 3
217 979 1
218 979 2
219 979 1
222 979 3
226 979 2
227 979 1
229 979 2
230 979 2
238 979 1
240 979 3
241 979 2
253 979 2
254 979 1
256 979 1
258 979 3
259 979 3
261 979 2
267 979 1
277 979 3
280 979 3
283 979 2
299 979 2
300 979 3
305 979 1
306 979 3
316 979 1
318 979 2
319 979 2
326 979 2
329 979 3
330 979 1
331 979 2
332 979 2
334 979 2
344 979 3
346 979 1
348 979 2
352 979 2
354 979 2
356 979 2
363 979 2
372 979 2
374 979 3
375 979 2
376 979 2
377 979 3
380 979 2
383 979 3
388 979 2
390 979 3
392 979 2
393 979 3
394 979 2
396 979 2
397 979 1
399 979 3
401 979 2
402 979 2
407 979 1
410 979 3
411 979 2
413 979 2
415 979 2
416 979 2
417 979 3
418 979 2
420 979 3
423 979 3
433 979 2
435 979 1
438 979 3
446 979 1
450 979 2
452 979 1
456 979 3
457 979 2
460 979 2
461 979 1
463 979 2
469 979 1
470 979 3
472 979 1
476 979 1
477 979 2
479 979 3
480 979 3
482 979 2
483 979 1
490 979 2
491 979 1
494 979 1
498 979 1
501 979 1
506 979 1
507 979 3
508 979 2
513 979 2
514 979 1
515 979 1
518 979 2
521 979 1
522 979 3
527 979 1
531 979 1
535 979 3
540 979 3
544 979 2
546 979 1
548 979 1
549 979 1
551 979 3
559 979 1
560 979 2
561 979 2
563 979 2
566 979 1
567 979 1
568 979 1
576 979 2
577 979 3
583 979 2
586 979 2
590 979 1
591 979 3
592 979 2
602 979 1
605 979 1
606 979 3
607 979 3
608 979 2
609 979 3
610 979 3
618 979 3
620 979 2
624 979 3
628 979 2
631 979 3
632 979 3
633 979 1
634 979 2
636 979 3
639 979 3
643 979 1
644 979 2
652 979 3
655 979 1
657 979 2
662 979 2
663 979 2
666 979 1
668 979 1
669 979 1
675 979 2
679 979 3
682 979 3
685 979 2
686 979 3
687 979 1
690 979 3
691 979 3
693 979 3
694 979 3
700 979 1
701 979 1
702 979 2
703 979 3
708 979 1
713 979 3
721 979 3
728 979 2
729 979 2
730 979 1
731 979 3
738 979 3
739 979 1
740 979 2
744 979 2
745 979 1
751 979 3
753 979 3
754 979 3
761 979 2
764 979 1
768 979 3
770 979 1
772 979 2
773 979 2
776 979 1
779 979 3
784 979 1
785 979 2
792 979 1
805 979 3
806 979 3
809 979 3
816 979 1
817 979 2
821 979 3
826 979 1
827 979 2
829 979 3
832 979 2
833 979 1
838 979 1
840 979 1
845 979 2
846 979 2
850 979 2
853 979 2
854 979 2
856 979 3
862 979 1
863 979 1
865 979 3
868 979 1
869 979 3
870 979 1
873 979 3
876 979 2
879 979 3
887 979 3
889 979 2
891 979 2
896 979 1
899 979 1
900 979 1
903 979 1
905 979 2
907 979 1
909 979 3
915 979 1
916 979 3
917 979 3
918 979 1
919 979 3
924 979 3
925 979 2
932 979 2
938 979 2
946 979 3
954 979 3
956 979 1
958 979 2
961 979 1
967 979 3
969 979 3
971 979 3
972 979 3
975 979 1
979 979 1
980 979 1
982 979 3
983 979 2
987 979 3
992 979 1
993 979 1
994 979 1
995 979 3
1 980 1
3 980 1
4 980 3
16 980 3
28 980 2
32 980 2
38 980 2
45 980 2
53 980 3
56 980 2
60 980 2
65 980 1
72 980 3
81 980 2
82 980 3
84 980 1
85 980 2
88 980 1
89 980 1
99 980 1
103 980 3
104 980 2
105 980 3
106 980 3
109 980 3
111 980 1
120 980 1
122 980 1
123 980 2
124 980 1
127 980 3
130 980 1
132 980 2
134 980 3
139 980 3
140 980 2
142 980 2
143 980 3
145 980 3
146 980 3
150 980 3
151 980 3
157 980 1
160 980 3
163 980 2
170 980 1
171 980 3
174 980 2
177 980 1
180 980 1
183 980 2
185 980 3
189 980 2
194 980 3
195 980 1
198 980 3
201 980 1
208 980 1
211 980 2
214 980 2
217 980 2
218 980 1
220 980 1
226 980 2
227 980 1
228 980 3
232 980 1
235 980 2
239 980 2
240 980 2
242 980 3
245 980 2
247 980 3
248 980 2
249 980 1
250 980 3
252 980 2
257 980 2
267 980 1
270 980 3
273 980 1
274 980 3
275 980 2
282 980 2
283 980 1
290 980 3
299 980 1
305 980 1
308 980 1
309 980 3
311 980 1
323 980 1
326 980 3
327 980 2
331 980 3
333 980 2
341 980 3
344 980 1
345 980 1
347 980 3
348 980 1
351 980 2
353 980 1
354 980 2
357 980 1
361 980 3
368 980 2
372 980 3
375 980 3
376 980 1
383 980 3
384 980 2
385 980 1
387 980 1
388 980 3
389 980 1
397 980 1
400 980 2
403 980 1
404 980 3
405 980 1
412 980 1
417 980 3
420 980 3
422 980 2
425 980 2
428 980 1
431 980 3
432 980 3
434 980 2
436 980 2
437 980 3
439 980 2
444 980 2
448 980 3
449 980 2
450 980 2
452 980 2
453 980 1
455 980 1
456 980 2
457 980 2
459 980 1
466 980 2
471 980 1
472 980 1
473 980 3
478 980 1
479 980 2
480 980 1
486 980 2
489 980 1
492 980 2
496 980 1
500 980 3
502 980 3
509 980 3
