464 672 2
466 672 2
470 672 2
472 672 3
476 672 2
478 672 3
479 672 1
482 672 3
487 672 1
488 672 3
489 672 1
490 672 3
491 672 2
494 672 3
496 672 1
499 672 1
511 672 3
518 672 1
526 672 3
529 672 1
534 672 3
535 672 1
537 672 1
539 672 2
551 672 2
554 672 2
558 672 2
560 672 3
561 672 1
562 672 1
563 672 2
566 672 3
567 672 3
568 672 2
569 672 1
570 672 3
571 672 2
572 672 3
573 672 2
577 672 1
579 672 3
587 672 1
591 672 1
592 672 2
594 672 1
595 672 2
596 672 2
600 672 2
604 672 1
606 672 3
614 672 2
615 672 2
618 672 1
623 672 2
633 672 3
634 672 1
636 672 2
639 672 3
647 672 3
652 672 2
654 672 3
658 672 2
663 672 3
667 672 2
668 672 2
669 672 1
670 672 1
672 672 3
675 672 1
677 672 3
679 672 1
682 672 3
683 672 1
685 672 2
687 672 1
688 672 1
691 672 1
693 672 3
698 672 3
699 672 3
704 672 3
705 672 3
706 672 1
709 672 3
710 672 2
715 672 3
717 672 2
723 672 3
726 672 2
727 672 3
728 672 1
729 672 2
733 672 1
737 672 1
742 672 1
743 672 2
746 672 2
747 672 3
749 672 3
750 672 3
751 672 1
758 672 2
765 672 2
766 672 2
767 672 2
769 672 1
784 672 3
787 672 1
791 672 2
795 672 3
801 672 3
805 672 2
817 672 1
820 672 2
823 672 2
826 672 1
827 672 3
829 672 1
833 672 3
834 672 1
835 672 3
836 672 1
845 672 1
846 672 3
847 672 1
848 672 2
852 672 3
862 672 3
865 672 1
866 672 1
867 672 3
871 672 3
872 672 3
878 672 3
880 672 2
882 672 2
884 672 3
885 672 2
888 672 1
891 672 3
893 672 3
905 672 3
906 672 3
909 672 2
910 672 3
914 672 1
930 672 1
932 672 1
937 672 1
941 672 3
950 672 1
962 672 2
964 672 2
967 672 2
970 672 1
971 672 3
972 672 3
973 672 3
974 672 3
976 672 3
979 672 3
984 672 3
987 672 2
992 672 3
993 672 2
996 672 1
998 672 1
1 673 3
7 673 1
10 673 2
13 673 3
15 673 3
16 673 3
18 673 2
19 673 3
24 673 1
25 673 3
26 673 3
32 673 3
35 673 2
36 673 3
37 673 2
40 673 1
42 673 1
43 673 2
45 673 3
54 673 1
55 673 1
58 673 2
60 673 2
65 673 1
68 673 1
72 673 1
75 673 1
77 673 3
78 673 3
80 673 2
81 673 3
84 673 3
85 673 1
86 673 1
87 673 3
89 673 2
90 673 2
92 673 1
94 673 1
95 673 1
101 673 2
104 673 2
105 673 2
107 673 1
114 673 2
115 673 1
117 673 1
118 673 2
125 673 2
126 673 1
127 673 1
129 673 1
132 673 1
134 673 3
136 673 2
139 673 3
145 673 2
146 673 1
147 673 2
148 673 1
150 673 2
152 673 3
154 673 3
155 673 3
156 673 1
158 673 3
163 673 1
164 673 1
166 673 1
172 673 2
174 673 1
175 673 3
176 673 2
177 673 2
179 673 1
180 673 2
184 673 3
186 673 1
187 673 2
191 673 2
192 673 1
193 673 2
198 673 1
199 673 3
201 673 3
203 673 2
209 673 1
211 673 1
212 673 3
216 673 3
218 673 1
219 673 2
220 673 2
227 673 1
239 673 3
240 673 3
241 673 3
248 673 1
249 673 1
251 673 3
255 673 3
256 673 2
262 673 1
264 673 3
265 673 3
267 673 1
269 673 2
283 673 2
284 673 1
285 673 2
287 673 1
289 673 1
290 673 1
292 673 3
293 673 2
295 673 2
297 673 2
299 673 2
301 673 1
304 673 1
308 673 2
314 673 2
317 673 3
318 673 2
320 673 2
325 673 1
327 673 1
328 673 2
329 673 2
330 673 2
336 673 1
338 673 3
340 673 1
343 673 1
347 673 1
348 673 3
353 673 1
361 673 1
362 673 1
363 673 1
364 673 1
365 673 3
367 673 3
368 673 1
371 673 2
375 673 1
376 673 3
381 673 1
388 673 2
389 673 1
390 673 3
392 673 3
394 673 2
397 673 1
400 673 2
404 673 2
405 673 3
409 673 3
410 673 2
412 673 3
413 673 1
414 673 1
416 673 3
418 673 1
423 673 1
425 673 1
426 673 2
427 673 3
433 673 1
434 673 1
436 673 2
437 673 2
438 673 1
446 673 2
448 673 3
451 673 3
455 673 1
457 673 2
467 673 1
468 673 1
475 673 1
476 673 2
477 673 1
480 673 1
486 673 1
487 673 3
490 673 1
496 673 2
499 673 3
502 673 1
505 673 3
511 673 2
512 673 3
514 673 2
515 673 3
517 673 3
527 673 1
528 673 2
531 673 2
535 673 2
537 673 2
539 673 3
543 673 1
545 673 3
546 673 3
547 673 2
552 673 3
557 673 1
559 673 2
572 673 2
581 673 3
583 673 3
586 673 3
591 673 2
594 673 2
595 673 2
597 673 1
600 673 1
603 673 1
605 673 1
607 673 1
610 673 2
614 673 2
617 673 3
620 673 2
621 673 3
623 673 2
625 673 2
626 673 3
628 673 1
629 673 3
642 673 1
647 673 1
657 673 2
659 673 3
660 673 3
664 673 1
665 673 2
666 673 1
669 673 1
674 673 3
676 673 2
677 673 3
678 673 1
681 673 2
685 673 1
688 673 2
694 673 1
697 673 2
701 673 2
703 673 2
705 673 1
707 673 3
714 673 2
719 673 2
720 673 1
722 673 2
725 673 2
728 673 1
729 673 3
730 673 3
733 673 1
734 673 3
753 673 1
758 673 3
759 673 3
762 673 2
767 673 3
768 673 1
776 673 1
781 673 1
784 673 2
785 673 3
787 673 1
788 673 1
793 673 2
795 673 3
797 673 1
802 673 1
804 673 2
806 673 1
807 673 2
810 673 2
816 673 1
819 673 1
820 673 3
828 673 1
830 673 2
835 673 3
839 673 1
843 673 2
847 673 2
848 673 2
850 673 1
852 673 1
855 673 2
857 673 2
859 673 2
860 673 3
861 673 2
863 673 1
865 673 3
868 673 1
869 673 3
872 673 2
879 673 1
883 673 2
884 673 3
891 673 3
893 673 3
894 673 2
896 673 1
902 673 3
904 673 2
913 673 3
920 673 1
924 673 3
928 673 2
929 673 1
931 673 1
937 673 1
940 673 3
941 673 1
947 673 1
952 673 3
956 673 3
959 673 1
960 673 3
961 673 1
964 673 1
967 673 2
970 673 2
975 673 3
981 673 1
982 673 2
984 673 2
985 673 2
988 673 2
993 673 1
995 673 3
996 673 1
998 673 3
1 674 2
3 674 2
5 674 1
7 674 2
9 674 1
11 674 2
14 674 1
15 674 3
23 674 1
29 674 2
31 674 3
32 674 2
34 674 3
35 674 1
36 674 2
41 674 1
42 674 2
49 674 2
51 674 2
52 674 2
54 674 3
56 674 3
60 674 2
62 674 2
64 674 1
65 674 1
71 674 1
72 674 2
76 674 2
97 674 3
100 674 2
101 674 3
103 674 2
107 674 3
116 674 3
122 674 3
125 674 1
126 674 1
135 674 2
139 674 3
142 674 2
149 674 3
151 674 1
153 674 2
155 674 1
157 674 2
159 674 1
160 674 3
162 674 3
165 674 2
166 674 1
167 674 3
171 674 2
173 674 3
174 674 3
177 674 1
179 674 1
182 674 2
183 674 2
188 674 1
192 674 1
196 674 1
199 674 3
200 674 1
205 674 2
207 674 1
208 674 1
211 674 2
214 674 1
216 674 3
222 674 1
226 674 3
233 674 1
239 674 3
241 674 2
243 674 3
244 674 1
246 674 3
247 674 3
248 674 1
252 674 3
253 674 3
255 674 3
257 674 2
258 674 1
259 674 3
265 674 3
268 674 1
270 674 1
272 674 1
274 674 1
276 674 2
277 674 3
281 674 1
282 674 1
284 674 2
285 674 3
288 674 3
297 674 1
298 674 2
300 674 2
302 674 3
305 674 3
306 674 2
307 674 2
309 674 2
311 674 2
314 674 2
317 674 2
321 674 3
323 674 2
324 674 3
326 674 3
327 674 1
330 674 3
334 674 3
339 674 1
347 674 2
350 674 2
352 674 2
355 674 2
356 674 3
357 674 3
360 674 2
361 674 2
365 674 2
371 674 3
372 674 2
374 674 3
378 674 2
384 674 3
388 674 3
389 674 2
391 674 1
398 674 3
401 674 3
408 674 1
415 674 3
418 674 2
421 674 3
423 674 2
428 674 3
430 674 2
432 674 3
436 674 2
438 674 2
439 674 3
442 674 3
443 674 2
456 674 2
457 674 2
462 674 2
465 674 2
467 674 3
469 674 1
470 674 1
472 674 2
