431 201 2
434 201 2
436 201 2
443 201 3
444 201 2
447 201 2
453 201 3
454 201 3
455 201 1
456 201 2
457 201 3
459 201 1
460 201 1
462 201 2
463 201 2
464 201 3
465 201 3
474 201 2
477 201 3
479 201 1
480 201 2
483 201 1
484 201 3
486 201 2
491 201 3
495 201 1
497 201 1
498 201 3
501 201 1
503 201 2
505 201 1
506 201 2
513 201 1
514 201 2
515 201 3
516 201 1
517 201 1
530 201 3
533 201 2
539 201 2
540 201 1
541 201 3
544 201 2
552 201 1
553 201 3
557 201 3
559 201 2
563 201 1
565 201 3
567 201 3
571 201 3
573 201 1
575 201 3
576 201 2
577 201 2
579 201 3
583 201 1
584 201 1
585 201 2
587 201 3
592 201 2
595 201 3
597 201 2
608 201 1
609 201 3
612 201 2
615 201 2
617 201 1
621 201 2
622 201 3
623 201 3
625 201 2
631 201 1
632 201 1
633 201 1
637 201 2
638 201 2
639 201 2
640 201 1
641 201 1
643 201 3
644 201 2
645 201 3
653 201 1
655 201 1
656 201 2
658 201 3
659 201 2
662 201 3
664 201 1
666 201 3
670 201 3
674 201 1
680 201 1
681 201 2
689 201 3
693 201 1
694 201 1
696 201 1
697 201 2
698 201 1
699 201 2
701 201 3
706 201 2
707 201 2
708 201 2
713 201 3
714 201 2
716 201 1
717 201 2
718 201 2
729 201 1
732 201 3
734 201 2
737 201 1
738 201 2
742 201 3
743 201 2
745 201 1
749 201 1
753 201 1
756 201 2
759 201 1
762 201 2
765 201 1
767 201 2
769 201 2
770 201 3
772 201 2
774 201 1
775 201 3
776 201 2
777 201 3
779 201 2
782 201 3
788 201 1
791 201 3
792 201 1
793 201 3
799 201 3
806 201 2
808 201 3
809 201 3
811 201 2
814 201 1
816 201 2
817 201 2
819 201 2
825 201 2
826 201 2
827 201 1
828 201 3
831 201 3
832 201 1
833 201 1
841 201 1
845 201 1
847 201 2
849 201 1
850 201 1
857 201 1
858 201 1
862 201 3
863 201 1
864 201 1
866 201 3
868 201 1
871 201 1
875 201 3
880 201 2
885 201 2
886 201 1
887 201 2
897 201 2
898 201 2
902 201 3
903 201 3
904 201 1
908 201 3
909 201 1
913 201 3
919 201 3
920 201 1
924 201 2
927 201 3
929 201 1
930 201 1
937 201 2
939 201 1
948 201 1
952 201 2
955 201 2
958 201 2
961 201 1
962 201 2
966 201 1
970 201 3
977 201 3
979 201 3
980 201 3
981 201 1
987 201 3
995 201 1
999 201 1
4 202 2
6 202 1
8 202 1
10 202 2
11 202 2
16 202 2
17 202 1
22 202 3
25 202 2
28 202 2
32 202 1
36 202 1
39 202 1
41 202 1
44 202 2
45 202 1
47 202 1
50 202 3
58 202 2
59 202 2
66 202 2
69 202 3
73 202 1
74 202 3
77 202 3
78 202 2
80 202 2
81 202 3
82 202 2
85 202 2
86 202 3
89 202 2
93 202 3
95 202 3
97 202 2
98 202 1
99 202 3
103 202 2
105 202 2
110 202 2
115 202 3
116 202 2
120 202 1
124 202 1
125 202 1
126 202 1
128 202 2
130 202 1
132 202 2
133 202 3
134 202 1
137 202 2
139 202 2
142 202 1
145 202 2
146 202 1
150 202 2
155 202 3
156 202 1
162 202 3
171 202 3
174 202 3
178 202 2
179 202 3
183 202 2
187 202 2
191 202 2
194 202 3
195 202 3
196 202 3
198 202 2
200 202 3
201 202 1
203 202 3
219 202 3
221 202 3
223 202 3
224 202 1
225 202 3
230 202 2
231 202 1
236 202 1
238 202 1
241 202 2
245 202 3
252 202 3
253 202 1
257 202 1
260 202 2
265 202 2
266 202 3
272 202 2
274 202 2
276 202 2
277 202 1
280 202 2
282 202 3
285 202 2
286 202 2
289 202 3
290 202 3
291 202 3
295 202 2
296 202 1
298 202 1
300 202 3
301 202 1
302 202 1
308 202 3
313 202 2
316 202 1
326 202 2
327 202 2
332 202 1
337 202 1
341 202 1
347 202 3
353 202 1
354 202 3
358 202 1
360 202 1
363 202 3
364 202 3
365 202 1
369 202 3
373 202 1
380 202 3
382 202 2
383 202 2
388 202 1
389 202 2
391 202 3
398 202 2
404 202 3
417 202 2
423 202 3
436 202 2
449 202 2
450 202 2
453 202 1
457 202 3
460 202 3
466 202 2
468 202 1
471 202 3
472 202 2
473 202 3
475 202 1
476 202 3
478 202 1
480 202 1
482 202 1
483 202 3
485 202 1
492 202 1
498 202 2
499 202 3
500 202 2
501 202 1
508 202 1
511 202 2
514 202 3
516 202 3
520 202 3
522 202 3
524 202 2
527 202 2
537 202 1
540 202 1
542 202 3
544 202 3
545 202 3
547 202 3
553 202 3
554 202 2
559 202 1
560 202 3
561 202 3
563 202 1
566 202 2
567 202 1
568 202 3
570 202 2
571 202 2
572 202 2
578 202 2
579 202 2
580 202 1
581 202 2
583 202 3
586 202 2
588 202 2
590 202 1
592 202 2
593 202 2
595 202 3
596 202 1
598 202 3
602 202 3
603 202 2
604 202 2
607 202 1
608 202 3
609 202 3
612 202 2
616 202 1
622 202 3
623 202 3
626 202 3
627 202 3
630 202 1
632 202 3
637 202 1
638 202 1
643 202 3
645 202 3
646 202 3
648 202 2
649 202 2
650 202 3
651 202 2
652 202 1
654 202 1
658 202 2
665 202 1
667 202 1
668 202 2
675 202 3
679 202 2
685 202 2
686 202 3
687 202 1
689 202 2
692 202 3
694 202 1
698 202 1
705 202 3
707 202 2
709 202 1
713 202 2
714 202 1
718 202 1
720 202 3
729 202 2
730 202 2
735 202 3
737 202 1
741 202 1
745 202 1
748 202 2
751 202 3
757 202 1
759 202 2
760 202 1
765 202 1
770 202 3
773 202 1
775 202 1
783 202 2
788 202 2
792 202 1
798 202 2
799 202 1
802 202 1
806 202 1
807 202 1
814 202 1
815 202 2
817 202 3
818 202 1
819 202 1
820 202 2
822 202 3
825 202 2
827 202 3
828 202 3
829 202 1
833 202 2
835 202 1
836 202 1
839 202 3
842 202 1
844 202 2
848 202 2
849 202 3
851 202 1
854 202 1
855 202 1
857 202 2
861 202 2
866 202 2
868 202 2
869 202 2
878 202 1
880 202 1
881 202 1
884 202 1
887 202 3
893 202 2
894 202 1
896 202 2
899 202 1
903 202 1
904 202 1
910 202 3
911 202 1
912 202 3
921 202 3
924 202 2
926 202 1
932 202 3
935 202 2
936 202 2
938 202 2
941 202 1
947 202 2
949 202 3
952 202 1
956 202 2
958 202 3
959 202 1
962 202 2
964 202 1
965 202 1
971 202 1
977 202 1
980 202 2
985 202 3
986 202 3
987 202 2
992 202 1
993 202 3
996 202 3
997 202 2
0 203 1
4 203 2
6 203 2
18 203 1
21 203 2
22 203 3
27 203 1
30 203 1
32 203 3
37 203 1
38 203 3
39 203 2
40 203 1
42 203 3
43 203 3
44 203 2
49 203 2
53 203 2
54 203 1
58 203 3
60 203 3
61 203 2
64 203 3
65 203 2
71 203 2
75 203 3
77 203 2
78 203 3
79 203 3
81 203 2
82 203 1
86 203 2
87 203 3
91 203 2
92 203 3
93 203 2
95 203 3
99 203 2
105 203 1
109 203 1
114 203 3
115 203 2
116 203 3
118 203 3
119 203 3
120 203 2
121 203 1
122 203 1
124 203 1
125 203 3
127 203 3
130 203 3
133 203 3
136 203 2
137 203 2
138 203 1
139 203 2
146 203 2
147 203 2
151 203 3
153 203 2
154 203 2
158 203 3
160 203 2
161 203 3
163 203 1
165 203 1
167 203 1
172 203 1
175 203 1
178 203 1
182 203 2
184 203 3
186 203 2
187 203 2
190 203 1
191 203 2
192 203 3
200 203 1
201 203 2
203 203 2
205 203 1
206 203 2
208 203 2
210 203 3
214 203 3
228 203 3
230 203 1
231 203 1
235 203 1
237 203 1
238 203 2
239 203 2
240 203 1
243 203 1
249 203 1
250 203 2
255 203 2
258 203 1
260 203 3
265 203 3
266 203 2
271 203 3
274 203 3
279 203 3
282 203 1
284 203 2
285 203 3
286 203 2
288 203 1
289 203 1
299 203 3
300 203 1
302 203 2
303 203 2
304 203 1
306 203 2
309 203 2
310 203 2
311 203 1
314 203 1
317 203 2
318 203 3
320 203 3
322 203 2
330 203 1
334 203 3
337 203 1
