379 48 3
383 48 3
388 48 2
395 48 2
398 48 1
402 48 2
404 48 3
408 48 3
412 48 2
415 48 2
418 48 1
420 48 2
424 48 2
426 48 2
427 48 3
433 48 2
435 48 2
436 48 1
441 48 3
444 48 2
446 48 3
447 48 3
448 48 1
449 48 2
450 48 2
453 48 1
454 48 2
455 48 1
461 48 1
462 48 3
466 48 3
467 48 3
473 48 3
479 48 3
483 48 1
487 48 3
490 48 1
491 48 1
504 48 2
507 48 3
518 48 1
522 48 2
527 48 2
529 48 2
532 48 2
533 48 3
535 48 1
541 48 2
544 48 2
553 48 2
561 48 2
562 48 3
563 48 1
564 48 3
565 48 1
568 48 1
570 48 1
572 48 2
575 48 3
576 48 3
577 48 1
578 48 1
580 48 3
583 48 2
584 48 2
590 48 2
591 48 2
595 48 1
598 48 2
600 48 2
602 48 3
603 48 3
605 48 3
608 48 3
610 48 2
613 48 2
615 48 3
616 48 3
617 48 1
619 48 2
620 48 2
621 48 1
622 48 3
624 48 3
628 48 3
629 48 3
631 48 2
634 48 1
638 48 2
640 48 3
641 48 1
647 48 1
649 48 2
651 48 1
653 48 2
655 48 1
656 48 1
668 48 1
670 48 1
675 48 1
676 48 2
683 48 3
686 48 3
688 48 3
692 48 2
699 48 1
700 48 1
703 48 3
705 48 3
708 48 3
709 48 2
710 48 2
712 48 1
713 48 3
714 48 2
717 48 3
721 48 3
722 48 1
727 48 2
728 48 1
730 48 1
733 48 1
735 48 1
736 48 3
738 48 1
739 48 1
747 48 3
748 48 2
751 48 3
752 48 1
753 48 3
755 48 2
758 48 3
759 48 2
762 48 3
763 48 1
764 48 3
765 48 2
767 48 2
768 48 3
769 48 3
775 48 3
787 48 3
788 48 1
790 48 3
791 48 3
792 48 2
794 48 1
795 48 3
804 48 3
806 48 1
812 48 2
815 48 3
823 48 2
829 48 1
830 48 2
833 48 2
836 48 3
837 48 3
838 48 3
840 48 1
842 48 2
843 48 3
845 48 2
849 48 3
851 48 1
852 48 2
853 48 2
857 48 2
861 48 2
868 48 2
873 48 3
876 48 3
879 48 2
881 48 1
884 48 1
887 48 2
898 48 2
901 48 1
902 48 1
905 48 1
907 48 2
908 48 1
912 48 2
921 48 3
922 48 3
923 48 1
925 48 3
927 48 2
931 48 1
935 48 3
943 48 3
944 48 2
945 48 1
946 48 1
949 48 3
950 48 1
954 48 1
956 48 1
958 48 3
959 48 2
960 48 3
967 48 3
971 48 2
977 48 1
978 48 3
980 48 1
982 48 2
984 48 2
987 48 1
989 48 3
990 48 3
991 48 3
993 48 2
995 48 2
996 48 1
998 48 1
4 49 1
5 49 2
7 49 1
10 49 3
11 49 3
14 49 2
16 49 1
17 49 3
20 49 1
24 49 3
25 49 3
34 49 2
35 49 1
36 49 1
40 49 3
43 49 1
52 49 3
54 49 3
59 49 3
64 49 1
66 49 2
67 49 3
68 49 1
70 49 1
72 49 1
73 49 2
75 49 1
76 49 3
81 49 1
82 49 1
87 49 1
89 49 3
90 49 1
91 49 2
92 49 3
93 49 2
96 49 2
100 49 3
104 49 3
107 49 3
112 49 3
113 49 2
114 49 3
118 49 3
119 49 2
121 49 1
122 49 3
123 49 3
127 49 3
128 49 3
134 49 2
135 49 2
137 49 2
139 49 3
142 49 1
144 49 1
146 49 2
147 49 2
151 49 2
153 49 3
155 49 3
156 49 2
158 49 1
163 49 2
168 49 1
177 49 2
178 49 3
179 49 1
180 49 3
189 49 1
194 49 2
196 49 1
197 49 1
201 49 2
207 49 1
209 49 1
211 49 1
214 49 1
216 49 2
220 49 3
222 49 1
227 49 3
239 49 2
240 49 1
241 49 1
242 49 3
243 49 1
247 49 2
249 49 1
250 49 3
251 49 1
254 49 3
259 49 3
260 49 1
261 49 1
264 49 2
265 49 3
269 49 3
274 49 3
276 49 1
279 49 1
280 49 1
282 49 3
283 49 1
286 49 1
289 49 2
290 49 3
300 49 2
301 49 2
310 49 3
313 49 3
318 49 1
324 49 1
326 49 2
328 49 3
331 49 3
333 49 3
335 49 2
338 49 2
341 49 2
344 49 2
350 49 1
351 49 3
354 49 3
356 49 1
357 49 3
358 49 2
360 49 1
362 49 2
368 49 3
369 49 1
371 49 1
382 49 2
385 49 2
386 49 2
390 49 3
393 49 1
396 49 1
400 49 1
402 49 2
404 49 2
406 49 3
407 49 1
408 49 1
412 49 3
414 49 2
422 49 1
426 49 3
436 49 2
438 49 2
439 49 1
440 49 2
443 49 3
444 49 3
446 49 2
450 49 3
451 49 1
452 49 2
455 49 1
459 49 1
462 49 1
463 49 1
464 49 1
465 49 1
466 49 2
471 49 3
473 49 2
475 49 1
478 49 3
485 49 2
488 49 1
489 49 1
490 49 3
492 49 3
493 49 1
500 49 1
502 49 1
504 49 3
511 49 2
512 49 2
513 49 2
515 49 3
519 49 3
523 49 1
527 49 2
535 49 2
540 49 1
542 49 1
546 49 2
547 49 3
550 49 3
553 49 2
555 49 2
558 49 1
559 49 2
562 49 3
564 49 2
566 49 1
568 49 3
570 49 2
576 49 3
577 49 1
578 49 3
581 49 2
585 49 2
586 49 2
587 49 3
589 49 2
590 49 3
597 49 2
608 49 3
611 49 2
613 49 3
616 49 3
619 49 1
620 49 3
621 49 3
622 49 2
630 49 1
633 49 1
637 49 2
638 49 3
640 49 3
642 49 1
646 49 1
649 49 3
652 49 2
656 49 2
658 49 2
659 49 3
666 49 3
667 49 3
672 49 2
674 49 2
677 49 1
680 49 1
681 49 3
683 49 2
687 49 3
688 49 3
691 49 3
698 49 3
699 49 2
702 49 1
704 49 3
705 49 1
710 49 1
712 49 2
725 49 2
729 49 3
730 49 1
736 49 3
741 49 2
742 49 1
743 49 1
744 49 3
748 49 1
750 49 2
752 49 1
755 49 2
757 49 3
766 49 2
769 49 2
770 49 2
771 49 2
772 49 2
774 49 3
775 49 1
777 49 1
778 49 1
780 49 1
782 49 3
786 49 3
788 49 1
789 49 1
795 49 2
798 49 1
802 49 2
804 49 3
805 49 1
806 49 2
807 49 3
811 49 3
812 49 2
813 49 2
820 49 1
823 49 3
830 49 1
837 49 1
839 49 1
842 49 2
843 49 2
844 49 3
851 49 1
853 49 3
857 49 2
858 49 3
860 49 3
871 49 2
873 49 2
874 49 1
875 49 3
876 49 1
877 49 1
879 49 1
881 49 2
882 49 2
887 49 2
888 49 3
890 49 1
891 49 2
893 49 1
894 49 1
895 49 3
896 49 3
899 49 1
902 49 2
903 49 1
904 49 1
905 49 3
922 49 1
925 49 2
926 49 3
928 49 3
929 49 3
930 49 1
935 49 1
937 49 2
946 49 2
947 49 2
948 49 3
950 49 3
955 49 3
959 49 2
963 49 2
967 49 3
970 49 3
971 49 2
972 49 1
974 49 2
981 49 3
983 49 3
985 49 2
987 49 3
989 49 2
991 49 3
992 49 1
2 50 2
4 50 1
10 50 3
16 50 3
22 50 3
24 50 2
27 50 2
28 50 3
35 50 3
37 50 1
38 50 3
40 50 1
42 50 3
53 50 3
54 50 1
56 50 1
58 50 1
59 50 2
60 50 3
64 50 2
66 50 1
67 50 3
68 50 2
69 50 3
70 50 3
73 50 3
82 50 3
83 50 1
84 50 3
85 50 2
87 50 2
88 50 3
94 50 3
96 50 1
97 50 1
99 50 2
105 50 1
106 50 1
111 50 1
112 50 3
113 50 2
121 50 2
122 50 2
124 50 2
125 50 3
127 50 1
128 50 1
132 50 2
136 50 1
137 50 1
140 50 1
146 50 1
148 50 1
150 50 2
154 50 3
156 50 3
162 50 1
163 50 1
171 50 1
175 50 1
176 50 3
177 50 2
181 50 2
182 50 3
186 50 3
188 50 1
189 50 3
190 50 3
191 50 1
192 50 2
193 50 1
194 50 1
197 50 1
200 50 1
202 50 3
211 50 3
216 50 1
217 50 3
226 50 2
228 50 1
229 50 2
234 50 2
235 50 3
236 50 1
237 50 3
238 50 3
239 50 1
245 50 1
247 50 2
248 50 2
251 50 3
252 50 1
253 50 1
254 50 3
255 50 1
257 50 3
258 50 1
259 50 2
266 50 1
271 50 3
273 50 1
275 50 1
