209 482 2
210 482 1
211 482 1
212 482 3
217 482 1
223 482 1
226 482 1
229 482 1
231 482 3
233 482 2
237 482 2
240 482 1
241 482 3
243 482 2
245 482 3
246 482 2
247 482 3
248 482 2
249 482 3
250 482 1
252 482 1
254 482 3
257 482 2
258 482 1
261 482 3
262 482 2
263 482 1
268 482 3
275 482 3
277 482 3
278 482 1
279 482 3
281 482 1
290 482 3
292 482 1
293 482 1
295 482 3
297 482 3
300 482 1
301 482 1
302 482 3
304 482 3
307 482 2
308 482 2
310 482 1
313 482 2
318 482 1
325 482 3
326 482 3
328 482 2
329 482 2
330 482 2
333 482 1
334 482 1
335 482 3
347 482 2
350 482 1
351 482 3
357 482 1
364 482 3
365 482 1
368 482 1
376 482 3
378 482 2
380 482 1
381 482 1
385 482 2
389 482 1
391 482 3
392 482 3
394 482 2
398 482 1
399 482 2
400 482 2
401 482 2
406 482 3
407 482 1
416 482 1
417 482 3
419 482 1
421 482 3
425 482 1
431 482 2
435 482 2
436 482 3
437 482 2
438 482 2
440 482 3
441 482 1
443 482 1
445 482 1
447 482 1
449 482 1
450 482 2
451 482 3
452 482 3
453 482 2
456 482 3
460 482 2
461 482 3
466 482 1
467 482 3
471 482 1
472 482 3
477 482 3
492 482 3
493 482 2
496 482 3
503 482 2
506 482 1
507 482 2
511 482 3
514 482 3
515 482 1
516 482 2
520 482 1
523 482 2
526 482 3
527 482 1
536 482 1
543 482 3
544 482 3
545 482 2
550 482 3
553 482 1
558 482 2
561 482 1
562 482 3
566 482 3
567 482 2
570 482 3
571 482 3
574 482 3
575 482 3
578 482 3
583 482 2
584 482 3
587 482 2
590 482 2
594 482 1
599 482 3
603 482 3
604 482 1
606 482 1
608 482 2
610 482 2
615 482 3
619 482 1
622 482 3
626 482 3
627 482 3
628 482 3
629 482 3
632 482 3
633 482 3
635 482 3
638 482 3
639 482 2
640 482 3
646 482 2
649 482 3
650 482 3
654 482 3
668 482 3
670 482 2
673 482 3
675 482 3
676 482 1
681 482 1
685 482 2
689 482 1
692 482 2
693 482 1
696 482 3
697 482 2
707 482 1
710 482 3
711 482 2
714 482 3
717 482 3
718 482 3
720 482 2
721 482 1
722 482 3
723 482 3
724 482 3
728 482 3
730 482 2
733 482 1
739 482 2
742 482 1
743 482 2
745 482 3
747 482 2
749 482 1
750 482 1
755 482 1
760 482 3
761 482 3
762 482 2
769 482 1
772 482 3
774 482 1
777 482 1
786 482 2
787 482 1
788 482 3
789 482 3
795 482 2
801 482 2
802 482 2
803 482 3
806 482 3
808 482 3
810 482 2
811 482 1
812 482 3
814 482 2
818 482 3
820 482 3
822 482 2
825 482 1
829 482 2
831 482 2
832 482 1
834 482 2
842 482 3
843 482 1
844 482 2
848 482 3
849 482 3
850 482 3
852 482 2
856 482 1
859 482 2
860 482 3
865 482 1
869 482 3
871 482 3
876 482 2
880 482 2
882 482 3
886 482 2
887 482 1
890 482 3
891 482 2
895 482 1
896 482 2
897 482 1
898 482 1
899 482 2
901 482 3
905 482 2
906 482 3
910 482 3
911 482 3
916 482 2
917 482 3
919 482 1
924 482 1
927 482 2
931 482 1
937 482 1
941 482 2
944 482 1
946 482 3
947 482 1
948 482 3
953 482 3
957 482 2
958 482 3
962 482 2
968 482 2
969 482 2
972 482 3
978 482 2
980 482 3
981 482 2
984 482 3
988 482 2
990 482 1
992 482 2
998 482 3
3 483 1
8 483 1
13 483 2
25 483 3
27 483 2
29 483 1
32 483 3
37 483 3
39 483 3
44 483 2
49 483 2
50 483 3
56 483 2
57 483 2
63 483 3
69 483 2
72 483 1
73 483 1
76 483 2
82 483 2
86 483 2
89 483 3
90 483 3
92 483 1
93 483 3
97 483 1
103 483 2
108 483 1
110 483 2
113 483 3
120 483 2
126 483 1
129 483 2
131 483 3
132 483 3
142 483 1
143 483 2
144 483 3
149 483 2
151 483 1
152 483 1
154 483 1
157 483 3
160 483 1
164 483 2
167 483 1
169 483 3
171 483 2
172 483 2
174 483 1
178 483 1
179 483 3
181 483 2
182 483 2
183 483 2
191 483 2
193 483 1
194 483 2
197 483 3
200 483 3
202 483 2
203 483 1
208 483 1
210 483 3
211 483 3
222 483 1
224 483 3
225 483 1
226 483 2
228 483 2
229 483 1
233 483 1
238 483 3
240 483 3
241 483 3
242 483 1
246 483 3
247 483 1
249 483 2
256 483 1
259 483 2
260 483 1
261 483 1
262 483 2
263 483 2
266 483 3
267 483 2
268 483 3
269 483 1
272 483 3
281 483 2
285 483 2
292 483 2
297 483 2
301 483 2
304 483 1
305 483 3
306 483 2
308 483 2
310 483 3
311 483 3
313 483 2
318 483 1
324 483 1
325 483 2
328 483 3
332 483 3
333 483 2
335 483 3
336 483 1
338 483 3
344 483 1
350 483 1
351 483 2
355 483 2
357 483 1
369 483 1
375 483 2
377 483 2
379 483 2
381 483 2
386 483 2
387 483 1
391 483 2
392 483 2
396 483 2
404 483 3
406 483 1
410 483 1
411 483 1
412 483 2
414 483 2
415 483 1
419 483 1
420 483 1
423 483 1
424 483 2
428 483 1
430 483 2
434 483 1
435 483 3
440 483 2
441 483 1
448 483 2
458 483 3
460 483 1
463 483 1
466 483 2
468 483 2
469 483 3
471 483 2
473 483 1
482 483 1
485 483 1
489 483 3
493 483 1
496 483 3
497 483 1
500 483 1
501 483 2
502 483 1
504 483 1
506 483 3
507 483 2
509 483 2
512 483 3
518 483 3
519 483 1
520 483 3
522 483 3
523 483 1
524 483 3
525 483 3
526 483 3
530 483 1
537 483 3
539 483 2
540 483 1
541 483 3
542 483 1
544 483 1
545 483 1
550 483 3
565 483 3
566 483 3
568 483 3
572 483 2
574 483 2
576 483 2
579 483 3
580 483 3
584 483 3
587 483 1
589 483 2
595 483 1
602 483 3
609 483 2
611 483 3
616 483 2
617 483 3
623 483 1
626 483 1
633 483 3
636 483 1
638 483 2
642 483 2
643 483 3
649 483 1
665 483 3
667 483 3
668 483 3
670 483 1
676 483 3
678 483 2
683 483 1
687 483 3
688 483 2
692 483 2
698 483 2
699 483 3
702 483 1
707 483 1
708 483 1
712 483 2
714 483 2
718 483 1
720 483 1
724 483 1
732 483 2
734 483 1
736 483 1
737 483 3
741 483 2
748 483 2
750 483 2
751 483 1
760 483 3
762 483 2
765 483 3
767 483 1
774 483 3
778 483 3
779 483 1
782 483 1
786 483 1
789 483 3
791 483 3
795 483 3
797 483 3
799 483 3
800 483 2
801 483 1
804 483 2
807 483 3
808 483 1
809 483 1
815 483 2
820 483 3
824 483 1
828 483 2
829 483 2
830 483 3
831 483 3
832 483 3
834 483 3
836 483 2
847 483 3
849 483 2
850 483 3
853 483 3
865 483 1
873 483 3
874 483 2
877 483 1
881 483 3
882 483 1
884 483 2
885 483 3
886 483 2
893 483 1
894 483 1
898 483 3
900 483 2
903 483 1
914 483 1
917 483 3
922 483 3
924 483 2
925 483 3
927 483 1
931 483 3
933 483 2
934 483 3
937 483 1
942 483 3
949 483 3
951 483 2
952 483 2
953 483 1
955 483 1
958 483 2
959 483 1
961 483 1
965 483 1
968 483 1
971 483 3
979 483 2
980 483 2
981 483 1
982 483 2
988 483 3
990 483 3
993 483 1
995 483 2
998 483 3
7 484 2
8 484 3
11 484 3
12 484 2
17 484 1
19 484 1
21 484 3
23 484 3
25 484 1
32 484 1
39 484 1
41 484 3
42 484 2
44 484 3
48 484 1
49 484 2
54 484 3
57 484 3
60 484 3
67 484 2
72 484 3
75 484 3
81 484 3
82 484 2
84 484 3
85 484 2
87 484 3
97 484 2
99 484 2
101 484 2
108 484 2
110 484 1
116 484 3
118 484 2
120 484 2
122 484 1
125 484 3
126 484 2
129 484 1
135 484 3
137 484 1
138 484 2
141 484 1
144 484 1
146 484 1
148 484 1
154 484 2
155 484 3
157 484 2
160 484 3
164 484 1
165 484 1
172 484 3
175 484 1
176 484 2
179 484 1
180 484 1
181 484 2
185 484 1
187 484 1
192 484 2
194 484 2
199 484 2
202 484 2
205 484 2
207 484 3
209 484 3
213 484 3
