784 580 3
790 580 3
796 580 3
799 580 3
800 580 1
801 580 3
803 580 2
804 580 3
805 580 2
808 580 3
809 580 2
811 580 2
814 580 2
816 580 1
818 580 3
819 580 1
820 580 1
821 580 3
827 580 3
828 580 3
830 580 1
833 580 1
835 580 2
836 580 3
841 580 3
850 580 2
853 580 1
856 580 3
857 580 1
858 580 2
859 580 3
861 580 3
866 580 3
867 580 2
868 580 1
869 580 1
870 580 3
873 580 1
883 580 1
886 580 2
888 580 2
891 580 3
892 580 3
896 580 3
897 580 2
903 580 2
904 580 3
906 580 1
912 580 3
913 580 2
914 580 1
916 580 1
918 580 3
920 580 2
922 580 3
923 580 3
924 580 1
926 580 3
928 580 1
929 580 2
934 580 2
935 580 3
936 580 2
940 580 3
947 580 1
948 580 1
951 580 1
952 580 2
954 580 2
956 580 3
959 580 3
962 580 2
963 580 1
965 580 2
967 580 1
971 580 1
972 580 1
974 580 1
978 580 3
980 580 1
982 580 2
983 580 1
985 580 2
988 580 3
992 580 2
993 580 1
994 580 3
996 580 1
997 580 3
1 581 2
2 581 3
6 581 2
16 581 1
19 581 3
20 581 3
26 581 1
29 581 1
30 581 2
38 581 1
42 581 1
45 581 2
47 581 3
51 581 3
56 581 2
58 581 3
60 581 1
61 581 3
63 581 3
64 581 1
65 581 1
69 581 1
71 581 3
73 581 1
76 581 1
78 581 3
80 581 1
82 581 3
83 581 2
92 581 1
97 581 1
99 581 3
100 581 2
102 581 1
106 581 2
111 581 2
115 581 1
118 581 3
119 581 1
128 581 2
129 581 3
134 581 2
141 581 1
144 581 1
150 581 2
154 581 2
156 581 3
157 581 2
160 581 2
161 581 3
162 581 1
166 581 3
169 581 3
170 581 1
172 581 1
174 581 1
175 581 1
177 581 2
180 581 2
185 581 2
186 581 3
196 581 3
197 581 1
198 581 2
201 581 1
202 581 3
204 581 1
211 581 1
219 581 3
220 581 2
221 581 1
222 581 3
223 581 2
224 581 2
229 581 2
231 581 1
234 581 2
239 581 1
240 581 2
242 581 2
249 581 3
251 581 2
253 581 2
256 581 3
259 581 3
266 581 2
271 581 2
274 581 2
275 581 2
276 581 3
277 581 3
278 581 1
279 581 2
283 581 3
293 581 2
297 581 3
298 581 3
299 581 2
301 581 2
303 581 1
304 581 1
310 581 1
314 581 1
317 581 2
328 581 2
329 581 3
330 581 2
332 581 2
333 581 2
334 581 3
337 581 1
340 581 1
342 581 3
343 581 1
344 581 2
349 581 3
350 581 2
353 581 1
356 581 3
358 581 2
360 581 1
362 581 2
363 581 1
364 581 2
365 581 3
370 581 2
371 581 2
372 581 2
375 581 2
376 581 1
377 581 2
387 581 1
398 581 2
400 581 2
403 581 2
407 581 3
409 581 3
410 581 2
411 581 1
415 581 2
419 581 2
421 581 3
424 581 2
428 581 3
432 581 3
433 581 2
434 581 2
449 581 3
451 581 2
453 581 1
455 581 3
458 581 3
459 581 2
467 581 1
475 581 3
479 581 1
483 581 2
484 581 3
487 581 3
496 581 1
504 581 2
509 581 2
512 581 2
519 581 1
524 581 1
525 581 2
526 581 1
528 581 3
530 581 3
533 581 2
534 581 1
536 581 1
540 581 2
543 581 3
546 581 1
548 581 2
551 581 3
555 581 1
557 581 1
558 581 2
559 581 3
564 581 2
566 581 3
570 581 2
573 581 2
574 581 2
577 581 3
582 581 2
584 581 3
587 581 2
593 581 2
595 581 2
597 581 2
601 581 2
603 581 1
606 581 2
610 581 2
611 581 2
612 581 2
614 581 3
629 581 1
633 581 3
634 581 2
635 581 2
636 581 1
640 581 3
648 581 3
649 581 1
651 581 2
654 581 2
661 581 2
664 581 1
667 581 3
668 581 1
674 581 3
676 581 3
677 581 3
678 581 2
679 581 2
682 581 2
684 581 1
686 581 2
687 581 2
688 581 2
691 581 3
694 581 2
695 581 1
696 581 2
698 581 1
699 581 3
708 581 1
713 581 2
715 581 1
716 581 1
719 581 2
724 581 2
726 581 1
730 581 1
731 581 3
732 581 3
747 581 2
751 581 2
753 581 1
756 581 1
758 581 3
759 581 3
761 581 2
762 581 1
765 581 2
766 581 2
767 581 1
774 581 3
778 581 2
779 581 3
780 581 3
782 581 1
788 581 1
793 581 1
794 581 2
795 581 1
802 581 2
803 581 1
804 581 1
806 581 2
810 581 3
813 581 1
820 581 3
828 581 2
830 581 1
834 581 2
841 581 1
843 581 3
844 581 2
847 581 1
855 581 1
857 581 1
860 581 2
861 581 2
867 581 3
870 581 1
873 581 1
875 581 1
878 581 3
880 581 3
882 581 2
883 581 3
884 581 2
885 581 3
887 581 2
891 581 3
894 581 3
895 581 1
897 581 2
899 581 2
901 581 3
902 581 1
903 581 1
904 581 3
905 581 2
910 581 2
911 581 2
912 581 3
914 581 1
917 581 1
919 581 1
920 581 2
925 581 2
926 581 1
928 581 3
930 581 1
931 581 2
932 581 1
935 581 2
937 581 1
939 581 3
940 581 2
941 581 1
942 581 2
945 581 1
951 581 2
952 581 3
953 581 2
955 581 2
958 581 2
967 581 2
968 581 3
972 581 1
977 581 2
982 581 3
984 581 3
985 581 2
991 581 1
995 581 2
998 581 2
7 582 2
14 582 3
17 582 1
21 582 3
24 582 1
26 582 3
27 582 2
28 582 1
36 582 2
40 582 3
46 582 2
49 582 3
53 582 2
55 582 3
60 582 1
62 582 1
66 582 2
67 582 2
71 582 3
74 582 1
75 582 2
77 582 3
81 582 3
84 582 1
85 582 2
90 582 3
91 582 3
93 582 3
95 582 3
97 582 3
98 582 2
99 582 1
103 582 3
107 582 3
109 582 3
110 582 3
111 582 3
121 582 1
122 582 2
126 582 2
127 582 2
133 582 1
134 582 2
135 582 2
140 582 1
147 582 2
148 582 3
152 582 2
153 582 3
154 582 1
163 582 3
166 582 1
167 582 3
171 582 3
173 582 2
174 582 2
177 582 1
181 582 2
182 582 3
184 582 2
187 582 3
190 582 1
194 582 2
196 582 2
200 582 2
207 582 3
209 582 3
211 582 2
212 582 1
216 582 2
217 582 2
218 582 3
220 582 3
223 582 2
224 582 1
228 582 2
230 582 1
233 582 2
237 582 1
241 582 2
246 582 1
250 582 1
252 582 1
253 582 2
254 582 3
256 582 3
263 582 3
267 582 1
270 582 2
276 582 1
279 582 3
281 582 3
284 582 2
292 582 1
296 582 2
297 582 2
298 582 1
300 582 1
304 582 3
306 582 1
307 582 1
311 582 1
313 582 1
314 582 2
315 582 2
316 582 1
317 582 2
322 582 2
326 582 2
336 582 3
339 582 1
341 582 3
344 582 2
345 582 2
347 582 3
353 582 3
356 582 3
360 582 3
361 582 3
363 582 2
364 582 1
367 582 1
370 582 1
373 582 3
375 582 3
377 582 3
380 582 2
382 582 2
384 582 1
385 582 1
386 582 2
392 582 1
393 582 2
394 582 1
395 582 2
396 582 2
397 582 2
403 582 2
409 582 2
410 582 2
415 582 1
417 582 1
420 582 3
421 582 1
423 582 2
425 582 1
426 582 2
427 582 3
431 582 1
436 582 2
439 582 1
440 582 2
442 582 2
445 582 3
447 582 3
448 582 2
458 582 1
465 582 3
468 582 2
470 582 3
479 582 3
481 582 3
486 582 2
490 582 2
492 582 1
495 582 3
499 582 1
502 582 2
503 582 3
509 582 1
512 582 1
527 582 1
532 582 2
535 582 1
537 582 1
539 582 1
541 582 3
542 582 2
546 582 1
553 582 1
555 582 2
556 582 3
558 582 3
561 582 2
567 582 1
570 582 1
573 582 1
576 582 2
578 582 3
581 582 3
588 582 3
597 582 3
598 582 3
600 582 2
602 582 2
608 582 1
612 582 3
614 582 1
615 582 1
619 582 2
622 582 2
623 582 2
624 582 2
628 582 2
632 582 1
637 582 3
640 582 2
645 582 3
647 582 2
650 582 3
652 582 2
656 582 3
659 582 3
661 582 1
662 582 1
666 582 2
669 582 1
670 582 1
673 582 1
678 582 3
684 582 2
686 582 1
688 582 2
689 582 1
690 582 2
692 582 1
700 582 3
704 582 2
711 582 2
712 582 3
713 582 2
716 582 3
717 582 2
721 582 3
726 582 1
727 582 2
729 582 2
730 582 2
734 582 3
745 582 2
753 582 1
754 582 1
755 582 2
