200 233 1
201 233 2
206 233 1
210 233 2
214 233 3
215 233 2
216 233 2
224 233 1
227 233 2
228 233 3
229 233 2
230 233 1
233 233 3
235 233 2
240 233 3
252 233 2
253 233 3
254 233 3
255 233 2
257 233 3
258 233 3
260 233 3
261 233 3
269 233 2
271 233 3
272 233 3
278 233 2
283 233 1
284 233 2
287 233 1
288 233 3
292 233 3
293 233 2
294 233 3
297 233 2
303 233 3
308 233 2
310 233 3
311 233 3
315 233 1
320 233 1
322 233 3
324 233 1
327 233 1
332 233 2
334 233 1
335 233 3
337 233 1
339 233 1
340 233 2
343 233 2
344 233 3
346 233 3
348 233 1
355 233 3
356 233 3
357 233 2
360 233 3
369 233 3
374 233 2
379 233 2
380 233 1
386 233 2
387 233 2
389 233 1
394 233 1
399 233 2
400 233 1
405 233 1
406 233 2
408 233 1
410 233 1
411 233 3
413 233 1
416 233 1
418 233 1
421 233 3
423 233 2
428 233 2
432 233 2
434 233 2
435 233 2
436 233 3
437 233 2
441 233 2
442 233 3
447 233 1
452 233 3
459 233 3
463 233 3
464 233 3
465 233 1
467 233 2
469 233 3
470 233 2
472 233 3
473 233 3
474 233 1
475 233 3
476 233 1
477 233 2
479 233 3
480 233 1
481 233 2
483 233 3
484 233 2
487 233 3
488 233 3
490 233 3
492 233 2
493 233 2
498 233 3
501 233 3
502 233 2
504 233 3
505 233 3
511 233 1
513 233 3
517 233 1
518 233 2
519 233 3
527 233 2
532 233 2
536 233 1
539 233 3
546 233 2
550 233 3
555 233 1
557 233 2
562 233 3
564 233 3
576 233 1
577 233 1
579 233 3
580 233 1
581 233 3
585 233 3
597 233 1
604 233 3
610 233 3
611 233 3
620 233 2
622 233 3
623 233 1
626 233 3
628 233 3
629 233 2
643 233 1
644 233 1
652 233 3
661 233 2
662 233 3
663 233 2
665 233 3
666 233 2
671 233 3
672 233 2
673 233 2
677 233 2
680 233 2
681 233 2
685 233 1
688 233 2
690 233 3
699 233 1
701 233 2
704 233 2
706 233 1
709 233 2
712 233 1
714 233 3
716 233 3
726 233 1
727 233 3
728 233 3
729 233 3
731 233 3
735 233 1
738 233 3
743 233 1
747 233 2
751 233 1
753 233 1
755 233 3
757 233 2
766 233 2
774 233 3
780 233 3
781 233 3
786 233 1
787 233 1
791 233 2
792 233 1
794 233 3
795 233 2
796 233 1
808 233 1
810 233 1
812 233 2
815 233 2
817 233 1
823 233 3
824 233 2
825 233 1
827 233 2
828 233 1
832 233 2
833 233 2
834 233 1
838 233 1
840 233 2
841 233 2
843 233 3
845 233 1
846 233 3
847 233 3
849 233 1
850 233 2
851 233 3
856 233 2
857 233 2
861 233 2
862 233 2
864 233 2
871 233 1
875 233 3
876 233 1
879 233 1
886 233 3
887 233 1
890 233 2
891 233 3
892 233 3
893 233 2
894 233 1
897 233 2
899 233 2
900 233 2
902 233 1
906 233 2
912 233 3
917 233 3
918 233 2
922 233 1
923 233 3
926 233 3
928 233 3
933 233 3
944 233 3
945 233 2
947 233 1
948 233 1
949 233 3
952 233 2
953 233 3
960 233 1
975 233 2
978 233 1
979 233 3
981 233 1
984 233 1
989 233 2
992 233 1
996 233 1
998 233 1
0 234 1
1 234 3
3 234 3
4 234 1
5 234 3
10 234 3
13 234 2
14 234 1
15 234 1
16 234 2
17 234 2
18 234 2
22 234 2
25 234 3
26 234 3
28 234 2
31 234 3
32 234 1
33 234 1
34 234 1
35 234 3
40 234 2
42 234 3
43 234 3
44 234 3
47 234 3
51 234 2
53 234 1
57 234 2
59 234 3
64 234 3
65 234 1
67 234 3
73 234 1
75 234 3
76 234 1
77 234 2
79 234 3
80 234 1
81 234 3
84 234 1
87 234 1
88 234 2
91 234 3
96 234 2
97 234 1
98 234 1
102 234 2
108 234 2
111 234 3
114 234 2
119 234 2
120 234 3
121 234 1
123 234 1
127 234 1
128 234 3
129 234 1
130 234 1
131 234 2
136 234 1
137 234 1
138 234 1
139 234 2
144 234 2
149 234 1
151 234 1
158 234 2
159 234 2
161 234 3
163 234 1
165 234 2
167 234 1
171 234 1
174 234 2
176 234 1
181 234 3
182 234 1
186 234 3
187 234 1
191 234 2
194 234 1
201 234 1
202 234 1
209 234 1
212 234 3
215 234 2
220 234 1
234 234 3
241 234 2
242 234 2
244 234 1
246 234 3
247 234 3
248 234 3
249 234 3
253 234 3
254 234 3
255 234 2
256 234 3
269 234 3
272 234 1
274 234 2
276 234 3
278 234 3
282 234 2
284 234 1
289 234 1
291 234 1
293 234 1
297 234 3
302 234 2
303 234 1
304 234 1
309 234 1
311 234 1
319 234 1
320 234 3
322 234 1
324 234 2
325 234 3
328 234 3
329 234 1
333 234 1
334 234 2
337 234 1
338 234 1
344 234 3
345 234 1
349 234 3
350 234 1
353 234 2
354 234 2
360 234 1
361 234 1
367 234 1
368 234 3
369 234 1
371 234 3
374 234 2
376 234 2
380 234 1
383 234 2
385 234 1
392 234 3
396 234 3
400 234 1
405 234 3
415 234 2
416 234 2
421 234 2
422 234 2
424 234 2
428 234 1
430 234 1
432 234 1
434 234 3
438 234 3
440 234 1
441 234 3
445 234 2
447 234 3
448 234 2
452 234 1
456 234 3
458 234 3
460 234 1
463 234 1
466 234 2
467 234 3
469 234 1
470 234 2
472 234 2
474 234 2
475 234 3
476 234 1
490 234 1
491 234 2
496 234 1
500 234 2
508 234 3
509 234 1
513 234 2
517 234 3
518 234 3
522 234 1
529 234 1
542 234 3
548 234 2
550 234 1
575 234 1
577 234 3
582 234 3
583 234 1
588 234 3
590 234 3
591 234 1
594 234 1
595 234 1
596 234 3
597 234 3
599 234 3
603 234 1
609 234 1
611 234 3
614 234 3
615 234 1
616 234 3
624 234 1
625 234 2
629 234 3
634 234 2
635 234 2
636 234 1
638 234 1
639 234 3
643 234 3
647 234 1
648 234 2
649 234 1
654 234 1
659 234 3
660 234 2
662 234 2
663 234 1
673 234 2
679 234 2
686 234 3
695 234 2
697 234 2
698 234 3
705 234 3
708 234 3
710 234 1
715 234 3
726 234 2
727 234 2
729 234 2
732 234 1
736 234 3
738 234 1
746 234 3
752 234 2
754 234 1
755 234 1
756 234 3
757 234 3
762 234 1
763 234 3
765 234 3
766 234 1
773 234 2
777 234 3
781 234 1
783 234 2
785 234 1
786 234 3
788 234 3
789 234 3
800 234 3
802 234 3
803 234 2
807 234 1
811 234 3
812 234 2
817 234 3
818 234 3
819 234 1
821 234 2
822 234 2
823 234 3
829 234 3
830 234 1
832 234 3
836 234 1
838 234 3
840 234 3
841 234 1
843 234 3
847 234 3
848 234 2
851 234 1
852 234 2
856 234 2
859 234 1
862 234 1
864 234 2
865 234 1
866 234 3
868 234 2
874 234 2
877 234 3
881 234 1
883 234 3
887 234 2
891 234 3
892 234 1
901 234 1
905 234 2
907 234 3
915 234 2
917 234 3
918 234 2
919 234 1
920 234 2
922 234 3
927 234 3
928 234 3
930 234 1
931 234 3
933 234 2
934 234 3
936 234 1
939 234 3
944 234 2
949 234 2
955 234 2
959 234 2
961 234 2
967 234 2
970 234 2
972 234 2
973 234 1
982 234 3
986 234 3
987 234 1
996 234 3
999 234 3
0 235 3
2 235 2
4 235 1
8 235 2
15 235 2
32 235 3
33 235 3
34 235 2
35 235 2
38 235 3
41 235 1
45 235 2
49 235 2
50 235 1
52 235 3
53 235 1
56 235 1
63 235 2
65 235 3
68 235 3
71 235 3
77 235 2
79 235 2
80 235 1
81 235 3
84 235 2
85 235 3
88 235 2
91 235 1
95 235 2
101 235 2
104 235 3
106 235 3
108 235 3
112 235 3
113 235 3
114 235 3
115 235 1
116 235 3
117 235 2
122 235 1
124 235 2
125 235 3
128 235 1
131 235 3
133 235 1
136 235 1
137 235 1
140 235 3
144 235 3
146 235 3
148 235 3
157 235 1
165 235 1
167 235 3
172 235 2
175 235 2
177 235 2
180 235 1
186 235 2
190 235 3
194 235 3
203 235 2
205 235 3
207 235 2
208 235 2
211 235 2
218 235 1
220 235 1
221 235 1
222 235 2
225 235 2
226 235 3
