282 512 3
283 512 2
285 512 1
291 512 2
295 512 3
296 512 3
297 512 3
298 512 3
300 512 1
301 512 3
310 512 2
313 512 3
317 512 2
318 512 2
320 512 1
323 512 3
325 512 3
327 512 1
330 512 3
332 512 1
333 512 3
334 512 1
336 512 3
341 512 2
342 512 2
346 512 2
347 512 1
351 512 1
356 512 3
360 512 2
370 512 1
373 512 3
374 512 1
376 512 2
379 512 2
380 512 2
383 512 2
387 512 3
389 512 3
390 512 1
391 512 2
392 512 3
394 512 2
395 512 1
397 512 2
398 512 2
403 512 1
404 512 3
406 512 3
407 512 1
410 512 1
413 512 3
415 512 1
420 512 3
425 512 3
427 512 1
430 512 3
438 512 1
439 512 2
441 512 1
443 512 3
444 512 3
448 512 3
451 512 2
452 512 3
453 512 1
454 512 2
456 512 3
458 512 3
459 512 3
466 512 1
470 512 3
472 512 1
473 512 3
474 512 1
476 512 3
478 512 2
480 512 1
481 512 2
483 512 3
484 512 3
485 512 2
486 512 1
487 512 1
488 512 3
490 512 2
498 512 1
502 512 3
504 512 2
505 512 3
506 512 2
511 512 2
513 512 3
516 512 2
520 512 2
521 512 1
525 512 2
526 512 1
527 512 2
528 512 1
529 512 1
535 512 2
536 512 1
537 512 1
544 512 1
545 512 2
549 512 3
551 512 3
557 512 3
558 512 1
561 512 1
563 512 3
565 512 3
566 512 3
567 512 3
574 512 3
583 512 1
584 512 2
588 512 2
589 512 1
591 512 3
594 512 2
597 512 1
598 512 3
604 512 1
605 512 1
606 512 2
608 512 2
615 512 1
616 512 3
620 512 3
628 512 3
630 512 3
631 512 3
634 512 1
641 512 1
647 512 3
648 512 2
649 512 3
650 512 1
658 512 3
660 512 1
662 512 3
663 512 1
665 512 3
670 512 3
676 512 2
677 512 2
678 512 1
684 512 3
687 512 2
690 512 1
692 512 3
693 512 3
694 512 2
695 512 3
702 512 2
708 512 2
710 512 3
712 512 3
714 512 1
715 512 3
716 512 2
717 512 1
718 512 1
721 512 1
723 512 2
724 512 3
726 512 3
729 512 2
731 512 2
732 512 3
735 512 2
741 512 1
742 512 1
746 512 1
748 512 3
750 512 1
751 512 3
755 512 1
758 512 1
762 512 1
763 512 3
764 512 3
767 512 3
769 512 2
770 512 3
772 512 2
780 512 2
781 512 2
787 512 2
794 512 2
796 512 1
797 512 2
798 512 1
805 512 2
806 512 3
809 512 2
813 512 3
814 512 3
815 512 2
817 512 2
822 512 3
823 512 3
827 512 2
829 512 2
832 512 1
841 512 3
842 512 2
849 512 3
852 512 2
853 512 1
856 512 1
858 512 1
859 512 2
863 512 1
865 512 1
867 512 1
887 512 1
888 512 3
892 512 3
895 512 1
901 512 1
904 512 3
905 512 2
907 512 1
908 512 3
911 512 2
912 512 1
915 512 1
919 512 2
920 512 3
922 512 3
934 512 2
939 512 2
942 512 1
948 512 1
949 512 2
950 512 3
951 512 1
952 512 2
956 512 1
958 512 2
959 512 2
961 512 3
968 512 1
970 512 3
971 512 1
973 512 3
975 512 3
981 512 2
984 512 3
986 512 2
989 512 3
990 512 1
991 512 1
995 512 2
0 513 2
1 513 3
2 513 1
6 513 3
10 513 3
11 513 3
14 513 3
16 513 1
19 513 3
26 513 2
27 513 3
31 513 1
34 513 3
39 513 2
47 513 2
53 513 1
62 513 3
63 513 2
64 513 1
66 513 2
68 513 2
70 513 1
78 513 1
80 513 1
85 513 3
88 513 2
89 513 2
91 513 3
95 513 3
99 513 3
100 513 1
101 513 1
102 513 1
104 513 2
106 513 2
107 513 1
113 513 2
116 513 1
122 513 2
123 513 2
131 513 2
134 513 3
138 513 3
142 513 1
146 513 3
164 513 3
169 513 3
171 513 2
172 513 2
173 513 1
174 513 2
176 513 3
178 513 1
180 513 2
182 513 2
184 513 2
185 513 1
189 513 1
190 513 3
194 513 2
195 513 2
198 513 2
200 513 1
206 513 2
209 513 3
211 513 1
216 513 1
217 513 1
221 513 1
225 513 1
226 513 3
229 513 3
231 513 1
235 513 3
244 513 3
246 513 1
247 513 3
249 513 3
250 513 1
251 513 2
257 513 3
261 513 3
264 513 1
265 513 3
272 513 1
278 513 1
279 513 1
282 513 3
287 513 3
289 513 2
290 513 3
293 513 3
294 513 2
299 513 1
310 513 1
311 513 2
312 513 1
318 513 3
320 513 3
321 513 3
322 513 1
323 513 1
324 513 3
325 513 1
326 513 1
327 513 2
330 513 1
338 513 1
340 513 2
341 513 3
342 513 1
343 513 3
344 513 3
350 513 1
353 513 3
358 513 2
361 513 2
371 513 2
373 513 3
375 513 2
376 513 1
377 513 1
379 513 3
380 513 1
381 513 1
386 513 3
387 513 1
389 513 2
390 513 2
409 513 1
413 513 2
415 513 1
419 513 1
421 513 1
423 513 3
430 513 2
431 513 1
439 513 1
441 513 2
444 513 2
446 513 1
449 513 2
453 513 1
456 513 3
463 513 3
466 513 2
468 513 3
476 513 2
477 513 3
483 513 3
491 513 2
492 513 3
497 513 2
499 513 3
500 513 1
507 513 3
516 513 2
520 513 2
521 513 2
522 513 2
526 513 1
532 513 2
533 513 3
534 513 2
535 513 2
537 513 2
538 513 1
539 513 2
542 513 1
544 513 3
546 513 3
548 513 1
549 513 3
559 513 1
561 513 1
563 513 2
567 513 3
568 513 1
570 513 2
572 513 1
573 513 3
574 513 2
579 513 2
580 513 3
585 513 3
590 513 2
594 513 2
602 513 2
604 513 1
605 513 2
607 513 2
609 513 1
611 513 2
616 513 1
626 513 1
627 513 2
630 513 3
633 513 1
636 513 3
637 513 2
648 513 3
649 513 1
650 513 3
653 513 2
656 513 2
657 513 1
658 513 2
659 513 1
664 513 1
665 513 2
670 513 3
671 513 3
672 513 2
678 513 2
687 513 3
689 513 3
694 513 2
695 513 3
698 513 1
699 513 3
701 513 2
708 513 3
709 513 2
711 513 2
712 513 1
713 513 1
714 513 2
717 513 2
718 513 3
719 513 3
724 513 3
726 513 3
727 513 1
732 513 2
740 513 1
748 513 3
753 513 1
754 513 1
757 513 3
758 513 1
761 513 2
765 513 1
768 513 1
774 513 1
777 513 3
780 513 2
782 513 1
785 513 2
786 513 2
789 513 2
790 513 1
791 513 1
796 513 2
797 513 1
799 513 2
800 513 2
805 513 1
814 513 1
821 513 1
829 513 2
830 513 3
831 513 1
833 513 2
835 513 1
836 513 1
840 513 2
842 513 3
843 513 1
846 513 1
847 513 1
848 513 2
852 513 2
855 513 1
857 513 2
859 513 2
860 513 1
863 513 1
864 513 3
867 513 2
868 513 1
871 513 2
875 513 3
876 513 2
878 513 1
880 513 1
889 513 1
892 513 2
893 513 1
902 513 2
906 513 3
908 513 2
909 513 2
910 513 3
913 513 1
916 513 1
923 513 3
933 513 2
941 513 1
943 513 2
949 513 2
950 513 2
952 513 3
955 513 3
960 513 2
961 513 2
962 513 2
966 513 1
967 513 2
969 513 3
970 513 1
971 513 3
972 513 2
973 513 3
974 513 2
978 513 2
981 513 3
983 513 2
993 513 2
994 513 3
995 513 3
5 514 1
11 514 1
17 514 2
18 514 3
19 514 1
21 514 1
24 514 1
25 514 3
29 514 3
30 514 3
34 514 3
39 514 1
42 514 2
44 514 1
50 514 3
52 514 1
53 514 3
55 514 2
57 514 1
58 514 1
64 514 3
69 514 2
75 514 3
76 514 1
83 514 3
85 514 3
86 514 3
91 514 3
92 514 3
93 514 2
95 514 3
96 514 1
97 514 3
99 514 1
100 514 2
103 514 1
105 514 2
108 514 3
110 514 2
115 514 3
119 514 3
120 514 1
123 514 3
125 514 1
132 514 2
135 514 2
142 514 1
143 514 3
146 514 1
147 514 1
154 514 3
155 514 1
156 514 2
161 514 3
163 514 1
165 514 1
171 514 3
176 514 3
178 514 2
179 514 1
181 514 3
185 514 1
186 514 3
189 514 3
192 514 1
193 514 2
198 514 2
199 514 3
204 514 2
205 514 1
207 514 2
211 514 1
213 514 1
227 514 2
228 514 3
231 514 3
234 514 3
238 514 1
239 514 2
240 514 1
241 514 1
242 514 3
245 514 1
249 514 3
250 514 3
254 514 2
259 514 1
261 514 1
265 514 2
