455 868 3
459 868 3
461 868 2
463 868 2
464 868 3
468 868 2
471 868 2
473 868 1
476 868 1
479 868 2
480 868 3
483 868 2
484 868 3
485 868 1
486 868 3
487 868 1
489 868 3
490 868 1
494 868 2
498 868 3
501 868 3
502 868 1
503 868 1
504 868 1
511 868 1
514 868 3
515 868 3
519 868 2
520 868 1
522 868 3
525 868 2
536 868 3
538 868 1
541 868 1
543 868 1
544 868 3
553 868 3
554 868 3
555 868 3
565 868 1
567 868 1
573 868 1
574 868 2
580 868 2
582 868 2
584 868 1
585 868 2
593 868 2
598 868 1
602 868 2
607 868 2
608 868 2
611 868 2
612 868 2
619 868 3
624 868 3
629 868 1
630 868 1
632 868 2
633 868 2
641 868 1
647 868 2
651 868 2
652 868 3
662 868 3
665 868 3
667 868 2
668 868 2
669 868 1
672 868 3
674 868 3
675 868 1
681 868 3
683 868 3
684 868 2
685 868 3
686 868 2
689 868 1
695 868 3
700 868 2
705 868 1
711 868 2
717 868 3
723 868 1
726 868 1
727 868 1
729 868 2
731 868 2
733 868 2
734 868 3
737 868 3
741 868 2
746 868 3
754 868 1
757 868 3
763 868 2
764 868 3
765 868 2
770 868 3
780 868 2
781 868 2
783 868 3
785 868 1
789 868 2
790 868 1
791 868 2
792 868 1
809 868 3
812 868 3
813 868 2
814 868 2
819 868 1
823 868 2
825 868 1
827 868 2
833 868 2
837 868 1
838 868 3
840 868 3
841 868 2
843 868 1
844 868 2
846 868 3
847 868 2
854 868 2
857 868 3
859 868 2
860 868 1
863 868 1
865 868 2
870 868 3
873 868 1
876 868 2
877 868 1
878 868 1
884 868 3
885 868 2
886 868 1
894 868 3
895 868 2
900 868 1
905 868 2
912 868 1
913 868 3
916 868 1
918 868 2
919 868 2
920 868 2
922 868 3
924 868 2
930 868 3
931 868 3
934 868 1
937 868 1
939 868 2
941 868 3
942 868 1
944 868 1
948 868 2
954 868 1
957 868 1
958 868 2
963 868 2
966 868 2
967 868 3
968 868 1
970 868 3
972 868 1
973 868 2
982 868 3
986 868 3
989 868 2
991 868 2
992 868 3
994 868 3
995 868 3
996 868 3
6 869 2
7 869 3
9 869 1
13 869 2
14 869 1
17 869 1
18 869 1
27 869 1
29 869 3
32 869 3
34 869 2
35 869 1
37 869 2
39 869 1
40 869 3
46 869 2
47 869 2
50 869 1
52 869 3
54 869 2
55 869 1
58 869 1
60 869 1
70 869 1
71 869 2
72 869 2
73 869 2
78 869 1
83 869 2
85 869 1
87 869 1
88 869 3
89 869 1
90 869 2
92 869 2
96 869 1
101 869 2
103 869 3
108 869 3
109 869 1
110 869 3
112 869 3
117 869 2
119 869 3
122 869 1
123 869 2
127 869 2
136 869 3
138 869 1
140 869 3
143 869 3
144 869 2
146 869 3
150 869 3
153 869 1
155 869 1
156 869 2
161 869 1
164 869 3
166 869 1
167 869 1
168 869 1
172 869 2
173 869 1
176 869 1
177 869 1
178 869 3
179 869 2
182 869 3
184 869 3
188 869 3
193 869 2
194 869 3
196 869 3
198 869 3
199 869 3
201 869 2
202 869 1
203 869 3
204 869 3
205 869 1
208 869 2
210 869 3
213 869 3
217 869 1
219 869 2
222 869 2
225 869 2
227 869 2
229 869 3
237 869 3
239 869 1
246 869 2
248 869 3
257 869 2
259 869 3
260 869 2
272 869 2
274 869 2
276 869 1
282 869 3
284 869 3
288 869 2
290 869 1
296 869 2
300 869 2
301 869 3
304 869 1
306 869 1
307 869 2
313 869 2
315 869 1
317 869 3
318 869 1
320 869 1
323 869 2
325 869 3
326 869 3
327 869 3
330 869 3
332 869 1
339 869 2
341 869 3
345 869 3
347 869 2
349 869 1
353 869 3
356 869 2
367 869 2
374 869 3
377 869 2
378 869 2
380 869 3
381 869 1
384 869 3
386 869 3
388 869 3
389 869 2
395 869 1
396 869 3
397 869 2
398 869 3
405 869 3
406 869 1
411 869 2
412 869 3
414 869 2
417 869 3
420 869 2
421 869 2
426 869 3
431 869 2
432 869 1
438 869 2
443 869 1
450 869 2
451 869 1
452 869 3
455 869 1
460 869 1
462 869 2
464 869 1
465 869 2
466 869 1
471 869 2
473 869 1
475 869 1
479 869 3
482 869 1
488 869 3
491 869 2
494 869 1
495 869 2
497 869 3
498 869 3
500 869 2
502 869 3
505 869 3
507 869 3
509 869 3
512 869 1
515 869 3
520 869 1
522 869 1
524 869 3
525 869 3
529 869 3
531 869 1
534 869 2
538 869 3
542 869 1
552 869 2
557 869 2
559 869 3
561 869 1
565 869 2
572 869 2
579 869 1
580 869 3
590 869 1
592 869 2
593 869 1
594 869 3
595 869 3
602 869 3
603 869 2
610 869 1
611 869 3
612 869 2
615 869 2
618 869 3
621 869 3
622 869 3
626 869 2
628 869 1
630 869 3
633 869 2
634 869 1
636 869 2
638 869 1
640 869 3
642 869 3
649 869 1
650 869 3
651 869 1
653 869 1
657 869 3
668 869 3
669 869 2
670 869 2
671 869 3
672 869 2
673 869 1
674 869 2
676 869 2
683 869 3
684 869 3
694 869 3
699 869 1
703 869 3
704 869 1
705 869 3
706 869 2
708 869 3
709 869 1
710 869 1
712 869 2
715 869 2
718 869 3
721 869 2
722 869 1
723 869 2
727 869 2
729 869 1
731 869 3
734 869 3
735 869 3
737 869 1
738 869 1
746 869 3
747 869 1
748 869 1
752 869 3
754 869 3
757 869 2
760 869 2
766 869 1
767 869 2
771 869 1
773 869 1
776 869 3
778 869 1
780 869 2
782 869 3
783 869 1
789 869 3
791 869 3
793 869 3
803 869 3
811 869 2
817 869 2
820 869 2
823 869 2
825 869 1
828 869 2
832 869 2
835 869 2
836 869 3
840 869 1
841 869 2
843 869 3
844 869 1
845 869 1
846 869 3
847 869 3
849 869 3
854 869 2
859 869 1
862 869 1
867 869 2
868 869 1
871 869 2
879 869 1
881 869 3
884 869 3
895 869 3
896 869 1
897 869 1
898 869 3
902 869 1
905 869 3
907 869 1
913 869 2
924 869 1
925 869 3
933 869 2
939 869 3
942 869 3
949 869 2
953 869 3
956 869 3
957 869 1
959 869 3
962 869 3
965 869 1
967 869 3
968 869 2
969 869 3
975 869 1
978 869 1
981 869 2
995 869 2
6 870 2
7 870 2
12 870 1
13 870 1
16 870 1
20 870 1
23 870 3
26 870 1
30 870 1
32 870 2
33 870 2
34 870 3
37 870 2
38 870 3
39 870 3
41 870 3
43 870 2
48 870 1
50 870 3
51 870 3
53 870 2
55 870 1
57 870 3
58 870 2
59 870 3
62 870 2
68 870 3
69 870 2
73 870 2
75 870 2
80 870 1
81 870 1
82 870 1
89 870 2
97 870 1
98 870 3
99 870 1
103 870 2
106 870 1
107 870 1
110 870 2
111 870 2
112 870 2
118 870 3
122 870 1
124 870 1
127 870 1
128 870 3
131 870 1
137 870 3
142 870 1
144 870 3
145 870 2
154 870 2
155 870 2
158 870 2
160 870 3
163 870 1
164 870 2
166 870 3
168 870 3
169 870 3
178 870 3
179 870 2
182 870 3
185 870 2
186 870 1
187 870 2
188 870 2
193 870 3
194 870 2
195 870 2
197 870 2
201 870 3
203 870 2
207 870 1
212 870 3
216 870 2
221 870 1
227 870 1
229 870 1
232 870 1
233 870 1
234 870 1
242 870 1
245 870 1
250 870 3
251 870 2
253 870 2
254 870 1
256 870 3
261 870 3
265 870 3
273 870 2
274 870 2
275 870 2
286 870 1
288 870 2
296 870 1
303 870 1
305 870 3
307 870 3
312 870 1
317 870 3
318 870 1
319 870 3
320 870 3
323 870 2
325 870 3
332 870 2
335 870 2
337 870 2
339 870 1
346 870 2
347 870 3
349 870 1
352 870 1
355 870 3
356 870 1
357 870 3
367 870 3
377 870 2
382 870 2
386 870 1
388 870 1
390 870 1
395 870 2
396 870 3
403 870 2
406 870 3
409 870 3
410 870 1
417 870 1
419 870 2
420 870 3
422 870 1
424 870 1
426 870 3
427 870 2
428 870 1
429 870 1
433 870 3
436 870 1
442 870 3
444 870 1
445 870 3
447 870 3
449 870 1
450 870 1
457 870 2
458 870 1
460 870 2
461 870 2
464 870 3
465 870 2
473 870 3
476 870 2
