275 966 2
278 966 3
279 966 3
282 966 1
283 966 2
285 966 3
289 966 1
291 966 2
293 966 3
294 966 3
298 966 1
299 966 2
304 966 2
309 966 1
314 966 3
316 966 3
318 966 2
319 966 3
322 966 1
324 966 1
325 966 1
327 966 2
336 966 2
337 966 2
343 966 2
344 966 1
345 966 3
347 966 3
349 966 2
356 966 3
358 966 2
364 966 2
366 966 3
371 966 2
380 966 1
387 966 1
390 966 2
393 966 1
399 966 3
402 966 1
404 966 1
411 966 1
417 966 2
418 966 1
419 966 2
422 966 1
424 966 3
426 966 3
429 966 1
430 966 3
433 966 3
434 966 3
435 966 2
439 966 2
442 966 1
443 966 1
444 966 1
445 966 2
446 966 3
448 966 2
449 966 3
451 966 3
454 966 3
458 966 2
459 966 1
462 966 3
468 966 2
469 966 1
475 966 3
483 966 1
485 966 3
486 966 1
491 966 1
492 966 3
493 966 2
500 966 1
504 966 1
508 966 2
509 966 2
512 966 2
513 966 1
516 966 3
521 966 2
523 966 3
532 966 2
533 966 3
534 966 3
535 966 3
537 966 2
539 966 2
540 966 1
541 966 1
547 966 1
561 966 1
562 966 3
564 966 2
565 966 2
567 966 1
568 966 3
569 966 2
571 966 1
573 966 2
577 966 1
578 966 1
579 966 1
587 966 1
599 966 1
604 966 3
611 966 2
612 966 2
619 966 3
621 966 3
625 966 3
627 966 1
628 966 3
629 966 1
637 966 2
638 966 2
643 966 3
647 966 1
648 966 2
656 966 3
661 966 1
663 966 2
673 966 3
675 966 1
676 966 1
677 966 2
680 966 2
682 966 1
686 966 2
688 966 2
691 966 3
694 966 2
695 966 2
698 966 1
708 966 1
710 966 1
712 966 3
721 966 1
724 966 2
726 966 1
728 966 3
733 966 2
734 966 2
751 966 3
756 966 1
757 966 1
759 966 1
760 966 3
761 966 1
762 966 1
771 966 3
773 966 3
778 966 1
779 966 2
782 966 2
786 966 3
788 966 2
789 966 1
790 966 3
795 966 3
798 966 1
799 966 1
802 966 3
803 966 1
807 966 3
808 966 3
811 966 2
812 966 2
836 966 1
842 966 1
849 966 3
855 966 3
856 966 2
860 966 3
862 966 2
864 966 3
868 966 3
872 966 2
873 966 1
879 966 2
881 966 3
882 966 3
883 966 3
884 966 3
900 966 3
901 966 2
903 966 3
904 966 2
910 966 2
913 966 2
916 966 2
918 966 3
924 966 1
928 966 1
931 966 1
932 966 3
935 966 1
936 966 2
937 966 2
939 966 2
940 966 3
944 966 3
946 966 1
948 966 2
954 966 3
955 966 3
956 966 2
957 966 3
958 966 2
967 966 2
968 966 2
970 966 2
972 966 2
973 966 1
974 966 2
975 966 3
976 966 3
978 966 1
979 966 3
983 966 3
989 966 1
990 966 2
991 966 2
994 966 1
997 966 3
1 967 1
3 967 2
7 967 2
9 967 1
10 967 3
14 967 3
17 967 1
24 967 1
29 967 3
33 967 1
37 967 2
46 967 2
47 967 2
48 967 1
50 967 3
52 967 1
53 967 1
55 967 3
56 967 3
57 967 1
63 967 3
67 967 1
69 967 3
71 967 1
72 967 2
73 967 3
80 967 3
82 967 3
89 967 2
91 967 1
95 967 1
97 967 2
99 967 2
100 967 1
105 967 1
112 967 2
113 967 3
118 967 2
127 967 3
131 967 2
136 967 2
138 967 1
140 967 3
142 967 2
146 967 3
148 967 1
159 967 3
162 967 2
163 967 1
164 967 2
166 967 2
169 967 2
170 967 3
172 967 2
174 967 2
178 967 1
181 967 2
183 967 3
184 967 1
185 967 2
196 967 3
197 967 1
202 967 1
203 967 1
206 967 3
208 967 1
210 967 2
218 967 2
227 967 1
228 967 2
230 967 1
231 967 2
237 967 1
238 967 1
241 967 2
242 967 2
247 967 1
248 967 1
251 967 3
253 967 2
254 967 3
255 967 3
257 967 1
259 967 1
263 967 2
271 967 1
276 967 2
286 967 3
290 967 3
296 967 1
300 967 3
302 967 2
309 967 2
310 967 3
311 967 2
316 967 1
317 967 1
318 967 1
323 967 3
326 967 2
327 967 3
329 967 1
330 967 3
331 967 1
333 967 3
337 967 2
339 967 1
341 967 1
346 967 1
353 967 1
355 967 1
358 967 3
365 967 2
373 967 1
375 967 3
376 967 1
377 967 3
385 967 2
386 967 2
388 967 3
392 967 1
395 967 3
401 967 2
403 967 2
406 967 3
408 967 2
410 967 1
412 967 2
416 967 1
422 967 2
429 967 2
439 967 1
441 967 2
443 967 2
447 967 2
449 967 3
451 967 3
452 967 2
453 967 2
455 967 3
460 967 2
464 967 2
465 967 1
471 967 1
482 967 2
487 967 1
489 967 3
493 967 3
499 967 3
502 967 1
504 967 2
509 967 1
513 967 1
515 967 2
516 967 3
519 967 3
520 967 1
521 967 2
524 967 1
526 967 1
527 967 3
534 967 2
539 967 2
541 967 1
542 967 2
549 967 2
553 967 3
558 967 1
559 967 2
560 967 1
561 967 3
562 967 1
563 967 1
567 967 1
568 967 1
571 967 3
572 967 1
577 967 1
582 967 1
588 967 2
592 967 2
597 967 3
600 967 3
603 967 3
607 967 2
610 967 2
614 967 3
619 967 3
622 967 3
629 967 3
639 967 1
640 967 1
641 967 2
650 967 2
652 967 3
656 967 2
659 967 1
664 967 2
666 967 3
667 967 1
672 967 3
676 967 2
678 967 2
682 967 1
690 967 1
692 967 1
693 967 3
694 967 1
697 967 3
699 967 1
701 967 2
702 967 2
704 967 1
708 967 3
709 967 2
710 967 3
715 967 2
720 967 3
725 967 3
726 967 2
734 967 3
736 967 2
737 967 3
740 967 2
741 967 2
742 967 2
743 967 2
744 967 1
754 967 1
756 967 3
762 967 3
765 967 1
767 967 1
769 967 1
770 967 1
775 967 3
788 967 2
789 967 3
791 967 3
795 967 2
796 967 2
797 967 2
803 967 3
805 967 1
807 967 2
811 967 3
812 967 2
813 967 1
814 967 3
815 967 3
817 967 2
818 967 3
819 967 3
825 967 1
827 967 1
830 967 1
832 967 2
834 967 3
841 967 3
844 967 3
847 967 1
848 967 3
850 967 3
853 967 1
856 967 1
857 967 1
863 967 1
864 967 3
870 967 1
871 967 1
879 967 2
881 967 3
882 967 3
883 967 3
886 967 2
889 967 3
892 967 2
893 967 3
898 967 1
902 967 3
904 967 2
905 967 1
906 967 2
907 967 1
911 967 3
912 967 1
916 967 2
917 967 3
922 967 1
923 967 2
926 967 1
932 967 2
933 967 1
935 967 2
936 967 2
939 967 2
940 967 3
944 967 3
947 967 1
948 967 2
952 967 1
957 967 2
960 967 2
964 967 3
967 967 2
970 967 2
971 967 3
977 967 2
980 967 1
982 967 2
985 967 2
987 967 3
988 967 1
994 967 2
997 967 2
1 968 1
5 968 1
9 968 3
14 968 2
16 968 2
21 968 3
27 968 1
29 968 2
34 968 2
41 968 3
42 968 3
43 968 1
47 968 1
52 968 3
54 968 2
61 968 1
63 968 1
64 968 3
66 968 3
68 968 1
72 968 2
76 968 1
79 968 1
80 968 1
81 968 1
83 968 2
85 968 2
87 968 3
88 968 3
90 968 1
91 968 2
95 968 1
97 968 1
101 968 1
104 968 1
107 968 1
112 968 2
113 968 3
114 968 3
117 968 2
118 968 1
120 968 3
122 968 3
138 968 1
141 968 2
144 968 2
145 968 2
146 968 2
148 968 3
151 968 3
160 968 3
167 968 3
168 968 3
171 968 2
178 968 2
180 968 2
181 968 2
183 968 2
184 968 3
192 968 2
194 968 2
195 968 3
196 968 3
197 968 1
198 968 3
199 968 1
201 968 1
203 968 1
205 968 3
209 968 2
210 968 2
217 968 3
219 968 1
223 968 3
229 968 3
232 968 1
242 968 2
252 968 3
255 968 2
259 968 2
260 968 2
261 968 1
264 968 3
268 968 2
270 968 2
271 968 1
272 968 3
275 968 1
276 968 3
280 968 1
283 968 1
288 968 3
291 968 2
293 968 2
294 968 2
296 968 2
302 968 3
303 968 3
305 968 1
308 968 2
309 968 2
313 968 3
314 968 3
315 968 1
317 968 3
324 968 3
325 968 1
327 968 1
338 968 2
339 968 1
342 968 3
343 968 3
345 968 2
356 968 3
357 968 3
365 968 1
367 968 2
368 968 2
369 968 3
373 968 2
377 968 2
378 968 3
380 968 1
381 968 2
