686 97 1
687 97 3
688 97 1
689 97 2
691 97 2
695 97 3
696 97 2
701 97 3
702 97 2
704 97 2
705 97 1
707 97 1
708 97 2
714 97 2
715 97 1
718 97 2
719 97 2
721 97 3
722 97 1
725 97 1
726 97 1
727 97 1
731 97 2
732 97 2
733 97 3
739 97 1
742 97 3
743 97 2
744 97 1
748 97 2
752 97 2
753 97 2
755 97 3
756 97 3
758 97 3
763 97 3
764 97 3
767 97 3
768 97 2
773 97 3
778 97 1
782 97 1
783 97 1
786 97 3
787 97 1
788 97 1
794 97 1
798 97 2
805 97 1
806 97 2
809 97 2
819 97 1
826 97 3
828 97 1
831 97 3
832 97 2
833 97 2
836 97 1
837 97 1
842 97 3
844 97 2
846 97 3
851 97 2
852 97 3
854 97 3
857 97 3
859 97 2
862 97 1
863 97 2
867 97 2
871 97 3
878 97 2
880 97 1
885 97 2
886 97 3
889 97 1
894 97 2
899 97 3
901 97 3
904 97 2
907 97 2
908 97 2
909 97 2
912 97 2
915 97 2
916 97 2
922 97 1
923 97 2
925 97 2
937 97 1
938 97 2
941 97 1
943 97 3
947 97 2
949 97 2
950 97 2
952 97 1
962 97 2
963 97 2
971 97 1
973 97 3
986 97 2
995 97 3
998 97 2
4 98 3
11 98 1
18 98 1
20 98 1
21 98 2
23 98 3
28 98 2
29 98 2
31 98 3
34 98 2
36 98 3
38 98 1
39 98 3
43 98 1
45 98 1
50 98 3
52 98 3
53 98 3
54 98 3
59 98 2
61 98 1
62 98 1
63 98 2
66 98 1
67 98 3
70 98 1
72 98 1
73 98 1
74 98 3
79 98 3
80 98 2
81 98 3
82 98 2
83 98 1
84 98 3
87 98 3
89 98 3
92 98 1
93 98 3
97 98 2
98 98 2
100 98 2
101 98 2
106 98 2
110 98 3
115 98 2
118 98 2
122 98 2
123 98 2
125 98 1
126 98 1
130 98 3
131 98 3
136 98 1
139 98 3
140 98 3
142 98 1
148 98 1
149 98 3
152 98 2
165 98 1
166 98 1
167 98 1
168 98 1
169 98 1
174 98 1
178 98 2
182 98 1
183 98 2
188 98 2
190 98 3
191 98 1
192 98 3
193 98 2
196 98 1
198 98 1
202 98 3
203 98 2
207 98 1
211 98 1
212 98 3
213 98 3
215 98 2
219 98 1
220 98 2
222 98 3
226 98 3
227 98 3
229 98 3
230 98 2
234 98 2
235 98 1
237 98 3
239 98 2
244 98 2
245 98 1
246 98 2
247 98 1
249 98 1
250 98 3
253 98 2
260 98 3
263 98 1
267 98 2
268 98 1
269 98 3
272 98 1
274 98 3
276 98 2
279 98 1
282 98 1
283 98 1
284 98 1
286 98 1
291 98 2
296 98 3
303 98 2
309 98 3
311 98 1
316 98 1
318 98 1
324 98 2
335 98 2
336 98 3
337 98 3
338 98 1
340 98 3
345 98 1
348 98 1
349 98 3
350 98 2
354 98 1
356 98 2
359 98 2
363 98 3
369 98 2
379 98 2
386 98 3
390 98 3
392 98 3
393 98 2
394 98 1
395 98 2
398 98 1
400 98 2
403 98 3
406 98 3
412 98 2
413 98 1
415 98 3
418 98 2
419 98 1
421 98 1
422 98 3
430 98 3
432 98 2
434 98 1
443 98 2
445 98 2
446 98 2
447 98 3
450 98 1
451 98 1
455 98 2
458 98 1
461 98 1
462 98 2
463 98 1
470 98 1
471 98 2
483 98 1
484 98 1
487 98 1
492 98 2
494 98 3
496 98 1
497 98 1
501 98 1
504 98 1
505 98 3
508 98 2
512 98 3
516 98 2
523 98 3
526 98 3
527 98 1
529 98 2
531 98 2
532 98 3
533 98 1
536 98 3
538 98 3
541 98 1
545 98 3
551 98 1
553 98 2
560 98 2
561 98 2
564 98 1
569 98 3
571 98 3
572 98 1
574 98 3
575 98 1
576 98 1
577 98 2
579 98 1
581 98 3
584 98 1
585 98 2
588 98 3
589 98 2
592 98 3
593 98 1
599 98 1
600 98 1
601 98 3
607 98 1
612 98 2
620 98 3
628 98 3
629 98 1
630 98 2
631 98 1
635 98 2
637 98 3
642 98 2
645 98 2
647 98 3
649 98 3
652 98 2
653 98 2
654 98 2
657 98 2
660 98 2
663 98 1
664 98 2
666 98 2
667 98 2
668 98 3
670 98 3
672 98 1
673 98 1
675 98 1
679 98 2
682 98 1
685 98 1
692 98 3
695 98 3
699 98 1
703 98 1
705 98 1
706 98 2
707 98 2
709 98 3
710 98 1
711 98 2
713 98 1
718 98 2
719 98 3
723 98 1
727 98 3
728 98 3
729 98 3
732 98 2
741 98 2
742 98 3
743 98 3
748 98 1
752 98 3
755 98 1
756 98 2
760 98 3
763 98 3
764 98 3
766 98 1
771 98 3
773 98 1
776 98 1
777 98 1
781 98 1
783 98 3
789 98 1
795 98 3
796 98 3
798 98 2
801 98 1
803 98 3
810 98 1
812 98 2
813 98 1
815 98 1
816 98 1
818 98 2
836 98 3
837 98 2
840 98 1
845 98 1
847 98 3
848 98 3
851 98 1
853 98 1
854 98 2
864 98 1
865 98 1
867 98 3
869 98 3
871 98 2
873 98 2
874 98 2
876 98 1
877 98 1
882 98 3
888 98 3
890 98 3
893 98 3
894 98 2
895 98 2
897 98 2
900 98 1
901 98 2
903 98 3
905 98 3
907 98 3
908 98 1
909 98 1
910 98 3
911 98 3
913 98 3
915 98 2
917 98 2
918 98 3
921 98 2
925 98 3
929 98 1
932 98 3
935 98 1
936 98 1
937 98 2
938 98 2
940 98 3
941 98 3
944 98 1
950 98 2
951 98 3
954 98 2
958 98 1
965 98 1
970 98 3
972 98 2
976 98 3
982 98 3
985 98 1
987 98 2
990 98 3
992 98 3
993 98 1
1 99 1
2 99 1
6 99 3
8 99 3
12 99 3
16 99 3
18 99 3
19 99 1
23 99 3
26 99 2
27 99 3
29 99 2
31 99 2
34 99 2
35 99 3
38 99 1
40 99 1
49 99 1
51 99 2
55 99 3
56 99 2
58 99 1
59 99 1
60 99 3
62 99 3
70 99 3
71 99 2
72 99 1
73 99 2
77 99 2
79 99 3
80 99 1
81 99 2
82 99 1
86 99 2
87 99 2
88 99 3
91 99 3
97 99 3
98 99 3
104 99 1
105 99 1
107 99 1
111 99 1
112 99 2
113 99 2
115 99 2
116 99 2
117 99 2
123 99 1
124 99 2
127 99 2
130 99 3
137 99 2
138 99 3
143 99 1
144 99 1
145 99 3
146 99 3
148 99 2
154 99 3
157 99 2
159 99 2
160 99 3
161 99 2
162 99 1
166 99 3
173 99 2
176 99 3
177 99 3
178 99 3
179 99 2
182 99 3
189 99 1
191 99 1
194 99 2
202 99 3
205 99 3
210 99 2
212 99 1
213 99 3
215 99 2
216 99 2
217 99 2
219 99 3
220 99 2
228 99 3
232 99 3
236 99 3
238 99 3
241 99 2
248 99 3
250 99 3
252 99 1
255 99 1
261 99 2
263 99 3
265 99 3
268 99 2
270 99 3
275 99 2
276 99 3
277 99 1
278 99 1
279 99 2
281 99 3
283 99 1
285 99 3
292 99 1
294 99 3
302 99 3
304 99 2
305 99 3
306 99 2
310 99 2
312 99 1
315 99 2
317 99 3
318 99 3
319 99 2
321 99 3
322 99 2
324 99 3
331 99 2
332 99 3
334 99 3
336 99 3
344 99 2
346 99 2
349 99 1
352 99 1
353 99 1
364 99 1
366 99 3
367 99 3
373 99 3
374 99 2
375 99 3
377 99 3
378 99 3
380 99 1
381 99 1
383 99 1
389 99 1
400 99 2
401 99 2
402 99 3
405 99 1
408 99 2
411 99 1
416 99 3
417 99 1
425 99 2
428 99 1
429 99 1
433 99 3
437 99 3
441 99 2
444 99 2
446 99 3
453 99 2
457 99 3
458 99 2
461 99 3
464 99 3
465 99 2
471 99 3
474 99 2
477 99 2
478 99 1
480 99 1
481 99 3
482 99 3
483 99 2
485 99 3
491 99 1
495 99 3
497 99 2
499 99 2
500 99 3
504 99 3
505 99 2
506 99 1
507 99 2
508 99 3
512 99 1
517 99 2
519 99 1
523 99 2
531 99 3
534 99 3
536 99 2
540 99 1
541 99 2
542 99 3
543 99 2
544 99 3
545 99 1
549 99 2
551 99 1
561 99 3
562 99 1
571 99 2
573 99 3
576 99 2
