2 60 1
7 60 3
9 60 2
11 60 2
13 60 2
14 60 2
19 60 3
22 60 2
24 60 1
34 60 3
35 60 3
46 60 3
49 60 2
51 60 2
58 60 1
61 60 3
66 60 1
68 60 1
74 60 2
75 60 3
78 60 2
79 60 2
80 60 1
85 60 2
88 60 3
94 60 1
97 60 1
98 60 2
99 60 3
101 60 2
102 60 1
104 60 1
105 60 3
107 60 3
109 60 2
111 60 3
119 60 1
122 60 2
126 60 2
134 60 3
135 60 1
136 60 2
137 60 2
139 60 1
146 60 3
147 60 1
148 60 3
149 60 3
154 60 1
158 60 2
160 60 3
161 60 1
164 60 1
167 60 1
170 60 3
176 60 3
177 60 2
179 60 2
181 60 2
185 60 1
190 60 2
191 60 1
194 60 2
196 60 3
198 60 2
200 60 1
202 60 2
205 60 2
206 60 3
207 60 2
208 60 3
212 60 1
217 60 1
219 60 3
221 60 3
222 60 2
223 60 2
225 60 1
227 60 1
238 60 2
240 60 1
243 60 2
250 60 1
255 60 1
256 60 3
257 60 1
262 60 3
264 60 2
269 60 2
272 60 3
274 60 2
277 60 1
287 60 2
288 60 2
289 60 3
292 60 1
295 60 3
297 60 3
300 60 2
305 60 3
307 60 2
309 60 2
311 60 1
327 60 2
328 60 3
331 60 2
332 60 1
333 60 1
336 60 3
343 60 2
344 60 3
349 60 2
356 60 1
363 60 2
364 60 3
366 60 3
367 60 3
372 60 2
377 60 2
379 60 1
382 60 3
383 60 2
385 60 2
386 60 1
388 60 2
390 60 2
393 60 2
399 60 1
400 60 1
406 60 1
407 60 2
413 60 1
414 60 3
415 60 2
418 60 3
420 60 1
423 60 3
427 60 1
429 60 2
432 60 1
436 60 3
437 60 1
442 60 1
443 60 1
448 60 2
450 60 3
453 60 3
455 60 1
457 60 1
458 60 3
459 60 2
461 60 1
463 60 3
464 60 3
468 60 1
471 60 3
472 60 1
474 60 2
475 60 3
477 60 3
479 60 3
482 60 1
483 60 2
486 60 2
488 60 2
492 60 1
493 60 1
494 60 1
495 60 3
496 60 3
497 60 1
498 60 1
499 60 3
501 60 3
502 60 2
503 60 2
506 60 2
507 60 2
511 60 2
512 60 3
513 60 2
517 60 1
519 60 1
525 60 3
526 60 2
529 60 3
532 60 3
535 60 3
536 60 3
538 60 1
540 60 2
551 60 1
554 60 1
555 60 2
559 60 1
562 60 2
570 60 3
571 60 3
574 60 2
575 60 2
576 60 2
583 60 3
584 60 3
585 60 2
595 60 2
605 60 1
613 60 3
620 60 1
621 60 2
629 60 1
637 60 1
643 60 1
644 60 2
647 60 2
651 60 1
653 60 1
655 60 3
663 60 3
664 60 2
668 60 1
680 60 2
689 60 1
690 60 1
691 60 3
694 60 1
698 60 1
702 60 1
703 60 2
710 60 1
715 60 1
717 60 2
718 60 1
724 60 1
725 60 2
731 60 3
733 60 3
734 60 3
736 60 2
737 60 2
739 60 1
742 60 2
746 60 2
748 60 3
755 60 1
758 60 3
763 60 2
768 60 2
771 60 3
772 60 2
774 60 2
775 60 2
779 60 2
782 60 2
783 60 3
784 60 3
785 60 1
792 60 3
795 60 1
796 60 1
797 60 1
800 60 2
802 60 1
803 60 3
807 60 3
816 60 2
818 60 3
819 60 1
822 60 1
823 60 2
824 60 1
826 60 2
828 60 2
829 60 1
830 60 1
836 60 1
848 60 1
849 60 1
853 60 1
855 60 1
856 60 2
859 60 2
863 60 1
866 60 3
867 60 2
868 60 3
869 60 3
879 60 3
881 60 1
886 60 3
887 60 3
891 60 3
895 60 3
898 60 1
900 60 3
907 60 2
910 60 3
912 60 2
917 60 2
918 60 2
920 60 2
921 60 2
923 60 3
930 60 1
931 60 2
933 60 3
938 60 2
941 60 3
942 60 1
944 60 1
946 60 2
947 60 2
949 60 1
950 60 1
953 60 3
955 60 1
961 60 1
963 60 2
966 60 3
975 60 3
979 60 2
985 60 1
991 60 3
992 60 3
995 60 1
998 60 1
0 61 2
1 61 3
2 61 2
4 61 1
7 61 1
10 61 3
12 61 3
14 61 2
15 61 3
18 61 1
20 61 1
22 61 1
27 61 2
28 61 2
38 61 1
44 61 3
47 61 3
53 61 1
55 61 2
58 61 2
59 61 1
62 61 1
63 61 1
65 61 3
66 61 1
67 61 3
72 61 1
73 61 1
80 61 3
83 61 2
85 61 3
88 61 1
91 61 1
93 61 2
97 61 1
103 61 1
108 61 3
109 61 2
110 61 1
115 61 1
120 61 3
122 61 1
125 61 3
127 61 2
129 61 1
130 61 3
132 61 1
134 61 1
135 61 1
147 61 2
150 61 1
155 61 1
157 61 2
158 61 3
159 61 3
160 61 3
170 61 3
172 61 1
174 61 3
176 61 2
179 61 2
184 61 1
195 61 1
196 61 3
198 61 2
200 61 3
201 61 3
206 61 1
208 61 3
210 61 1
216 61 3
218 61 1
223 61 2
226 61 2
228 61 3
229 61 2
230 61 3
234 61 1
236 61 2
237 61 1
239 61 2
247 61 2
248 61 3
255 61 1
261 61 2
262 61 2
263 61 3
268 61 3
273 61 3
276 61 3
280 61 2
282 61 3
283 61 1
288 61 3
290 61 3
292 61 2
294 61 2
295 61 1
296 61 3
297 61 1
301 61 1
304 61 3
305 61 3
309 61 1
318 61 2
320 61 1
321 61 1
322 61 1
327 61 2
328 61 2
329 61 3
335 61 2
336 61 1
338 61 2
341 61 1
342 61 1
343 61 3
347 61 1
349 61 1
354 61 3
355 61 1
364 61 1
365 61 3
369 61 2
374 61 1
375 61 3
377 61 2
381 61 2
384 61 2
385 61 1
387 61 2
396 61 3
400 61 2
401 61 2
404 61 1
405 61 2
406 61 1
407 61 3
408 61 1
412 61 1
414 61 3
420 61 3
423 61 1
425 61 1
427 61 1
428 61 3
429 61 1
450 61 3
455 61 2
457 61 1
459 61 3
461 61 3
466 61 2
471 61 1
472 61 3
477 61 1
479 61 3
482 61 2
484 61 2
485 61 2
487 61 2
491 61 3
498 61 1
503 61 3
504 61 2
507 61 1
509 61 2
510 61 2
514 61 1
523 61 1
528 61 2
529 61 2
530 61 3
533 61 2
534 61 3
537 61 2
538 61 1
542 61 2
543 61 3
549 61 3
556 61 2
561 61 3
562 61 2
563 61 3
564 61 2
569 61 2
573 61 2
575 61 2
576 61 3
577 61 3
581 61 1
582 61 3
585 61 2
589 61 1
591 61 2
594 61 3
597 61 3
598 61 1
603 61 1
604 61 2
608 61 2
611 61 2
612 61 1
614 61 3
618 61 2
619 61 3
621 61 3
627 61 1
628 61 2
629 61 3
631 61 3
632 61 3
634 61 2
637 61 1
641 61 3
646 61 3
651 61 2
652 61 1
654 61 1
658 61 2
659 61 2
660 61 1
664 61 1
665 61 2
668 61 1
669 61 1
671 61 3
676 61 2
678 61 1
683 61 2
685 61 3
693 61 3
694 61 1
695 61 2
697 61 1
700 61 2
703 61 2
710 61 2
718 61 3
721 61 3
724 61 3
726 61 3
728 61 2
729 61 3
730 61 3
734 61 3
736 61 2
738 61 3
739 61 1
743 61 2
748 61 3
749 61 1
750 61 2
751 61 3
753 61 1
756 61 1
762 61 2
770 61 1
772 61 3
774 61 2
775 61 2
777 61 1
782 61 1
783 61 3
789 61 1
791 61 2
793 61 1
799 61 1
801 61 1
803 61 1
806 61 2
811 61 1
816 61 2
825 61 2
827 61 3
828 61 3
838 61 3
839 61 2
841 61 2
845 61 1
853 61 2
854 61 2
856 61 3
860 61 3
863 61 2
864 61 3
866 61 1
868 61 1
871 61 3
874 61 2
875 61 1
876 61 1
878 61 2
879 61 2
881 61 1
888 61 1
889 61 2
894 61 3
896 61 3
899 61 3
903 61 3
904 61 3
911 61 3
912 61 2
913 61 1
916 61 2
918 61 2
919 61 1
928 61 3
931 61 3
932 61 2
933 61 2
936 61 1
938 61 1
939 61 1
942 61 2
943 61 1
944 61 2
953 61 1
954 61 2
958 61 2
960 61 2
967 61 2
968 61 1
972 61 1
973 61 3
975 61 2
979 61 3
981 61 2
982 61 3
983 61 2
984 61 1
986 61 2
993 61 2
999 61 1
0 62 2
13 62 2
15 62 3
19 62 1
20 62 1
32 62 3
