195 734 2
199 734 3
200 734 2
203 734 2
206 734 1
207 734 2
215 734 3
219 734 2
222 734 1
224 734 1
228 734 1
233 734 1
237 734 3
241 734 1
242 734 1
245 734 2
246 734 1
248 734 2
253 734 3
257 734 2
258 734 2
261 734 3
262 734 1
263 734 2
265 734 1
266 734 1
267 734 1
268 734 3
269 734 1
270 734 1
274 734 2
276 734 2
279 734 3
280 734 1
281 734 2
284 734 2
285 734 3
287 734 3
288 734 1
289 734 1
291 734 3
295 734 2
300 734 3
303 734 3
305 734 3
309 734 1
312 734 1
313 734 1
315 734 3
317 734 3
321 734 3
323 734 2
326 734 2
329 734 2
332 734 2
333 734 3
334 734 2
335 734 1
342 734 1
346 734 3
347 734 3
349 734 2
353 734 1
356 734 3
361 734 2
363 734 1
366 734 2
373 734 3
386 734 3
387 734 2
392 734 1
394 734 3
395 734 2
396 734 3
397 734 3
399 734 2
401 734 3
404 734 3
407 734 3
412 734 2
416 734 3
417 734 1
419 734 1
425 734 1
427 734 1
435 734 1
438 734 1
444 734 1
451 734 3
453 734 3
454 734 1
455 734 1
456 734 2
463 734 2
464 734 1
468 734 2
469 734 3
470 734 2
471 734 1
472 734 1
473 734 1
474 734 3
477 734 1
481 734 1
485 734 3
487 734 3
492 734 2
494 734 1
495 734 3
498 734 2
502 734 1
504 734 1
516 734 3
517 734 1
518 734 3
521 734 3
522 734 3
526 734 1
527 734 2
528 734 1
549 734 3
552 734 2
553 734 3
554 734 1
559 734 2
560 734 1
566 734 3
569 734 1
580 734 2
583 734 2
585 734 2
586 734 2
587 734 1
588 734 2
589 734 3
590 734 3
593 734 2
594 734 3
601 734 1
605 734 2
606 734 2
608 734 1
609 734 3
610 734 1
613 734 2
617 734 2
623 734 2
626 734 3
628 734 3
633 734 2
634 734 2
636 734 2
638 734 2
640 734 3
641 734 3
651 734 2
653 734 1
659 734 2
660 734 3
663 734 1
665 734 2
673 734 2
675 734 3
677 734 1
678 734 1
679 734 2
681 734 2
683 734 2
684 734 3
686 734 2
688 734 3
691 734 3
694 734 3
696 734 2
702 734 3
704 734 1
708 734 1
711 734 3
712 734 1
715 734 2
720 734 2
723 734 3
727 734 3
729 734 1
731 734 1
740 734 2
741 734 2
746 734 3
747 734 1
748 734 3
752 734 1
754 734 2
755 734 2
756 734 2
763 734 1
765 734 1
766 734 3
770 734 1
772 734 2
777 734 3
778 734 3
785 734 2
791 734 2
796 734 3
799 734 1
803 734 3
804 734 2
806 734 2
807 734 1
808 734 1
810 734 2
818 734 2
819 734 3
821 734 3
829 734 3
832 734 1
833 734 1
834 734 3
835 734 1
837 734 3
838 734 2
841 734 3
846 734 2
848 734 3
849 734 2
850 734 2
851 734 1
854 734 1
855 734 2
862 734 2
864 734 3
865 734 1
866 734 1
867 734 3
871 734 3
875 734 2
881 734 1
884 734 2
889 734 1
891 734 2
892 734 3
902 734 1
909 734 2
911 734 1
913 734 1
920 734 2
921 734 1
922 734 2
929 734 1
936 734 1
937 734 2
938 734 3
941 734 3
942 734 2
944 734 1
947 734 1
948 734 1
950 734 3
951 734 3
952 734 2
953 734 1
954 734 3
955 734 2
958 734 1
960 734 3
966 734 2
967 734 1
968 734 3
973 734 1
975 734 1
976 734 1
977 734 1
982 734 1
983 734 3
985 734 1
986 734 1
989 734 2
990 734 1
991 734 3
992 734 1
999 734 2
1 735 3
2 735 1
3 735 2
7 735 1
17 735 1
19 735 2
20 735 2
21 735 2
23 735 3
25 735 3
27 735 1
32 735 2
33 735 3
35 735 1
41 735 3
45 735 3
54 735 2
62 735 3
71 735 3
72 735 2
75 735 2
77 735 2
80 735 3
85 735 3
94 735 1
97 735 3
100 735 3
111 735 3
117 735 1
119 735 1
120 735 1
121 735 3
124 735 2
127 735 2
128 735 1
129 735 1
130 735 1
131 735 2
137 735 2
139 735 3
142 735 2
150 735 3
151 735 1
152 735 2
156 735 2
158 735 1
159 735 2
161 735 3
164 735 3
165 735 3
168 735 2
172 735 2
174 735 3
180 735 2
182 735 2
183 735 1
188 735 1
191 735 1
193 735 1
199 735 3
200 735 2
201 735 1
207 735 1
215 735 2
219 735 1
226 735 1
231 735 2
232 735 2
237 735 3
239 735 2
243 735 3
245 735 3
246 735 2
249 735 1
250 735 2
251 735 3
254 735 2
255 735 2
256 735 1
258 735 3
263 735 2
268 735 3
273 735 2
276 735 1
282 735 2
283 735 3
287 735 2
288 735 1
296 735 1
299 735 1
300 735 3
306 735 2
309 735 1
312 735 1
325 735 2
327 735 3
330 735 2
331 735 2
333 735 2
334 735 1
335 735 3
337 735 1
339 735 1
340 735 2
341 735 3
342 735 1
343 735 3
344 735 3
345 735 3
346 735 2
350 735 3
353 735 2
359 735 3
361 735 2
364 735 2
365 735 2
368 735 1
370 735 2
374 735 2
380 735 2
382 735 2
388 735 2
390 735 1
393 735 1
397 735 2
398 735 1
401 735 3
402 735 1
407 735 1
411 735 2
414 735 1
416 735 3
419 735 1
422 735 2
424 735 1
426 735 2
427 735 3
430 735 1
433 735 1
435 735 2
438 735 2
439 735 3
441 735 1
444 735 1
453 735 2
456 735 3
457 735 1
460 735 3
461 735 2
465 735 1
468 735 1
470 735 3
475 735 3
486 735 1
487 735 3
494 735 1
496 735 2
499 735 1
504 735 3
509 735 1
510 735 3
511 735 1
512 735 2
515 735 3
516 735 2
518 735 2
521 735 3
524 735 1
528 735 2
534 735 2
538 735 2
539 735 1
540 735 3
547 735 2
549 735 3
550 735 3
558 735 2
568 735 1
571 735 2
578 735 1
584 735 1
588 735 1
602 735 1
607 735 1
613 735 2
615 735 2
620 735 1
629 735 1
631 735 2
632 735 1
633 735 2
637 735 1
638 735 3
647 735 3
650 735 3
654 735 3
655 735 2
664 735 1
665 735 2
671 735 3
674 735 2
675 735 2
678 735 2
679 735 1
680 735 1
681 735 2
683 735 3
688 735 1
692 735 1
698 735 3
705 735 1
707 735 3
708 735 1
712 735 2
715 735 3
717 735 1
718 735 3
720 735 1
727 735 3
734 735 1
739 735 3
741 735 3
744 735 1
745 735 1
746 735 1
747 735 2
749 735 3
754 735 2
756 735 2
757 735 2
758 735 1
759 735 1
761 735 3
762 735 3
765 735 3
766 735 1
770 735 2
783 735 2
785 735 1
789 735 3
792 735 1
797 735 3
803 735 2
808 735 3
810 735 3
816 735 1
819 735 3
821 735 1
822 735 1
823 735 1
824 735 2
826 735 1
827 735 2
835 735 2
838 735 3
841 735 2
848 735 2
849 735 2
850 735 1
855 735 3
865 735 2
866 735 3
874 735 2
880 735 1
881 735 2
884 735 1
886 735 3
888 735 3
892 735 3
894 735 1
895 735 1
901 735 1
905 735 2
906 735 2
910 735 3
917 735 1
925 735 1
927 735 1
935 735 2
943 735 1
946 735 2
955 735 3
956 735 3
958 735 2
959 735 2
961 735 1
965 735 1
966 735 1
967 735 1
969 735 1
973 735 3
978 735 1
990 735 3
996 735 2
1 736 2
2 736 2
11 736 2
13 736 2
25 736 1
27 736 1
28 736 2
33 736 2
37 736 1
39 736 3
42 736 3
43 736 3
44 736 3
48 736 2
55 736 3
59 736 3
64 736 1
67 736 3
69 736 2
71 736 3
72 736 2
75 736 2
78 736 3
80 736 3
81 736 3
83 736 2
86 736 1
89 736 3
95 736 2
96 736 2
101 736 2
102 736 3
112 736 1
114 736 2
116 736 3
119 736 3
120 736 3
121 736 2
127 736 2
129 736 3
130 736 2
131 736 2
134 736 1
135 736 2
136 736 3
137 736 3
139 736 1
145 736 3
146 736 1
147 736 3
155 736 2
156 736 3
157 736 2
160 736 1
164 736 1
165 736 1
169 736 2
173 736 2
178 736 2
179 736 2
180 736 2
185 736 3
186 736 2
191 736 2
194 736 2
202 736 1
203 736 3
204 736 2
207 736 2
208 736 3
209 736 3
212 736 1
213 736 2
215 736 3
217 736 1
224 736 1
225 736 1
234 736 2
237 736 3
242 736 3
244 736 2
245 736 3
248 736 1
249 736 2
250 736 3
253 736 1
254 736 2
255 736 1
256 736 1
258 736 1
259 736 1
