371 410 1
375 410 3
378 410 3
384 410 2
385 410 3
388 410 1
389 410 2
390 410 2
391 410 2
401 410 2
410 410 1
412 410 2
423 410 2
428 410 2
440 410 3
443 410 2
445 410 1
450 410 3
451 410 3
452 410 1
455 410 3
456 410 2
457 410 2
458 410 2
459 410 2
460 410 2
462 410 2
465 410 2
466 410 2
469 410 3
472 410 3
474 410 3
475 410 3
478 410 2
482 410 2
483 410 2
488 410 1
489 410 2
492 410 3
495 410 3
496 410 1
506 410 1
509 410 2
515 410 2
520 410 3
524 410 3
527 410 2
531 410 3
534 410 1
536 410 1
537 410 3
538 410 3
553 410 3
564 410 2
565 410 3
566 410 3
573 410 1
574 410 1
575 410 1
578 410 1
582 410 1
583 410 2
586 410 2
587 410 2
590 410 2
595 410 2
596 410 2
602 410 2
606 410 3
607 410 1
611 410 2
612 410 2
615 410 3
616 410 1
621 410 2
623 410 3
624 410 3
629 410 3
630 410 1
631 410 3
636 410 2
640 410 2
641 410 1
642 410 2
643 410 3
644 410 1
645 410 2
647 410 1
652 410 1
653 410 1
655 410 1
656 410 1
657 410 3
661 410 2
669 410 3
670 410 2
674 410 3
683 410 1
685 410 2
688 410 1
689 410 2
691 410 2
692 410 1
693 410 3
697 410 1
701 410 1
703 410 3
709 410 1
716 410 2
719 410 2
720 410 1
723 410 1
724 410 1
731 410 2
732 410 3
736 410 2
737 410 1
740 410 2
743 410 2
749 410 2
751 410 1
753 410 3
754 410 1
756 410 2
760 410 3
762 410 1
764 410 1
765 410 3
768 410 3
772 410 1
773 410 1
782 410 1
783 410 1
793 410 2
794 410 2
802 410 1
803 410 2
805 410 1
807 410 3
811 410 1
815 410 1
820 410 3
822 410 1
825 410 1
826 410 3
831 410 3
837 410 3
839 410 2
841 410 1
847 410 1
849 410 1
855 410 3
856 410 1
858 410 3
861 410 1
863 410 2
868 410 2
874 410 2
877 410 1
880 410 3
887 410 3
890 410 2
891 410 2
893 410 1
894 410 2
896 410 1
898 410 3
901 410 1
902 410 2
907 410 1
909 410 1
914 410 2
915 410 3
916 410 2
921 410 3
925 410 1
927 410 2
928 410 2
933 410 3
938 410 2
941 410 3
942 410 3
944 410 3
948 410 1
949 410 2
952 410 1
958 410 2
959 410 3
960 410 3
968 410 3
969 410 2
974 410 2
978 410 1
979 410 2
985 410 3
987 410 2
988 410 1
990 410 2
994 410 2
995 410 2
0 411 3
6 411 3
11 411 2
16 411 1
18 411 1
21 411 3
28 411 3
32 411 1
35 411 2
38 411 2
40 411 3
41 411 1
45 411 2
46 411 3
47 411 2
51 411 1
53 411 2
57 411 3
58 411 1
59 411 3
62 411 1
65 411 1
66 411 3
72 411 1
83 411 2
86 411 1
95 411 3
96 411 3
99 411 3
100 411 1
103 411 1
104 411 3
107 411 3
108 411 1
110 411 2
111 411 2
112 411 1
118 411 2
122 411 1
123 411 3
124 411 1
125 411 3
126 411 1
129 411 1
132 411 3
133 411 2
136 411 1
138 411 1
140 411 1
141 411 1
144 411 2
148 411 2
149 411 2
151 411 1
152 411 2
153 411 2
158 411 3
161 411 2
164 411 1
167 411 3
171 411 3
174 411 2
176 411 3
181 411 3
185 411 3
186 411 2
192 411 2
196 411 3
197 411 3
199 411 3
201 411 3
204 411 2
207 411 1
217 411 1
218 411 1
226 411 2
227 411 3
228 411 2
232 411 1
233 411 3
239 411 2
246 411 3
252 411 3
254 411 1
257 411 1
262 411 2
266 411 3
267 411 3
274 411 3
276 411 3
277 411 1
278 411 3
284 411 2
285 411 2
286 411 1
287 411 3
289 411 1
291 411 1
294 411 3
295 411 2
297 411 2
298 411 3
302 411 3
303 411 1
306 411 3
310 411 2
311 411 1
312 411 2
313 411 1
317 411 3
323 411 3
324 411 3
327 411 2
342 411 2
343 411 2
345 411 2
348 411 2
352 411 1
355 411 1
358 411 2
359 411 2
363 411 1
364 411 3
365 411 2
366 411 2
367 411 1
370 411 3
374 411 2
378 411 1
385 411 3
386 411 2
389 411 3
391 411 2
392 411 3
400 411 3
401 411 2
402 411 1
404 411 3
406 411 1
407 411 2
411 411 2
412 411 3
413 411 1
418 411 2
419 411 2
421 411 3
425 411 2
430 411 1
433 411 1
436 411 3
438 411 2
440 411 1
445 411 1
446 411 3
449 411 3
453 411 2
458 411 1
459 411 3
469 411 1
471 411 3
473 411 2
475 411 3
483 411 1
484 411 3
485 411 3
486 411 2
487 411 2
490 411 2
491 411 2
493 411 2
495 411 2
502 411 2
504 411 3
505 411 2
506 411 1
509 411 2
518 411 3
522 411 2
524 411 1
525 411 1
526 411 3
531 411 1
532 411 2
537 411 2
538 411 1
541 411 3
543 411 1
544 411 3
546 411 1
547 411 2
550 411 3
551 411 3
552 411 1
555 411 3
556 411 1
558 411 2
559 411 2
562 411 2
564 411 3
570 411 3
571 411 2
573 411 1
576 411 2
578 411 3
579 411 2
583 411 3
586 411 3
587 411 1
588 411 2
589 411 3
594 411 2
595 411 3
601 411 1
603 411 3
607 411 2
608 411 1
612 411 2
613 411 1
615 411 3
617 411 2
618 411 3
619 411 1
620 411 1
623 411 3
624 411 3
627 411 1
630 411 2
632 411 2
637 411 2
639 411 2
640 411 2
641 411 3
646 411 3
650 411 3
655 411 2
663 411 2
665 411 3
667 411 3
670 411 1
672 411 1
675 411 1
676 411 2
677 411 3
680 411 2
681 411 2
683 411 1
684 411 3
698 411 2
699 411 2
701 411 3
702 411 3
704 411 2
708 411 1
714 411 3
718 411 3
722 411 3
723 411 3
730 411 3
731 411 2
734 411 3
735 411 1
738 411 1
739 411 1
740 411 1
748 411 2
750 411 3
751 411 3
752 411 2
753 411 2
754 411 1
764 411 1
765 411 3
766 411 2
770 411 2
771 411 3
773 411 1
776 411 1
779 411 2
784 411 1
785 411 3
790 411 2
791 411 3
793 411 3
794 411 1
807 411 1
812 411 2
816 411 2
819 411 1
821 411 3
824 411 2
825 411 2
831 411 2
835 411 3
837 411 3
839 411 1
846 411 1
848 411 3
849 411 2
853 411 1
854 411 2
859 411 3
861 411 1
864 411 3
867 411 2
868 411 1
871 411 2
872 411 2
876 411 2
877 411 3
882 411 2
883 411 3
889 411 1
890 411 2
893 411 3
895 411 1
899 411 3
900 411 3
910 411 2
916 411 2
917 411 2
921 411 1
924 411 2
925 411 3
926 411 3
928 411 2
930 411 3
932 411 2
934 411 1
937 411 3
938 411 3
942 411 1
943 411 1
944 411 2
948 411 1
949 411 1
954 411 1
955 411 3
957 411 1
962 411 2
963 411 2
966 411 3
967 411 1
972 411 2
975 411 3
978 411 1
979 411 3
982 411 2
985 411 1
987 411 3
990 411 2
992 411 1
993 411 3
3 412 2
4 412 2
9 412 2
10 412 2
12 412 2
18 412 3
19 412 1
22 412 3
23 412 1
24 412 3
28 412 3
32 412 3
37 412 3
40 412 3
41 412 3
42 412 1
44 412 2
49 412 3
51 412 2
54 412 2
55 412 3
56 412 2
59 412 2
68 412 3
69 412 3
75 412 1
76 412 2
79 412 3
82 412 1
87 412 2
99 412 3
105 412 3
106 412 3
107 412 1
108 412 2
110 412 2
111 412 3
112 412 2
113 412 3
116 412 1
117 412 3
121 412 3
123 412 2
124 412 1
126 412 2
129 412 2
130 412 2
132 412 1
134 412 1
140 412 1
141 412 2
142 412 2
149 412 2
150 412 1
151 412 3
152 412 2
156 412 1
163 412 2
166 412 3
169 412 1
177 412 1
185 412 1
188 412 3
189 412 3
191 412 2
192 412 1
193 412 2
196 412 1
198 412 3
202 412 1
204 412 1
206 412 3
209 412 2
215 412 2
216 412 3
218 412 1
220 412 3
221 412 3
225 412 1
232 412 3
235 412 2
239 412 3
240 412 1
241 412 1
242 412 1
244 412 3
245 412 3
249 412 2
261 412 2
266 412 3
267 412 2
271 412 3
272 412 1
273 412 2
274 412 2
275 412 2
277 412 3
279 412 1
280 412 2
281 412 2
283 412 2
286 412 3
289 412 2
291 412 1
292 412 3
293 412 2
295 412 3
298 412 3
300 412 3
301 412 1
302 412 1
303 412 3
304 412 1
307 412 3
