446 944 3
447 944 3
449 944 2
454 944 2
456 944 3
461 944 2
466 944 1
468 944 2
475 944 3
476 944 3
480 944 2
481 944 2
482 944 1
483 944 3
484 944 3
491 944 2
495 944 1
496 944 3
502 944 1
505 944 3
506 944 2
510 944 3
513 944 1
514 944 2
515 944 2
522 944 2
524 944 1
526 944 3
527 944 3
529 944 1
537 944 2
542 944 3
545 944 1
548 944 3
550 944 3
552 944 1
555 944 3
556 944 3
559 944 2
561 944 2
562 944 3
565 944 3
571 944 3
573 944 3
584 944 3
585 944 3
587 944 1
590 944 1
600 944 1
608 944 3
610 944 1
616 944 1
620 944 2
624 944 2
625 944 1
628 944 1
629 944 2
630 944 2
631 944 2
633 944 2
639 944 2
658 944 2
663 944 3
671 944 3
672 944 2
675 944 3
679 944 3
681 944 2
682 944 2
687 944 3
688 944 3
692 944 1
693 944 2
702 944 2
703 944 1
706 944 3
708 944 3
709 944 3
711 944 2
715 944 2
720 944 2
732 944 3
734 944 2
735 944 2
736 944 1
737 944 3
740 944 1
746 944 2
748 944 2
751 944 1
753 944 1
754 944 3
755 944 2
757 944 2
758 944 2
760 944 2
762 944 1
764 944 1
766 944 3
770 944 1
775 944 2
776 944 1
777 944 3
778 944 1
783 944 2
790 944 2
792 944 2
793 944 3
799 944 2
801 944 1
802 944 2
803 944 2
809 944 1
812 944 2
817 944 3
818 944 2
819 944 1
821 944 2
822 944 3
829 944 1
839 944 2
841 944 2
844 944 2
848 944 2
849 944 1
855 944 1
860 944 1
861 944 2
862 944 3
864 944 1
866 944 3
867 944 1
868 944 3
869 944 3
871 944 2
872 944 1
885 944 1
891 944 1
893 944 2
896 944 3
899 944 1
901 944 3
903 944 1
905 944 2
908 944 3
910 944 1
912 944 1
917 944 1
918 944 1
919 944 3
920 944 2
924 944 1
926 944 1
927 944 1
929 944 3
931 944 1
934 944 3
937 944 1
945 944 3
949 944 2
958 944 1
967 944 1
971 944 1
974 944 2
979 944 2
982 944 3
986 944 3
994 944 3
995 944 2
998 944 1
0 945 3
3 945 3
4 945 1
5 945 3
12 945 1
13 945 1
14 945 3
27 945 2
28 945 2
30 945 1
31 945 1
33 945 3
35 945 2
37 945 2
41 945 2
48 945 1
49 945 1
50 945 3
52 945 3
63 945 3
65 945 3
68 945 1
74 945 1
76 945 3
80 945 1
83 945 3
84 945 2
94 945 2
95 945 1
97 945 2
98 945 3
100 945 2
102 945 1
103 945 2
104 945 3
106 945 1
107 945 1
108 945 3
109 945 2
112 945 3
116 945 2
117 945 2
123 945 3
125 945 2
126 945 1
131 945 3
133 945 2
134 945 3
138 945 2
147 945 3
149 945 2
158 945 1
163 945 2
165 945 1
171 945 2
173 945 3
178 945 2
182 945 1
183 945 2
184 945 2
186 945 3
192 945 2
193 945 2
196 945 1
198 945 2
199 945 2
200 945 1
207 945 2
210 945 3
214 945 1
215 945 1
216 945 3
222 945 2
226 945 2
233 945 1
234 945 3
243 945 3
245 945 3
251 945 2
252 945 3
253 945 2
256 945 3
262 945 1
266 945 2
271 945 3
273 945 3
275 945 3
277 945 3
281 945 3
284 945 1
285 945 3
287 945 3
288 945 1
291 945 3
295 945 2
296 945 3
298 945 2
306 945 1
309 945 2
312 945 3
313 945 3
316 945 2
320 945 2
322 945 1
328 945 1
332 945 3
340 945 2
341 945 1
352 945 2
356 945 1
360 945 2
364 945 3
365 945 2
366 945 2
367 945 3
369 945 3
370 945 2
373 945 3
374 945 2
378 945 3
379 945 3
381 945 3
382 945 3
387 945 3
388 945 2
390 945 1
391 945 2
394 945 1
398 945 1
399 945 1
400 945 2
401 945 3
403 945 2
404 945 3
405 945 3
407 945 3
409 945 2
412 945 1
414 945 3
415 945 2
416 945 3
418 945 1
420 945 3
422 945 3
427 945 3
435 945 3
439 945 2
444 945 2
445 945 1
449 945 2
451 945 1
455 945 1
457 945 3
460 945 2
463 945 3
464 945 2
465 945 3
474 945 1
475 945 2
476 945 3
479 945 3
482 945 1
486 945 3
487 945 1
488 945 1
489 945 3
491 945 1
492 945 1
494 945 3
499 945 3
500 945 1
506 945 2
509 945 2
511 945 1
512 945 1
522 945 1
523 945 1
524 945 1
527 945 1
533 945 3
538 945 3
541 945 1
543 945 1
546 945 1
549 945 3
551 945 2
558 945 2
561 945 1
563 945 1
567 945 3
568 945 2
569 945 2
571 945 2
586 945 1
589 945 3
591 945 1
594 945 2
595 945 1
597 945 1
599 945 2
600 945 3
606 945 2
611 945 2
613 945 3
617 945 2
618 945 3
619 945 2
620 945 3
623 945 2
624 945 2
630 945 1
637 945 1
639 945 3
641 945 3
649 945 3
650 945 1
653 945 2
654 945 3
658 945 3
666 945 2
667 945 1
670 945 2
674 945 2
675 945 1
682 945 1
683 945 1
685 945 3
690 945 1
691 945 2
693 945 3
698 945 2
700 945 1
705 945 1
710 945 3
712 945 1
713 945 2
715 945 2
720 945 2
722 945 1
724 945 1
735 945 2
739 945 1
741 945 1
748 945 2
751 945 3
758 945 2
761 945 3
764 945 3
766 945 2
768 945 3
769 945 3
772 945 2
776 945 2
780 945 2
786 945 1
788 945 1
798 945 1
800 945 3
803 945 1
805 945 3
809 945 2
812 945 3
813 945 1
814 945 1
826 945 1
828 945 1
829 945 1
830 945 3
831 945 3
832 945 2
833 945 3
842 945 2
844 945 3
845 945 3
846 945 1
848 945 1
850 945 3
851 945 2
866 945 1
868 945 1
873 945 2
876 945 3
877 945 1
879 945 2
880 945 1
883 945 3
884 945 3
886 945 2
887 945 3
888 945 3
894 945 2
897 945 3
898 945 1
905 945 1
909 945 3
910 945 1
911 945 2
914 945 1
916 945 2
918 945 1
919 945 1
920 945 2
923 945 3
924 945 2
926 945 2
927 945 1
929 945 1
930 945 3
933 945 2
934 945 3
935 945 2
936 945 1
939 945 1
943 945 2
947 945 2
957 945 1
963 945 2
964 945 1
966 945 1
967 945 3
969 945 2
971 945 1
972 945 2
973 945 3
976 945 1
977 945 2
980 945 3
985 945 2
989 945 2
995 945 3
997 945 1
0 946 3
5 946 2
9 946 3
10 946 2
18 946 2
19 946 2
20 946 2
25 946 3
26 946 2
28 946 1
34 946 1
37 946 3
39 946 2
41 946 3
42 946 1
43 946 3
52 946 2
53 946 3
54 946 1
57 946 2
59 946 1
63 946 1
65 946 1
69 946 3
72 946 1
76 946 2
77 946 1
87 946 2
89 946 3
90 946 3
92 946 3
93 946 1
94 946 3
95 946 1
99 946 3
101 946 3
102 946 3
103 946 1
105 946 2
106 946 3
108 946 3
110 946 2
112 946 3
118 946 3
119 946 3
120 946 2
121 946 3
123 946 1
126 946 2
128 946 3
129 946 1
135 946 1
137 946 2
138 946 2
141 946 2
143 946 1
146 946 2
147 946 3
149 946 2
150 946 3
151 946 3
155 946 3
159 946 2
168 946 3
171 946 2
172 946 1
176 946 3
177 946 3
178 946 1
181 946 2
182 946 3
183 946 1
187 946 1
190 946 1
191 946 2
192 946 1
193 946 2
195 946 1
197 946 3
202 946 2
205 946 1
206 946 3
209 946 1
211 946 3
214 946 2
220 946 1
224 946 1
225 946 1
227 946 2
233 946 1
238 946 1
242 946 3
243 946 1
247 946 2
256 946 2
257 946 1
258 946 2
260 946 3
262 946 2
263 946 2
264 946 3
266 946 1
275 946 3
279 946 3
284 946 1
285 946 1
286 946 3
291 946 1
292 946 1
298 946 3
302 946 2
306 946 1
312 946 3
314 946 3
315 946 2
320 946 3
321 946 1
337 946 2
341 946 3
347 946 2
349 946 1
354 946 1
360 946 1
361 946 3
362 946 1
363 946 1
365 946 3
367 946 3
369 946 2
373 946 3
374 946 3
377 946 3
381 946 1
382 946 2
384 946 3
386 946 2
387 946 2
388 946 1
389 946 1
391 946 3
394 946 2
395 946 2
399 946 2
401 946 2
402 946 1
403 946 1
404 946 2
408 946 2
412 946 3
413 946 2
414 946 1
417 946 2
419 946 2
420 946 3
423 946 3
426 946 1
428 946 1
433 946 2
434 946 2
435 946 2
443 946 1
447 946 2
448 946 2
449 946 2
451 946 1
