326 426 1
329 426 3
332 426 2
334 426 3
336 426 3
337 426 1
338 426 3
345 426 2
346 426 2
347 426 1
350 426 2
353 426 1
356 426 1
358 426 1
360 426 2
363 426 2
366 426 3
367 426 1
369 426 3
373 426 2
378 426 2
384 426 3
385 426 2
386 426 1
388 426 1
390 426 2
391 426 2
395 426 1
399 426 3
400 426 2
401 426 3
403 426 1
408 426 3
409 426 3
410 426 3
411 426 1
413 426 3
421 426 2
422 426 1
424 426 1
425 426 2
428 426 3
430 426 3
435 426 3
438 426 2
449 426 1
454 426 2
457 426 3
464 426 2
465 426 1
466 426 1
468 426 2
469 426 2
474 426 1
476 426 1
478 426 3
482 426 3
489 426 2
498 426 2
499 426 3
506 426 2
508 426 1
511 426 2
513 426 3
514 426 1
518 426 2
521 426 2
522 426 3
523 426 3
524 426 2
526 426 1
530 426 2
533 426 3
535 426 2
536 426 3
537 426 2
538 426 1
539 426 1
548 426 1
549 426 1
552 426 1
554 426 2
560 426 1
561 426 3
562 426 1
566 426 2
570 426 1
571 426 3
583 426 1
586 426 2
591 426 2
595 426 1
604 426 1
606 426 2
609 426 3
614 426 2
619 426 1
620 426 2
625 426 3
626 426 2
627 426 3
630 426 2
642 426 2
652 426 2
655 426 1
659 426 3
660 426 2
662 426 1
665 426 2
669 426 2
670 426 3
675 426 1
678 426 2
690 426 1
693 426 3
697 426 2
699 426 3
702 426 2
705 426 2
709 426 3
710 426 1
711 426 1
714 426 1
716 426 1
720 426 3
721 426 1
728 426 2
729 426 2
730 426 2
740 426 3
744 426 1
746 426 2
747 426 1
748 426 3
752 426 2
761 426 2
764 426 2
772 426 2
773 426 3
775 426 3
777 426 2
779 426 2
783 426 2
786 426 1
790 426 2
792 426 3
803 426 3
805 426 1
808 426 3
809 426 1
812 426 2
813 426 1
817 426 1
819 426 3
820 426 3
831 426 1
833 426 3
836 426 1
837 426 3
838 426 2
841 426 3
843 426 2
849 426 3
853 426 2
855 426 2
864 426 3
866 426 2
870 426 1
882 426 1
883 426 2
884 426 2
885 426 3
886 426 2
891 426 1
894 426 2
895 426 1
898 426 3
901 426 2
902 426 2
905 426 1
906 426 3
910 426 3
911 426 1
912 426 1
917 426 3
918 426 2
919 426 1
920 426 1
921 426 2
927 426 2
932 426 2
933 426 1
939 426 1
941 426 2
942 426 2
951 426 3
952 426 3
953 426 3
954 426 3
955 426 2
956 426 3
958 426 1
960 426 2
965 426 3
971 426 2
974 426 1
978 426 3
979 426 3
984 426 3
986 426 2
987 426 2
988 426 2
990 426 2
992 426 3
994 426 3
999 426 1
0 427 2
2 427 1
3 427 3
6 427 2
9 427 3
11 427 3
12 427 3
16 427 2
19 427 3
25 427 1
31 427 1
36 427 1
37 427 3
40 427 3
43 427 2
45 427 3
46 427 1
47 427 1
50 427 1
53 427 1
63 427 1
65 427 1
66 427 1
68 427 1
74 427 3
76 427 2
79 427 2
85 427 1
102 427 3
105 427 1
110 427 1
114 427 1
115 427 3
117 427 2
118 427 3
119 427 1
120 427 1
123 427 1
125 427 3
126 427 2
128 427 1
129 427 1
131 427 3
137 427 1
139 427 2
141 427 2
147 427 1
148 427 2
150 427 2
151 427 3
158 427 2
160 427 3
161 427 3
162 427 2
175 427 1
176 427 1
177 427 1
178 427 1
179 427 2
184 427 3
186 427 1
189 427 3
190 427 3
197 427 3
201 427 2
205 427 2
210 427 3
222 427 1
226 427 3
231 427 3
233 427 2
238 427 1
239 427 2
242 427 3
243 427 3
248 427 1
250 427 2
252 427 1
253 427 3
257 427 2
261 427 1
264 427 3
266 427 2
268 427 3
276 427 2
281 427 3
285 427 3
288 427 1
292 427 3
293 427 3
295 427 3
299 427 2
302 427 3
303 427 1
311 427 1
312 427 2
314 427 2
319 427 3
321 427 2
323 427 2
324 427 3
330 427 2
332 427 1
334 427 2
335 427 1
336 427 2
341 427 1
349 427 2
355 427 1
356 427 3
362 427 2
371 427 2
372 427 3
374 427 2
376 427 3
378 427 2
386 427 3
387 427 2
389 427 3
393 427 3
404 427 2
405 427 3
413 427 3
416 427 1
418 427 3
422 427 3
424 427 2
425 427 2
426 427 3
428 427 3
430 427 3
438 427 3
440 427 1
441 427 3
444 427 1
446 427 3
447 427 1
448 427 1
450 427 3
453 427 3
460 427 3
468 427 1
469 427 1
473 427 1
474 427 2
477 427 2
478 427 1
479 427 1
485 427 3
489 427 2
491 427 2
499 427 2
503 427 2
511 427 2
521 427 1
534 427 1
535 427 1
537 427 2
539 427 2
540 427 3
542 427 2
553 427 3
559 427 2
563 427 2
566 427 2
568 427 2
570 427 1
581 427 2
585 427 3
589 427 2
595 427 2
599 427 3
601 427 3
603 427 1
606 427 3
607 427 3
609 427 2
612 427 3
613 427 1
628 427 2
631 427 2
637 427 1
638 427 3
639 427 2
641 427 1
643 427 3
649 427 1
652 427 3
653 427 2
655 427 2
658 427 1
660 427 1
664 427 2
666 427 3
668 427 3
674 427 3
675 427 1
676 427 3
678 427 1
694 427 2
695 427 1
697 427 2
698 427 3
699 427 2
701 427 2
706 427 3
708 427 2
711 427 3
714 427 2
728 427 1
733 427 2
740 427 1
741 427 1
742 427 2
747 427 3
750 427 1
756 427 1
760 427 2
763 427 3
768 427 1
769 427 1
770 427 1
773 427 1
777 427 1
780 427 1
785 427 1
786 427 1
790 427 2
794 427 1
799 427 1
818 427 2
821 427 3
826 427 1
827 427 2
830 427 1
833 427 2
837 427 2
840 427 2
841 427 3
844 427 2
849 427 2
850 427 2
851 427 1
852 427 1
853 427 3
857 427 1
858 427 1
862 427 2
865 427 3
867 427 1
878 427 2
883 427 2
884 427 3
888 427 1
889 427 2
891 427 3
896 427 3
898 427 1
899 427 2
906 427 1
918 427 2
926 427 3
932 427 3
935 427 3
938 427 2
940 427 2
942 427 3
950 427 2
952 427 1
956 427 3
958 427 2
963 427 2
968 427 2
969 427 2
973 427 2
975 427 1
977 427 1
978 427 2
986 427 1
990 427 2
994 427 2
998 427 2
7 428 3
8 428 2
10 428 3
11 428 1
21 428 1
24 428 2
26 428 2
28 428 3
32 428 2
33 428 2
34 428 3
38 428 3
43 428 3
45 428 2
55 428 3
56 428 2
60 428 3
62 428 1
63 428 1
66 428 1
75 428 1
77 428 3
78 428 3
79 428 3
80 428 1
86 428 1
88 428 1
89 428 3
91 428 1
92 428 1
100 428 2
107 428 1
111 428 2
112 428 1
116 428 2
117 428 3
121 428 3
126 428 3
130 428 2
134 428 3
139 428 2
140 428 3
141 428 1
143 428 2
149 428 2
156 428 2
160 428 2
173 428 2
174 428 3
179 428 2
180 428 3
185 428 1
187 428 2
190 428 3
197 428 2
202 428 2
207 428 3
211 428 2
213 428 1
214 428 3
220 428 2
222 428 1
226 428 2
230 428 1
237 428 2
240 428 2
242 428 2
243 428 1
244 428 1
249 428 3
251 428 3
258 428 3
262 428 2
264 428 3
271 428 2
272 428 2
273 428 1
278 428 2
279 428 3
281 428 2
288 428 3
292 428 2
295 428 2
296 428 3
298 428 1
300 428 1
310 428 3
311 428 3
315 428 2
316 428 2
317 428 1
320 428 2
321 428 1
325 428 1
328 428 2
329 428 1
330 428 2
331 428 1
339 428 2
340 428 3
341 428 2
344 428 2
347 428 1
349 428 1
351 428 3
354 428 3
357 428 1
358 428 3
360 428 1
362 428 2
365 428 1
368 428 1
369 428 1
370 428 3
372 428 1
375 428 2
382 428 3
392 428 2
402 428 3
406 428 1
407 428 3
411 428 1
412 428 1
421 428 3
422 428 1
423 428 2
428 428 1
430 428 2
432 428 1
441 428 3
445 428 2
451 428 1
452 428 2
453 428 1
457 428 3
463 428 3
465 428 3
466 428 1
469 428 1
475 428 3
482 428 2
485 428 3
488 428 3
491 428 1
493 428 1
497 428 3
504 428 2
507 428 1
508 428 1
513 428 2
514 428 2
516 428 2
517 428 3
518 428 1
519 428 1
522 428 1
525 428 3
527 428 2
528 428 1
538 428 3
540 428 2
546 428 1
547 428 1
549 428 3
552 428 3
553 428 3
555 428 3
558 428 3
