369 36 3
371 36 2
373 36 2
374 36 1
375 36 3
376 36 3
377 36 2
380 36 3
383 36 1
385 36 1
386 36 3
387 36 2
392 36 2
393 36 2
397 36 1
398 36 3
399 36 1
401 36 2
404 36 3
406 36 1
407 36 3
408 36 3
409 36 3
410 36 1
415 36 3
418 36 2
421 36 2
424 36 3
425 36 2
429 36 2
433 36 3
436 36 3
444 36 3
445 36 1
450 36 3
452 36 3
453 36 2
455 36 3
463 36 3
465 36 2
469 36 1
470 36 3
473 36 3
474 36 1
477 36 3
486 36 3
491 36 3
502 36 2
506 36 3
507 36 1
513 36 3
514 36 3
516 36 3
517 36 1
519 36 1
523 36 2
529 36 3
531 36 1
533 36 2
534 36 1
535 36 2
536 36 2
538 36 2
540 36 2
542 36 1
546 36 2
550 36 3
552 36 1
557 36 3
559 36 1
562 36 1
563 36 3
564 36 3
570 36 3
580 36 1
581 36 1
585 36 2
591 36 2
600 36 2
602 36 1
604 36 3
608 36 1
612 36 1
613 36 2
615 36 2
624 36 3
625 36 3
626 36 2
627 36 3
628 36 1
632 36 1
636 36 2
639 36 2
642 36 2
645 36 3
646 36 1
651 36 1
656 36 1
660 36 2
663 36 1
667 36 3
668 36 3
672 36 2
676 36 2
678 36 2
681 36 1
683 36 3
689 36 2
693 36 1
706 36 3
707 36 1
713 36 1
718 36 3
721 36 1
724 36 1
725 36 3
726 36 1
728 36 3
731 36 3
736 36 2
738 36 1
740 36 1
741 36 2
743 36 3
745 36 3
747 36 1
750 36 2
752 36 1
753 36 3
756 36 1
761 36 1
764 36 3
766 36 2
769 36 2
772 36 2
773 36 3
776 36 3
779 36 1
782 36 1
785 36 3
787 36 3
792 36 2
794 36 2
795 36 2
799 36 3
802 36 2
807 36 3
809 36 3
814 36 2
815 36 1
819 36 1
820 36 2
821 36 2
822 36 1
824 36 3
826 36 2
828 36 1
829 36 3
831 36 2
833 36 3
835 36 3
836 36 1
837 36 1
839 36 3
840 36 3
846 36 3
849 36 3
851 36 2
854 36 2
856 36 1
859 36 2
860 36 3
863 36 2
865 36 3
870 36 3
871 36 1
874 36 1
875 36 1
878 36 3
881 36 1
883 36 2
887 36 1
894 36 3
900 36 1
904 36 1
909 36 3
921 36 2
925 36 2
933 36 1
934 36 3
935 36 3
937 36 2
939 36 1
940 36 1
942 36 1
946 36 1
952 36 3
953 36 3
954 36 3
956 36 3
960 36 1
961 36 1
963 36 2
964 36 2
966 36 2
968 36 2
969 36 1
972 36 1
974 36 1
975 36 2
980 36 2
982 36 1
988 36 3
989 36 2
991 36 1
997 36 2
999 36 1
0 37 2
5 37 3
14 37 1
17 37 2
18 37 2
19 37 1
21 37 1
22 37 1
23 37 3
26 37 3
28 37 2
29 37 1
33 37 3
35 37 1
36 37 3
50 37 2
55 37 1
60 37 1
64 37 3
65 37 2
66 37 3
68 37 1
69 37 3
70 37 3
72 37 1
73 37 3
74 37 1
76 37 3
83 37 2
86 37 1
90 37 3
93 37 1
94 37 2
96 37 1
98 37 3
100 37 2
103 37 3
105 37 3
107 37 3
111 37 3
113 37 1
123 37 2
125 37 3
132 37 2
137 37 1
138 37 3
145 37 2
147 37 3
148 37 3
151 37 3
153 37 2
154 37 1
158 37 2
162 37 1
163 37 3
168 37 2
169 37 3
170 37 1
174 37 3
176 37 2
184 37 1
185 37 3
186 37 3
189 37 3
190 37 3
191 37 2
195 37 2
197 37 3
201 37 2
203 37 1
207 37 2
209 37 3
216 37 2
217 37 1
223 37 2
225 37 1
226 37 2
227 37 3
228 37 2
231 37 3
232 37 2
233 37 3
235 37 3
236 37 2
238 37 3
240 37 1
245 37 2
248 37 3
252 37 2
255 37 1
257 37 2
261 37 2
263 37 2
264 37 3
267 37 2
271 37 2
275 37 1
277 37 3
286 37 2
288 37 2
300 37 2
307 37 2
308 37 2
314 37 3
320 37 3
324 37 2
325 37 1
327 37 1
329 37 2
332 37 3
335 37 2
337 37 2
339 37 2
341 37 1
344 37 3
348 37 2
355 37 2
356 37 3
358 37 2
359 37 2
360 37 2
364 37 3
365 37 1
369 37 3
383 37 2
386 37 1
393 37 3
394 37 3
397 37 1
399 37 3
401 37 1
407 37 1
409 37 1
410 37 2
413 37 1
417 37 3
419 37 2
425 37 3
427 37 2
428 37 1
435 37 2
436 37 3
440 37 3
441 37 2
443 37 2
444 37 2
451 37 2
454 37 3
456 37 3
459 37 1
460 37 3
463 37 3
468 37 2
473 37 1
475 37 1
476 37 2
479 37 2
485 37 1
489 37 2
491 37 3
492 37 3
494 37 1
498 37 1
500 37 3
501 37 2
503 37 2
504 37 2
505 37 3
506 37 3
508 37 2
511 37 3
513 37 3
515 37 1
516 37 1
519 37 3
521 37 2
524 37 2
527 37 1
533 37 1
535 37 2
538 37 1
540 37 1
558 37 2
562 37 3
564 37 1
570 37 2
574 37 1
575 37 2
578 37 3
579 37 3
581 37 2
583 37 1
588 37 1
589 37 3
592 37 2
595 37 1
596 37 2
598 37 2
600 37 3
601 37 3
602 37 1
607 37 2
609 37 3
610 37 2
611 37 3
612 37 1
619 37 3
620 37 1
622 37 1
623 37 3
624 37 3
632 37 3
635 37 1
645 37 1
646 37 3
648 37 2
653 37 2
655 37 1
657 37 2
660 37 2
663 37 1
671 37 1
672 37 3
674 37 2
676 37 2
677 37 2
678 37 3
679 37 1
680 37 2
685 37 2
687 37 3
690 37 2
692 37 1
703 37 1
706 37 2
707 37 1
712 37 1
716 37 2
720 37 2
728 37 1
730 37 3
733 37 1
734 37 1
736 37 1
737 37 3
738 37 2
741 37 3
742 37 2
745 37 2
750 37 1
754 37 3
757 37 3
761 37 1
766 37 1
768 37 2
769 37 3
771 37 1
772 37 3
791 37 2
792 37 2
793 37 2
796 37 1
798 37 2
799 37 3
800 37 2
805 37 3
810 37 2
812 37 1
818 37 3
822 37 3
826 37 2
837 37 2
838 37 3
842 37 1
843 37 1
845 37 3
848 37 2
850 37 3
851 37 2
855 37 2
860 37 1
862 37 2
864 37 1
865 37 2
867 37 1
868 37 1
873 37 3
876 37 3
883 37 2
887 37 3
897 37 2
898 37 1
899 37 1
901 37 2
907 37 2
908 37 1
910 37 1
911 37 2
912 37 2
913 37 1
914 37 3
915 37 2
925 37 2
927 37 2
928 37 1
931 37 2
933 37 3
935 37 3
936 37 2
939 37 1
941 37 3
943 37 2
944 37 1
945 37 3
946 37 1
952 37 1
954 37 1
958 37 3
959 37 1
964 37 2
966 37 3
968 37 1
976 37 2
978 37 1
980 37 1
981 37 2
984 37 2
986 37 2
988 37 1
989 37 1
991 37 3
992 37 1
993 37 1
994 37 3
996 37 3
997 37 1
2 38 1
7 38 1
8 38 2
9 38 2
22 38 3
24 38 2
25 38 3
27 38 1
34 38 2
35 38 3
37 38 3
38 38 3
47 38 1
50 38 3
51 38 2
54 38 1
57 38 2
59 38 1
61 38 2
63 38 1
65 38 2
69 38 2
75 38 3
76 38 1
77 38 1
79 38 2
83 38 2
84 38 1
85 38 2
86 38 3
87 38 2
93 38 3
97 38 3
99 38 3
103 38 1
109 38 2
115 38 3
118 38 2
120 38 2
121 38 2
122 38 1
129 38 2
130 38 3
131 38 2
148 38 1
149 38 3
152 38 2
155 38 2
162 38 1
163 38 2
165 38 1
166 38 3
167 38 3
168 38 2
172 38 2
178 38 1
179 38 1
182 38 3
185 38 3
189 38 1
190 38 2
191 38 2
196 38 2
199 38 3
200 38 1
201 38 3
209 38 3
212 38 1
214 38 3
221 38 2
227 38 2
230 38 3
231 38 3
234 38 2
243 38 2
244 38 2
251 38 3
253 38 3
256 38 2
259 38 2
260 38 1
262 38 1
263 38 1
265 38 1
266 38 1
268 38 3
269 38 2
276 38 1
285 38 3
286 38 2
289 38 2
292 38 2
293 38 2
294 38 2
295 38 2
296 38 1
297 38 1
304 38 3
309 38 2
311 38 3
315 38 3
319 38 2
328 38 2
332 38 3
335 38 3
337 38 3
338 38 2
340 38 3
349 38 1
350 38 3
355 38 3
365 38 2
369 38 1
