516 568 3
519 568 3
523 568 1
525 568 2
527 568 3
528 568 2
534 568 2
539 568 2
540 568 3
543 568 2
544 568 3
548 568 2
549 568 3
551 568 3
554 568 1
558 568 2
561 568 1
563 568 3
566 568 2
567 568 2
570 568 2
577 568 1
578 568 2
581 568 3
582 568 2
589 568 2
594 568 1
598 568 2
602 568 2
609 568 3
610 568 3
614 568 3
615 568 3
620 568 1
623 568 2
624 568 3
626 568 1
627 568 2
631 568 2
636 568 1
638 568 3
643 568 1
646 568 2
647 568 2
649 568 2
653 568 2
654 568 2
657 568 3
659 568 3
660 568 1
663 568 3
665 568 1
670 568 3
671 568 1
673 568 1
675 568 2
685 568 1
686 568 1
689 568 2
696 568 2
698 568 1
699 568 2
704 568 3
708 568 1
709 568 1
713 568 2
715 568 2
722 568 2
724 568 3
725 568 1
727 568 3
728 568 2
729 568 2
733 568 2
735 568 3
741 568 1
748 568 2
751 568 3
752 568 2
753 568 1
754 568 3
755 568 1
756 568 1
757 568 3
763 568 1
764 568 2
768 568 2
769 568 2
770 568 2
782 568 1
783 568 1
785 568 1
787 568 2
789 568 1
792 568 2
794 568 2
806 568 2
808 568 3
810 568 3
811 568 2
812 568 3
815 568 2
818 568 3
822 568 1
823 568 1
824 568 2
828 568 1
829 568 2
830 568 2
834 568 2
845 568 2
848 568 1
849 568 2
850 568 2
851 568 1
855 568 3
856 568 3
861 568 2
869 568 1
871 568 3
875 568 3
877 568 1
879 568 1
880 568 1
881 568 3
883 568 3
887 568 3
888 568 1
890 568 3
891 568 2
894 568 1
897 568 1
898 568 2
904 568 3
906 568 2
911 568 2
912 568 2
913 568 3
919 568 2
920 568 1
921 568 1
923 568 1
925 568 3
931 568 1
933 568 2
934 568 1
940 568 2
943 568 3
945 568 1
946 568 1
947 568 1
948 568 1
950 568 2
952 568 2
953 568 2
956 568 3
957 568 2
959 568 3
962 568 1
969 568 3
970 568 1
974 568 1
975 568 2
977 568 1
979 568 1
984 568 1
985 568 2
988 568 2
995 568 3
996 568 2
2 569 2
8 569 3
12 569 2
13 569 1
15 569 3
19 569 3
22 569 3
26 569 1
30 569 3
31 569 3
32 569 3
36 569 3
49 569 1
55 569 3
60 569 2
61 569 1
63 569 3
67 569 2
69 569 3
70 569 1
71 569 3
72 569 3
75 569 3
81 569 2
82 569 1
83 569 2
85 569 1
87 569 1
90 569 3
91 569 2
94 569 3
95 569 1
96 569 1
98 569 2
99 569 1
100 569 2
102 569 3
105 569 2
106 569 1
107 569 1
109 569 2
110 569 1
114 569 2
116 569 1
118 569 1
119 569 1
128 569 1
131 569 2
134 569 2
137 569 3
143 569 1
150 569 2
152 569 1
163 569 2
165 569 2
166 569 1
170 569 3
189 569 1
190 569 3
193 569 3
194 569 3
197 569 2
202 569 3
207 569 1
208 569 3
212 569 1
214 569 3
217 569 2
219 569 1
230 569 1
235 569 2
236 569 1
238 569 1
244 569 3
245 569 2
247 569 2
248 569 2
249 569 2
251 569 2
254 569 2
256 569 1
259 569 3
262 569 1
264 569 2
265 569 2
266 569 2
274 569 3
278 569 2
281 569 2
288 569 2
296 569 1
299 569 2
301 569 2
309 569 2
317 569 3
318 569 3
320 569 1
324 569 2
325 569 2
327 569 1
333 569 3
336 569 1
338 569 1
340 569 2
341 569 1
343 569 1
351 569 1
354 569 3
357 569 3
360 569 1
361 569 1
363 569 3
365 569 2
369 569 2
372 569 2
373 569 3
379 569 3
380 569 2
386 569 2
387 569 1
390 569 3
391 569 2
395 569 2
398 569 2
407 569 1
408 569 2
411 569 3
412 569 1
421 569 2
429 569 3
433 569 3
436 569 1
440 569 3
444 569 2
454 569 2
456 569 1
458 569 1
462 569 3
467 569 2
468 569 1
469 569 3
470 569 3
471 569 2
475 569 1
476 569 3
478 569 3
482 569 1
485 569 2
487 569 2
490 569 3
493 569 3
494 569 2
496 569 1
501 569 3
502 569 1
506 569 3
517 569 2
520 569 3
521 569 3
526 569 1
530 569 2
536 569 3
543 569 2
550 569 1
551 569 1
554 569 2
555 569 1
557 569 3
563 569 2
566 569 1
568 569 2
569 569 3
570 569 2
574 569 2
577 569 3
579 569 2
581 569 1
582 569 1
588 569 3
589 569 1
591 569 2
592 569 2
593 569 2
597 569 2
599 569 3
600 569 3
603 569 2
605 569 1
610 569 3
612 569 2
618 569 3
622 569 3
624 569 3
627 569 2
628 569 3
629 569 3
632 569 3
633 569 2
637 569 1
638 569 1
640 569 1
644 569 2
645 569 2
648 569 3
654 569 1
655 569 2
657 569 3
658 569 1
665 569 3
669 569 2
672 569 2
675 569 2
676 569 3
679 569 3
687 569 3
689 569 3
691 569 3
693 569 2
694 569 3
697 569 3
698 569 3
704 569 1
706 569 1
710 569 2
711 569 1
712 569 3
719 569 3
722 569 2
723 569 1
731 569 3
733 569 1
734 569 2
738 569 1
741 569 3
747 569 3
751 569 1
753 569 1
755 569 3
756 569 2
757 569 3
761 569 3
764 569 2
765 569 3
767 569 3
768 569 2
773 569 1
779 569 1
782 569 1
787 569 2
789 569 3
791 569 2
794 569 3
795 569 2
799 569 3
804 569 2
805 569 1
812 569 3
816 569 1
817 569 3
825 569 1
826 569 2
828 569 1
832 569 3
834 569 3
835 569 2
846 569 2
854 569 2
856 569 3
858 569 2
861 569 1
869 569 1
871 569 1
873 569 3
874 569 1
875 569 2
876 569 3
878 569 1
879 569 1
882 569 1
883 569 2
887 569 2
889 569 3
892 569 1
894 569 2
896 569 3
907 569 2
911 569 3
913 569 2
914 569 1
915 569 3
917 569 2
921 569 3
923 569 1
929 569 1
933 569 1
935 569 3
938 569 1
942 569 1
945 569 2
949 569 1
950 569 2
954 569 2
961 569 2
963 569 2
966 569 3
969 569 2
971 569 3
973 569 3
975 569 3
976 569 2
979 569 1
980 569 2
982 569 2
985 569 1
988 569 3
993 569 3
994 569 3
995 569 2
998 569 1
0 570 3
1 570 3
2 570 2
5 570 2
6 570 2
19 570 2
20 570 1
23 570 1
25 570 1
27 570 1
29 570 3
33 570 3
39 570 1
40 570 3
44 570 3
45 570 1
48 570 2
51 570 3
62 570 2
66 570 1
68 570 3
70 570 1
71 570 3
76 570 1
77 570 3
78 570 2
81 570 1
83 570 3
85 570 3
87 570 3
88 570 3
90 570 3
91 570 2
92 570 2
94 570 3
97 570 1
100 570 3
101 570 1
104 570 3
105 570 3
111 570 2
112 570 1
115 570 2
116 570 1
120 570 1
121 570 2
122 570 3
124 570 2
126 570 2
128 570 2
137 570 3
138 570 3
140 570 1
142 570 1
148 570 2
152 570 1
154 570 2
155 570 1
160 570 3
162 570 3
163 570 1
164 570 3
170 570 2
173 570 2
176 570 2
180 570 1
187 570 3
189 570 2
192 570 1
199 570 3
203 570 1
206 570 3
208 570 1
210 570 3
213 570 2
218 570 1
222 570 1
224 570 3
225 570 3
232 570 2
234 570 3
235 570 2
239 570 2
243 570 3
245 570 2
247 570 3
249 570 1
251 570 1
254 570 2
255 570 3
264 570 2
265 570 2
274 570 3
276 570 2
282 570 3
287 570 1
296 570 2
302 570 2
307 570 1
308 570 1
310 570 2
311 570 1
315 570 1
316 570 1
317 570 2
318 570 3
319 570 3
320 570 2
321 570 2
323 570 2
324 570 2
325 570 2
329 570 2
333 570 1
334 570 1
335 570 2
339 570 3
342 570 2
344 570 1
347 570 1
349 570 2
351 570 3
356 570 3
358 570 3
359 570 3
360 570 1
366 570 2
367 570 1
368 570 3
370 570 3
372 570 1
373 570 1
374 570 1
375 570 3
380 570 2
384 570 2
385 570 1
386 570 2
390 570 3
391 570 3
392 570 3
398 570 3
401 570 3
402 570 3
404 570 3
406 570 3
407 570 1
409 570 1
411 570 2
415 570 2
419 570 1
424 570 2
428 570 2
430 570 1
432 570 2
434 570 1
441 570 3
446 570 2
447 570 3
448 570 1
450 570 2
452 570 1
454 570 3
457 570 3
460 570 3
461 570 1
472 570 1
474 570 2
476 570 3
480 570 3
481 570 3
482 570 3
483 570 1
485 570 2
492 570 3
497 570 2
500 570 1
