264 245 3
270 245 2
271 245 2
274 245 3
278 245 2
281 245 3
288 245 2
289 245 3
290 245 3
294 245 3
295 245 3
299 245 1
300 245 2
301 245 2
304 245 2
305 245 3
307 245 2
309 245 2
313 245 2
315 245 3
316 245 2
321 245 3
322 245 3
331 245 2
332 245 1
334 245 1
335 245 3
337 245 1
338 245 1
339 245 2
342 245 3
348 245 1
350 245 3
351 245 3
352 245 2
361 245 3
367 245 3
370 245 3
371 245 2
373 245 1
379 245 1
380 245 1
384 245 3
385 245 3
386 245 3
388 245 1
389 245 3
393 245 2
396 245 3
397 245 1
398 245 2
399 245 1
401 245 2
402 245 2
405 245 3
411 245 2
412 245 2
415 245 3
419 245 2
422 245 3
429 245 3
430 245 3
433 245 1
437 245 2
443 245 2
445 245 3
450 245 2
453 245 3
454 245 3
458 245 3
460 245 2
461 245 1
462 245 3
466 245 2
472 245 3
475 245 1
476 245 2
477 245 3
481 245 1
485 245 3
487 245 3
498 245 1
499 245 1
503 245 3
507 245 2
508 245 1
515 245 3
516 245 3
519 245 2
521 245 1
522 245 1
526 245 2
531 245 1
534 245 1
539 245 1
541 245 3
545 245 3
546 245 1
548 245 3
561 245 1
566 245 1
574 245 2
575 245 3
577 245 1
581 245 1
582 245 3
583 245 1
585 245 1
586 245 1
589 245 2
590 245 3
593 245 1
595 245 2
598 245 3
599 245 1
601 245 2
603 245 2
604 245 2
605 245 1
606 245 3
611 245 2
612 245 3
616 245 3
617 245 2
619 245 2
620 245 1
629 245 1
632 245 3
633 245 1
635 245 1
639 245 2
643 245 1
647 245 3
649 245 1
652 245 1
653 245 1
654 245 2
656 245 3
657 245 1
664 245 1
666 245 1
672 245 2
673 245 3
676 245 3
677 245 3
684 245 3
685 245 3
691 245 1
692 245 1
693 245 3
703 245 3
705 245 2
707 245 2
710 245 2
716 245 1
723 245 1
726 245 1
732 245 2
734 245 2
736 245 1
738 245 2
741 245 1
742 245 3
748 245 1
751 245 2
756 245 3
758 245 1
760 245 3
770 245 2
771 245 1
772 245 2
773 245 1
777 245 1
778 245 2
780 245 2
784 245 3
785 245 2
789 245 1
792 245 2
793 245 3
796 245 2
799 245 1
800 245 1
801 245 3
803 245 1
804 245 3
805 245 2
809 245 3
811 245 1
815 245 3
817 245 3
820 245 3
821 245 3
824 245 1
828 245 1
830 245 1
832 245 3
834 245 3
836 245 3
840 245 2
852 245 2
857 245 1
859 245 3
862 245 3
863 245 1
872 245 1
877 245 1
880 245 3
884 245 1
885 245 1
886 245 2
887 245 1
890 245 2
892 245 2
894 245 3
898 245 2
899 245 1
903 245 2
907 245 2
911 245 1
913 245 3
914 245 2
921 245 1
923 245 2
933 245 1
936 245 1
959 245 3
960 245 2
961 245 2
962 245 2
967 245 1
970 245 1
971 245 3
972 245 3
974 245 1
975 245 2
976 245 3
979 245 3
981 245 2
989 245 3
992 245 2
998 245 1
5 246 1
7 246 1
8 246 2
9 246 2
10 246 1
11 246 1
17 246 2
19 246 1
20 246 1
25 246 2
26 246 1
33 246 1
34 246 3
40 246 3
43 246 2
44 246 1
46 246 1
47 246 3
51 246 3
52 246 3
55 246 1
56 246 3
62 246 2
63 246 2
65 246 1
67 246 2
68 246 2
72 246 3
83 246 3
86 246 2
90 246 1
91 246 1
93 246 2
96 246 1
98 246 3
99 246 2
100 246 1
103 246 3
104 246 1
105 246 1
107 246 1
110 246 2
111 246 3
116 246 3
120 246 3
123 246 3
124 246 2
125 246 3
126 246 2
133 246 3
134 246 3
136 246 3
139 246 2
140 246 3
145 246 3
150 246 2
151 246 3
154 246 3
157 246 2
162 246 2
169 246 2
173 246 2
176 246 3
178 246 3
181 246 1
183 246 3
184 246 1
185 246 1
186 246 3
192 246 1
194 246 3
196 246 2
201 246 1
208 246 1
209 246 1
210 246 2
215 246 3
216 246 1
220 246 1
223 246 1
224 246 1
227 246 3
228 246 1
230 246 3
231 246 3
232 246 1
233 246 3
239 246 3
243 246 2
248 246 3
252 246 2
256 246 1
259 246 3
265 246 3
268 246 3
271 246 2
274 246 1
276 246 3
278 246 3
285 246 2
287 246 2
300 246 2
301 246 1
303 246 3
306 246 1
307 246 3
313 246 2
314 246 2
318 246 2
319 246 3
321 246 1
323 246 3
326 246 1
331 246 3
333 246 1
334 246 3
335 246 1
337 246 1
339 246 1
341 246 1
343 246 3
346 246 3
348 246 2
351 246 1
355 246 3
356 246 1
357 246 2
358 246 2
360 246 2
363 246 3
364 246 2
366 246 2
369 246 2
370 246 1
373 246 1
377 246 3
380 246 3
385 246 1
388 246 3
390 246 1
392 246 2
399 246 2
400 246 3
406 246 1
407 246 1
412 246 1
416 246 1
422 246 1
424 246 1
427 246 2
433 246 3
434 246 1
448 246 2
449 246 1
450 246 2
452 246 2
453 246 1
455 246 1
462 246 2
463 246 2
469 246 1
470 246 1
471 246 2
478 246 2
485 246 2
488 246 3
490 246 3
494 246 1
495 246 1
496 246 2
499 246 1
504 246 2
506 246 3
509 246 3
510 246 1
511 246 1
513 246 2
518 246 2
519 246 2
521 246 2
522 246 3
524 246 1
533 246 2
538 246 3
540 246 1
541 246 2
542 246 2
548 246 2
550 246 3
551 246 1
552 246 3
554 246 2
562 246 1
564 246 2
565 246 3
566 246 3
567 246 1
570 246 1
571 246 2
572 246 2
577 246 3
578 246 2
585 246 3
591 246 1
595 246 1
597 246 3
598 246 1
602 246 2
603 246 1
605 246 1
611 246 2
616 246 3
619 246 2
628 246 3
629 246 1
631 246 3
637 246 2
638 246 3
639 246 2
640 246 2
643 246 3
649 246 1
650 246 2
654 246 1
658 246 1
660 246 3
662 246 3
665 246 1
666 246 1
669 246 1
676 246 1
683 246 1
686 246 2
689 246 1
692 246 2
693 246 3
697 246 2
705 246 1
708 246 2
713 246 2
716 246 1
719 246 2
722 246 2
723 246 2
725 246 1
726 246 2
735 246 1
736 246 2
740 246 2
742 246 2
745 246 2
747 246 2
748 246 3
751 246 1
755 246 3
758 246 2
762 246 1
764 246 1
774 246 3
775 246 3
777 246 3
785 246 2
788 246 2
792 246 3
798 246 2
801 246 3
804 246 3
805 246 3
809 246 2
811 246 2
816 246 1
818 246 2
821 246 1
824 246 2
826 246 2
827 246 2
832 246 1
835 246 2
855 246 1
856 246 2
857 246 3
858 246 2
862 246 3
863 246 1
867 246 1
868 246 3
869 246 3
878 246 3
886 246 1
889 246 1
890 246 3
891 246 2
892 246 3
893 246 1
896 246 1
898 246 1
903 246 3
906 246 2
910 246 2
911 246 3
913 246 3
924 246 1
926 246 1
928 246 3
937 246 2
938 246 1
940 246 1
943 246 1
945 246 1
946 246 3
951 246 1
952 246 1
954 246 2
960 246 2
962 246 3
965 246 2
970 246 1
973 246 2
974 246 3
975 246 2
982 246 1
983 246 2
987 246 1
988 246 3
995 246 2
998 246 1
999 246 2
1 247 2
2 247 1
4 247 2
6 247 1
9 247 3
10 247 2
11 247 2
12 247 2
16 247 1
17 247 1
20 247 3
21 247 3
31 247 3
33 247 3
34 247 3
38 247 3
42 247 2
43 247 2
47 247 3
48 247 1
49 247 3
51 247 3
52 247 2
55 247 1
60 247 1
62 247 1
67 247 1
72 247 1
75 247 3
77 247 2
79 247 1
80 247 3
82 247 3
84 247 2
88 247 3
89 247 3
90 247 1
98 247 2
103 247 1
105 247 3
106 247 2
109 247 1
111 247 1
112 247 1
113 247 3
115 247 1
118 247 2
123 247 3
128 247 2
136 247 2
145 247 1
146 247 1
148 247 3
149 247 2
150 247 2
151 247 3
157 247 2
161 247 3
163 247 1
167 247 2
168 247 1
170 247 3
172 247 1
174 247 2
175 247 3
183 247 3
191 247 1
195 247 1
196 247 1
197 247 2
200 247 1
202 247 1
203 247 3
209 247 2
210 247 3
211 247 3
214 247 1
216 247 3
217 247 3
219 247 1
222 247 2
225 247 2
227 247 3
228 247 2
230 247 3
240 247 3
241 247 1
243 247 3
251 247 2
252 247 1
255 247 3
256 247 3
264 247 2
266 247 2
269 247 2
270 247 3
271 247 2
