393 940 3
407 940 2
408 940 3
410 940 1
413 940 3
415 940 2
418 940 2
419 940 3
422 940 2
425 940 2
429 940 3
432 940 1
434 940 1
437 940 2
439 940 2
440 940 3
442 940 2
448 940 2
454 940 3
457 940 2
458 940 1
461 940 1
464 940 2
468 940 2
469 940 3
475 940 2
476 940 3
479 940 1
480 940 1
485 940 1
486 940 1
492 940 1
493 940 2
497 940 3
499 940 3
503 940 1
506 940 2
511 940 3
512 940 2
516 940 1
517 940 1
521 940 2
523 940 2
524 940 3
531 940 1
533 940 1
534 940 1
544 940 3
545 940 2
546 940 2
547 940 1
555 940 3
564 940 1
565 940 2
568 940 3
573 940 2
574 940 1
575 940 2
581 940 3
582 940 2
583 940 2
587 940 2
589 940 1
593 940 2
595 940 1
596 940 3
597 940 2
599 940 1
601 940 1
602 940 2
603 940 3
604 940 1
616 940 2
617 940 3
618 940 1
620 940 2
621 940 1
626 940 1
627 940 3
628 940 1
630 940 1
642 940 1
648 940 2
651 940 1
654 940 3
656 940 3
659 940 1
670 940 3
672 940 3
674 940 1
675 940 1
678 940 2
680 940 3
684 940 1
686 940 1
689 940 2
690 940 1
693 940 3
697 940 1
700 940 3
701 940 2
703 940 3
705 940 2
706 940 1
711 940 2
716 940 1
717 940 2
718 940 2
722 940 1
723 940 2
727 940 2
729 940 2
731 940 3
736 940 3
740 940 3
741 940 2
742 940 2
743 940 2
744 940 2
745 940 2
750 940 2
752 940 2
756 940 3
761 940 1
762 940 3
765 940 3
767 940 2
769 940 3
770 940 1
774 940 2
779 940 2
783 940 2
788 940 2
789 940 1
793 940 1
797 940 3
802 940 3
804 940 3
806 940 3
809 940 2
810 940 1
811 940 1
812 940 2
816 940 2
822 940 1
823 940 1
824 940 2
825 940 3
826 940 2
833 940 3
837 940 2
838 940 3
841 940 2
845 940 2
849 940 2
850 940 3
857 940 3
858 940 3
859 940 3
865 940 3
868 940 3
870 940 3
871 940 1
872 940 2
879 940 1
883 940 2
888 940 2
890 940 3
896 940 3
898 940 3
904 940 2
905 940 3
906 940 1
907 940 1
909 940 1
912 940 1
914 940 2
916 940 1
918 940 3
927 940 3
930 940 3
934 940 3
935 940 2
939 940 2
941 940 3
943 940 2
945 940 3
950 940 2
951 940 3
953 940 3
957 940 3
958 940 2
959 940 2
961 940 1
965 940 3
968 940 3
969 940 3
971 940 1
973 940 2
975 940 3
981 940 3
990 940 2
991 940 2
993 940 2
995 940 2
996 940 2
998 940 3
0 941 1
2 941 3
3 941 1
7 941 2
8 941 3
14 941 1
19 941 2
21 941 1
25 941 3
26 941 3
27 941 1
29 941 1
33 941 2
47 941 1
49 941 3
50 941 2
51 941 1
52 941 3
56 941 3
57 941 1
59 941 3
62 941 1
63 941 1
64 941 1
73 941 2
74 941 3
75 941 1
77 941 1
78 941 1
81 941 2
83 941 3
86 941 2
87 941 2
88 941 2
91 941 3
94 941 1
97 941 1
100 941 2
102 941 1
106 941 3
107 941 3
112 941 3
115 941 1
116 941 2
119 941 2
120 941 1
124 941 2
127 941 1
134 941 1
136 941 3
140 941 2
146 941 1
150 941 1
155 941 3
161 941 1
162 941 2
165 941 3
168 941 1
169 941 3
170 941 2
173 941 3
174 941 2
178 941 1
183 941 2
185 941 1
187 941 1
190 941 2
192 941 2
195 941 1
196 941 2
198 941 2
204 941 2
213 941 1
217 941 3
222 941 1
224 941 2
227 941 3
229 941 2
230 941 2
235 941 2
236 941 2
238 941 2
241 941 2
242 941 2
244 941 3
246 941 1
248 941 3
249 941 1
253 941 1
255 941 2
259 941 2
261 941 3
263 941 3
269 941 1
270 941 2
278 941 1
281 941 3
283 941 2
286 941 2
288 941 1
290 941 3
292 941 1
294 941 2
295 941 1
296 941 2
297 941 1
303 941 3
304 941 2
307 941 1
308 941 2
310 941 2
312 941 1
315 941 1
318 941 3
321 941 2
322 941 3
324 941 1
327 941 1
330 941 2
331 941 3
332 941 3
333 941 1
335 941 1
339 941 3
340 941 2
342 941 2
343 941 2
347 941 1
349 941 1
350 941 2
352 941 1
353 941 2
354 941 3
355 941 1
356 941 2
369 941 2
370 941 2
374 941 1
380 941 1
382 941 2
383 941 1
386 941 3
388 941 2
389 941 3
391 941 2
392 941 1
394 941 1
399 941 2
404 941 1
406 941 2
412 941 3
417 941 2
420 941 2
421 941 2
428 941 3
429 941 3
434 941 2
436 941 2
439 941 2
446 941 3
450 941 2
451 941 1
452 941 2
455 941 1
457 941 1
458 941 3
464 941 1
465 941 1
470 941 3
471 941 1
472 941 1
475 941 1
476 941 2
478 941 3
479 941 2
489 941 2
493 941 3
496 941 2
498 941 1
500 941 3
504 941 3
505 941 3
507 941 2
516 941 2
517 941 3
518 941 3
522 941 1
527 941 3
529 941 2
533 941 2
535 941 3
536 941 1
538 941 2
540 941 2
543 941 1
544 941 3
552 941 1
553 941 3
557 941 1
564 941 2
566 941 2
567 941 2
568 941 1
572 941 3
576 941 1
577 941 1
580 941 3
582 941 3
596 941 2
597 941 3
606 941 2
609 941 1
611 941 3
612 941 3
613 941 2
616 941 1
617 941 3
621 941 3
622 941 3
623 941 3
628 941 3
636 941 1
639 941 2
640 941 2
644 941 2
649 941 1
653 941 1
654 941 1
657 941 2
659 941 1
667 941 2
669 941 3
671 941 2
676 941 3
677 941 3
678 941 3
680 941 2
681 941 1
682 941 3
686 941 2
687 941 3
692 941 1
694 941 2
695 941 2
697 941 3
703 941 2
708 941 2
714 941 3
718 941 3
719 941 2
721 941 2
723 941 3
728 941 3
731 941 1
733 941 2
735 941 1
737 941 3
745 941 3
746 941 1
747 941 1
749 941 3
752 941 1
754 941 3
755 941 1
758 941 3
766 941 2
772 941 1
775 941 1
776 941 3
780 941 3
782 941 2
790 941 1
794 941 1
799 941 3
800 941 2
803 941 3
808 941 2
810 941 3
811 941 1
812 941 2
816 941 1
818 941 1
819 941 3
820 941 2
823 941 2
825 941 1
827 941 1
828 941 2
829 941 2
830 941 2
832 941 2
833 941 2
835 941 3
837 941 3
838 941 2
839 941 2
842 941 2
851 941 2
856 941 3
857 941 1
861 941 1
865 941 2
868 941 1
871 941 1
879 941 3
881 941 3
882 941 1
885 941 1
889 941 2
891 941 2
892 941 1
894 941 3
898 941 1
899 941 1
903 941 3
916 941 1
922 941 2
925 941 3
928 941 2
930 941 3
942 941 1
949 941 1
954 941 2
956 941 2
964 941 2
974 941 3
982 941 1
983 941 2
989 941 3
993 941 2
998 941 3
2 942 3
10 942 1
12 942 1
14 942 3
15 942 1
20 942 2
23 942 3
30 942 2
31 942 1
32 942 1
36 942 1
42 942 3
44 942 3
51 942 1
52 942 1
55 942 2
56 942 3
65 942 3
69 942 3
71 942 2
73 942 2
74 942 3
75 942 2
80 942 1
82 942 1
83 942 1
84 942 3
88 942 3
92 942 1
95 942 2
96 942 1
102 942 3
104 942 3
107 942 2
109 942 2
114 942 3
115 942 3
117 942 3
121 942 1
126 942 2
129 942 3
130 942 2
132 942 3
134 942 1
146 942 2
147 942 1
153 942 3
159 942 1
166 942 2
169 942 1
172 942 1
173 942 2
181 942 3
182 942 3
184 942 2
185 942 3
187 942 1
194 942 3
197 942 1
202 942 2
203 942 1
204 942 2
206 942 3
221 942 1
222 942 1
223 942 2
225 942 1
226 942 2
231 942 2
232 942 3
235 942 1
237 942 1
244 942 1
250 942 2
252 942 2
255 942 2
260 942 1
262 942 2
263 942 2
270 942 2
272 942 2
282 942 2
286 942 2
290 942 2
296 942 2
305 942 1
308 942 1
310 942 1
311 942 2
312 942 1
315 942 3
320 942 2
321 942 1
322 942 3
331 942 1
333 942 2
335 942 2
338 942 3
343 942 2
346 942 3
351 942 1
356 942 1
357 942 3
360 942 2
363 942 1
366 942 3
369 942 1
370 942 3
373 942 2
375 942 1
377 942 1
383 942 1
385 942 3
387 942 1
390 942 2
391 942 1
396 942 3
398 942 2
399 942 1
403 942 3
405 942 1
409 942 2
410 942 3
412 942 3
413 942 1
417 942 2
420 942 2
421 942 1
