510 127 3
515 127 1
520 127 3
522 127 2
528 127 2
529 127 1
531 127 3
532 127 1
533 127 1
534 127 2
541 127 3
551 127 3
554 127 1
558 127 1
559 127 1
561 127 1
563 127 1
565 127 3
566 127 2
571 127 2
572 127 3
581 127 3
582 127 1
584 127 2
588 127 3
589 127 1
591 127 2
592 127 2
593 127 2
598 127 1
601 127 3
608 127 3
614 127 3
620 127 1
621 127 1
622 127 3
627 127 1
628 127 3
629 127 2
630 127 3
631 127 3
640 127 3
643 127 2
646 127 2
647 127 3
648 127 1
649 127 1
652 127 1
655 127 3
661 127 1
663 127 1
664 127 1
665 127 1
666 127 2
667 127 3
668 127 2
671 127 2
673 127 3
675 127 3
676 127 3
678 127 1
685 127 1
688 127 3
692 127 3
695 127 3
696 127 3
702 127 2
703 127 1
709 127 2
714 127 2
715 127 3
716 127 2
717 127 1
720 127 3
721 127 2
725 127 2
726 127 3
727 127 1
729 127 2
730 127 2
731 127 3
733 127 1
736 127 1
737 127 3
741 127 1
743 127 1
744 127 3
745 127 3
746 127 3
757 127 2
761 127 3
762 127 2
764 127 3
766 127 3
768 127 2
769 127 1
772 127 1
773 127 2
781 127 1
786 127 1
790 127 1
793 127 3
795 127 2
797 127 1
801 127 2
807 127 2
808 127 3
809 127 2
811 127 3
817 127 3
822 127 2
823 127 2
824 127 3
826 127 3
827 127 3
834 127 1
839 127 2
840 127 2
845 127 3
846 127 3
847 127 3
857 127 1
858 127 3
859 127 3
861 127 1
863 127 3
866 127 3
869 127 2
871 127 1
873 127 3
874 127 2
875 127 2
878 127 1
879 127 1
883 127 3
887 127 2
891 127 1
892 127 3
901 127 2
902 127 1
903 127 1
911 127 1
912 127 3
913 127 2
919 127 2
920 127 2
926 127 2
931 127 3
937 127 1
938 127 3
940 127 1
941 127 2
943 127 2
945 127 3
949 127 1
956 127 2
961 127 3
964 127 3
965 127 2
966 127 1
968 127 1
969 127 1
974 127 1
975 127 1
977 127 1
978 127 3
981 127 1
984 127 1
989 127 1
991 127 2
992 127 3
999 127 1
0 128 2
2 128 3
3 128 2
4 128 2
6 128 3
11 128 1
14 128 3
22 128 1
25 128 3
29 128 3
35 128 3
36 128 3
37 128 3
42 128 2
44 128 1
54 128 2
60 128 2
62 128 1
65 128 2
66 128 1
67 128 2
69 128 3
70 128 3
73 128 1
77 128 3
83 128 3
84 128 1
87 128 2
88 128 3
93 128 3
96 128 1
99 128 1
118 128 1
122 128 1
124 128 3
129 128 2
132 128 3
138 128 3
140 128 3
141 128 1
144 128 2
145 128 3
147 128 3
148 128 1
153 128 1
155 128 2
160 128 3
163 128 2
164 128 2
165 128 2
170 128 1
172 128 1
173 128 2
181 128 2
182 128 2
184 128 2
187 128 3
191 128 3
197 128 2
199 128 2
200 128 2
202 128 3
203 128 3
204 128 2
206 128 2
208 128 3
210 128 2
214 128 1
219 128 1
220 128 1
222 128 1
225 128 1
226 128 2
230 128 2
233 128 3
236 128 3
238 128 3
240 128 1
241 128 2
249 128 3
258 128 3
259 128 1
260 128 3
263 128 3
264 128 2
269 128 3
273 128 2
279 128 1
286 128 2
290 128 2
295 128 2
299 128 3
302 128 3
307 128 1
308 128 2
309 128 1
314 128 1
320 128 3
321 128 2
323 128 3
325 128 1
328 128 2
330 128 2
332 128 1
333 128 3
336 128 2
339 128 1
340 128 1
344 128 2
345 128 3
348 128 1
351 128 1
353 128 3
356 128 1
363 128 3
365 128 3
366 128 3
370 128 3
375 128 2
378 128 1
382 128 3
385 128 2
388 128 2
395 128 1
396 128 3
398 128 3
400 128 1
403 128 1
405 128 2
407 128 2
409 128 3
413 128 2
421 128 2
427 128 3
430 128 1
432 128 3
435 128 1
436 128 2
438 128 2
440 128 1
441 128 2
450 128 3
454 128 2
456 128 2
457 128 3
458 128 2
460 128 1
462 128 1
464 128 1
469 128 2
471 128 1
473 128 3
475 128 2
476 128 2
477 128 2
483 128 1
484 128 1
487 128 2
492 128 3
493 128 2
494 128 1
495 128 3
497 128 2
509 128 2
516 128 2
517 128 1
530 128 2
532 128 1
534 128 1
537 128 1
538 128 3
542 128 1
546 128 2
553 128 2
554 128 3
558 128 1
560 128 3
563 128 2
564 128 1
567 128 3
573 128 3
574 128 1
575 128 2
581 128 2
582 128 1
585 128 1
587 128 3
589 128 2
590 128 3
591 128 2
597 128 1
600 128 2
601 128 2
603 128 3
604 128 3
606 128 3
610 128 1
612 128 2
613 128 2
618 128 3
623 128 3
624 128 1
629 128 1
630 128 2
632 128 2
640 128 3
641 128 2
645 128 2
647 128 3
650 128 3
651 128 1
655 128 3
665 128 2
667 128 2
669 128 2
670 128 2
672 128 1
677 128 1
687 128 1
691 128 1
693 128 3
700 128 3
705 128 3
706 128 2
707 128 2
708 128 3
713 128 2
715 128 3
720 128 1
725 128 2
726 128 3
728 128 2
731 128 1
733 128 1
735 128 2
740 128 3
743 128 3
744 128 3
746 128 3
748 128 1
750 128 1
752 128 3
755 128 1
757 128 1
758 128 3
760 128 1
761 128 3
764 128 3
768 128 3
773 128 1
774 128 2
778 128 2
780 128 3
785 128 2
786 128 2
788 128 2
794 128 1
796 128 2
797 128 1
799 128 3
800 128 2
801 128 1
802 128 2
803 128 1
806 128 1
813 128 1
814 128 1
816 128 2
818 128 3
819 128 1
825 128 3
838 128 1
841 128 2
842 128 1
843 128 1
845 128 1
846 128 3
850 128 1
852 128 3
853 128 3
857 128 2
861 128 1
864 128 2
867 128 2
869 128 1
870 128 2
871 128 2
888 128 2
896 128 1
897 128 3
899 128 1
901 128 3
906 128 3
908 128 1
909 128 2
913 128 1
914 128 1
915 128 1
926 128 1
927 128 2
933 128 3
934 128 2
937 128 3
941 128 3
945 128 1
951 128 2
952 128 3
956 128 2
972 128 1
976 128 1
978 128 3
982 128 3
983 128 1
991 128 1
992 128 1
998 128 2
4 129 3
5 129 3
9 129 1
23 129 3
24 129 1
27 129 3
31 129 2
32 129 1
35 129 2
37 129 1
39 129 1
41 129 2
42 129 2
43 129 1
46 129 3
49 129 2
50 129 1
56 129 1
58 129 2
60 129 3
64 129 3
68 129 2
69 129 2
71 129 1
77 129 1
81 129 3
85 129 3
87 129 2
93 129 1
95 129 3
99 129 2
101 129 2
103 129 3
109 129 3
112 129 1
114 129 3
117 129 2
118 129 3
119 129 2
124 129 3
126 129 2
129 129 2
131 129 2
132 129 1
133 129 1
136 129 3
138 129 3
139 129 3
141 129 2
148 129 2
152 129 2
156 129 1
158 129 2
163 129 1
165 129 3
166 129 2
175 129 1
176 129 3
178 129 1
179 129 3
180 129 3
184 129 1
189 129 2
191 129 1
193 129 3
195 129 1
197 129 3
199 129 3
200 129 2
206 129 3
207 129 2
210 129 1
214 129 3
216 129 1
219 129 1
223 129 3
227 129 2
228 129 3
229 129 2
231 129 2
232 129 1
234 129 1
238 129 3
240 129 2
241 129 1
245 129 1
247 129 3
248 129 3
249 129 1
251 129 3
255 129 2
256 129 3
260 129 3
268 129 1
277 129 3
278 129 1
281 129 3
282 129 3
285 129 3
286 129 2
287 129 1
290 129 3
294 129 3
299 129 3
304 129 1
307 129 1
311 129 1
312 129 1
313 129 2
317 129 2
320 129 3
322 129 1
324 129 1
326 129 2
327 129 1
328 129 2
329 129 2
334 129 3
336 129 2
337 129 1
341 129 3
343 129 3
345 129 2
347 129 3
348 129 3
349 129 2
351 129 1
353 129 3
355 129 3
356 129 2
362 129 3
363 129 1
365 129 1
370 129 2
371 129 3
372 129 3
373 129 1
374 129 2
377 129 3
380 129 1
386 129 2
392 129 1
395 129 2
397 129 2
402 129 2
406 129 2
408 129 1
412 129 2
413 129 1
425 129 3
426 129 3
428 129 2
432 129 2
435 129 1
439 129 2
443 129 3
445 129 3
456 129 1
461 129 2
465 129 3
466 129 1
467 129 1
469 129 3
470 129 1
473 129 1
474 129 2
476 129 3
477 129 1
482 129 1
483 129 3
486 129 2
489 129 3
492 129 3
493 129 2
495 129 1
497 129 3
499 129 3
500 129 2
