350 472 3
356 472 2
362 472 2
363 472 3
368 472 1
374 472 1
376 472 1
380 472 2
385 472 2
386 472 2
390 472 2
395 472 2
401 472 3
408 472 3
409 472 1
415 472 3
417 472 3
419 472 2
423 472 2
424 472 3
431 472 3
432 472 2
436 472 1
444 472 3
446 472 3
447 472 2
451 472 3
456 472 3
457 472 2
458 472 1
460 472 3
461 472 2
475 472 2
478 472 2
482 472 2
487 472 1
489 472 1
490 472 1
491 472 3
492 472 2
494 472 1
496 472 3
497 472 3
498 472 3
504 472 3
508 472 2
510 472 3
512 472 2
513 472 3
517 472 1
518 472 2
523 472 1
524 472 1
525 472 1
527 472 2
530 472 3
531 472 2
533 472 1
534 472 2
535 472 1
537 472 1
541 472 1
548 472 1
552 472 1
555 472 1
558 472 1
559 472 2
560 472 2
561 472 2
563 472 2
568 472 2
570 472 3
577 472 1
578 472 3
587 472 2
588 472 2
589 472 3
592 472 3
596 472 3
598 472 2
601 472 1
604 472 1
607 472 1
613 472 1
614 472 1
616 472 2
617 472 1
618 472 3
619 472 3
621 472 1
624 472 3
627 472 3
635 472 2
636 472 3
637 472 3
638 472 2
639 472 1
644 472 1
649 472 2
650 472 2
651 472 1
654 472 2
655 472 1
664 472 1
665 472 2
673 472 2
677 472 1
678 472 3
680 472 1
684 472 1
689 472 3
692 472 1
694 472 2
697 472 3
703 472 3
704 472 3
706 472 3
710 472 1
712 472 3
719 472 1
723 472 3
724 472 2
725 472 2
726 472 3
729 472 1
730 472 1
732 472 2
733 472 1
738 472 3
749 472 3
757 472 3
759 472 1
760 472 2
761 472 1
763 472 1
764 472 3
767 472 2
771 472 2
775 472 1
778 472 3
781 472 2
784 472 2
785 472 3
786 472 3
787 472 3
788 472 2
789 472 1
797 472 1
799 472 3
800 472 2
801 472 1
802 472 2
805 472 1
809 472 2
814 472 1
815 472 3
816 472 1
820 472 2
821 472 3
824 472 1
826 472 2
830 472 1
837 472 3
838 472 1
839 472 1
843 472 1
846 472 1
847 472 2
852 472 2
853 472 2
858 472 3
862 472 2
864 472 3
868 472 1
871 472 2
874 472 1
876 472 3
879 472 1
880 472 1
883 472 3
884 472 1
885 472 3
887 472 3
890 472 1
891 472 2
892 472 3
894 472 3
897 472 2
898 472 1
900 472 1
906 472 1
909 472 3
911 472 3
912 472 2
918 472 3
919 472 1
921 472 1
924 472 2
926 472 3
927 472 3
928 472 1
929 472 1
930 472 2
934 472 2
935 472 3
936 472 3
937 472 3
938 472 1
942 472 2
944 472 1
945 472 3
946 472 3
947 472 3
953 472 3
955 472 2
956 472 2
958 472 2
961 472 2
962 472 1
964 472 2
967 472 2
971 472 1
972 472 3
973 472 3
975 472 1
984 472 2
985 472 1
989 472 3
990 472 3
991 472 1
994 472 3
996 472 2
3 473 1
11 473 2
12 473 2
14 473 3
15 473 1
17 473 1
18 473 1
19 473 3
20 473 2
22 473 1
25 473 1
26 473 1
28 473 2
29 473 2
34 473 2
35 473 1
38 473 1
39 473 3
41 473 2
43 473 3
47 473 1
58 473 3
59 473 3
63 473 2
65 473 3
67 473 3
69 473 1
71 473 2
73 473 3
75 473 2
77 473 3
86 473 1
88 473 1
91 473 2
92 473 2
93 473 2
95 473 1
97 473 3
99 473 1
104 473 3
106 473 3
107 473 1
108 473 1
109 473 1
110 473 2
120 473 3
123 473 1
126 473 1
133 473 1
135 473 2
137 473 2
139 473 2
141 473 2
142 473 2
152 473 1
153 473 1
158 473 2
161 473 3
165 473 1
167 473 2
169 473 2
170 473 3
172 473 1
173 473 2
175 473 2
179 473 3
182 473 2
187 473 3
194 473 2
196 473 3
204 473 3
208 473 2
209 473 1
211 473 1
220 473 2
221 473 1
225 473 3
230 473 2
233 473 1
235 473 3
236 473 3
240 473 3
245 473 2
246 473 1
247 473 3
248 473 2
249 473 1
253 473 2
254 473 2
256 473 3
260 473 2
261 473 3
267 473 1
268 473 1
269 473 2
271 473 3
273 473 3
279 473 1
281 473 1
282 473 2
284 473 1
286 473 2
290 473 3
292 473 1
297 473 2
298 473 2
299 473 1
301 473 3
302 473 1
303 473 1
304 473 1
307 473 3
312 473 2
315 473 1
316 473 2
320 473 1
327 473 2
328 473 1
329 473 1
331 473 2
333 473 2
338 473 3
339 473 3
343 473 2
344 473 1
346 473 1
349 473 1
351 473 1
352 473 1
354 473 3
356 473 3
357 473 3
360 473 3
364 473 2
366 473 2
367 473 2
374 473 3
375 473 3
391 473 3
392 473 3
395 473 3
397 473 1
398 473 3
402 473 2
406 473 3
407 473 1
415 473 1
419 473 1
421 473 1
425 473 1
427 473 3
433 473 3
436 473 1
437 473 3
438 473 2
439 473 1
441 473 3
443 473 1
449 473 2
450 473 2
452 473 2
453 473 2
459 473 2
461 473 1
463 473 1
468 473 3
469 473 3
475 473 1
477 473 3
483 473 2
488 473 3
489 473 2
490 473 2
494 473 1
496 473 3
497 473 1
498 473 1
499 473 2
508 473 2
509 473 2
518 473 3
519 473 2
524 473 2
527 473 3
529 473 3
534 473 1
538 473 1
540 473 2
544 473 3
547 473 3
549 473 2
553 473 1
554 473 3
559 473 2
561 473 1
566 473 3
570 473 1
574 473 1
577 473 1
580 473 2
583 473 2
597 473 1
598 473 1
606 473 3
607 473 2
608 473 2
609 473 3
616 473 3
617 473 1
620 473 1
622 473 2
624 473 3
625 473 2
628 473 2
630 473 1
633 473 3
634 473 2
636 473 3
637 473 1
641 473 1
642 473 2
647 473 1
649 473 3
659 473 2
663 473 1
664 473 2
668 473 3
671 473 3
675 473 1
676 473 2
680 473 3
687 473 3
688 473 3
690 473 1
696 473 2
697 473 1
698 473 2
701 473 3
702 473 1
709 473 3
715 473 1
719 473 3
720 473 1
721 473 3
723 473 2
728 473 1
732 473 2
734 473 2
740 473 1
741 473 2
743 473 1
745 473 1
748 473 1
749 473 3
751 473 1
753 473 1
754 473 2
758 473 1
768 473 1
769 473 3
770 473 1
772 473 2
774 473 2
775 473 2
776 473 3
778 473 1
779 473 3
780 473 3
783 473 2
785 473 3
790 473 1
792 473 2
793 473 2
796 473 2
801 473 3
802 473 3
804 473 1
808 473 2
812 473 1
814 473 1
817 473 3
822 473 1
832 473 2
833 473 1
834 473 2
838 473 1
840 473 2
842 473 3
849 473 1
850 473 2
851 473 1
854 473 2
856 473 1
857 473 1
861 473 1
862 473 3
864 473 1
867 473 1
868 473 3
870 473 3
872 473 3
874 473 1
876 473 2
879 473 1
882 473 2
884 473 2
885 473 3
886 473 1
888 473 3
890 473 2
899 473 1
901 473 1
910 473 1
912 473 3
913 473 3
915 473 2
916 473 1
917 473 3
919 473 1
929 473 2
933 473 3
936 473 2
938 473 2
942 473 1
948 473 1
950 473 3
953 473 3
954 473 1
957 473 3
959 473 3
961 473 3
962 473 2
964 473 1
965 473 1
972 473 2
975 473 3
976 473 3
980 473 2
989 473 3
990 473 3
992 473 2
993 473 2
995 473 3
996 473 1
5 474 2
14 474 2
16 474 1
19 474 2
25 474 3
26 474 1
32 474 1
36 474 1
37 474 1
40 474 3
42 474 1
46 474 3
52 474 2
53 474 2
54 474 3
57 474 2
58 474 2
60 474 1
67 474 1
68 474 1
69 474 2
72 474 1
74 474 2
76 474 1
80 474 3
82 474 3
87 474 3
88 474 2
89 474 3
90 474 2
91 474 3
96 474 1
103 474 1
106 474 1
107 474 3
108 474 2
115 474 3
116 474 3
118 474 2
122 474 1
123 474 3
124 474 3
126 474 1
128 474 1
129 474 1
130 474 1
131 474 2
132 474 2
134 474 2
137 474 2
138 474 3
139 474 1
140 474 1
141 474 1
143 474 2
144 474 3
145 474 1
152 474 1
154 474 3
155 474 1
156 474 3
160 474 1
161 474 2
162 474 2
165 474 1
166 474 1
172 474 2
174 474 3
182 474 2
186 474 2
188 474 2
190 474 1
191 474 3
192 474 3
194 474 2
196 474 2
199 474 3
203 474 2
204 474 1
211 474 3
215 474 2
220 474 3
223 474 2
224 474 2
225 474 3
231 474 1
232 474 1
233 474 1
235 474 3
237 474 3
