202 287 2
203 287 2
206 287 3
207 287 1
208 287 1
209 287 2
210 287 3
214 287 3
222 287 1
230 287 1
233 287 2
239 287 1
241 287 1
244 287 1
247 287 2
249 287 1
258 287 2
262 287 3
263 287 1
270 287 3
273 287 3
276 287 1
281 287 3
283 287 3
286 287 2
289 287 3
291 287 3
292 287 3
293 287 2
294 287 2
295 287 2
297 287 2
299 287 2
303 287 2
304 287 2
305 287 1
306 287 3
308 287 3
309 287 2
310 287 2
317 287 1
323 287 3
327 287 2
330 287 3
336 287 3
339 287 3
340 287 1
343 287 3
346 287 3
347 287 2
350 287 1
352 287 2
355 287 2
358 287 1
360 287 3
361 287 2
365 287 3
368 287 2
369 287 1
375 287 3
379 287 2
382 287 1
385 287 3
387 287 3
389 287 2
392 287 2
393 287 1
399 287 3
403 287 2
404 287 1
407 287 3
409 287 2
419 287 2
420 287 3
421 287 1
423 287 1
425 287 2
427 287 1
428 287 3
430 287 1
436 287 2
437 287 1
444 287 1
446 287 1
448 287 2
450 287 1
451 287 3
453 287 3
456 287 3
457 287 3
460 287 3
463 287 1
467 287 3
473 287 3
479 287 3
482 287 1
486 287 2
487 287 3
488 287 1
491 287 1
495 287 3
498 287 1
502 287 3
505 287 1
506 287 1
508 287 3
512 287 3
514 287 1
519 287 3
520 287 3
521 287 1
522 287 2
526 287 3
529 287 2
532 287 1
541 287 3
546 287 2
548 287 3
549 287 1
551 287 2
553 287 2
565 287 1
572 287 1
573 287 1
576 287 1
577 287 2
579 287 3
582 287 3
584 287 2
590 287 3
591 287 2
592 287 2
596 287 1
598 287 2
599 287 1
601 287 2
606 287 2
608 287 3
613 287 3
615 287 2
627 287 3
630 287 3
633 287 2
637 287 2
639 287 2
640 287 1
643 287 2
647 287 3
650 287 2
653 287 3
660 287 1
671 287 2
672 287 3
673 287 2
675 287 3
676 287 1
677 287 1
681 287 1
687 287 3
692 287 1
697 287 1
700 287 1
702 287 2
703 287 3
704 287 1
705 287 1
707 287 1
710 287 3
711 287 2
721 287 2
732 287 2
734 287 1
737 287 3
742 287 1
749 287 2
752 287 1
755 287 2
756 287 3
759 287 3
763 287 1
764 287 1
767 287 2
777 287 3
786 287 3
787 287 1
788 287 2
797 287 2
798 287 3
802 287 1
803 287 3
804 287 2
812 287 3
813 287 3
816 287 2
818 287 1
819 287 2
821 287 1
823 287 3
825 287 3
827 287 2
830 287 3
831 287 1
833 287 1
835 287 3
837 287 1
840 287 3
842 287 2
845 287 1
848 287 2
856 287 3
857 287 3
864 287 2
870 287 3
878 287 3
880 287 3
882 287 3
884 287 3
885 287 2
892 287 1
894 287 1
896 287 2
900 287 3
901 287 3
905 287 3
906 287 3
909 287 1
910 287 3
911 287 3
912 287 1
917 287 3
921 287 1
925 287 1
929 287 1
931 287 3
933 287 2
935 287 2
936 287 2
938 287 1
939 287 2
947 287 1
951 287 1
956 287 2
958 287 1
959 287 3
962 287 3
964 287 2
966 287 1
967 287 3
968 287 2
977 287 2
978 287 2
979 287 3
984 287 1
985 287 2
989 287 2
991 287 3
992 287 2
994 287 3
995 287 2
996 287 2
997 287 3
9 288 3
12 288 1
13 288 2
18 288 1
20 288 2
21 288 1
28 288 2
32 288 3
33 288 3
37 288 1
38 288 1
39 288 3
43 288 2
48 288 2
52 288 3
53 288 2
62 288 1
63 288 3
64 288 2
65 288 2
66 288 2
69 288 2
70 288 3
72 288 3
73 288 2
75 288 3
77 288 1
78 288 2
79 288 1
80 288 1
84 288 3
86 288 1
89 288 2
90 288 2
91 288 1
93 288 3
95 288 1
99 288 2
101 288 1
106 288 1
107 288 2
120 288 1
121 288 2
123 288 2
127 288 1
129 288 1
130 288 2
132 288 3
134 288 3
138 288 1
140 288 1
141 288 1
142 288 2
144 288 2
145 288 3
147 288 3
148 288 2
153 288 3
154 288 1
156 288 3
157 288 3
161 288 1
162 288 2
163 288 2
166 288 1
167 288 2
170 288 3
171 288 3
176 288 1
183 288 3
184 288 3
187 288 2
192 288 3
196 288 1
207 288 3
209 288 2
211 288 2
216 288 1
217 288 2
220 288 2
221 288 2
223 288 1
231 288 2
233 288 2
237 288 3
241 288 1
242 288 3
245 288 3
248 288 2
249 288 2
256 288 3
258 288 1
264 288 1
271 288 2
273 288 2
280 288 1
283 288 1
284 288 1
286 288 2
289 288 1
293 288 2
294 288 3
296 288 3
301 288 3
304 288 1
305 288 2
307 288 2
313 288 1
326 288 2
330 288 3
331 288 3
332 288 1
335 288 1
340 288 1
345 288 2
346 288 3
348 288 2
350 288 2
352 288 2
354 288 2
356 288 2
357 288 3
358 288 3
359 288 3
360 288 3
361 288 3
362 288 3
365 288 1
369 288 1
373 288 3
374 288 1
378 288 3
381 288 2
383 288 2
388 288 3
389 288 3
398 288 3
403 288 1
407 288 3
408 288 3
410 288 3
411 288 2
413 288 2
414 288 3
418 288 3
419 288 2
420 288 1
421 288 2
422 288 2
424 288 2
425 288 3
427 288 2
434 288 3
435 288 3
436 288 3
437 288 1
441 288 3
443 288 1
446 288 1
449 288 1
450 288 1
454 288 1
455 288 1
456 288 1
457 288 2
461 288 3
465 288 3
469 288 2
473 288 1
474 288 2
477 288 3
478 288 2
479 288 3
485 288 2
489 288 2
490 288 2
494 288 3
501 288 1
504 288 1
506 288 1
507 288 3
508 288 3
510 288 2
515 288 3
517 288 3
520 288 3
531 288 1
536 288 2
538 288 2
539 288 1
540 288 1
541 288 2
542 288 1
544 288 3
547 288 1
548 288 3
550 288 2
551 288 3
555 288 3
563 288 3
564 288 1
565 288 1
568 288 3
570 288 3
576 288 1
577 288 3
579 288 3
580 288 3
599 288 2
600 288 2
603 288 2
612 288 3
616 288 1
621 288 1
622 288 1
628 288 3
629 288 2
634 288 1
635 288 3
637 288 2
638 288 2
640 288 1
642 288 3
643 288 3
648 288 2
650 288 3
655 288 2
659 288 3
660 288 2
666 288 2
667 288 2
671 288 2
673 288 1
675 288 2
676 288 1
677 288 1
678 288 3
680 288 1
684 288 1
686 288 1
688 288 3
690 288 1
694 288 1
696 288 3
697 288 1
698 288 1
701 288 3
703 288 2
710 288 1
711 288 1
713 288 2
718 288 3
722 288 3
724 288 2
726 288 3
733 288 2
739 288 2
741 288 3
743 288 2
744 288 3
746 288 3
748 288 3
749 288 3
750 288 1
751 288 1
754 288 3
756 288 2
760 288 3
762 288 2
768 288 2
771 288 1
774 288 1
775 288 1
777 288 1
779 288 2
782 288 2
787 288 2
788 288 1
791 288 2
801 288 3
802 288 1
808 288 2
813 288 3
815 288 1
816 288 2
818 288 1
820 288 2
823 288 1
825 288 2
826 288 2
828 288 2
829 288 3
831 288 1
832 288 2
835 288 2
840 288 1
841 288 2
852 288 2
853 288 2
858 288 2
859 288 1
862 288 3
865 288 1
866 288 2
871 288 2
873 288 1
874 288 1
877 288 3
878 288 1
880 288 2
882 288 1
884 288 3
887 288 1
890 288 3
891 288 1
892 288 1
894 288 3
899 288 2
900 288 3
905 288 2
909 288 2
911 288 2
912 288 3
913 288 2
919 288 2
921 288 2
924 288 1
928 288 2
930 288 3
933 288 1
935 288 2
940 288 1
941 288 1
943 288 2
944 288 1
945 288 3
950 288 1
951 288 1
954 288 3
956 288 2
961 288 1
969 288 3
970 288 3
971 288 3
972 288 2
975 288 1
976 288 1
985 288 1
988 288 1
989 288 1
994 288 3
998 288 3
3 289 1
4 289 2
5 289 3
6 289 2
14 289 2
17 289 3
20 289 2
21 289 2
25 289 2
29 289 3
35 289 3
37 289 2
40 289 3
44 289 3
46 289 1
47 289 1
48 289 3
50 289 1
52 289 1
54 289 2
57 289 1
59 289 1
60 289 3
61 289 2
66 289 2
71 289 1
74 289 2
78 289 2
80 289 3
86 289 2
87 289 3
88 289 3
89 289 2
90 289 1
94 289 1
98 289 1
99 289 2
104 289 1
105 289 1
107 289 1
108 289 2
110 289 2
115 289 3
117 289 2
120 289 2
124 289 2
125 289 3
126 289 3
128 289 1
129 289 2
131 289 2
135 289 2
138 289 3
