3 70 1
12 70 2
14 70 3
19 70 1
23 70 1
27 70 1
36 70 3
37 70 1
41 70 3
43 70 3
44 70 1
45 70 3
48 70 1
51 70 1
53 70 1
57 70 3
62 70 1
64 70 2
65 70 2
67 70 1
72 70 2
73 70 1
76 70 1
79 70 2
80 70 1
82 70 2
87 70 2
88 70 1
89 70 2
91 70 2
93 70 2
95 70 3
97 70 1
98 70 1
103 70 1
104 70 1
109 70 3
112 70 1
113 70 3
114 70 1
115 70 1
116 70 1
117 70 1
119 70 2
120 70 2
121 70 3
122 70 3
124 70 3
125 70 2
127 70 2
145 70 1
151 70 2
156 70 2
157 70 3
163 70 1
164 70 1
165 70 3
170 70 3
175 70 3
176 70 1
177 70 2
180 70 1
186 70 3
187 70 1
188 70 2
192 70 2
196 70 1
199 70 1
202 70 1
206 70 1
208 70 2
215 70 1
217 70 1
220 70 3
221 70 2
224 70 3
226 70 2
234 70 3
236 70 1
242 70 1
247 70 3
248 70 3
251 70 2
253 70 3
261 70 1
263 70 1
265 70 1
271 70 2
276 70 2
279 70 1
280 70 2
281 70 3
282 70 2
283 70 2
285 70 3
288 70 1
289 70 1
291 70 1
295 70 2
299 70 3
304 70 3
307 70 2
308 70 3
312 70 3
314 70 1
316 70 2
322 70 3
323 70 2
327 70 3
334 70 1
337 70 1
338 70 1
339 70 2
341 70 1
342 70 2
344 70 1
350 70 2
351 70 3
353 70 1
357 70 1
358 70 2
364 70 3
365 70 2
370 70 3
371 70 3
374 70 3
375 70 1
376 70 2
384 70 1
386 70 3
388 70 2
390 70 3
394 70 3
397 70 1
399 70 3
402 70 1
403 70 2
407 70 3
414 70 2
420 70 3
426 70 1
429 70 2
435 70 2
437 70 2
441 70 2
454 70 1
455 70 2
457 70 1
460 70 1
461 70 2
465 70 2
472 70 3
478 70 2
480 70 1
481 70 1
483 70 3
486 70 3
490 70 1
493 70 3
494 70 1
498 70 3
504 70 2
505 70 2
507 70 3
514 70 3
518 70 1
522 70 1
535 70 3
537 70 2
540 70 1
544 70 3
547 70 2
551 70 1
553 70 1
556 70 2
560 70 1
563 70 3
565 70 3
568 70 2
571 70 1
575 70 3
576 70 2
578 70 3
582 70 3
587 70 2
589 70 3
593 70 1
598 70 1
599 70 1
600 70 3
607 70 2
608 70 2
611 70 1
617 70 3
625 70 1
626 70 3
627 70 2
629 70 3
631 70 1
634 70 1
636 70 2
641 70 1
643 70 1
646 70 2
649 70 3
652 70 2
659 70 3
661 70 1
663 70 3
666 70 3
669 70 2
671 70 1
673 70 3
675 70 1
677 70 3
680 70 1
681 70 3
685 70 1
686 70 2
687 70 1
688 70 2
689 70 2
690 70 2
697 70 2
698 70 2
699 70 3
703 70 1
708 70 3
709 70 1
710 70 3
711 70 1
712 70 2
717 70 1
720 70 3
725 70 1
726 70 2
727 70 1
732 70 3
737 70 1
739 70 3
741 70 3
743 70 2
746 70 3
747 70 1
749 70 1
750 70 3
752 70 1
755 70 2
756 70 2
758 70 1
759 70 1
761 70 2
765 70 1
767 70 1
768 70 1
772 70 1
775 70 2
780 70 1
785 70 2
786 70 1
790 70 2
792 70 2
799 70 3
803 70 1
807 70 1
809 70 1
810 70 3
811 70 3
819 70 1
822 70 1
827 70 2
831 70 2
833 70 3
837 70 1
841 70 2
845 70 1
846 70 2
851 70 2
853 70 3
860 70 2
866 70 1
867 70 3
869 70 3
871 70 2
872 70 3
873 70 2
876 70 2
878 70 1
881 70 2
883 70 3
885 70 2
886 70 3
888 70 2
895 70 1
896 70 1
897 70 3
899 70 1
901 70 1
907 70 2
908 70 2
909 70 3
910 70 2
913 70 2
917 70 3
918 70 1
919 70 3
922 70 3
935 70 2
937 70 2
938 70 3
940 70 1
943 70 1
946 70 1
947 70 1
952 70 3
953 70 3
956 70 1
962 70 3
968 70 1
971 70 2
972 70 3
979 70 2
983 70 3
988 70 2
992 70 1
993 70 1
995 70 3
996 70 1
997 70 2
9 71 1
14 71 3
15 71 1
16 71 1
17 71 1
19 71 2
20 71 1
21 71 1
23 71 3
25 71 3
30 71 3
31 71 1
33 71 3
35 71 3
36 71 1
39 71 2
40 71 3
41 71 1
42 71 2
45 71 3
47 71 1
48 71 2
49 71 3
51 71 2
58 71 2
60 71 1
63 71 3
65 71 1
69 71 3
74 71 1
79 71 1
80 71 1
82 71 1
83 71 1
88 71 1
90 71 2
98 71 1
100 71 1
106 71 1
107 71 3
109 71 1
112 71 1
113 71 2
119 71 3
121 71 2
128 71 1
129 71 1
130 71 1
135 71 2
139 71 3
140 71 1
141 71 1
142 71 1
144 71 3
146 71 1
147 71 3
151 71 1
152 71 2
153 71 3
154 71 2
156 71 1
159 71 2
162 71 2
164 71 2
167 71 2
170 71 1
171 71 2
175 71 2
180 71 2
186 71 2
188 71 3
189 71 3
190 71 2
191 71 2
194 71 1
196 71 3
198 71 1
200 71 1
201 71 3
202 71 1
203 71 3
206 71 3
209 71 2
210 71 3
213 71 2
214 71 3
217 71 2
218 71 2
219 71 3
224 71 2
226 71 1
228 71 3
231 71 2
234 71 3
235 71 1
236 71 1
240 71 3
242 71 1
243 71 3
246 71 3
247 71 1
250 71 3
252 71 1
254 71 2
256 71 1
257 71 2
262 71 2
263 71 1
269 71 1
270 71 2
271 71 3
273 71 3
279 71 1
280 71 2
283 71 3
285 71 3
288 71 2
292 71 3
294 71 2
302 71 3
303 71 3
304 71 1
305 71 2
307 71 3
313 71 2
314 71 3
315 71 3
319 71 2
320 71 2
321 71 2
325 71 1
329 71 3
332 71 2
334 71 3
338 71 1
341 71 1
342 71 2
343 71 3
344 71 2
358 71 1
359 71 3
363 71 3
365 71 3
366 71 3
368 71 1
370 71 1
371 71 1
372 71 3
376 71 3
377 71 3
379 71 1
383 71 1
389 71 1
394 71 3
398 71 3
400 71 2
401 71 1
404 71 2
412 71 1
416 71 1
417 71 2
420 71 1
424 71 1
427 71 2
429 71 2
430 71 2
433 71 2
435 71 1
436 71 2
443 71 1
448 71 3
450 71 3
451 71 1
453 71 2
455 71 1
461 71 3
462 71 3
463 71 2
466 71 1
473 71 2
474 71 2
483 71 2
484 71 2
487 71 2
490 71 2
495 71 2
496 71 2
499 71 3
500 71 3
501 71 1
502 71 1
503 71 2
505 71 2
508 71 1
514 71 2
516 71 3
519 71 3
520 71 3
522 71 1
527 71 1
533 71 2
535 71 3
539 71 1
541 71 3
544 71 3
545 71 2
546 71 1
555 71 2
556 71 2
562 71 1
565 71 1
573 71 2
575 71 2
580 71 2
581 71 2
582 71 1
584 71 2
585 71 3
586 71 3
588 71 3
591 71 1
594 71 2
596 71 3
598 71 3
600 71 3
601 71 2
602 71 1
605 71 3
606 71 1
608 71 1
609 71 1
610 71 1
614 71 2
615 71 1
618 71 3
622 71 2
629 71 1
639 71 2
641 71 2
643 71 1
644 71 1
651 71 3
653 71 2
657 71 3
658 71 2
660 71 2
663 71 1
664 71 2
666 71 1
672 71 3
677 71 3
680 71 1
681 71 1
682 71 1
683 71 3
687 71 3
695 71 3
698 71 3
701 71 2
703 71 1
707 71 3
708 71 1
710 71 2
717 71 1
719 71 1
720 71 3
721 71 1
722 71 3
724 71 2
726 71 2
727 71 3
734 71 3
736 71 3
738 71 1
739 71 1
743 71 3
745 71 2
746 71 1
747 71 2
748 71 1
749 71 3
750 71 2
752 71 1
756 71 2
758 71 1
759 71 1
761 71 3
763 71 1
764 71 1
767 71 3
768 71 1
769 71 3
770 71 1
780 71 3
782 71 2
783 71 2
796 71 1
798 71 2
799 71 2
804 71 1
807 71 2
811 71 1
814 71 2
815 71 2
820 71 1
823 71 2
824 71 1
832 71 1
833 71 2
834 71 2
836 71 2
840 71 3
842 71 3
843 71 3
844 71 2
849 71 2
850 71 2
853 71 2
855 71 1
858 71 1
859 71 2
862 71 1
864 71 1
868 71 2
869 71 1
874 71 1
875 71 3
878 71 1
880 71 3
882 71 1
884 71 2
885 71 1
886 71 1
887 71 2
893 71 1
895 71 3
899 71 3
