162 253 3
163 253 3
164 253 3
165 253 2
166 253 1
168 253 3
172 253 3
173 253 1
174 253 1
178 253 2
183 253 1
188 253 1
198 253 3
212 253 2
215 253 1
217 253 3
223 253 2
227 253 2
229 253 2
230 253 3
233 253 3
236 253 2
237 253 3
239 253 2
241 253 3
245 253 2
247 253 2
249 253 2
253 253 3
256 253 3
259 253 1
265 253 3
269 253 3
270 253 3
273 253 1
276 253 3
279 253 2
280 253 3
281 253 3
282 253 1
283 253 2
285 253 3
292 253 2
297 253 1
305 253 2
309 253 3
310 253 3
315 253 3
320 253 1
321 253 1
322 253 3
325 253 1
331 253 3
339 253 3
341 253 1
342 253 3
349 253 3
351 253 3
355 253 1
356 253 1
357 253 1
358 253 3
360 253 1
362 253 2
365 253 3
367 253 2
368 253 1
369 253 2
373 253 1
375 253 2
377 253 2
383 253 3
388 253 3
390 253 3
393 253 1
396 253 2
397 253 2
407 253 2
408 253 2
409 253 3
410 253 1
411 253 3
417 253 2
423 253 3
427 253 3
430 253 2
431 253 3
435 253 2
436 253 1
437 253 3
438 253 2
441 253 1
442 253 2
445 253 2
446 253 1
447 253 1
449 253 3
450 253 3
451 253 1
452 253 3
453 253 2
458 253 1
459 253 1
464 253 3
466 253 3
467 253 3
468 253 1
473 253 3
474 253 1
480 253 2
481 253 3
483 253 1
484 253 3
487 253 3
489 253 1
496 253 3
497 253 1
498 253 1
501 253 1
502 253 3
504 253 1
505 253 2
507 253 1
512 253 2
513 253 1
515 253 3
516 253 1
517 253 2
519 253 2
520 253 2
525 253 1
531 253 3
532 253 3
535 253 3
537 253 2
541 253 1
547 253 1
548 253 2
550 253 3
552 253 2
554 253 3
564 253 2
565 253 1
567 253 2
568 253 1
572 253 2
574 253 1
576 253 2
583 253 1
584 253 3
590 253 2
596 253 2
597 253 2
600 253 1
601 253 1
607 253 1
610 253 3
612 253 1
616 253 2
622 253 2
624 253 3
633 253 3
638 253 1
642 253 2
643 253 1
646 253 2
647 253 2
648 253 3
652 253 2
655 253 3
657 253 1
658 253 1
661 253 2
662 253 1
664 253 3
672 253 3
682 253 2
686 253 2
687 253 1
691 253 3
698 253 3
700 253 1
703 253 2
707 253 3
708 253 1
710 253 1
713 253 2
714 253 1
715 253 1
717 253 2
718 253 1
720 253 2
725 253 2
726 253 3
729 253 2
731 253 2
732 253 2
733 253 3
735 253 1
741 253 3
742 253 2
747 253 3
750 253 2
752 253 3
755 253 1
756 253 1
764 253 2
767 253 3
770 253 3
771 253 2
777 253 1
778 253 3
786 253 2
788 253 2
791 253 3
794 253 1
796 253 3
798 253 3
800 253 1
801 253 1
802 253 1
803 253 2
806 253 3
809 253 1
813 253 2
814 253 1
815 253 2
819 253 2
823 253 3
824 253 3
832 253 2
838 253 2
839 253 2
842 253 1
847 253 2
851 253 2
853 253 2
857 253 1
859 253 1
863 253 1
870 253 1
871 253 1
875 253 2
879 253 2
889 253 2
901 253 1
902 253 2
905 253 1
907 253 2
910 253 3
911 253 2
912 253 1
913 253 1
914 253 3
916 253 2
917 253 2
918 253 2
921 253 1
923 253 1
928 253 1
929 253 3
930 253 3
934 253 1
943 253 1
946 253 2
947 253 1
955 253 2
962 253 3
963 253 3
968 253 3
970 253 1
973 253 3
977 253 1
981 253 2
990 253 3
991 253 3
998 253 3
2 254 1
3 254 3
7 254 1
10 254 1
12 254 3
16 254 1
19 254 1
21 254 1
22 254 1
25 254 1
29 254 2
35 254 1
42 254 2
47 254 2
52 254 1
56 254 1
65 254 2
66 254 2
67 254 2
68 254 1
69 254 2
71 254 2
72 254 2
73 254 2
74 254 2
82 254 2
84 254 2
87 254 2
91 254 2
95 254 1
96 254 3
100 254 1
101 254 1
102 254 2
113 254 2
116 254 3
118 254 3
119 254 3
120 254 3
123 254 1
124 254 2
126 254 1
127 254 1
128 254 1
130 254 1
131 254 3
135 254 3
136 254 1
137 254 1
141 254 2
142 254 2
147 254 2
154 254 1
156 254 3
163 254 3
164 254 3
171 254 3
173 254 1
177 254 1
179 254 2
180 254 1
184 254 2
187 254 1
189 254 2
190 254 2
192 254 3
196 254 2
202 254 1
209 254 2
212 254 2
219 254 2
221 254 1
222 254 3
224 254 1
227 254 2
228 254 3
230 254 1
232 254 1
237 254 3
238 254 3
240 254 3
245 254 1
246 254 1
248 254 2
250 254 3
260 254 3
262 254 2
266 254 1
267 254 3
269 254 3
271 254 2
278 254 3
279 254 3
281 254 2
283 254 1
289 254 3
290 254 1
291 254 1
292 254 1
296 254 1
299 254 2
302 254 3
309 254 2
310 254 3
312 254 1
317 254 2
318 254 2
320 254 2
321 254 2
322 254 3
323 254 3
324 254 2
330 254 1
331 254 1
338 254 3
342 254 2
344 254 1
346 254 3
348 254 3
351 254 3
353 254 3
354 254 1
356 254 1
358 254 2
359 254 1
363 254 1
364 254 1
367 254 2
369 254 1
371 254 3
375 254 3
378 254 1
379 254 3
382 254 1
389 254 2
392 254 2
398 254 3
402 254 3
403 254 1
404 254 1
406 254 1
414 254 3
416 254 2
417 254 3
421 254 1
425 254 1
429 254 2
435 254 1
439 254 2
442 254 2
443 254 2
444 254 1
446 254 3
449 254 1
450 254 2
455 254 2
459 254 2
460 254 2
464 254 1
465 254 3
468 254 1
469 254 3
473 254 3
475 254 1
477 254 2
478 254 1
479 254 2
484 254 2
487 254 2
488 254 3
489 254 2
490 254 2
494 254 3
497 254 2
498 254 1
501 254 3
502 254 3
505 254 1
511 254 3
516 254 1
520 254 3
523 254 2
530 254 2
531 254 3
534 254 2
537 254 1
538 254 2
541 254 3
542 254 2
544 254 2
545 254 1
553 254 3
560 254 1
562 254 3
564 254 3
573 254 1
574 254 2
577 254 2
582 254 1
584 254 2
592 254 3
593 254 2
594 254 2
595 254 1
596 254 1
597 254 3
601 254 2
605 254 3
610 254 1
614 254 3
616 254 3
620 254 3
623 254 2
626 254 3
627 254 3
632 254 1
636 254 2
641 254 3
643 254 2
644 254 3
648 254 2
653 254 2
656 254 2
659 254 2
660 254 1
661 254 2
664 254 1
668 254 1
671 254 2
675 254 2
678 254 1
681 254 3
683 254 2
688 254 3
689 254 2
696 254 1
710 254 2
716 254 1
719 254 3
723 254 3
726 254 2
727 254 3
734 254 1
736 254 1
740 254 1
743 254 1
744 254 1
748 254 2
749 254 2
752 254 2
754 254 3
757 254 3
759 254 1
764 254 1
768 254 3
776 254 3
779 254 1
784 254 1
788 254 3
789 254 1
793 254 2
799 254 1
804 254 1
806 254 1
808 254 1
812 254 2
814 254 2
816 254 2
817 254 2
818 254 1
827 254 2
828 254 3
830 254 1
831 254 2
834 254 1
837 254 1
838 254 3
839 254 1
840 254 2
847 254 2
850 254 2
857 254 2
860 254 1
862 254 1
864 254 3
865 254 2
867 254 2
871 254 3
872 254 1
874 254 2
876 254 3
878 254 1
879 254 1
880 254 2
884 254 2
892 254 1
896 254 2
898 254 2
901 254 2
904 254 2
908 254 1
910 254 3
918 254 1
925 254 2
927 254 2
932 254 2
942 254 3
945 254 3
948 254 2
950 254 2
953 254 3
954 254 1
955 254 2
956 254 3
957 254 3
960 254 1
961 254 2
967 254 3
968 254 1
970 254 3
971 254 3
975 254 1
978 254 1
984 254 2
988 254 3
990 254 2
993 254 2
994 254 1
998 254 1
999 254 2
0 255 3
7 255 3
9 255 2
14 255 1
17 255 3
18 255 3
20 255 3
23 255 1
24 255 2
25 255 1
28 255 2
29 255 1
34 255 1
35 255 2
36 255 3
37 255 1
39 255 1
40 255 3
41 255 1
48 255 3
49 255 2
50 255 2
54 255 3
57 255 1
59 255 3
62 255 1
70 255 3
71 255 2
73 255 2
74 255 1
76 255 3
77 255 3
78 255 1
79 255 2
81 255 1
83 255 3
85 255 1
90 255 2
92 255 3
94 255 3
96 255 2
97 255 2
98 255 1
100 255 1
101 255 1
105 255 2
109 255 1
112 255 3
113 255 1
121 255 2
125 255 2
126 255 1
129 255 3
130 255 2
135 255 2
140 255 1
145 255 3
152 255 2
157 255 1
