325 241 1
330 241 2
334 241 2
335 241 2
341 241 1
344 241 1
348 241 2
354 241 1
357 241 3
367 241 3
369 241 2
372 241 2
375 241 1
379 241 3
383 241 3
384 241 2
393 241 3
395 241 3
397 241 2
398 241 2
400 241 1
401 241 3
405 241 2
407 241 3
408 241 1
409 241 2
415 241 1
417 241 3
418 241 2
424 241 2
431 241 1
432 241 3
436 241 1
438 241 2
443 241 2
444 241 3
445 241 2
447 241 2
448 241 3
453 241 1
456 241 2
457 241 1
458 241 1
460 241 1
461 241 1
470 241 2
472 241 1
473 241 2
481 241 1
484 241 2
485 241 2
489 241 3
494 241 1
496 241 3
501 241 3
503 241 3
505 241 2
508 241 1
512 241 3
515 241 2
516 241 3
517 241 1
518 241 2
519 241 3
520 241 3
524 241 3
531 241 2
532 241 1
533 241 3
535 241 2
541 241 1
546 241 1
548 241 2
549 241 2
554 241 1
563 241 3
568 241 2
571 241 1
575 241 3
577 241 1
579 241 2
583 241 2
584 241 1
585 241 3
589 241 3
590 241 3
591 241 2
593 241 2
594 241 2
596 241 2
599 241 3
600 241 1
601 241 3
604 241 2
605 241 2
606 241 2
607 241 3
608 241 2
610 241 3
611 241 3
613 241 1
624 241 3
633 241 3
638 241 2
641 241 3
643 241 2
649 241 1
650 241 3
651 241 1
652 241 1
654 241 1
657 241 1
659 241 1
660 241 3
665 241 3
666 241 2
667 241 1
669 241 1
670 241 1
676 241 2
677 241 1
678 241 2
679 241 1
680 241 3
682 241 2
683 241 2
688 241 1
693 241 1
694 241 1
695 241 3
698 241 2
701 241 1
702 241 1
710 241 3
719 241 1
724 241 1
729 241 1
730 241 2
738 241 2
740 241 3
741 241 2
742 241 1
743 241 2
744 241 2
746 241 2
747 241 3
751 241 3
753 241 3
758 241 2
760 241 1
762 241 3
763 241 3
767 241 3
769 241 1
771 241 1
772 241 1
777 241 3
778 241 1
779 241 1
780 241 2
784 241 2
790 241 2
791 241 2
792 241 2
794 241 3
800 241 2
801 241 1
802 241 2
810 241 1
811 241 3
812 241 1
814 241 3
816 241 2
817 241 1
818 241 2
819 241 2
824 241 1
826 241 3
831 241 3
832 241 1
833 241 2
835 241 3
840 241 1
845 241 3
847 241 2
848 241 1
849 241 3
852 241 2
854 241 1
856 241 2
858 241 1
859 241 1
860 241 3
864 241 2
866 241 1
867 241 2
874 241 2
881 241 2
882 241 3
883 241 1
884 241 1
886 241 3
898 241 1
899 241 2
900 241 3
901 241 2
904 241 2
906 241 3
907 241 1
909 241 2
910 241 1
913 241 1
914 241 2
923 241 1
926 241 1
928 241 1
933 241 1
934 241 1
936 241 1
938 241 3
954 241 3
955 241 2
959 241 1
966 241 3
972 241 3
976 241 3
983 241 2
990 241 1
991 241 2
0 242 1
5 242 3
10 242 2
12 242 3
16 242 3
18 242 3
20 242 3
21 242 3
23 242 2
24 242 1
31 242 2
33 242 1
37 242 1
40 242 2
41 242 1
42 242 1
43 242 1
45 242 2
46 242 2
47 242 1
52 242 2
56 242 1
57 242 2
63 242 1
69 242 1
71 242 1
72 242 2
78 242 1
81 242 3
82 242 3
87 242 1
93 242 1
94 242 3
95 242 3
97 242 2
101 242 1
110 242 1
112 242 3
113 242 1
115 242 2
116 242 3
119 242 2
120 242 3
125 242 2
130 242 1
131 242 2
133 242 2
136 242 2
139 242 2
143 242 3
145 242 1
146 242 2
148 242 2
151 242 3
159 242 1
160 242 1
166 242 2
171 242 3
173 242 3
174 242 3
176 242 3
179 242 2
185 242 3
187 242 1
188 242 2
189 242 2
190 242 3
191 242 2
192 242 3
194 242 3
197 242 1
200 242 2
201 242 1
202 242 2
207 242 1
209 242 2
211 242 1
216 242 3
219 242 2
220 242 3
223 242 1
225 242 3
227 242 2
228 242 2
231 242 1
232 242 2
236 242 1
245 242 3
251 242 2
254 242 2
257 242 1
258 242 3
259 242 2
261 242 2
262 242 1
264 242 1
265 242 2
267 242 1
271 242 2
272 242 3
273 242 2
274 242 1
275 242 2
276 242 1
283 242 3
287 242 2
289 242 2
292 242 2
294 242 3
295 242 2
297 242 3
300 242 3
301 242 3
302 242 2
305 242 2
308 242 2
309 242 2
311 242 3
312 242 1
313 242 1
316 242 2
318 242 1
321 242 3
327 242 3
328 242 2
329 242 2
335 242 2
336 242 2
337 242 2
338 242 1
340 242 3
342 242 2
349 242 2
350 242 2
357 242 2
365 242 1
366 242 3
370 242 1
375 242 3
377 242 1
380 242 2
381 242 1
388 242 3
393 242 3
398 242 1
399 242 3
401 242 1
403 242 1
405 242 1
406 242 1
409 242 3
411 242 3
422 242 3
423 242 3
424 242 1
428 242 2
430 242 3
431 242 1
433 242 3
434 242 2
437 242 2
438 242 2
441 242 2
442 242 2
443 242 3
445 242 1
451 242 3
455 242 3
457 242 1
462 242 1
463 242 2
464 242 3
471 242 3
472 242 2
475 242 1
480 242 2
495 242 3
497 242 1
499 242 2
500 242 1
502 242 3
503 242 1
509 242 2
510 242 1
511 242 2
518 242 2
522 242 2
529 242 1
531 242 1
532 242 2
533 242 1
535 242 3
536 242 2
539 242 1
545 242 1
546 242 3
548 242 2
555 242 1
558 242 2
559 242 2
560 242 1
562 242 1
567 242 1
575 242 3
577 242 3
578 242 3
581 242 1
582 242 3
583 242 3
586 242 3
587 242 1
589 242 3
598 242 1
600 242 1
601 242 3
604 242 2
605 242 3
606 242 1
609 242 3
614 242 3
615 242 3
616 242 1
618 242 1
619 242 3
627 242 2
633 242 1
639 242 2
640 242 2
642 242 1
644 242 2
646 242 3
651 242 3
652 242 2
654 242 2
655 242 2
659 242 3
664 242 1
665 242 1
668 242 1
670 242 1
676 242 1
681 242 2
685 242 1
687 242 1
688 242 3
694 242 3
699 242 2
707 242 1
711 242 3
713 242 2
714 242 2
715 242 2
717 242 3
719 242 3
720 242 3
722 242 2
729 242 3
732 242 1
733 242 2
739 242 1
740 242 3
742 242 2
743 242 2
744 242 3
745 242 3
749 242 2
750 242 1
752 242 3
753 242 3
754 242 2
755 242 1
758 242 1
760 242 2
763 242 3
767 242 2
771 242 2
772 242 2
779 242 2
780 242 1
781 242 3
790 242 3
791 242 3
792 242 2
796 242 2
798 242 1
799 242 3
802 242 1
803 242 1
811 242 1
814 242 3
825 242 1
827 242 2
829 242 2
830 242 3
831 242 1
833 242 3
834 242 1
845 242 2
847 242 3
851 242 3
860 242 3
861 242 3
862 242 3
863 242 2
864 242 2
866 242 1
867 242 1
868 242 2
870 242 1
875 242 3
876 242 1
877 242 2
883 242 3
888 242 3
889 242 2
892 242 1
901 242 1
903 242 3
905 242 1
913 242 1
915 242 3
916 242 2
919 242 3
920 242 1
925 242 1
929 242 2
936 242 2
937 242 2
938 242 3
939 242 2
940 242 3
942 242 1
944 242 3
946 242 3
954 242 2
958 242 1
961 242 2
968 242 3
971 242 1
972 242 2
974 242 2
975 242 3
981 242 2
989 242 3
991 242 3
998 242 3
0 243 2
1 243 2
4 243 3
8 243 3
10 243 2
16 243 2
17 243 1
18 243 2
19 243 2
25 243 1
26 243 1
27 243 3
30 243 2
32 243 1
39 243 1
46 243 1
52 243 2
55 243 2
59 243 2
61 243 1
66 243 2
77 243 1
80 243 3
82 243 2
83 243 2
89 243 1
96 243 2
100 243 1
106 243 1
108 243 1
109 243 3
111 243 2
117 243 1
125 243 2
126 243 1
127 243 3
130 243 2
137 243 1
138 243 3
142 243 2
144 243 1
145 243 2
147 243 2
153 243 1
156 243 1
159 243 1
161 243 3
164 243 3
168 243 3
173 243 3
174 243 3
175 243 3
177 243 1
182 243 3
183 243 3
184 243 3
192 243 2
197 243 3
199 243 3
202 243 1
207 243 3
211 243 3
212 243 1
213 243 1
215 243 1
217 243 1
224 243 3
228 243 2
232 243 3
233 243 1
235 243 2
240 243 2
244 243 3
246 243 1
249 243 2
251 243 2
255 243 3
256 243 1
257 243 3
262 243 2
263 243 2
265 243 1
270 243 3
272 243 2
279 243 3
282 243 1
291 243 3
292 243 1
296 243 1
297 243 3
301 243 2
