416 32 3
417 32 2
418 32 2
420 32 1
423 32 2
424 32 3
425 32 3
426 32 3
432 32 3
434 32 1
435 32 1
441 32 3
444 32 2
451 32 1
453 32 2
455 32 1
457 32 3
458 32 1
460 32 3
462 32 2
463 32 3
466 32 2
472 32 3
474 32 1
476 32 3
477 32 1
480 32 2
483 32 1
484 32 1
485 32 3
489 32 2
498 32 3
503 32 1
509 32 2
511 32 3
513 32 2
521 32 1
528 32 1
530 32 1
533 32 2
536 32 2
544 32 3
545 32 3
546 32 1
549 32 3
551 32 3
552 32 2
556 32 3
557 32 2
559 32 1
568 32 1
569 32 3
571 32 1
574 32 3
580 32 1
581 32 2
589 32 2
590 32 2
591 32 1
593 32 2
596 32 2
598 32 2
599 32 1
604 32 1
605 32 1
608 32 3
609 32 3
614 32 1
619 32 2
620 32 1
622 32 2
630 32 1
634 32 1
636 32 1
638 32 3
643 32 2
646 32 1
650 32 2
652 32 2
653 32 2
655 32 2
659 32 3
662 32 1
674 32 2
678 32 3
680 32 1
690 32 1
692 32 2
693 32 2
695 32 2
698 32 1
699 32 3
700 32 1
702 32 2
707 32 3
709 32 1
714 32 3
717 32 1
718 32 2
719 32 3
720 32 3
721 32 2
725 32 1
727 32 2
732 32 2
740 32 2
747 32 2
748 32 3
749 32 3
752 32 2
753 32 2
754 32 1
758 32 1
765 32 1
767 32 2
772 32 2
773 32 3
777 32 3
779 32 3
780 32 2
782 32 2
783 32 2
784 32 1
788 32 3
791 32 3
792 32 1
795 32 1
797 32 2
799 32 2
805 32 1
807 32 2
808 32 1
811 32 1
812 32 2
815 32 1
818 32 2
820 32 1
822 32 2
823 32 1
836 32 1
842 32 2
845 32 3
848 32 1
849 32 2
853 32 3
854 32 3
857 32 2
861 32 2
862 32 3
865 32 1
867 32 1
870 32 1
871 32 3
872 32 3
873 32 3
876 32 1
878 32 2
879 32 2
880 32 3
886 32 1
889 32 2
890 32 1
894 32 3
900 32 2
905 32 3
909 32 3
910 32 1
913 32 2
918 32 1
919 32 1
921 32 2
927 32 3
932 32 3
934 32 3
935 32 2
937 32 3
941 32 1
944 32 1
947 32 3
948 32 3
950 32 1
954 32 3
958 32 3
959 32 3
961 32 2
965 32 2
970 32 1
971 32 1
981 32 2
985 32 3
986 32 2
997 32 3
998 32 1
0 33 3
3 33 1
5 33 1
11 33 3
13 33 2
15 33 2
16 33 2
18 33 1
19 33 3
20 33 2
21 33 2
23 33 1
26 33 2
28 33 1
30 33 1
31 33 2
32 33 1
34 33 3
37 33 3
42 33 3
47 33 3
49 33 1
51 33 3
54 33 2
56 33 1
59 33 3
62 33 3
63 33 1
67 33 2
68 33 1
70 33 3
71 33 1
73 33 3
74 33 3
76 33 3
77 33 1
82 33 2
83 33 2
84 33 1
91 33 1
92 33 3
93 33 1
97 33 3
99 33 1
104 33 3
105 33 1
108 33 1
109 33 1
110 33 3
112 33 1
113 33 1
116 33 2
121 33 2
131 33 2
133 33 2
140 33 3
142 33 1
144 33 1
149 33 3
152 33 1
156 33 1
160 33 3
162 33 3
178 33 2
179 33 1
182 33 1
185 33 2
194 33 1
197 33 3
199 33 1
201 33 3
202 33 1
209 33 2
212 33 1
215 33 3
217 33 3
221 33 1
229 33 3
230 33 2
239 33 2
240 33 1
244 33 1
247 33 3
249 33 1
254 33 2
259 33 3
261 33 3
266 33 2
268 33 2
278 33 2
279 33 1
281 33 1
282 33 3
283 33 2
290 33 3
293 33 2
294 33 2
299 33 2
303 33 2
304 33 1
305 33 3
308 33 2
309 33 2
313 33 1
319 33 1
323 33 1
326 33 3
328 33 3
329 33 1
343 33 2
346 33 2
347 33 2
349 33 1
352 33 2
354 33 2
358 33 3
359 33 1
361 33 2
365 33 2
369 33 1
371 33 2
372 33 2
375 33 3
376 33 1
378 33 3
379 33 3
382 33 3
386 33 2
388 33 1
389 33 2
395 33 3
396 33 2
400 33 3
401 33 2
402 33 1
407 33 2
410 33 2
411 33 2
412 33 2
413 33 1
414 33 2
418 33 2
421 33 3
424 33 1
425 33 1
428 33 2
432 33 1
439 33 3
440 33 2
444 33 3
449 33 1
451 33 3
456 33 3
460 33 1
464 33 3
469 33 3
471 33 2
476 33 1
477 33 1
480 33 1
483 33 1
485 33 3
486 33 3
489 33 3
495 33 3
496 33 2
502 33 1
506 33 2
507 33 1
509 33 1
510 33 2
513 33 1
514 33 1
515 33 1
518 33 3
519 33 2
521 33 3
528 33 2
534 33 1
535 33 3
536 33 2
538 33 1
539 33 3
546 33 2
549 33 3
553 33 2
554 33 2
556 33 1
560 33 1
562 33 2
566 33 3
567 33 2
568 33 1
571 33 2
576 33 1
578 33 2
580 33 2
581 33 2
587 33 1
589 33 1
594 33 2
595 33 1
598 33 1
609 33 3
610 33 1
614 33 1
615 33 2
616 33 1
624 33 1
625 33 2
628 33 3
631 33 3
632 33 1
635 33 3
644 33 3
645 33 2
651 33 3
653 33 3
657 33 3
658 33 1
659 33 3
661 33 2
662 33 2
666 33 3
667 33 3
670 33 1
674 33 2
678 33 3
679 33 2
681 33 3
684 33 2
685 33 2
690 33 2
692 33 3
701 33 2
703 33 3
708 33 3
709 33 3
710 33 1
712 33 1
713 33 3
716 33 1
721 33 3
722 33 1
726 33 2
730 33 2
731 33 2
737 33 1
739 33 1
741 33 2
743 33 1
744 33 2
748 33 2
749 33 1
754 33 1
757 33 3
758 33 1
763 33 2
764 33 3
765 33 1
772 33 1
774 33 3
776 33 3
777 33 3
779 33 3
781 33 2
787 33 2
789 33 3
790 33 2
803 33 3
807 33 3
808 33 3
809 33 1
810 33 2
813 33 3
814 33 2
815 33 2
821 33 1
828 33 2
830 33 3
832 33 1
833 33 3
837 33 2
838 33 2
840 33 3
845 33 2
848 33 2
852 33 3
856 33 2
862 33 2
863 33 1
867 33 3
868 33 2
879 33 3
880 33 3
884 33 1
887 33 3
889 33 3
891 33 3
892 33 2
895 33 3
896 33 3
897 33 3
898 33 2
902 33 2
903 33 2
906 33 1
911 33 3
913 33 1
915 33 1
916 33 2
924 33 2
928 33 2
934 33 1
935 33 3
940 33 3
943 33 1
949 33 3
951 33 3
958 33 2
961 33 3
963 33 1
964 33 3
965 33 1
966 33 3
967 33 2
971 33 1
984 33 2
987 33 1
989 33 2
990 33 2
991 33 1
992 33 3
993 33 2
994 33 1
997 33 2
1 34 2
4 34 1
5 34 3
7 34 3
15 34 3
17 34 1
22 34 2
24 34 3
28 34 3
32 34 2
36 34 3
39 34 3
41 34 1
43 34 2
45 34 1
46 34 1
47 34 3
48 34 3
50 34 3
54 34 2
56 34 1
60 34 2
65 34 2
75 34 1
80 34 2
81 34 2
85 34 2
88 34 2
89 34 1
90 34 1
96 34 1
106 34 1
107 34 3
113 34 3
115 34 3
117 34 2
118 34 3
128 34 1
135 34 2
141 34 2
142 34 2
143 34 3
144 34 1
147 34 3
152 34 1
153 34 3
154 34 1
157 34 1
160 34 1
161 34 3
167 34 3
169 34 3
173 34 1
174 34 3
177 34 2
180 34 1
181 34 3
186 34 2
189 34 1
195 34 1
202 34 3
203 34 3
206 34 1
208 34 1
212 34 3
214 34 1
220 34 1
221 34 1
223 34 2
227 34 3
229 34 2
235 34 1
237 34 3
242 34 1
243 34 1
246 34 3
249 34 1
250 34 3
251 34 1
255 34 1
266 34 1
273 34 1
276 34 2
280 34 3
282 34 3
284 34 2
285 34 2
286 34 2
288 34 3
289 34 3
297 34 1
298 34 3
301 34 2
304 34 3
305 34 2
307 34 3
309 34 3
316 34 3
317 34 1
320 34 3
322 34 2
323 34 2
324 34 3
326 34 2
330 34 3
331 34 1
333 34 2
338 34 2
340 34 3
342 34 3
345 34 1
346 34 3
351 34 2
355 34 1
356 34 1
357 34 3
358 34 2
360 34 1
362 34 2
364 34 3
365 34 2
366 34 1
367 34 2
376 34 1
381 34 1
382 34 2
385 34 3
386 34 3
389 34 2
398 34 2
401 34 3
409 34 3
412 34 3
417 34 1
420 34 1
421 34 3
422 34 1
