647 852 3
648 852 1
649 852 1
652 852 3
653 852 2
655 852 2
657 852 3
660 852 3
665 852 3
666 852 3
668 852 3
670 852 3
673 852 3
675 852 2
676 852 1
678 852 2
690 852 2
691 852 2
697 852 2
698 852 3
701 852 2
703 852 2
710 852 1
713 852 1
714 852 3
720 852 2
722 852 1
731 852 3
732 852 1
735 852 1
737 852 3
739 852 3
741 852 2
746 852 3
755 852 3
757 852 1
760 852 2
763 852 1
766 852 3
768 852 2
769 852 1
776 852 3
777 852 1
778 852 3
781 852 1
783 852 1
785 852 1
787 852 2
793 852 1
799 852 2
802 852 2
807 852 2
811 852 2
814 852 3
817 852 1
818 852 2
820 852 1
823 852 3
824 852 2
826 852 3
832 852 1
834 852 3
835 852 3
838 852 1
839 852 1
847 852 1
856 852 2
857 852 3
868 852 2
874 852 1
876 852 1
877 852 3
879 852 2
881 852 3
883 852 3
884 852 3
885 852 3
887 852 1
889 852 2
892 852 3
893 852 3
896 852 3
898 852 1
899 852 2
900 852 3
901 852 3
906 852 1
907 852 1
909 852 2
912 852 2
914 852 2
917 852 1
919 852 3
920 852 2
921 852 1
923 852 2
929 852 3
933 852 1
934 852 3
936 852 3
940 852 3
943 852 2
945 852 3
946 852 3
947 852 1
948 852 1
950 852 1
957 852 1
959 852 3
962 852 1
965 852 3
967 852 3
971 852 1
973 852 1
975 852 3
977 852 1
980 852 3
981 852 1
985 852 1
990 852 2
993 852 1
1 853 3
3 853 3
4 853 2
7 853 3
10 853 1
11 853 3
13 853 2
14 853 2
19 853 2
27 853 2
31 853 3
33 853 1
34 853 3
36 853 2
38 853 1
43 853 2
44 853 2
45 853 1
46 853 1
50 853 3
55 853 2
60 853 3
62 853 1
64 853 3
68 853 3
69 853 3
71 853 2
73 853 3
74 853 3
75 853 1
79 853 1
86 853 2
87 853 1
97 853 3
99 853 1
100 853 2
102 853 3
103 853 3
106 853 3
107 853 1
112 853 2
116 853 2
118 853 3
119 853 1
120 853 3
121 853 3
123 853 1
124 853 2
126 853 2
133 853 2
144 853 3
145 853 3
148 853 3
151 853 1
157 853 2
158 853 2
160 853 1
163 853 1
164 853 3
166 853 1
167 853 1
168 853 2
169 853 3
170 853 1
175 853 1
178 853 3
181 853 1
183 853 3
189 853 2
191 853 2
193 853 2
194 853 2
200 853 1
202 853 3
203 853 3
205 853 1
209 853 3
212 853 1
214 853 3
217 853 1
218 853 1
224 853 3
225 853 1
228 853 3
232 853 2
233 853 2
234 853 2
237 853 1
241 853 2
242 853 1
249 853 3
254 853 2
256 853 2
260 853 1
263 853 3
264 853 2
265 853 1
267 853 1
269 853 2
279 853 2
280 853 3
289 853 1
290 853 2
291 853 2
298 853 1
305 853 3
306 853 3
307 853 3
312 853 3
325 853 1
332 853 3
333 853 1
334 853 2
337 853 1
341 853 1
343 853 2
345 853 2
346 853 1
350 853 2
351 853 1
362 853 1
364 853 3
367 853 1
369 853 2
371 853 3
372 853 3
376 853 2
379 853 3
381 853 2
382 853 2
383 853 3
390 853 3
391 853 1
393 853 3
397 853 3
398 853 2
399 853 2
400 853 3
402 853 3
404 853 2
409 853 1
411 853 1
412 853 3
414 853 3
415 853 2
417 853 2
418 853 1
421 853 2
426 853 2
427 853 1
430 853 1
437 853 3
439 853 1
441 853 2
442 853 1
444 853 1
447 853 1
448 853 2
453 853 2
454 853 2
455 853 2
459 853 2
463 853 2
470 853 1
472 853 3
481 853 3
489 853 2
490 853 1
491 853 1
495 853 3
503 853 3
505 853 2
507 853 2
509 853 1
510 853 1
512 853 2
519 853 1
524 853 1
525 853 3
532 853 2
535 853 2
536 853 2
538 853 2
540 853 1
542 853 2
545 853 1
547 853 3
552 853 3
560 853 1
561 853 1
565 853 1
566 853 3
567 853 1
569 853 1
570 853 2
571 853 1
572 853 3
574 853 2
577 853 2
578 853 1
580 853 2
583 853 2
584 853 3
586 853 2
588 853 2
590 853 3
595 853 2
599 853 3
600 853 1
601 853 1
606 853 3
608 853 2
611 853 2
613 853 2
623 853 1
632 853 2
634 853 2
636 853 2
639 853 1
640 853 3
645 853 2
653 853 1
656 853 1
657 853 3
662 853 3
664 853 2
665 853 2
668 853 2
671 853 3
675 853 3
679 853 2
680 853 3
683 853 1
685 853 3
688 853 1
691 853 1
693 853 2
696 853 3
697 853 1
702 853 1
705 853 2
706 853 1
709 853 2
712 853 1
714 853 3
715 853 1
719 853 2
720 853 3
722 853 1
726 853 3
727 853 3
730 853 1
737 853 1
740 853 1
746 853 1
749 853 3
750 853 1
751 853 3
757 853 1
759 853 3
760 853 2
762 853 2
766 853 3
767 853 3
772 853 1
774 853 1
777 853 3
781 853 3
782 853 3
784 853 3
787 853 3
790 853 3
792 853 1
793 853 3
794 853 3
796 853 3
801 853 1
804 853 2
806 853 3
810 853 1
811 853 1
820 853 3
826 853 2
829 853 2
831 853 3
833 853 1
837 853 3
846 853 2
850 853 3
853 853 3
854 853 3
855 853 1
857 853 3
858 853 2
860 853 1
862 853 2
863 853 1
870 853 1
874 853 2
875 853 2
876 853 3
878 853 1
880 853 3
882 853 2
884 853 1
885 853 2
886 853 3
888 853 3
889 853 1
893 853 1
895 853 2
903 853 3
906 853 3
911 853 2
917 853 1
918 853 3
921 853 3
922 853 1
924 853 1
927 853 2
930 853 2
931 853 2
938 853 3
944 853 2
945 853 2
946 853 3
947 853 3
948 853 1
953 853 2
958 853 3
960 853 1
961 853 3
966 853 2
967 853 3
974 853 3
977 853 1
980 853 1
984 853 2
985 853 3
986 853 3
991 853 2
996 853 2
997 853 3
999 853 3
0 854 3
1 854 2
3 854 1
5 854 2
9 854 1
11 854 1
12 854 1
13 854 1
14 854 2
19 854 1
23 854 1
24 854 2
25 854 2
27 854 3
29 854 1
32 854 1
35 854 1
49 854 2
53 854 3
54 854 2
56 854 3
57 854 3
59 854 3
60 854 3
64 854 3
71 854 2
74 854 3
75 854 3
77 854 2
82 854 1
83 854 2
89 854 2
95 854 3
106 854 1
109 854 1
110 854 2
112 854 1
120 854 3
121 854 3
123 854 1
124 854 3
125 854 2
127 854 3
129 854 2
132 854 1
133 854 1
136 854 3
138 854 2
140 854 1
141 854 3
143 854 2
144 854 1
145 854 1
148 854 3
152 854 2
153 854 1
154 854 3
159 854 3
163 854 1
165 854 2
166 854 1
167 854 3
168 854 1
169 854 3
177 854 2
180 854 1
184 854 2
185 854 2
188 854 1
189 854 1
191 854 1
193 854 3
196 854 3
205 854 3
206 854 3
209 854 1
212 854 1
213 854 2
215 854 1
226 854 3
227 854 2
229 854 2
235 854 2
239 854 1
241 854 3
243 854 1
247 854 3
249 854 3
253 854 1
254 854 1
262 854 3
264 854 3
265 854 2
272 854 3
280 854 1
285 854 2
286 854 2
289 854 3
296 854 3
298 854 1
304 854 1
318 854 1
322 854 2
323 854 2
325 854 1
328 854 3
330 854 3
331 854 1
335 854 1
341 854 2
344 854 1
349 854 1
354 854 3
355 854 3
356 854 3
359 854 1
360 854 2
363 854 2
364 854 3
365 854 3
370 854 3
372 854 1
374 854 2
377 854 1
379 854 2
382 854 2
385 854 3
389 854 1
391 854 2
394 854 3
395 854 2
397 854 3
399 854 2
403 854 3
408 854 2
409 854 2
413 854 3
420 854 1
421 854 1
423 854 1
425 854 2
428 854 2
429 854 2
431 854 3
432 854 2
439 854 1
440 854 3
441 854 1
442 854 1
443 854 3
444 854 1
445 854 3
446 854 2
453 854 3
458 854 3
461 854 1
462 854 3
466 854 3
467 854 3
470 854 3
472 854 3
474 854 3
475 854 2
479 854 3
480 854 3
482 854 2
483 854 1
484 854 3
487 854 2
499 854 2
500 854 3
501 854 3
503 854 3
504 854 3
507 854 1
512 854 1
513 854 2
515 854 2
516 854 2
517 854 3
518 854 1
522 854 2
527 854 1
528 854 3
532 854 1
535 854 1
538 854 1
543 854 3
544 854 1
547 854 2
552 854 1
553 854 1
555 854 3
562 854 3
568 854 3
569 854 1
573 854 1
577 854 3
581 854 1
585 854 3
586 854 2
