346 277 3
356 277 2
357 277 1
365 277 2
367 277 3
371 277 1
375 277 1
376 277 1
377 277 2
382 277 2
384 277 1
385 277 3
388 277 1
396 277 2
400 277 3
404 277 1
408 277 1
409 277 1
415 277 1
418 277 3
420 277 1
422 277 2
424 277 1
425 277 2
428 277 3
430 277 2
431 277 3
437 277 2
443 277 1
444 277 2
446 277 3
449 277 2
461 277 1
464 277 3
465 277 1
471 277 2
476 277 3
477 277 1
484 277 1
486 277 1
494 277 3
496 277 2
498 277 3
500 277 3
507 277 3
512 277 1
514 277 1
516 277 1
517 277 3
520 277 2
521 277 1
522 277 1
524 277 1
525 277 1
536 277 1
538 277 1
540 277 2
544 277 1
552 277 2
555 277 2
559 277 2
560 277 3
563 277 2
568 277 1
570 277 2
573 277 3
574 277 3
577 277 2
579 277 3
581 277 2
583 277 3
584 277 2
585 277 2
587 277 1
588 277 1
590 277 1
592 277 1
594 277 2
596 277 3
605 277 3
607 277 3
612 277 1
616 277 1
620 277 1
621 277 2
623 277 1
626 277 3
635 277 2
640 277 2
647 277 2
648 277 2
650 277 3
652 277 2
655 277 3
656 277 1
659 277 2
663 277 3
673 277 1
680 277 3
681 277 1
682 277 3
683 277 1
690 277 3
691 277 3
694 277 2
698 277 3
699 277 1
704 277 3
706 277 2
709 277 3
710 277 1
714 277 3
723 277 3
726 277 3
727 277 1
728 277 2
729 277 3
731 277 3
733 277 3
740 277 2
742 277 1
743 277 1
745 277 3
747 277 1
749 277 2
751 277 3
753 277 2
755 277 2
760 277 2
771 277 2
778 277 3
779 277 1
780 277 3
782 277 3
783 277 1
785 277 3
791 277 3
792 277 2
800 277 1
802 277 3
805 277 3
806 277 2
808 277 2
814 277 1
818 277 2
822 277 3
824 277 3
826 277 2
832 277 3
836 277 2
840 277 1
841 277 2
842 277 2
847 277 2
848 277 1
852 277 1
853 277 1
855 277 1
860 277 3
862 277 3
863 277 3
865 277 1
867 277 1
870 277 1
871 277 2
875 277 1
880 277 2
881 277 1
882 277 2
884 277 3
885 277 3
886 277 3
891 277 1
894 277 3
899 277 1
900 277 3
901 277 2
905 277 3
913 277 2
914 277 3
916 277 3
917 277 1
923 277 2
925 277 1
936 277 1
937 277 2
943 277 2
944 277 3
945 277 2
948 277 2
955 277 3
956 277 3
957 277 2
964 277 1
965 277 2
967 277 1
968 277 1
969 277 1
970 277 3
972 277 2
974 277 1
977 277 3
982 277 3
985 277 3
987 277 1
988 277 2
991 277 1
999 277 3
0 278 1
1 278 3
3 278 2
7 278 2
8 278 1
11 278 1
18 278 3
19 278 3
20 278 3
21 278 1
22 278 2
24 278 2
25 278 3
29 278 3
30 278 3
37 278 3
39 278 3
43 278 2
45 278 1
47 278 1
49 278 1
51 278 3
57 278 3
59 278 2
62 278 2
63 278 2
67 278 3
70 278 1
71 278 3
74 278 2
79 278 1
80 278 1
83 278 2
86 278 3
87 278 1
88 278 2
90 278 1
95 278 2
96 278 2
97 278 3
98 278 3
100 278 1
104 278 1
105 278 2
109 278 2
112 278 2
114 278 2
116 278 2
117 278 1
118 278 3
119 278 3
120 278 3
122 278 1
123 278 2
126 278 3
128 278 3
130 278 2
133 278 2
137 278 3
138 278 2
144 278 2
149 278 3
151 278 2
157 278 2
159 278 1
160 278 1
164 278 2
165 278 1
167 278 3
168 278 3
169 278 1
170 278 3
172 278 1
176 278 2
182 278 2
184 278 2
185 278 3
187 278 3
193 278 3
206 278 1
207 278 2
208 278 3
210 278 2
211 278 3
217 278 1
220 278 2
228 278 3
231 278 2
232 278 3
233 278 2
235 278 1
237 278 1
239 278 3
243 278 2
247 278 2
261 278 3
262 278 1
264 278 2
275 278 2
283 278 1
285 278 1
288 278 2
289 278 1
293 278 3
294 278 1
296 278 2
301 278 1
302 278 3
304 278 1
305 278 1
307 278 1
309 278 1
314 278 2
315 278 3
316 278 3
320 278 2
321 278 2
333 278 1
335 278 2
339 278 2
343 278 2
346 278 2
351 278 1
354 278 1
356 278 2
357 278 1
360 278 1
361 278 3
362 278 3
363 278 2
364 278 1
369 278 2
371 278 3
373 278 3
381 278 2
389 278 1
392 278 1
393 278 2
395 278 2
396 278 3
399 278 1
403 278 1
404 278 2
409 278 1
415 278 1
419 278 1
420 278 2
422 278 1
426 278 3
430 278 1
433 278 2
435 278 2
437 278 2
441 278 2
445 278 1
446 278 2
449 278 2
453 278 2
455 278 2
456 278 3
461 278 1
462 278 1
464 278 1
465 278 3
466 278 2
469 278 3
472 278 2
474 278 3
475 278 1
476 278 1
477 278 2
478 278 3
484 278 3
485 278 3
495 278 1
496 278 3
497 278 2
498 278 2
501 278 1
504 278 1
507 278 3
509 278 1
510 278 1
516 278 1
518 278 1
519 278 3
520 278 2
521 278 2
526 278 3
529 278 2
530 278 3
533 278 2
537 278 2
541 278 3
543 278 1
544 278 1
546 278 3
548 278 1
550 278 3
554 278 1
558 278 3
562 278 1
567 278 3
568 278 3
571 278 3
574 278 3
576 278 2
577 278 1
588 278 3
590 278 1
597 278 1
601 278 2
602 278 2
603 278 3
607 278 3
609 278 1
611 278 2
617 278 2
621 278 3
622 278 2
625 278 1
626 278 1
636 278 1
643 278 3
645 278 2
646 278 3
648 278 2
649 278 1
650 278 1
654 278 1
655 278 2
658 278 1
662 278 1
664 278 2
666 278 2
667 278 2
669 278 1
670 278 3
672 278 3
674 278 3
685 278 3
689 278 2
695 278 3
706 278 2
716 278 1
717 278 3
719 278 1
720 278 3
722 278 1
723 278 3
727 278 2
731 278 3
734 278 1
739 278 2
747 278 2
750 278 2
751 278 1
752 278 2
754 278 3
758 278 2
759 278 3
763 278 2
766 278 2
776 278 1
780 278 3
782 278 1
784 278 3
785 278 3
792 278 1
793 278 2
799 278 3
800 278 3
801 278 2
802 278 2
803 278 2
804 278 1
807 278 2
810 278 1
811 278 2
812 278 3
813 278 3
814 278 1
817 278 3
822 278 1
823 278 2
825 278 2
830 278 3
831 278 3
834 278 2
838 278 3
839 278 3
841 278 3
843 278 1
845 278 1
846 278 2
850 278 2
852 278 2
856 278 2
857 278 1
858 278 2
861 278 3
868 278 2
875 278 3
876 278 3
877 278 1
885 278 1
893 278 2
894 278 1
896 278 1
897 278 3
899 278 1
901 278 2
902 278 3
903 278 3
904 278 1
910 278 1
911 278 1
916 278 3
919 278 3
921 278 3
927 278 1
930 278 3
933 278 2
934 278 1
937 278 2
938 278 2
947 278 2
950 278 1
956 278 3
957 278 2
959 278 3
960 278 3
973 278 3
975 278 2
976 278 1
981 278 3
987 278 1
988 278 1
993 278 2
994 278 3
995 278 1
996 278 3
3 279 3
4 279 2
5 279 1
6 279 2
8 279 2
9 279 3
13 279 1
18 279 1
19 279 2
21 279 1
22 279 2
23 279 2
32 279 3
33 279 1
37 279 2
39 279 3
40 279 1
41 279 3
42 279 1
43 279 2
47 279 3
48 279 3
53 279 3
59 279 1
62 279 2
70 279 2
71 279 1
75 279 1
85 279 3
88 279 3
89 279 1
90 279 3
96 279 1
97 279 3
98 279 1
101 279 1
102 279 1
103 279 1
104 279 2
108 279 1
110 279 1
112 279 1
117 279 3
119 279 2
120 279 3
121 279 3
129 279 1
136 279 2
137 279 2
138 279 3
145 279 2
151 279 3
152 279 3
154 279 1
157 279 2
159 279 3
161 279 2
175 279 2
176 279 1
178 279 1
179 279 2
181 279 1
183 279 1
184 279 3
185 279 2
187 279 3
192 279 3
193 279 2
206 279 1
209 279 1
212 279 1
213 279 2
214 279 3
215 279 2
218 279 3
219 279 2
232 279 2
236 279 3
242 279 3
243 279 2
244 279 1
247 279 3
250 279 3
251 279 1
254 279 2
255 279 3
256 279 1
261 279 1
264 279 1
266 279 3
272 279 1
277 279 3
295 279 2
297 279 3
298 279 3
302 279 1
305 279 2
306 279 3
308 279 1
309 279 3
310 279 2
312 279 2
314 279 1
315 279 1
316 279 2
319 279 2
320 279 1
322 279 2
333 279 2
336 279 3
341 279 3
343 279 3
346 279 2
353 279 1
356 279 3
357 279 3
