804 352 3
805 352 1
806 352 1
807 352 2
808 352 1
812 352 1
817 352 3
818 352 3
825 352 2
826 352 2
832 352 2
835 352 2
838 352 1
839 352 1
841 352 1
847 352 2
850 352 2
851 352 1
859 352 2
866 352 2
868 352 1
875 352 1
880 352 2
884 352 1
893 352 1
895 352 2
896 352 1
898 352 1
900 352 2
902 352 2
903 352 3
904 352 1
905 352 1
906 352 2
909 352 3
910 352 1
911 352 3
914 352 2
917 352 2
919 352 1
925 352 1
930 352 2
936 352 3
938 352 2
942 352 3
943 352 2
944 352 3
945 352 2
946 352 3
956 352 2
959 352 1
962 352 3
963 352 2
964 352 3
974 352 1
977 352 1
978 352 1
980 352 1
985 352 1
986 352 1
989 352 2
990 352 3
991 352 1
995 352 3
997 352 1
1 353 3
5 353 2
6 353 1
9 353 1
10 353 3
15 353 3
16 353 1
21 353 3
25 353 3
31 353 3
34 353 3
37 353 3
40 353 2
43 353 2
48 353 1
55 353 1
60 353 2
63 353 2
68 353 2
75 353 1
76 353 3
77 353 2
81 353 1
82 353 3
84 353 2
86 353 3
92 353 3
96 353 1
97 353 2
100 353 1
101 353 2
103 353 1
107 353 3
117 353 3
119 353 1
120 353 3
123 353 2
125 353 1
127 353 1
130 353 3
140 353 1
142 353 1
144 353 3
146 353 3
156 353 1
157 353 3
158 353 3
159 353 3
161 353 3
168 353 1
170 353 2
172 353 3
173 353 2
174 353 2
176 353 3
177 353 2
178 353 1
182 353 3
184 353 2
190 353 1
192 353 1
199 353 3
203 353 2
205 353 2
214 353 1
218 353 1
220 353 2
222 353 1
223 353 3
225 353 1
227 353 2
229 353 2
230 353 2
234 353 2
236 353 1
239 353 1
240 353 1
241 353 3
242 353 3
243 353 1
248 353 1
254 353 3
257 353 1
258 353 2
261 353 1
263 353 3
267 353 2
269 353 2
270 353 1
272 353 3
277 353 1
279 353 2
281 353 1
282 353 2
283 353 3
285 353 3
288 353 1
291 353 1
299 353 3
302 353 2
306 353 1
309 353 3
314 353 2
317 353 1
319 353 2
321 353 3
325 353 3
333 353 1
336 353 3
338 353 3
340 353 2
341 353 1
342 353 1
347 353 3
351 353 3
353 353 2
358 353 3
361 353 3
367 353 1
369 353 2
370 353 3
377 353 1
379 353 3
381 353 2
389 353 2
391 353 1
392 353 3
393 353 3
396 353 2
398 353 1
400 353 3
402 353 2
403 353 3
404 353 3
407 353 3
408 353 1
414 353 1
418 353 1
419 353 1
420 353 3
421 353 3
422 353 3
430 353 2
432 353 3
434 353 3
439 353 1
440 353 1
441 353 1
444 353 1
446 353 1
448 353 2
451 353 1
452 353 1
455 353 1
457 353 2
461 353 3
462 353 3
463 353 1
465 353 2
473 353 1
478 353 2
479 353 1
483 353 3
484 353 1
486 353 3
491 353 2
492 353 2
496 353 1
510 353 3
511 353 1
512 353 1
513 353 2
521 353 2
523 353 1
527 353 1
529 353 1
530 353 2
532 353 1
534 353 3
541 353 1
542 353 3
544 353 2
546 353 3
551 353 2
552 353 3
554 353 1
555 353 3
559 353 3
561 353 1
562 353 3
563 353 2
564 353 1
565 353 3
571 353 1
572 353 1
573 353 3
574 353 1
579 353 3
581 353 2
583 353 2
590 353 2
597 353 2
600 353 2
601 353 2
602 353 3
604 353 1
605 353 1
606 353 2
610 353 3
615 353 3
616 353 3
618 353 3
622 353 2
626 353 2
629 353 1
638 353 2
645 353 2
652 353 1
658 353 1
659 353 1
663 353 3
668 353 1
670 353 2
674 353 2
676 353 3
678 353 3
679 353 3
682 353 2
685 353 2
695 353 3
696 353 3
697 353 1
701 353 2
702 353 2
705 353 3
706 353 1
708 353 1
710 353 3
711 353 3
712 353 1
715 353 1
717 353 2
729 353 2
733 353 3
734 353 1
735 353 1
741 353 1
745 353 2
749 353 3
755 353 1
756 353 2
758 353 1
759 353 2
763 353 1
765 353 3
771 353 2
776 353 3
777 353 1
779 353 3
788 353 1
789 353 3
791 353 2
798 353 3
800 353 2
807 353 2
809 353 1
814 353 1
818 353 2
819 353 2
826 353 3
827 353 3
830 353 3
831 353 2
834 353 1
836 353 2
839 353 1
840 353 2
841 353 2
842 353 2
843 353 1
845 353 3
849 353 1
851 353 1
857 353 2
863 353 2
865 353 1
866 353 3
867 353 1
870 353 2
875 353 1
877 353 3
880 353 1
885 353 2
886 353 1
887 353 3
891 353 2
892 353 2
895 353 1
900 353 3
903 353 1
914 353 1
917 353 1
918 353 3
919 353 1
926 353 2
927 353 2
931 353 2
938 353 2
939 353 1
941 353 3
943 353 1
944 353 3
946 353 3
953 353 3
957 353 1
958 353 1
962 353 2
964 353 1
967 353 2
972 353 1
981 353 2
984 353 1
987 353 2
989 353 3
992 353 2
993 353 1
998 353 1
3 354 2
4 354 2
7 354 2
8 354 3
13 354 1
14 354 2
24 354 1
26 354 2
29 354 2
33 354 1
37 354 3
38 354 2
39 354 2
40 354 1
41 354 1
42 354 3
43 354 3
46 354 3
47 354 1
48 354 1
49 354 1
51 354 2
52 354 1
54 354 3
56 354 3
57 354 3
60 354 2
61 354 2
62 354 3
65 354 3
66 354 3
67 354 2
68 354 1
71 354 3
73 354 1
75 354 1
79 354 3
81 354 1
87 354 2
88 354 1
94 354 3
96 354 3
97 354 1
98 354 3
100 354 3
101 354 1
107 354 3
109 354 1
110 354 3
115 354 2
119 354 2
121 354 2
122 354 2
124 354 1
125 354 2
130 354 3
133 354 3
143 354 3
144 354 3
145 354 3
146 354 1
148 354 1
149 354 1
152 354 3
161 354 2
163 354 2
164 354 2
166 354 2
170 354 1
173 354 3
174 354 2
180 354 3
182 354 1
183 354 3
192 354 2
197 354 1
198 354 2
200 354 2
201 354 2
203 354 1
210 354 3
212 354 2
214 354 1
218 354 3
220 354 1
224 354 2
226 354 2
227 354 3
228 354 1
230 354 2
233 354 3
235 354 3
245 354 3
252 354 2
253 354 3
254 354 2
262 354 2
275 354 1
278 354 1
280 354 1
281 354 2
282 354 2
283 354 2
284 354 1
286 354 3
289 354 3
290 354 3
291 354 3
294 354 2
296 354 2
301 354 2
304 354 2
307 354 1
309 354 2
313 354 3
316 354 1
318 354 2
320 354 2
323 354 1
326 354 2
329 354 2
331 354 2
339 354 3
341 354 1
348 354 1
349 354 2
354 354 2
358 354 1
362 354 3
370 354 2
372 354 3
373 354 1
374 354 2
375 354 3
376 354 3
377 354 1
378 354 1
380 354 2
384 354 1
386 354 3
388 354 2
390 354 1
392 354 2
394 354 2
403 354 3
405 354 2
411 354 2
414 354 2
415 354 1
416 354 3
418 354 3
421 354 3
423 354 2
424 354 2
426 354 1
430 354 3
431 354 1
435 354 3
438 354 2
439 354 2
446 354 3
448 354 3
449 354 1
452 354 2
453 354 1
454 354 1
457 354 2
458 354 2
460 354 1
461 354 2
466 354 3
468 354 2
472 354 1
474 354 3
477 354 2
478 354 1
479 354 2
485 354 3
487 354 1
498 354 3
500 354 3
501 354 3
503 354 1
504 354 3
505 354 1
509 354 3
513 354 3
523 354 1
524 354 1
525 354 3
527 354 1
529 354 1
534 354 3
538 354 1
539 354 2
541 354 1
549 354 1
551 354 3
552 354 1
554 354 1
555 354 3
560 354 2
565 354 1
578 354 1
580 354 1
588 354 2
589 354 3
593 354 1
595 354 2
597 354 1
598 354 3
604 354 2
605 354 1
618 354 3
621 354 1
623 354 1
624 354 3
626 354 2
629 354 2
634 354 3
636 354 2
643 354 2
645 354 2
647 354 3
653 354 1
657 354 3
663 354 3
665 354 2
667 354 1
669 354 2
678 354 1
680 354 2
683 354 3
685 354 2
687 354 3
697 354 2
700 354 3
702 354 3
703 354 1
704 354 2
708 354 2
712 354 1
714 354 3
715 354 2
717 354 3
721 354 1
722 354 3
726 354 2
728 354 1
729 354 1
730 354 3
732 354 3
736 354 1
741 354 1
742 354 2
751 354 1
753 354 3
754 354 2
755 354 2
758 354 1
759 354 2
761 354 3
764 354 3
765 354 2
768 354 2
773 354 2
776 354 2
781 354 3
786 354 3
787 354 2
789 354 2
790 354 1
791 354 2
796 354 1
