206 221 1
207 221 2
208 221 1
209 221 2
210 221 1
212 221 3
216 221 3
217 221 3
218 221 3
224 221 1
231 221 3
233 221 2
234 221 1
238 221 2
247 221 3
251 221 1
252 221 1
256 221 3
257 221 1
263 221 3
265 221 3
270 221 2
272 221 3
273 221 3
278 221 3
280 221 1
285 221 3
286 221 3
289 221 1
294 221 2
297 221 1
305 221 3
309 221 3
312 221 2
318 221 2
319 221 3
324 221 2
328 221 3
329 221 2
331 221 3
332 221 2
334 221 2
342 221 3
345 221 1
350 221 2
354 221 1
357 221 2
361 221 2
364 221 1
367 221 1
368 221 3
372 221 1
376 221 2
382 221 1
384 221 2
394 221 1
399 221 2
407 221 3
408 221 1
409 221 2
410 221 1
411 221 3
412 221 2
413 221 3
416 221 3
419 221 1
420 221 2
421 221 2
423 221 1
426 221 1
429 221 3
430 221 3
436 221 1
438 221 2
440 221 1
441 221 1
443 221 1
447 221 2
448 221 1
451 221 1
452 221 1
453 221 1
454 221 3
456 221 1
459 221 1
464 221 3
472 221 2
474 221 3
476 221 1
483 221 1
487 221 2
488 221 3
489 221 2
490 221 3
492 221 1
496 221 1
500 221 3
505 221 2
506 221 1
509 221 2
512 221 2
514 221 2
515 221 2
517 221 2
518 221 2
519 221 3
524 221 2
529 221 2
531 221 2
532 221 3
536 221 1
539 221 1
541 221 1
545 221 1
546 221 2
559 221 2
563 221 3
565 221 2
568 221 2
569 221 1
573 221 2
574 221 2
576 221 1
579 221 1
582 221 1
587 221 3
588 221 2
591 221 2
594 221 2
596 221 2
600 221 3
611 221 2
616 221 1
619 221 2
621 221 2
623 221 3
628 221 2
629 221 1
633 221 2
634 221 3
640 221 1
643 221 2
644 221 3
645 221 1
649 221 3
650 221 3
652 221 3
654 221 3
659 221 2
661 221 3
666 221 3
668 221 3
680 221 2
688 221 1
689 221 2
690 221 2
692 221 2
699 221 1
710 221 3
712 221 2
719 221 1
720 221 1
723 221 2
724 221 1
725 221 2
726 221 1
732 221 2
733 221 2
736 221 2
739 221 3
742 221 2
744 221 1
747 221 1
748 221 2
753 221 1
755 221 1
757 221 1
759 221 3
764 221 3
765 221 1
770 221 1
777 221 3
778 221 2
780 221 3
784 221 2
786 221 1
787 221 2
788 221 1
790 221 2
792 221 2
793 221 2
796 221 2
797 221 3
798 221 3
800 221 1
801 221 3
802 221 2
803 221 3
812 221 1
813 221 1
818 221 1
828 221 3
831 221 3
834 221 1
844 221 3
845 221 1
848 221 2
850 221 2
851 221 1
855 221 1
856 221 2
857 221 2
859 221 2
860 221 2
861 221 2
863 221 1
866 221 2
870 221 3
874 221 2
881 221 2
883 221 1
887 221 3
889 221 1
891 221 3
893 221 3
895 221 3
896 221 1
897 221 1
900 221 2
907 221 1
909 221 1
911 221 1
915 221 2
916 221 3
917 221 1
919 221 3
921 221 3
922 221 2
923 221 1
924 221 1
925 221 1
929 221 1
931 221 1
936 221 3
937 221 2
939 221 1
941 221 3
945 221 1
946 221 3
949 221 2
956 221 1
958 221 2
961 221 2
971 221 2
978 221 3
982 221 3
986 221 1
989 221 3
990 221 2
993 221 3
994 221 2
997 221 1
8 222 3
12 222 3
13 222 2
14 222 2
15 222 2
19 222 2
42 222 1
45 222 2
48 222 1
49 222 3
51 222 2
54 222 2
56 222 1
57 222 2
60 222 3
61 222 3
63 222 2
64 222 3
65 222 3
71 222 2
72 222 1
74 222 3
75 222 3
81 222 2
82 222 3
85 222 2
89 222 3
91 222 3
95 222 3
100 222 1
102 222 2
106 222 1
108 222 3
117 222 3
120 222 3
126 222 2
129 222 2
131 222 1
134 222 2
135 222 1
137 222 3
141 222 3
156 222 1
162 222 3
164 222 3
165 222 3
166 222 3
168 222 2
169 222 2
170 222 1
181 222 1
183 222 2
185 222 1
187 222 2
188 222 2
193 222 2
196 222 1
198 222 2
204 222 1
207 222 2
208 222 2
215 222 1
217 222 1
218 222 2
223 222 1
232 222 3
235 222 1
236 222 1
240 222 3
244 222 1
246 222 2
253 222 3
255 222 1
258 222 2
263 222 1
264 222 3
265 222 3
268 222 2
277 222 1
279 222 3
280 222 2
281 222 3
283 222 2
285 222 3
286 222 1
288 222 1
289 222 3
290 222 2
293 222 1
295 222 1
299 222 3
305 222 2
315 222 3
317 222 1
320 222 1
321 222 1
324 222 3
325 222 1
327 222 3
341 222 1
342 222 3
344 222 2
345 222 2
346 222 3
348 222 1
349 222 3
350 222 3
352 222 1
355 222 3
357 222 1
359 222 2
363 222 2
366 222 1
367 222 1
371 222 2
379 222 1
380 222 1
384 222 1
385 222 3
388 222 2
389 222 2
392 222 2
393 222 1
399 222 1
402 222 1
403 222 1
409 222 2
412 222 1
416 222 1
422 222 1
425 222 3
426 222 2
428 222 1
434 222 3
436 222 3
439 222 2
440 222 1
445 222 2
446 222 3
448 222 1
450 222 2
458 222 2
462 222 3
464 222 2
465 222 3
471 222 3
478 222 2
481 222 3
484 222 2
490 222 2
492 222 3
496 222 2
497 222 2
504 222 1
505 222 1
506 222 2
509 222 2
511 222 3
512 222 3
514 222 3
516 222 3
517 222 2
522 222 3
523 222 1
525 222 1
527 222 1
528 222 1
530 222 2
537 222 3
538 222 2
539 222 3
541 222 3
543 222 3
548 222 3
552 222 3
553 222 3
554 222 1
555 222 1
556 222 1
557 222 3
558 222 2
559 222 2
560 222 2
562 222 3
563 222 1
564 222 2
565 222 3
570 222 2
571 222 2
577 222 1
579 222 2
584 222 2
590 222 1
591 222 3
594 222 2
598 222 1
602 222 1
604 222 1
605 222 3
606 222 3
608 222 1
625 222 1
627 222 1
628 222 2
629 222 3
632 222 2
633 222 2
634 222 1
637 222 2
639 222 3
655 222 2
657 222 1
660 222 2
661 222 3
662 222 1
663 222 1
664 222 2
667 222 2
669 222 3
675 222 1
676 222 3
679 222 2
681 222 1
685 222 3
687 222 3
691 222 1
692 222 3
696 222 3
701 222 2
708 222 1
709 222 3
711 222 3
715 222 3
717 222 1
718 222 2
725 222 3
728 222 3
730 222 1
738 222 3
739 222 3
741 222 1
743 222 3
746 222 2
747 222 2
748 222 2
749 222 2
750 222 1
751 222 3
752 222 1
759 222 2
765 222 3
766 222 2
767 222 2
769 222 2
774 222 3
776 222 1
777 222 1
780 222 3
783 222 2
784 222 2
786 222 1
787 222 2
791 222 3
793 222 3
794 222 2
795 222 1
796 222 2
799 222 3
800 222 3
801 222 3
802 222 3
807 222 2
808 222 1
809 222 1
810 222 3
813 222 3
814 222 1
815 222 1
822 222 3
824 222 2
834 222 2
837 222 2
841 222 2
843 222 1
845 222 1
847 222 1
848 222 2
850 222 2
863 222 3
867 222 3
869 222 1
870 222 2
872 222 1
879 222 2
881 222 1
883 222 2
884 222 2
886 222 2
889 222 1
897 222 1
898 222 3
902 222 3
904 222 2
905 222 1
908 222 2
909 222 3
914 222 3
918 222 1
925 222 2
927 222 2
934 222 3
936 222 2
940 222 3
941 222 1
946 222 1
947 222 1
955 222 3
956 222 1
958 222 1
959 222 2
961 222 3
964 222 3
966 222 1
968 222 1
971 222 1
981 222 3
986 222 1
987 222 1
989 222 2
991 222 1
993 222 1
994 222 1
997 222 1
998 222 2
0 223 1
2 223 3
3 223 2
5 223 3
9 223 2
10 223 1
17 223 1
22 223 2
23 223 2
29 223 3
30 223 1
32 223 3
33 223 1
35 223 2
36 223 2
40 223 1
41 223 1
42 223 2
43 223 3
50 223 3
52 223 2
60 223 1
65 223 2
66 223 2
67 223 3
74 223 1
75 223 2
77 223 1
82 223 2
84 223 1
88 223 2
92 223 2
93 223 2
94 223 2
95 223 2
96 223 1
102 223 1
105 223 1
106 223 1
108 223 3
112 223 1
117 223 3
119 223 2
124 223 2
125 223 2
126 223 2
129 223 1
130 223 3
136 223 2
137 223 3
138 223 3
142 223 1
145 223 3
147 223 3
149 223 2
151 223 2
157 223 2
159 223 2
161 223 3
163 223 3
164 223 2
165 223 2
168 223 3
177 223 3
180 223 3
182 223 2
183 223 1
184 223 2
188 223 2
189 223 3
