172 251 3
177 251 2
181 251 3
182 251 3
188 251 1
190 251 1
191 251 2
192 251 3
197 251 2
199 251 2
203 251 3
206 251 1
207 251 2
216 251 3
217 251 1
226 251 3
231 251 2
232 251 1
236 251 2
237 251 1
238 251 2
240 251 2
244 251 2
249 251 1
253 251 1
254 251 1
258 251 2
260 251 3
261 251 1
262 251 3
266 251 1
267 251 3
268 251 3
271 251 1
272 251 2
276 251 3
277 251 3
284 251 1
285 251 3
291 251 1
294 251 1
301 251 2
308 251 3
316 251 3
317 251 1
319 251 1
320 251 2
331 251 1
332 251 2
335 251 3
345 251 3
347 251 3
350 251 1
354 251 3
356 251 3
358 251 2
361 251 3
364 251 3
366 251 3
372 251 3
382 251 3
385 251 1
386 251 1
388 251 2
389 251 3
390 251 2
392 251 1
393 251 3
395 251 2
401 251 1
404 251 1
405 251 2
409 251 1
414 251 3
416 251 1
417 251 2
418 251 1
424 251 1
434 251 2
436 251 2
438 251 1
439 251 3
441 251 2
442 251 1
443 251 3
446 251 2
448 251 3
452 251 3
457 251 2
465 251 1
469 251 1
470 251 2
472 251 1
474 251 2
475 251 1
476 251 3
481 251 3
482 251 3
491 251 1
494 251 1
497 251 3
498 251 2
499 251 1
500 251 3
506 251 3
509 251 3
510 251 2
518 251 1
519 251 2
521 251 2
522 251 3
528 251 3
531 251 2
535 251 2
536 251 2
538 251 2
541 251 3
545 251 3
547 251 1
549 251 3
552 251 2
554 251 1
565 251 1
570 251 1
571 251 2
572 251 3
573 251 3
580 251 1
582 251 3
583 251 2
592 251 2
596 251 1
597 251 1
601 251 2
604 251 3
609 251 3
613 251 1
621 251 3
622 251 1
627 251 3
628 251 2
629 251 1
630 251 1
631 251 1
633 251 1
634 251 1
638 251 3
639 251 3
642 251 2
646 251 1
654 251 3
655 251 3
661 251 1
663 251 1
665 251 3
666 251 2
667 251 2
668 251 3
669 251 2
670 251 2
672 251 2
677 251 2
678 251 2
686 251 3
687 251 1
688 251 1
689 251 3
694 251 2
696 251 1
697 251 1
699 251 3
700 251 1
701 251 2
704 251 2
708 251 1
710 251 3
711 251 1
721 251 1
722 251 1
724 251 1
725 251 1
727 251 3
728 251 1
732 251 3
734 251 1
737 251 2
742 251 1
748 251 1
762 251 2
763 251 2
765 251 1
770 251 3
779 251 1
780 251 3
781 251 1
782 251 2
783 251 2
784 251 3
786 251 2
788 251 1
789 251 3
792 251 2
796 251 2
805 251 1
807 251 3
810 251 3
811 251 1
824 251 2
826 251 3
828 251 2
829 251 2
830 251 3
831 251 1
832 251 2
833 251 2
840 251 3
841 251 3
842 251 1
844 251 2
845 251 1
846 251 2
848 251 3
852 251 1
856 251 1
858 251 1
859 251 3
860 251 2
863 251 2
865 251 2
868 251 2
873 251 2
875 251 2
879 251 1
884 251 3
887 251 2
889 251 1
891 251 1
892 251 2
894 251 3
896 251 2
897 251 1
899 251 2
900 251 3
906 251 3
907 251 1
908 251 2
910 251 1
911 251 3
914 251 1
917 251 1
919 251 1
923 251 3
925 251 2
931 251 1
933 251 3
935 251 3
936 251 2
938 251 1
940 251 3
944 251 1
946 251 3
951 251 3
953 251 1
957 251 3
960 251 3
962 251 2
963 251 1
967 251 2
973 251 3
974 251 1
977 251 1
979 251 2
988 251 1
989 251 1
992 251 3
993 251 2
994 251 3
995 251 1
997 251 3
18 252 3
23 252 3
27 252 3
28 252 1
32 252 2
34 252 3
38 252 1
40 252 2
43 252 3
49 252 2
52 252 3
55 252 2
58 252 1
61 252 3
63 252 2
68 252 3
72 252 3
73 252 1
75 252 2
77 252 3
81 252 1
82 252 2
91 252 2
93 252 1
94 252 3
95 252 1
96 252 3
99 252 3
100 252 3
103 252 3
104 252 1
105 252 2
109 252 1
121 252 3
128 252 2
129 252 3
133 252 2
135 252 3
136 252 2
137 252 3
138 252 3
141 252 1
142 252 2
148 252 2
154 252 1
157 252 3
158 252 2
165 252 2
168 252 2
169 252 1
170 252 3
172 252 2
177 252 1
180 252 3
182 252 3
183 252 3
185 252 1
190 252 1
192 252 1
197 252 3
198 252 2
199 252 3
205 252 2
207 252 2
208 252 3
212 252 2
222 252 1
223 252 1
225 252 2
228 252 2
230 252 2
233 252 1
248 252 2
252 252 3
256 252 2
258 252 3
259 252 2
265 252 2
268 252 2
270 252 3
273 252 3
277 252 1
278 252 1
280 252 3
281 252 1
283 252 3
284 252 2
287 252 2
290 252 3
292 252 3
296 252 2
298 252 1
300 252 3
304 252 2
309 252 2
311 252 2
312 252 3
319 252 2
322 252 2
324 252 1
326 252 3
330 252 3
334 252 2
337 252 3
346 252 2
350 252 1
354 252 2
355 252 1
358 252 2
359 252 1
360 252 2
365 252 2
377 252 1
382 252 2
383 252 1
388 252 2
389 252 1
393 252 3
394 252 2
395 252 3
397 252 2
398 252 2
407 252 3
411 252 2
413 252 3
414 252 1
415 252 2
421 252 1
423 252 3
425 252 3
426 252 2
427 252 3
428 252 3
429 252 1
436 252 1
437 252 3
440 252 3
442 252 2
444 252 1
447 252 3
448 252 1
449 252 3
451 252 3
453 252 3
455 252 3
457 252 1
460 252 2
461 252 3
464 252 2
469 252 2
477 252 1
479 252 1
480 252 2
487 252 1
491 252 3
499 252 3
500 252 2
509 252 3
510 252 3
513 252 1
518 252 3
520 252 1
521 252 3
523 252 1
528 252 2
529 252 2
530 252 1
531 252 1
534 252 3
536 252 2
538 252 3
541 252 1
542 252 2
547 252 2
548 252 3
550 252 3
553 252 2
555 252 3
556 252 3
561 252 2
565 252 3
566 252 2
572 252 1
576 252 2
579 252 3
581 252 3
582 252 2
584 252 3
585 252 3
587 252 2
588 252 2
589 252 1
590 252 1
591 252 3
592 252 1
594 252 2
597 252 1
603 252 2
604 252 2
605 252 2
616 252 2
618 252 2
625 252 3
628 252 1
634 252 3
640 252 2
641 252 3
642 252 3
643 252 2
645 252 2
647 252 2
648 252 2
654 252 3
655 252 2
659 252 3
660 252 1
662 252 2
664 252 1
667 252 2
668 252 2
674 252 1
680 252 2
682 252 3
683 252 1
684 252 2
688 252 3
691 252 1
692 252 1
697 252 1
704 252 1
705 252 2
710 252 3
712 252 3
713 252 2
715 252 3
717 252 3
719 252 2
720 252 1
728 252 2
732 252 2
733 252 1
743 252 1
749 252 1
754 252 3
756 252 2
757 252 3
763 252 2
767 252 1
775 252 3
776 252 3
777 252 2
781 252 2
782 252 3
785 252 3
788 252 2
790 252 2
794 252 2
797 252 2
798 252 3
801 252 3
812 252 1
813 252 1
815 252 3
816 252 3
818 252 2
819 252 3
820 252 3
821 252 2
825 252 3
828 252 3
831 252 2
832 252 2
833 252 2
835 252 2
839 252 2
842 252 3
850 252 1
853 252 1
854 252 2
858 252 3
860 252 3
864 252 2
867 252 3
869 252 1
870 252 1
873 252 2
874 252 2
878 252 1
880 252 3
881 252 2
883 252 1
884 252 3
885 252 1
888 252 1
894 252 2
895 252 1
900 252 1
902 252 2
905 252 1
908 252 2
909 252 3
913 252 2
914 252 2
919 252 3
921 252 2
923 252 1
925 252 3
930 252 2
935 252 3
937 252 1
942 252 2
944 252 2
946 252 1
948 252 1
950 252 3
957 252 1
968 252 2
970 252 1
973 252 1
976 252 3
978 252 1
986 252 1
987 252 3
988 252 3
990 252 3
993 252 3
998 252 2
0 253 2
3 253 1
6 253 2
11 253 1
17 253 3
19 253 2
21 253 2
25 253 2
26 253 2
27 253 1
28 253 3
32 253 3
37 253 2
38 253 2
39 253 1
41 253 1
54 253 3
56 253 2
60 253 1
61 253 2
62 253 2
65 253 2
67 253 1
68 253 3
69 253 1
71 253 1
73 253 2
74 253 1
75 253 3
76 253 1
77 253 2
85 253 1
87 253 2
88 253 2
90 253 3
96 253 1
97 253 1
99 253 1
103 253 3
108 253 1
109 253 2
110 253 3
118 253 3
121 253 2
123 253 1
124 253 3
125 253 2
126 253 3
132 253 3
133 253 1
134 253 1
136 253 1
144 253 3
145 253 2
149 253 3
151 253 2
155 253 2
158 253 2
159 253 2
161 253 1
