790 147 1
791 147 1
795 147 1
799 147 1
801 147 1
805 147 2
806 147 3
809 147 1
810 147 3
815 147 2
819 147 3
820 147 3
821 147 3
822 147 2
823 147 2
825 147 1
826 147 2
829 147 3
831 147 1
832 147 3
834 147 3
841 147 2
842 147 3
843 147 2
847 147 2
852 147 3
854 147 3
858 147 3
860 147 2
868 147 3
871 147 2
890 147 1
893 147 3
897 147 3
901 147 3
903 147 3
905 147 3
908 147 1
917 147 1
918 147 2
919 147 3
922 147 3
923 147 2
924 147 2
930 147 1
932 147 1
933 147 1
934 147 3
937 147 3
938 147 2
940 147 1
941 147 1
943 147 1
949 147 3
950 147 1
952 147 2
954 147 2
960 147 2
963 147 2
966 147 2
967 147 3
968 147 1
970 147 2
974 147 3
975 147 3
979 147 1
983 147 1
990 147 1
992 147 1
993 147 1
996 147 3
997 147 2
998 147 2
0 148 2
2 148 1
4 148 3
6 148 3
8 148 1
9 148 3
15 148 1
18 148 1
22 148 3
23 148 3
25 148 2
27 148 2
32 148 3
33 148 2
40 148 3
41 148 1
44 148 1
48 148 3
52 148 2
54 148 2
55 148 3
57 148 3
58 148 2
62 148 1
63 148 2
72 148 1
74 148 2
78 148 1
79 148 1
86 148 2
87 148 2
90 148 2
94 148 3
95 148 3
97 148 2
103 148 2
106 148 2
109 148 3
118 148 1
119 148 2
120 148 3
123 148 3
128 148 1
133 148 1
140 148 3
141 148 1
144 148 1
148 148 2
150 148 1
151 148 1
152 148 2
153 148 2
155 148 1
156 148 1
160 148 2
161 148 1
164 148 3
165 148 3
167 148 3
171 148 2
173 148 2
174 148 1
175 148 2
179 148 3
180 148 3
185 148 3
189 148 3
197 148 1
198 148 3
201 148 3
203 148 3
206 148 1
209 148 1
210 148 3
213 148 3
214 148 3
222 148 3
229 148 2
230 148 1
231 148 3
233 148 3
236 148 2
237 148 1
239 148 3
240 148 1
245 148 1
247 148 1
253 148 3
254 148 3
255 148 1
257 148 2
258 148 1
262 148 3
263 148 2
264 148 3
266 148 1
267 148 3
268 148 3
270 148 3
272 148 3
274 148 1
278 148 2
279 148 3
288 148 3
291 148 1
292 148 2
293 148 3
294 148 2
295 148 2
297 148 3
300 148 3
302 148 3
306 148 3
307 148 2
309 148 3
312 148 1
314 148 1
320 148 3
321 148 2
325 148 1
326 148 2
330 148 1
339 148 3
353 148 2
357 148 1
359 148 3
360 148 2
363 148 1
364 148 2
370 148 2
374 148 1
375 148 3
377 148 1
380 148 3
381 148 2
384 148 1
385 148 3
387 148 2
388 148 2
391 148 2
401 148 1
402 148 1
403 148 2
404 148 3
405 148 1
406 148 1
407 148 3
408 148 3
410 148 2
413 148 3
415 148 1
420 148 2
421 148 1
427 148 3
433 148 1
436 148 1
440 148 2
445 148 3
447 148 3
449 148 1
450 148 3
451 148 1
452 148 1
457 148 2
461 148 1
463 148 3
466 148 3
478 148 2
479 148 1
483 148 1
487 148 1
488 148 2
490 148 2
491 148 1
492 148 2
494 148 3
501 148 3
504 148 1
506 148 1
508 148 1
514 148 2
517 148 3
521 148 3
522 148 1
526 148 1
530 148 2
531 148 1
532 148 3
533 148 1
535 148 1
540 148 3
542 148 1
544 148 3
547 148 3
549 148 1
555 148 2
557 148 3
559 148 1
560 148 2
562 148 1
563 148 1
570 148 1
572 148 2
577 148 2
578 148 1
580 148 2
581 148 3
582 148 1
583 148 2
585 148 3
588 148 2
591 148 3
594 148 2
597 148 3
598 148 3
605 148 3
609 148 3
611 148 3
612 148 2
616 148 1
618 148 3
623 148 2
624 148 2
633 148 2
643 148 1
645 148 2
651 148 1
652 148 2
657 148 3
660 148 1
661 148 3
664 148 3
671 148 3
674 148 1
675 148 3
678 148 3
680 148 2
681 148 3
683 148 3
686 148 2
687 148 1
689 148 2
694 148 2
696 148 2
698 148 3
700 148 2
705 148 3
706 148 3
707 148 3
708 148 1
709 148 2
710 148 2
712 148 3
716 148 2
719 148 1
720 148 1
723 148 3
731 148 3
733 148 3
734 148 3
736 148 3
737 148 3
748 148 1
749 148 1
753 148 3
756 148 1
759 148 1
762 148 2
763 148 1
770 148 2
774 148 2
775 148 3
776 148 2
779 148 1
780 148 1
781 148 2
785 148 3
787 148 1
791 148 1
792 148 3
793 148 1
794 148 2
799 148 1
800 148 3
801 148 3
805 148 2
807 148 1
811 148 1
812 148 1
815 148 2
817 148 1
818 148 3
819 148 3
820 148 3
824 148 2
826 148 2
827 148 2
828 148 2
830 148 1
832 148 2
837 148 1
839 148 3
840 148 2
841 148 3
845 148 3
846 148 3
850 148 1
851 148 3
854 148 1
855 148 2
856 148 1
860 148 2
861 148 2
863 148 3
869 148 3
879 148 3
880 148 2
885 148 2
888 148 3
891 148 2
896 148 1
899 148 2
907 148 2
926 148 1
930 148 1
931 148 2
933 148 3
934 148 1
935 148 2
937 148 2
939 148 1
942 148 1
943 148 1
950 148 1
952 148 2
953 148 2
963 148 3
969 148 3
970 148 1
973 148 2
977 148 2
979 148 3
984 148 3
988 148 2
990 148 1
994 148 2
995 148 3
996 148 3
997 148 1
998 148 2
5 149 3
8 149 3
9 149 1
11 149 2
14 149 2
18 149 3
20 149 2
30 149 3
34 149 3
35 149 2
38 149 3
40 149 1
48 149 3
50 149 2
51 149 3
54 149 2
59 149 1
65 149 1
69 149 1
71 149 3
72 149 3
73 149 2
76 149 2
79 149 3
80 149 3
81 149 2
83 149 2
85 149 3
87 149 3
90 149 2
94 149 1
99 149 2
101 149 1
102 149 3
105 149 1
106 149 2
108 149 1
110 149 3
111 149 3
113 149 2
114 149 2
115 149 1
120 149 2
121 149 3
123 149 1
132 149 1
134 149 3
136 149 3
139 149 3
141 149 3
148 149 1
149 149 3
152 149 1
153 149 2
154 149 1
157 149 3
165 149 3
168 149 1
178 149 1
180 149 3
185 149 3
187 149 3
190 149 3
193 149 3
195 149 3
196 149 3
197 149 1
200 149 1
204 149 2
210 149 3
213 149 1
217 149 3
219 149 3
227 149 1
230 149 1
235 149 2
236 149 3
237 149 1
238 149 3
242 149 3
244 149 3
253 149 2
254 149 1
256 149 3
257 149 3
260 149 3
261 149 3
263 149 3
264 149 3
266 149 3
271 149 2
273 149 1
278 149 2
280 149 2
286 149 1
288 149 1
294 149 1
295 149 3
296 149 1
302 149 3
305 149 1
307 149 1
311 149 3
314 149 2
320 149 3
323 149 3
324 149 3
325 149 1
326 149 1
327 149 1
329 149 1
331 149 3
333 149 3
337 149 3
340 149 2
343 149 1
344 149 3
345 149 1
346 149 3
347 149 1
348 149 1
352 149 2
356 149 1
361 149 3
365 149 1
367 149 1
373 149 3
379 149 3
382 149 2
384 149 3
387 149 1
388 149 2
390 149 3
391 149 2
393 149 1
398 149 1
401 149 3
404 149 1
406 149 1
407 149 1
416 149 2
417 149 3
418 149 2
424 149 2
426 149 1
427 149 1
435 149 3
436 149 3
438 149 1
439 149 3
442 149 1
447 149 1
451 149 1
452 149 2
455 149 1
458 149 2
460 149 2
462 149 1
467 149 1
470 149 2
472 149 1
477 149 3
482 149 3
483 149 2
485 149 1
486 149 1
487 149 3
488 149 2
490 149 2
493 149 1
494 149 3
500 149 3
502 149 1
508 149 1
511 149 2
512 149 2
513 149 2
514 149 3
516 149 1
517 149 2
520 149 2
522 149 2
523 149 1
525 149 1
528 149 3
531 149 3
532 149 1
533 149 1
536 149 3
537 149 3
539 149 1
540 149 3
542 149 3
544 149 1
546 149 2
547 149 2
548 149 3
552 149 1
553 149 3
559 149 3
566 149 3
568 149 2
572 149 2
576 149 1
577 149 3
579 149 1
582 149 3
595 149 2
596 149 1
599 149 2
606 149 2
611 149 1
612 149 2
613 149 2
614 149 2
615 149 3
619 149 1
621 149 3
622 149 1
624 149 1
626 149 3
628 149 3
633 149 1
635 149 2
637 149 1
638 149 1
641 149 1
642 149 1
644 149 2
647 149 3
648 149 3
649 149 2
651 149 3
657 149 3
664 149 3
665 149 1
670 149 1
674 149 1
675 149 2
676 149 1
677 149 3
678 149 1
679 149 2
