64 718 1
66 718 1
67 718 3
71 718 2
76 718 2
78 718 2
84 718 3
85 718 1
87 718 3
88 718 1
89 718 1
90 718 3
92 718 3
95 718 1
96 718 1
100 718 1
105 718 2
106 718 1
107 718 3
111 718 2
116 718 3
117 718 1
120 718 3
124 718 2
140 718 2
144 718 2
150 718 2
151 718 3
152 718 2
153 718 3
157 718 1
161 718 1
163 718 2
164 718 3
172 718 1
173 718 2
175 718 2
178 718 3
183 718 3
184 718 3
197 718 2
200 718 2
207 718 1
210 718 2
212 718 3
215 718 2
216 718 3
219 718 1
220 718 3
222 718 2
223 718 3
225 718 2
231 718 2
233 718 3
236 718 3
238 718 3
242 718 3
245 718 2
246 718 1
247 718 2
249 718 3
257 718 1
264 718 3
265 718 2
266 718 3
267 718 1
269 718 1
271 718 2
280 718 1
281 718 1
282 718 3
284 718 3
285 718 1
293 718 2
295 718 2
296 718 1
297 718 2
299 718 2
300 718 1
302 718 1
304 718 3
305 718 3
306 718 2
309 718 1
310 718 3
315 718 1
318 718 2
319 718 1
330 718 3
331 718 2
336 718 2
339 718 1
341 718 1
345 718 3
352 718 2
353 718 3
360 718 2
362 718 1
364 718 1
365 718 2
369 718 3
371 718 1
373 718 2
375 718 3
377 718 1
379 718 2
381 718 2
382 718 2
383 718 1
385 718 1
390 718 1
393 718 3
394 718 2
398 718 2
399 718 3
404 718 3
406 718 2
416 718 1
418 718 2
423 718 2
426 718 3
428 718 1
429 718 3
431 718 1
433 718 1
436 718 1
437 718 3
441 718 3
446 718 3
448 718 3
452 718 1
453 718 3
457 718 1
460 718 3
463 718 3
467 718 3
472 718 3
474 718 1
475 718 3
480 718 2
484 718 3
485 718 2
490 718 1
493 718 3
501 718 1
505 718 2
512 718 1
519 718 3
520 718 2
524 718 3
529 718 2
532 718 3
539 718 2
541 718 1
543 718 1
544 718 1
549 718 3
550 718 3
551 718 3
552 718 3
556 718 1
559 718 3
560 718 2
561 718 1
562 718 3
569 718 2
570 718 3
571 718 3
578 718 3
583 718 2
584 718 1
585 718 1
590 718 1
596 718 1
598 718 3
602 718 2
603 718 1
606 718 3
607 718 2
608 718 1
618 718 1
621 718 3
622 718 1
623 718 2
626 718 3
627 718 3
628 718 2
638 718 1
639 718 2
640 718 2
655 718 3
657 718 2
658 718 3
662 718 3
663 718 1
664 718 3
665 718 2
671 718 2
673 718 3
674 718 2
675 718 2
677 718 2
678 718 2
684 718 2
689 718 3
691 718 1
693 718 2
696 718 2
697 718 3
704 718 1
707 718 3
708 718 3
710 718 3
711 718 1
713 718 2
716 718 2
718 718 1
725 718 2
728 718 3
730 718 3
734 718 2
735 718 1
737 718 3
740 718 1
741 718 2
749 718 1
751 718 2
752 718 2
753 718 2
756 718 2
758 718 1
759 718 2
761 718 2
765 718 1
767 718 1
770 718 2
777 718 2
778 718 1
779 718 3
780 718 2
784 718 3
785 718 1
786 718 3
787 718 3
789 718 3
793 718 3
797 718 2
800 718 2
804 718 1
807 718 3
808 718 3
809 718 1
811 718 2
813 718 3
814 718 1
815 718 3
817 718 1
818 718 2
828 718 1
830 718 3
831 718 1
832 718 2
840 718 3
843 718 1
845 718 1
846 718 2
847 718 1
852 718 2
855 718 2
857 718 1
860 718 3
861 718 1
863 718 2
865 718 1
867 718 3
871 718 2
874 718 1
883 718 2
885 718 3
886 718 1
888 718 2
890 718 2
895 718 1
897 718 2
899 718 3
900 718 1
904 718 2
907 718 3
911 718 2
913 718 2
924 718 2
929 718 1
932 718 2
935 718 1
936 718 3
940 718 1
941 718 3
942 718 1
943 718 2
947 718 2
948 718 3
949 718 2
950 718 2
952 718 1
957 718 2
959 718 3
961 718 1
965 718 3
967 718 2
968 718 2
971 718 1
972 718 3
973 718 2
974 718 1
977 718 2
980 718 1
985 718 2
989 718 2
993 718 1
995 718 3
996 718 2
999 718 3
1 719 2
5 719 1
6 719 3
10 719 2
11 719 3
16 719 1
18 719 1
21 719 2
22 719 1
24 719 1
32 719 3
34 719 3
35 719 2
37 719 1
44 719 2
45 719 3
47 719 2
48 719 2
49 719 3
52 719 2
57 719 1
60 719 2
67 719 1
68 719 2
70 719 3
79 719 2
81 719 2
87 719 2
88 719 2
92 719 3
93 719 2
95 719 2
97 719 1
100 719 1
101 719 1
102 719 3
104 719 1
105 719 3
106 719 1
107 719 2
108 719 2
114 719 2
115 719 1
116 719 3
117 719 2
120 719 3
131 719 1
133 719 2
134 719 3
136 719 2
141 719 2
142 719 2
149 719 1
154 719 2
157 719 3
158 719 3
161 719 2
162 719 1
164 719 3
169 719 3
170 719 1
180 719 2
187 719 2
188 719 3
189 719 2
191 719 2
194 719 3
197 719 2
198 719 3
201 719 1
202 719 2
203 719 3
206 719 2
208 719 2
211 719 1
212 719 3
213 719 3
219 719 3
223 719 3
224 719 2
226 719 3
228 719 1
233 719 3
234 719 3
241 719 3
245 719 1
247 719 3
248 719 1
252 719 2
258 719 2
259 719 2
262 719 1
269 719 2
271 719 3
272 719 3
278 719 1
279 719 3
282 719 3
283 719 3
288 719 2
290 719 1
292 719 3
294 719 1
302 719 3
304 719 3
305 719 2
307 719 1
316 719 2
319 719 1
321 719 3
324 719 2
327 719 2
330 719 2
334 719 3
336 719 2
347 719 3
355 719 1
356 719 2
357 719 2
358 719 2
359 719 3
361 719 2
367 719 2
368 719 2
369 719 2
373 719 2
376 719 2
379 719 2
384 719 1
388 719 2
390 719 2
393 719 1
397 719 3
399 719 1
401 719 1
405 719 1
408 719 2
413 719 3
416 719 1
418 719 1
419 719 2
425 719 2
426 719 1
428 719 3
429 719 2
435 719 1
437 719 2
439 719 2
440 719 1
441 719 2
443 719 3
445 719 2
446 719 1
448 719 1
450 719 3
454 719 3
458 719 3
460 719 1
461 719 2
464 719 1
465 719 1
467 719 3
475 719 1
478 719 2
480 719 2
483 719 2
489 719 2
492 719 2
495 719 1
496 719 2
503 719 2
508 719 3
509 719 3
516 719 1
520 719 2
521 719 1
523 719 1
526 719 1
528 719 3
530 719 1
532 719 1
537 719 2
538 719 2
542 719 2
546 719 2
548 719 3
549 719 2
551 719 2
562 719 3
563 719 2
564 719 3
565 719 1
574 719 2
575 719 1
580 719 3
583 719 3
584 719 2
585 719 1
587 719 3
591 719 2
594 719 2
598 719 3
608 719 1
610 719 2
621 719 3
622 719 2
624 719 2
625 719 1
627 719 1
628 719 3
629 719 1
630 719 3
632 719 1
636 719 3
646 719 1
647 719 3
654 719 2
655 719 2
657 719 1
659 719 1
660 719 3
662 719 3
664 719 3
666 719 1
667 719 3
668 719 2
669 719 3
671 719 1
672 719 1
674 719 1
676 719 2
679 719 1
682 719 1
690 719 3
692 719 3
707 719 2
708 719 1
714 719 2
716 719 3
719 719 3
722 719 1
724 719 2
731 719 2
734 719 3
736 719 1
742 719 1
745 719 3
752 719 3
754 719 1
757 719 1
759 719 2
771 719 3
773 719 1
779 719 2
780 719 1
783 719 2
784 719 2
786 719 1
788 719 1
791 719 1
794 719 2
796 719 3
798 719 3
799 719 3
801 719 1
802 719 3
804 719 1
807 719 3
808 719 3
810 719 2
812 719 3
817 719 3
822 719 2
824 719 3
828 719 1
831 719 3
833 719 1
834 719 1
835 719 3
840 719 1
841 719 3
842 719 1
844 719 3
848 719 1
850 719 2
852 719 3
854 719 2
857 719 2
859 719 3
862 719 1
866 719 3
868 719 3
871 719 1
873 719 3
876 719 2
877 719 3
882 719 2
884 719 2
886 719 1
895 719 3
896 719 1
898 719 3
899 719 3
906 719 3
907 719 1
910 719 3
911 719 1
917 719 1
919 719 2
920 719 1
921 719 3
934 719 1
935 719 2
941 719 3
944 719 1
949 719 2
955 719 1
956 719 3
960 719 1
961 719 1
962 719 2
974 719 3
975 719 2
976 719 1
977 719 3
978 719 3
979 719 3
983 719 2
987 719 1
988 719 1
989 719 2
992 719 1
994 719 3
2 720 3
6 720 3
7 720 2
9 720 2
12 720 2
18 720 3
20 720 3
22 720 1
27 720 1
30 720 3
31 720 1
