331 954 3
332 954 2
333 954 2
335 954 3
336 954 1
338 954 2
340 954 3
341 954 3
345 954 2
353 954 2
365 954 1
366 954 3
369 954 3
374 954 2
377 954 1
384 954 1
385 954 2
386 954 1
389 954 3
395 954 3
399 954 2
401 954 1
402 954 3
409 954 1
410 954 2
411 954 2
414 954 3
423 954 2
424 954 3
425 954 1
426 954 1
430 954 1
434 954 3
437 954 1
439 954 1
441 954 2
443 954 2
444 954 2
448 954 2
449 954 2
451 954 3
453 954 2
461 954 3
462 954 3
468 954 2
473 954 1
474 954 3
475 954 3
480 954 3
484 954 2
485 954 3
487 954 1
491 954 1
492 954 1
496 954 2
499 954 3
500 954 2
504 954 1
508 954 2
511 954 3
513 954 2
514 954 3
516 954 2
518 954 1
522 954 2
526 954 2
538 954 3
539 954 2
541 954 3
542 954 2
545 954 3
548 954 3
549 954 3
552 954 3
561 954 1
562 954 2
564 954 1
567 954 3
569 954 1
571 954 1
573 954 1
581 954 2
585 954 3
586 954 2
587 954 1
588 954 1
591 954 1
593 954 1
595 954 2
596 954 3
598 954 1
599 954 1
608 954 2
613 954 1
616 954 2
618 954 1
619 954 3
620 954 2
622 954 1
630 954 3
631 954 2
633 954 2
634 954 3
639 954 1
642 954 3
644 954 2
647 954 2
650 954 3
655 954 2
660 954 2
666 954 2
667 954 3
670 954 1
677 954 1
680 954 1
681 954 1
682 954 2
687 954 2
688 954 2
689 954 3
690 954 1
691 954 1
702 954 3
705 954 1
711 954 3
718 954 3
722 954 3
723 954 1
727 954 2
728 954 1
731 954 2
734 954 2
735 954 3
739 954 3
740 954 1
743 954 2
744 954 2
746 954 1
747 954 1
748 954 2
749 954 1
750 954 1
754 954 1
757 954 3
759 954 2
760 954 3
763 954 2
766 954 2
769 954 2
771 954 2
772 954 2
775 954 2
776 954 2
781 954 2
791 954 2
793 954 1
795 954 3
796 954 1
798 954 3
805 954 1
810 954 3
811 954 3
812 954 1
813 954 2
815 954 3
816 954 1
828 954 2
830 954 3
832 954 2
833 954 1
836 954 3
838 954 1
846 954 3
850 954 3
854 954 2
855 954 3
859 954 1
862 954 3
867 954 3
869 954 1
870 954 3
879 954 1
884 954 1
896 954 1
900 954 2
906 954 2
909 954 2
910 954 2
912 954 2
913 954 1
916 954 1
919 954 1
922 954 2
924 954 2
926 954 3
927 954 1
928 954 3
929 954 2
933 954 3
940 954 2
943 954 1
944 954 1
945 954 1
947 954 3
949 954 1
950 954 3
951 954 2
957 954 1
961 954 2
966 954 2
968 954 1
969 954 3
970 954 1
982 954 2
984 954 1
996 954 3
1 955 1
2 955 1
4 955 3
6 955 2
8 955 2
9 955 3
10 955 2
13 955 1
20 955 3
23 955 3
26 955 3
28 955 3
29 955 3
31 955 2
32 955 1
34 955 3
35 955 2
39 955 3
41 955 3
45 955 3
46 955 3
49 955 2
50 955 2
55 955 1
57 955 3
70 955 3
75 955 3
81 955 1
90 955 2
91 955 2
93 955 3
95 955 2
101 955 2
102 955 3
103 955 3
104 955 1
110 955 1
113 955 3
118 955 1
119 955 2
123 955 1
124 955 3
125 955 1
128 955 1
134 955 2
137 955 2
140 955 3
141 955 3
143 955 1
144 955 1
145 955 3
149 955 2
150 955 3
152 955 3
155 955 2
156 955 1
158 955 3
160 955 2
167 955 1
168 955 1
173 955 3
174 955 3
179 955 2
183 955 2
184 955 1
186 955 3
189 955 1
196 955 2
198 955 1
200 955 3
201 955 3
202 955 2
203 955 2
206 955 1
208 955 1
212 955 1
215 955 1
217 955 3
220 955 3
223 955 2
224 955 1
227 955 1
233 955 2
235 955 1
236 955 2
239 955 1
241 955 3
242 955 2
244 955 1
246 955 3
249 955 1
250 955 1
255 955 3
256 955 2
257 955 3
263 955 3
264 955 1
265 955 2
271 955 3
278 955 2
279 955 2
280 955 3
281 955 2
282 955 3
283 955 1
287 955 3
288 955 3
292 955 1
293 955 2
294 955 3
295 955 2
301 955 1
303 955 2
309 955 2
320 955 1
321 955 2
323 955 3
327 955 2
328 955 1
334 955 1
337 955 1
340 955 1
343 955 2
345 955 3
347 955 3
354 955 1
355 955 2
359 955 1
360 955 3
366 955 3
369 955 2
374 955 1
375 955 2
376 955 3
378 955 3
380 955 3
381 955 2
382 955 3
387 955 1
389 955 1
391 955 1
395 955 2
396 955 2
400 955 1
401 955 2
402 955 3
407 955 3
409 955 3
410 955 2
411 955 3
415 955 1
418 955 3
421 955 1
422 955 2
426 955 2
429 955 3
432 955 2
434 955 3
437 955 3
439 955 3
441 955 2
442 955 1
443 955 1
444 955 3
446 955 1
456 955 2
459 955 2
468 955 1
471 955 3
473 955 3
474 955 3
475 955 2
480 955 3
484 955 2
487 955 3
488 955 1
489 955 3
490 955 2
492 955 3
495 955 1
501 955 2
504 955 3
505 955 1
509 955 1
514 955 1
517 955 2
519 955 3
522 955 3
529 955 3
532 955 2
533 955 1
534 955 3
535 955 3
536 955 2
540 955 2
542 955 1
543 955 1
544 955 2
545 955 1
549 955 3
551 955 1
554 955 3
557 955 1
567 955 1
568 955 3
570 955 1
574 955 3
575 955 2
579 955 1
592 955 1
597 955 1
598 955 2
599 955 2
600 955 1
603 955 1
604 955 2
607 955 1
608 955 3
615 955 2
616 955 3
627 955 2
629 955 1
630 955 3
631 955 2
634 955 3
636 955 2
638 955 2
640 955 2
646 955 2
652 955 2
653 955 2
656 955 3
657 955 1
658 955 3
659 955 1
662 955 2
664 955 3
665 955 2
668 955 3
672 955 1
677 955 3
680 955 1
681 955 3
684 955 1
689 955 2
691 955 1
692 955 2
694 955 2
697 955 2
702 955 1
703 955 1
706 955 1
708 955 3
715 955 1
717 955 2
718 955 3
719 955 1
721 955 3
725 955 2
729 955 1
731 955 1
732 955 2
739 955 2
741 955 1
747 955 1
749 955 2
752 955 2
755 955 2
756 955 3
760 955 3
762 955 2
769 955 3
772 955 1
773 955 3
778 955 1
781 955 2
782 955 3
783 955 1
784 955 1
788 955 3
789 955 2
792 955 3
794 955 1
796 955 1
797 955 2
798 955 2
802 955 1
803 955 1
805 955 3
806 955 3
810 955 1
814 955 1
816 955 3
817 955 1
818 955 3
820 955 1
821 955 2
822 955 2
823 955 1
824 955 2
826 955 3
829 955 1
830 955 1
834 955 2
837 955 3
841 955 3
855 955 1
865 955 2
866 955 1
868 955 1
871 955 3
872 955 3
873 955 3
875 955 1
880 955 2
891 955 2
892 955 2
893 955 2
895 955 1
896 955 1
899 955 2
901 955 1
902 955 2
903 955 1
906 955 2
907 955 3
908 955 3
909 955 2
912 955 1
913 955 3
915 955 2
916 955 3
922 955 1
923 955 3
926 955 2
927 955 3
928 955 1
933 955 3
934 955 3
942 955 2
945 955 3
950 955 3
958 955 3
967 955 2
968 955 2
975 955 1
977 955 1
981 955 2
995 955 2
997 955 3
998 955 2
1 956 2
2 956 3
3 956 3
5 956 3
16 956 3
17 956 3
21 956 3
25 956 1
27 956 2
31 956 3
32 956 3
33 956 2
36 956 2
38 956 1
39 956 2
41 956 3
44 956 2
48 956 3
55 956 1
56 956 3
57 956 2
62 956 2
74 956 3
76 956 3
77 956 1
82 956 1
89 956 3
91 956 3
95 956 2
96 956 3
103 956 3
106 956 3
110 956 2
112 956 1
116 956 2
119 956 2
120 956 1
122 956 2
123 956 3
125 956 1
126 956 1
131 956 2
133 956 2
137 956 3
142 956 1
143 956 2
147 956 1
154 956 1
156 956 3
157 956 2
159 956 2
160 956 3
161 956 1
162 956 3
167 956 2
168 956 3
169 956 1
171 956 2
172 956 3
174 956 1
176 956 3
177 956 3
178 956 3
183 956 3
189 956 3
190 956 1
191 956 2
193 956 2
196 956 3
205 956 2
206 956 2
213 956 3
222 956 2
223 956 1
225 956 3
226 956 2
227 956 2
234 956 2
235 956 2
238 956 3
242 956 1
244 956 1
245 956 3
246 956 1
247 956 3
248 956 2
255 956 1
256 956 1
257 956 2
260 956 2
263 956 1
264 956 3
267 956 2
272 956 1
273 956 1
277 956 3
282 956 3
285 956 3
289 956 2
