712 135 2
713 135 1
715 135 3
726 135 1
728 135 3
730 135 3
734 135 2
735 135 2
736 135 3
738 135 1
745 135 3
746 135 2
751 135 2
754 135 2
756 135 1
759 135 1
765 135 2
767 135 3
769 135 2
771 135 1
773 135 1
775 135 3
776 135 2
780 135 3
781 135 3
782 135 3
785 135 2
787 135 2
792 135 3
796 135 3
799 135 2
802 135 3
804 135 1
805 135 2
809 135 2
810 135 1
815 135 3
818 135 3
821 135 3
823 135 1
824 135 3
826 135 2
833 135 3
835 135 2
837 135 3
838 135 1
840 135 2
841 135 1
846 135 1
853 135 1
854 135 3
857 135 3
858 135 3
859 135 1
862 135 2
863 135 3
866 135 1
867 135 3
869 135 1
870 135 3
871 135 3
872 135 2
874 135 3
886 135 1
888 135 1
893 135 2
895 135 3
896 135 1
899 135 2
902 135 3
905 135 1
906 135 3
907 135 3
909 135 2
910 135 2
911 135 1
917 135 1
918 135 2
919 135 2
920 135 2
922 135 1
923 135 1
926 135 2
928 135 3
931 135 3
933 135 3
939 135 1
940 135 2
950 135 2
951 135 1
953 135 1
954 135 1
958 135 1
962 135 2
964 135 2
965 135 2
967 135 1
971 135 1
974 135 1
976 135 1
978 135 1
981 135 1
983 135 1
986 135 3
988 135 1
989 135 2
992 135 3
994 135 3
995 135 3
997 135 3
998 135 3
0 136 2
10 136 3
11 136 1
12 136 1
13 136 2
16 136 1
25 136 2
27 136 1
34 136 3
36 136 3
37 136 3
38 136 3
39 136 1
44 136 2
45 136 3
49 136 2
50 136 3
52 136 2
55 136 3
58 136 2
59 136 1
60 136 3
70 136 3
73 136 1
77 136 3
82 136 3
84 136 2
87 136 2
88 136 1
93 136 3
96 136 2
100 136 2
101 136 3
107 136 2
108 136 1
114 136 2
118 136 2
122 136 1
123 136 1
125 136 2
126 136 1
131 136 1
133 136 2
134 136 3
135 136 1
139 136 1
142 136 1
147 136 3
148 136 1
149 136 2
151 136 3
152 136 2
153 136 3
155 136 1
167 136 1
171 136 1
174 136 2
178 136 3
179 136 3
181 136 1
183 136 2
185 136 3
187 136 1
189 136 3
193 136 2
194 136 3
195 136 3
200 136 1
202 136 3
206 136 2
208 136 1
224 136 1
228 136 3
231 136 3
235 136 1
237 136 1
238 136 2
240 136 1
241 136 1
242 136 3
245 136 2
246 136 1
254 136 2
255 136 1
256 136 1
257 136 3
261 136 2
268 136 2
269 136 1
270 136 2
276 136 3
278 136 3
281 136 1
282 136 3
285 136 2
287 136 1
290 136 2
294 136 1
295 136 2
298 136 1
299 136 3
310 136 1
316 136 2
322 136 1
324 136 2
329 136 1
330 136 1
332 136 1
334 136 1
344 136 1
348 136 2
350 136 3
353 136 3
355 136 1
357 136 2
360 136 1
364 136 3
373 136 3
379 136 2
381 136 2
386 136 2
387 136 1
388 136 3
394 136 3
397 136 3
400 136 1
403 136 1
406 136 2
414 136 3
415 136 3
419 136 1
427 136 2
431 136 1
437 136 1
444 136 1
445 136 1
446 136 1
448 136 1
450 136 1
452 136 2
453 136 3
456 136 3
457 136 3
462 136 2
463 136 1
467 136 1
468 136 3
469 136 1
473 136 1
478 136 2
480 136 1
481 136 1
482 136 2
484 136 3
487 136 2
493 136 2
494 136 1
503 136 1
505 136 2
508 136 1
512 136 2
515 136 2
517 136 3
524 136 3
525 136 3
526 136 1
527 136 3
528 136 3
532 136 1
533 136 3
535 136 1
536 136 2
538 136 1
540 136 2
541 136 2
552 136 3
554 136 3
557 136 3
562 136 3
563 136 3
564 136 1
568 136 2
569 136 3
570 136 2
573 136 3
574 136 2
575 136 3
576 136 2
577 136 2
578 136 1
579 136 1
582 136 2
585 136 2
588 136 1
594 136 2
599 136 3
602 136 1
608 136 3
609 136 1
611 136 2
612 136 1
618 136 1
620 136 3
621 136 3
622 136 3
624 136 2
626 136 3
633 136 3
635 136 2
636 136 2
638 136 2
641 136 2
644 136 2
645 136 3
646 136 3
647 136 1
651 136 1
652 136 2
654 136 2
658 136 1
659 136 2
662 136 1
666 136 3
667 136 2
671 136 3
676 136 3
677 136 1
678 136 3
683 136 1
684 136 3
687 136 1
688 136 1
693 136 1
696 136 2
704 136 3
705 136 1
707 136 2
713 136 2
714 136 2
715 136 1
717 136 3
718 136 1
721 136 1
724 136 3
727 136 1
729 136 3
733 136 1
734 136 1
739 136 1
741 136 1
751 136 3
757 136 2
758 136 2
759 136 3
766 136 2
770 136 1
774 136 1
775 136 2
777 136 3
778 136 2
781 136 2
783 136 3
784 136 1
786 136 2
787 136 1
789 136 3
791 136 2
796 136 3
804 136 2
809 136 3
810 136 2
811 136 1
814 136 1
818 136 3
823 136 1
824 136 2
835 136 1
841 136 1
845 136 3
848 136 3
849 136 2
850 136 2
854 136 3
858 136 3
860 136 1
867 136 1
868 136 1
870 136 1
872 136 2
873 136 1
874 136 3
875 136 3
878 136 2
879 136 1
880 136 2
881 136 1
882 136 2
883 136 2
887 136 1
888 136 1
889 136 1
892 136 1
894 136 3
895 136 2
906 136 2
911 136 3
920 136 3
922 136 2
923 136 3
925 136 1
927 136 3
931 136 1
936 136 3
947 136 1
949 136 3
950 136 3
954 136 1
956 136 1
958 136 1
963 136 3
964 136 3
969 136 2
970 136 1
977 136 2
985 136 3
990 136 3
995 136 3
998 136 1
999 136 3
1 137 3
6 137 2
7 137 2
8 137 2
10 137 2
11 137 3
19 137 1
22 137 2
23 137 2
25 137 2
27 137 2
34 137 1
37 137 1
46 137 2
47 137 3
49 137 1
50 137 2
52 137 2
54 137 1
59 137 3
61 137 2
65 137 1
68 137 1
71 137 3
77 137 2
85 137 1
88 137 1
89 137 2
90 137 3
92 137 3
94 137 3
95 137 3
98 137 1
108 137 2
110 137 2
113 137 2
116 137 1
120 137 1
128 137 1
133 137 3
134 137 3
139 137 2
142 137 2
147 137 2
148 137 2
150 137 2
151 137 3
153 137 3
160 137 1
161 137 3
162 137 2
164 137 1
169 137 2
172 137 3
173 137 3
176 137 2
182 137 3
191 137 1
192 137 3
194 137 3
195 137 3
197 137 2
198 137 1
205 137 1
209 137 1
211 137 3
212 137 2
213 137 2
214 137 1
219 137 1
223 137 3
227 137 2
230 137 2
237 137 1
238 137 1
248 137 1
253 137 3
258 137 3
259 137 3
266 137 3
267 137 3
272 137 3
273 137 1
275 137 3
280 137 3
282 137 2
283 137 2
284 137 3
285 137 1
286 137 2
292 137 3
293 137 2
296 137 1
297 137 1
300 137 3
310 137 1
311 137 2
314 137 1
320 137 2
329 137 1
331 137 3
333 137 2
334 137 2
335 137 3
339 137 1
345 137 1
350 137 1
351 137 3
357 137 3
359 137 2
360 137 1
362 137 1
365 137 2
370 137 2
371 137 3
376 137 3
378 137 3
379 137 1
381 137 3
388 137 2
389 137 2
391 137 1
394 137 3
400 137 3
404 137 3
411 137 2
412 137 3
417 137 2
418 137 3
424 137 2
432 137 1
435 137 2
436 137 3
440 137 1
441 137 1
442 137 2
444 137 3
460 137 3
463 137 2
464 137 1
467 137 2
468 137 3
471 137 3
474 137 2
479 137 1
483 137 1
489 137 2
491 137 1
492 137 3
494 137 3
495 137 1
501 137 3
503 137 1
504 137 3
507 137 2
510 137 3
512 137 2
518 137 2
525 137 3
526 137 1
529 137 2
531 137 2
533 137 2
534 137 1
535 137 2
537 137 1
539 137 3
542 137 1
543 137 3
544 137 2
548 137 3
553 137 1
554 137 1
556 137 1
562 137 1
563 137 2
569 137 3
573 137 3
574 137 1
584 137 2
588 137 3
590 137 2
595 137 3
596 137 2
597 137 1
598 137 3
600 137 2
607 137 3
609 137 2
617 137 3
618 137 1
622 137 2
623 137 2
625 137 1
630 137 2
632 137 1
634 137 1
637 137 2
642 137 3
644 137 2
646 137 2
648 137 3
655 137 1
659 137 3
660 137 1
661 137 1
666 137 3
672 137 2
691 137 1
695 137 2
698 137 1
701 137 1
706 137 3
712 137 1
713 137 1
714 137 1
715 137 3
719 137 3
724 137 3
726 137 3
727 137 2
733 137 3
745 137 2
749 137 1
750 137 1
752 137 1
