356 770 3
359 770 1
360 770 2
363 770 1
365 770 3
383 770 2
393 770 3
395 770 3
397 770 1
398 770 1
403 770 3
404 770 3
413 770 2
418 770 1
420 770 1
422 770 3
424 770 2
425 770 1
431 770 1
432 770 3
435 770 1
436 770 1
441 770 2
442 770 1
449 770 3
450 770 2
453 770 3
462 770 1
472 770 3
474 770 3
476 770 2
477 770 2
479 770 2
480 770 3
482 770 1
485 770 2
486 770 1
487 770 2
491 770 2
492 770 3
494 770 3
499 770 1
500 770 3
501 770 2
504 770 3
508 770 2
509 770 1
515 770 3
516 770 2
517 770 2
522 770 1
524 770 3
525 770 3
526 770 2
532 770 2
533 770 2
535 770 1
536 770 3
539 770 3
540 770 3
541 770 1
542 770 3
543 770 1
545 770 1
546 770 3
552 770 1
556 770 3
557 770 1
559 770 3
561 770 2
563 770 2
564 770 1
569 770 1
570 770 2
575 770 1
580 770 2
584 770 2
588 770 1
590 770 1
592 770 2
599 770 3
601 770 1
605 770 3
607 770 2
611 770 2
618 770 1
619 770 1
623 770 1
624 770 2
629 770 3
630 770 3
632 770 1
633 770 3
639 770 1
640 770 1
641 770 2
655 770 1
656 770 3
662 770 2
663 770 1
664 770 1
669 770 3
670 770 1
678 770 3
691 770 1
700 770 3
702 770 3
704 770 2
706 770 3
711 770 1
715 770 3
718 770 2
719 770 2
721 770 2
723 770 2
724 770 2
726 770 1
732 770 2
744 770 2
749 770 1
762 770 3
766 770 3
767 770 3
768 770 3
771 770 3
778 770 1
779 770 1
784 770 3
785 770 2
789 770 2
791 770 1
798 770 2
799 770 3
802 770 1
805 770 3
806 770 3
809 770 1
810 770 3
812 770 3
815 770 1
816 770 2
818 770 3
821 770 1
822 770 2
823 770 2
824 770 1
826 770 3
827 770 3
829 770 1
832 770 1
833 770 3
836 770 2
839 770 3
842 770 3
847 770 1
851 770 1
856 770 1
860 770 2
864 770 3
865 770 2
873 770 3
874 770 3
879 770 2
880 770 3
884 770 1
886 770 2
887 770 2
889 770 1
892 770 2
894 770 1
897 770 2
898 770 2
899 770 3
903 770 3
906 770 1
908 770 3
910 770 2
912 770 1
914 770 2
915 770 3
917 770 3
925 770 1
926 770 1
932 770 3
935 770 2
940 770 2
945 770 3
952 770 1
953 770 2
959 770 1
961 770 3
965 770 3
968 770 3
969 770 1
971 770 3
973 770 3
976 770 1
982 770 3
983 770 2
985 770 3
988 770 1
989 770 1
993 770 3
995 770 2
996 770 3
21 771 3
22 771 1
23 771 2
32 771 2
35 771 1
37 771 2
39 771 1
40 771 3
52 771 1
56 771 2
61 771 3
62 771 1
63 771 3
64 771 3
66 771 1
73 771 2
74 771 2
85 771 3
87 771 3
88 771 1
89 771 1
90 771 3
92 771 1
94 771 3
97 771 3
100 771 2
104 771 3
113 771 1
116 771 3
124 771 3
125 771 1
130 771 3
131 771 2
133 771 2
134 771 2
135 771 1
138 771 1
139 771 1
142 771 1
151 771 3
157 771 2
163 771 3
166 771 2
167 771 2
170 771 1
173 771 1
177 771 1
180 771 2
198 771 2
199 771 2
200 771 3
203 771 3
205 771 3
206 771 2
209 771 1
211 771 1
213 771 1
214 771 3
216 771 2
219 771 2
221 771 3
222 771 3
224 771 1
225 771 2
227 771 2
228 771 2
232 771 2
235 771 3
236 771 3
237 771 3
245 771 3
246 771 1
253 771 1
254 771 3
257 771 1
259 771 2
260 771 1
261 771 1
262 771 3
266 771 1
270 771 2
271 771 1
272 771 3
273 771 2
277 771 3
278 771 1
279 771 1
282 771 3
285 771 2
286 771 3
288 771 1
291 771 3
295 771 3
296 771 1
298 771 1
300 771 3
306 771 3
308 771 2
309 771 2
312 771 2
315 771 3
320 771 2
323 771 1
325 771 3
329 771 1
330 771 2
333 771 2
334 771 3
336 771 1
337 771 3
341 771 1
349 771 3
350 771 3
354 771 2
355 771 1
358 771 3
359 771 1
360 771 3
361 771 1
362 771 2
363 771 1
364 771 1
365 771 1
371 771 1
372 771 1
373 771 2
375 771 3
379 771 2
381 771 2
382 771 1
385 771 2
386 771 1
388 771 2
391 771 2
394 771 2
397 771 1
402 771 2
404 771 3
406 771 2
407 771 1
409 771 3
413 771 3
415 771 2
416 771 1
417 771 2
419 771 1
423 771 3
425 771 3
426 771 1
432 771 3
436 771 2
438 771 3
440 771 3
442 771 2
448 771 2
450 771 3
458 771 1
460 771 3
461 771 2
468 771 3
472 771 2
473 771 1
476 771 2
477 771 3
479 771 1
481 771 2
482 771 1
484 771 3
485 771 1
491 771 3
493 771 2
494 771 2
498 771 2
499 771 2
500 771 1
507 771 1
509 771 1
510 771 3
515 771 3
521 771 2
522 771 2
526 771 3
528 771 1
530 771 1
536 771 3
537 771 3
539 771 3
540 771 1
544 771 2
545 771 2
550 771 1
556 771 3
566 771 1
568 771 1
569 771 2
570 771 1
572 771 1
573 771 2
576 771 1
577 771 1
585 771 2
588 771 2
590 771 3
591 771 3
594 771 1
596 771 3
602 771 1
603 771 1
607 771 2
609 771 1
610 771 3
612 771 3
617 771 1
620 771 3
634 771 2
638 771 3
640 771 1
641 771 1
643 771 2
647 771 3
651 771 2
652 771 1
653 771 1
659 771 1
660 771 1
661 771 1
662 771 2
664 771 2
685 771 1
686 771 3
692 771 3
695 771 2
696 771 1
706 771 1
710 771 1
714 771 1
715 771 1
721 771 1
724 771 3
732 771 3
733 771 1
735 771 3
736 771 3
741 771 1
742 771 2
744 771 3
747 771 2
748 771 2
749 771 1
750 771 1
751 771 1
755 771 3
761 771 3
774 771 1
778 771 1
779 771 2
780 771 3
781 771 1
782 771 2
783 771 2
789 771 3
791 771 1
795 771 3
797 771 2
799 771 1
800 771 2
801 771 3
802 771 2
803 771 2
804 771 1
806 771 2
807 771 2
808 771 2
813 771 1
824 771 1
826 771 3
827 771 3
831 771 1
832 771 1
833 771 1
834 771 2
836 771 2
838 771 3
839 771 3
840 771 1
841 771 2
843 771 2
844 771 1
845 771 2
850 771 2
853 771 1
857 771 2
860 771 2
862 771 1
865 771 3
867 771 2
868 771 3
869 771 3
871 771 1
883 771 1
892 771 2
895 771 1
900 771 1
902 771 3
903 771 3
907 771 2
908 771 1
915 771 3
924 771 1
925 771 3
934 771 2
936 771 3
938 771 3
939 771 2
953 771 2
957 771 1
958 771 2
961 771 3
962 771 1
964 771 2
965 771 2
966 771 1
967 771 3
973 771 1
974 771 3
975 771 1
977 771 1
979 771 2
985 771 1
993 771 3
3 772 1
4 772 2
5 772 1
6 772 3
8 772 1
9 772 1
12 772 2
16 772 2
17 772 3
19 772 2
27 772 1
35 772 2
38 772 1
41 772 1
42 772 2
43 772 3
45 772 2
47 772 1
53 772 1
55 772 2
63 772 1
64 772 1
66 772 2
80 772 3
81 772 3
83 772 2
85 772 2
86 772 1
87 772 2
89 772 2
95 772 2
97 772 3
100 772 3
101 772 3
104 772 3
109 772 1
118 772 1
119 772 2
124 772 1
126 772 2
128 772 1
129 772 1
132 772 1
133 772 3
140 772 1
144 772 3
146 772 1
147 772 2
148 772 1
149 772 2
158 772 3
159 772 1
160 772 3
162 772 1
169 772 3
172 772 1
173 772 1
175 772 2
176 772 1
179 772 1
180 772 2
184 772 2
185 772 3
190 772 1
194 772 2
195 772 2
198 772 3
201 772 2
202 772 1
205 772 2
206 772 3
207 772 1
209 772 2
210 772 2
217 772 1
222 772 1
224 772 2
226 772 3
229 772 1
237 772 1
238 772 2
240 772 3
241 772 1
246 772 2
254 772 2
256 772 1
257 772 2
259 772 3
261 772 1
262 772 1
263 772 1
268 772 1
269 772 2
270 772 1
275 772 2
276 772 2
280 772 1
282 772 1
284 772 1
286 772 3
288 772 1
292 772 2
295 772 3
299 772 1
304 772 3
305 772 2
307 772 1
308 772 3
313 772 3
315 772 3
325 772 2
327 772 1
329 772 3
331 772 3
332 772 1
335 772 3
336 772 2
337 772 2
342 772 1
343 772 3
345 772 3
346 772 3
347 772 2
348 772 1
350 772 2
351 772 3
352 772 2
354 772 3
362 772 3
365 772 1
367 772 2
