227 536 1
228 536 2
229 536 1
233 536 2
234 536 1
235 536 2
236 536 3
241 536 3
243 536 3
244 536 3
245 536 1
246 536 2
247 536 1
248 536 2
251 536 1
253 536 1
254 536 1
263 536 3
264 536 1
268 536 1
270 536 2
271 536 1
273 536 3
277 536 3
278 536 3
280 536 1
285 536 1
287 536 1
288 536 3
291 536 3
296 536 1
297 536 1
298 536 2
301 536 1
303 536 1
307 536 3
310 536 2
312 536 2
320 536 1
321 536 1
323 536 3
324 536 3
325 536 1
326 536 1
328 536 2
329 536 1
332 536 3
335 536 2
339 536 2
340 536 3
351 536 1
352 536 2
354 536 1
355 536 2
365 536 2
370 536 1
373 536 1
375 536 3
385 536 2
386 536 2
396 536 1
397 536 3
407 536 2
414 536 3
416 536 3
417 536 1
418 536 3
419 536 1
420 536 3
422 536 2
423 536 2
425 536 3
430 536 2
434 536 2
437 536 1
438 536 2
442 536 2
443 536 3
445 536 2
451 536 2
454 536 3
464 536 2
466 536 2
471 536 3
475 536 2
477 536 3
478 536 1
487 536 1
489 536 1
493 536 1
495 536 3
501 536 1
503 536 3
507 536 3
508 536 2
509 536 3
512 536 1
515 536 3
516 536 2
518 536 1
520 536 3
527 536 3
531 536 3
533 536 3
535 536 2
537 536 2
539 536 2
546 536 3
549 536 1
552 536 2
553 536 1
561 536 2
565 536 3
570 536 1
573 536 2
574 536 1
577 536 2
579 536 2
580 536 2
583 536 1
585 536 2
589 536 2
592 536 2
595 536 1
605 536 2
610 536 2
611 536 1
612 536 3
613 536 1
617 536 2
618 536 3
620 536 2
624 536 1
627 536 2
631 536 3
634 536 1
635 536 1
636 536 1
637 536 2
638 536 3
640 536 2
641 536 1
645 536 3
651 536 1
653 536 1
657 536 3
659 536 3
660 536 3
668 536 1
670 536 2
671 536 3
676 536 2
685 536 2
686 536 1
690 536 3
692 536 1
696 536 2
697 536 3
699 536 1
701 536 2
707 536 1
709 536 3
714 536 2
716 536 3
727 536 1
736 536 1
738 536 3
739 536 2
740 536 3
743 536 3
746 536 1
747 536 3
750 536 2
752 536 3
753 536 3
758 536 1
764 536 1
766 536 1
776 536 2
777 536 2
778 536 2
781 536 1
783 536 1
786 536 3
789 536 2
792 536 3
793 536 1
799 536 2
800 536 3
805 536 2
806 536 1
808 536 3
809 536 1
810 536 3
814 536 2
818 536 1
822 536 2
828 536 3
829 536 2
843 536 1
844 536 2
849 536 3
851 536 2
854 536 1
856 536 1
857 536 3
858 536 3
861 536 2
864 536 2
869 536 3
872 536 3
888 536 3
891 536 3
893 536 3
894 536 3
896 536 1
905 536 3
906 536 2
909 536 2
911 536 2
913 536 2
915 536 3
916 536 2
917 536 1
918 536 1
921 536 3
922 536 2
925 536 2
928 536 1
929 536 2
931 536 2
934 536 3
937 536 1
939 536 3
942 536 3
943 536 2
946 536 3
947 536 3
949 536 2
956 536 1
960 536 2
961 536 1
964 536 2
967 536 3
968 536 1
972 536 1
975 536 2
978 536 1
980 536 3
982 536 2
984 536 1
987 536 3
994 536 3
995 536 3
996 536 3
997 536 3
998 536 2
999 536 3
0 537 3
2 537 3
4 537 2
9 537 3
10 537 2
15 537 1
19 537 2
21 537 2
25 537 1
26 537 2
29 537 3
30 537 3
38 537 3
41 537 3
43 537 2
46 537 1
49 537 2
52 537 1
53 537 2
66 537 2
68 537 1
71 537 2
72 537 3
73 537 1
78 537 2
82 537 3
86 537 1
89 537 3
91 537 2
92 537 1
93 537 3
94 537 3
95 537 3
96 537 1
99 537 2
107 537 2
111 537 3
113 537 3
122 537 3
125 537 2
126 537 2
133 537 2
137 537 3
139 537 2
140 537 3
144 537 2
146 537 2
152 537 1
153 537 3
154 537 3
157 537 2
159 537 2
163 537 2
164 537 3
165 537 2
167 537 2
169 537 3
170 537 1
171 537 1
172 537 1
181 537 1
183 537 2
188 537 1
191 537 1
192 537 1
193 537 3
194 537 3
197 537 3
198 537 1
205 537 2
209 537 3
211 537 3
213 537 1
214 537 3
217 537 3
218 537 2
220 537 1
224 537 2
225 537 3
235 537 2
240 537 1
242 537 3
244 537 3
248 537 3
249 537 2
252 537 3
253 537 2
260 537 2
261 537 1
262 537 3
268 537 3
274 537 2
276 537 1
283 537 3
286 537 2
290 537 2
295 537 1
297 537 2
299 537 2
301 537 2
306 537 2
309 537 3
311 537 1
313 537 2
319 537 3
322 537 3
323 537 1
324 537 3
325 537 3
328 537 1
329 537 1
331 537 2
332 537 2
346 537 3
348 537 3
352 537 2
357 537 3
361 537 3
362 537 3
366 537 2
368 537 3
370 537 2
371 537 1
373 537 1
378 537 1
389 537 3
393 537 2
394 537 3
397 537 2
404 537 1
406 537 3
413 537 3
414 537 2
415 537 3
417 537 3
423 537 1
425 537 1
427 537 3
431 537 3
434 537 3
438 537 2
440 537 2
441 537 3
442 537 1
445 537 1
447 537 2
450 537 3
451 537 3
453 537 2
455 537 3
456 537 2
457 537 2
461 537 3
462 537 2
463 537 1
465 537 1
466 537 1
467 537 2
468 537 3
469 537 1
470 537 1
471 537 3
473 537 2
475 537 1
481 537 1
485 537 1
487 537 1
489 537 3
493 537 2
495 537 2
497 537 2
502 537 3
513 537 2
524 537 1
525 537 3
526 537 2
528 537 3
531 537 2
535 537 3
540 537 3
544 537 1
545 537 2
549 537 1
554 537 1
557 537 3
558 537 3
559 537 2
562 537 1
563 537 3
564 537 2
569 537 1
572 537 1
574 537 3
577 537 1
579 537 3
582 537 1
583 537 3
584 537 3
585 537 3
586 537 2
599 537 3
600 537 3
607 537 3
610 537 1
616 537 2
617 537 1
623 537 2
627 537 1
628 537 1
632 537 1
636 537 2
639 537 1
640 537 1
642 537 2
644 537 2
652 537 2
653 537 1
654 537 2
659 537 3
661 537 2
663 537 2
671 537 2
678 537 1
681 537 2
684 537 2
685 537 2
687 537 2
694 537 2
696 537 2
703 537 2
704 537 3
705 537 1
710 537 2
715 537 3
718 537 1
719 537 2
720 537 3
722 537 1
725 537 3
728 537 3
734 537 1
735 537 1
738 537 2
739 537 1
742 537 2
746 537 3
751 537 1
753 537 1
755 537 1
760 537 1
767 537 2
770 537 2
774 537 3
775 537 3
778 537 2
782 537 2
783 537 3
785 537 3
787 537 2
789 537 3
790 537 3
792 537 3
795 537 2
797 537 1
798 537 2
801 537 2
802 537 1
803 537 3
805 537 2
806 537 3
807 537 2
808 537 3
812 537 2
814 537 2
815 537 2
816 537 2
821 537 2
824 537 1
831 537 3
834 537 1
836 537 1
839 537 1
842 537 3
844 537 2
846 537 2
849 537 2
850 537 2
852 537 3
858 537 2
860 537 3
861 537 1
862 537 1
864 537 2
869 537 3
874 537 1
890 537 3
897 537 1
898 537 3
899 537 1
902 537 1
905 537 3
906 537 1
910 537 2
913 537 1
916 537 1
918 537 1
919 537 2
920 537 3
926 537 3
927 537 3
929 537 2
930 537 3
939 537 3
943 537 1
948 537 3
949 537 2
952 537 1
956 537 3
963 537 2
968 537 1
971 537 2
972 537 1
974 537 3
975 537 1
979 537 3
982 537 1
983 537 3
986 537 3
989 537 3
992 537 2
993 537 2
997 537 2
2 538 3
3 538 1
4 538 3
6 538 1
8 538 2
9 538 1
10 538 2
13 538 3
16 538 2
21 538 2
24 538 1
25 538 2
26 538 3
27 538 2
32 538 1
37 538 2
38 538 1
39 538 2
43 538 3
47 538 2
48 538 2
51 538 2
53 538 2
55 538 3
57 538 3
58 538 2
64 538 1
66 538 3
72 538 3
77 538 3
79 538 2
84 538 3
86 538 3
87 538 3
89 538 1
90 538 3
94 538 1
95 538 3
96 538 1
100 538 1
101 538 1
103 538 1
107 538 3
109 538 3
110 538 1
112 538 2
113 538 1
116 538 2
118 538 2
121 538 2
123 538 2
127 538 3
130 538 3
137 538 3
139 538 3
140 538 2
142 538 2
144 538 3
151 538 2
156 538 2
157 538 3
162 538 3
166 538 2
167 538 3
169 538 1
180 538 1
185 538 2
186 538 1
210 538 3
214 538 1
218 538 2
222 538 2
232 538 1
235 538 2
237 538 3
242 538 2
