601 856 2
614 856 3
615 856 2
617 856 2
620 856 1
623 856 1
625 856 3
626 856 1
627 856 1
630 856 1
631 856 3
634 856 1
635 856 2
636 856 2
637 856 2
638 856 3
641 856 2
643 856 2
645 856 2
648 856 1
649 856 3
653 856 1
654 856 2
655 856 2
661 856 2
662 856 2
663 856 1
674 856 2
675 856 3
678 856 1
680 856 3
685 856 2
686 856 1
687 856 1
688 856 1
691 856 1
694 856 2
696 856 3
697 856 1
703 856 3
705 856 3
709 856 3
710 856 3
714 856 3
716 856 3
720 856 2
727 856 3
728 856 1
730 856 3
732 856 1
733 856 1
734 856 1
736 856 2
738 856 2
741 856 3
742 856 3
744 856 3
747 856 3
749 856 1
754 856 2
756 856 1
758 856 1
762 856 3
764 856 2
770 856 1
772 856 1
776 856 2
779 856 1
780 856 3
788 856 3
789 856 3
791 856 1
792 856 2
794 856 1
796 856 1
803 856 3
804 856 1
812 856 1
815 856 3
819 856 1
824 856 3
825 856 2
828 856 2
840 856 3
841 856 2
842 856 1
843 856 2
849 856 2
850 856 3
853 856 1
854 856 2
858 856 1
863 856 2
868 856 1
869 856 3
872 856 1
873 856 3
874 856 1
878 856 2
887 856 2
888 856 3
890 856 2
891 856 1
895 856 2
900 856 2
901 856 1
905 856 3
906 856 2
907 856 1
911 856 3
914 856 3
915 856 3
918 856 1
920 856 1
922 856 3
923 856 3
926 856 1
929 856 3
930 856 3
935 856 1
942 856 2
944 856 3
945 856 3
955 856 2
956 856 1
959 856 1
963 856 3
966 856 2
967 856 2
968 856 1
969 856 3
970 856 3
974 856 3
977 856 1
991 856 2
993 856 3
996 856 3
0 857 2
3 857 2
4 857 2
7 857 3
8 857 3
9 857 3
13 857 2
14 857 1
15 857 3
17 857 1
22 857 2
24 857 2
25 857 1
28 857 1
29 857 3
36 857 3
38 857 1
39 857 3
40 857 2
44 857 3
46 857 3
51 857 3
54 857 2
55 857 2
56 857 2
57 857 1
62 857 1
76 857 3
78 857 3
80 857 1
82 857 2
83 857 2
84 857 3
85 857 2
86 857 2
89 857 3
90 857 1
91 857 3
97 857 1
100 857 3
103 857 3
104 857 2
109 857 2
110 857 3
111 857 3
113 857 1
114 857 1
116 857 3
119 857 2
121 857 2
122 857 1
123 857 2
124 857 3
128 857 2
129 857 3
130 857 3
134 857 1
135 857 2
138 857 3
142 857 1
147 857 2
149 857 1
150 857 3
153 857 1
154 857 3
155 857 2
156 857 1
157 857 3
158 857 3
159 857 3
164 857 3
165 857 1
168 857 3
173 857 2
174 857 1
181 857 1
184 857 1
186 857 1
190 857 3
192 857 3
197 857 1
203 857 3
207 857 1
211 857 1
215 857 1
216 857 1
220 857 1
224 857 3
229 857 3
230 857 1
233 857 2
234 857 2
235 857 1
237 857 2
242 857 3
244 857 3
245 857 3
246 857 3
248 857 3
253 857 1
254 857 1
255 857 3
260 857 1
261 857 2
262 857 3
263 857 3
267 857 3
269 857 1
270 857 2
271 857 3
273 857 1
278 857 3
279 857 2
283 857 2
285 857 1
298 857 1
301 857 1
306 857 3
308 857 3
309 857 3
311 857 1
312 857 3
314 857 3
316 857 1
317 857 2
320 857 1
322 857 3
323 857 3
329 857 3
336 857 3
343 857 3
355 857 3
359 857 3
360 857 2
366 857 1
367 857 2
369 857 3
375 857 1
381 857 1
384 857 2
385 857 2
387 857 1
389 857 3
391 857 1
394 857 3
397 857 1
399 857 1
401 857 2
403 857 2
408 857 1
410 857 1
413 857 2
416 857 1
417 857 3
422 857 2
423 857 1
426 857 2
427 857 3
428 857 3
430 857 1
431 857 1
433 857 3
434 857 1
437 857 3
438 857 3
439 857 2
440 857 1
442 857 3
444 857 3
448 857 2
449 857 3
456 857 3
459 857 3
461 857 2
462 857 1
463 857 1
470 857 1
473 857 2
477 857 3
478 857 3
479 857 1
483 857 2
484 857 3
486 857 2
488 857 3
490 857 1
493 857 3
494 857 1
502 857 3
504 857 2
505 857 2
508 857 3
510 857 3
513 857 2
514 857 1
515 857 1
518 857 1
519 857 1
520 857 2
521 857 2
522 857 3
523 857 1
524 857 3
525 857 2
526 857 2
528 857 2
529 857 3
532 857 3
534 857 1
536 857 2
542 857 2
544 857 2
546 857 1
548 857 2
550 857 3
554 857 1
555 857 2
556 857 3
557 857 2
559 857 1
562 857 3
567 857 2
570 857 2
574 857 3
576 857 3
579 857 3
581 857 1
582 857 2
583 857 2
585 857 1
586 857 1
588 857 3
589 857 3
592 857 3
593 857 2
596 857 1
597 857 3
598 857 3
600 857 2
608 857 2
615 857 3
618 857 3
627 857 1
628 857 1
634 857 3
637 857 1
638 857 2
639 857 2
640 857 1
644 857 3
646 857 3
647 857 3
660 857 1
661 857 3
662 857 1
676 857 1
685 857 1
686 857 3
688 857 2
689 857 1
690 857 1
693 857 2
699 857 1
703 857 2
704 857 3
705 857 3
707 857 1
708 857 1
710 857 3
714 857 2
721 857 2
723 857 3
724 857 1
728 857 1
729 857 2
731 857 3
740 857 3
742 857 3
743 857 1
747 857 3
749 857 3
750 857 1
755 857 1
756 857 3
758 857 3
763 857 1
765 857 2
766 857 3
770 857 1
774 857 2
777 857 2
779 857 2
782 857 2
784 857 2
790 857 1
792 857 1
802 857 3
805 857 3
807 857 3
809 857 2
810 857 2
814 857 2
817 857 3
819 857 1
825 857 2
829 857 2
831 857 3
832 857 2
833 857 1
834 857 2
836 857 3
837 857 2
839 857 1
844 857 1
845 857 2
847 857 2
848 857 2
849 857 2
855 857 1
857 857 3
859 857 2
861 857 3
862 857 1
870 857 1
871 857 3
873 857 1
874 857 3
876 857 2
877 857 1
879 857 1
880 857 3
882 857 2
883 857 2
886 857 2
887 857 3
892 857 2
893 857 2
899 857 2
900 857 1
905 857 2
906 857 2
908 857 1
909 857 1
912 857 3
915 857 1
916 857 2
917 857 2
919 857 3
921 857 3
926 857 1
927 857 2
928 857 3
935 857 2
936 857 2
939 857 1
941 857 2
945 857 2
952 857 3
960 857 2
961 857 1
964 857 1
968 857 1
970 857 1
977 857 3
980 857 1
982 857 3
983 857 2
986 857 2
989 857 1
990 857 3
997 857 2
999 857 1
2 858 3
3 858 3
8 858 1
11 858 1
13 858 2
22 858 2
23 858 3
26 858 2
30 858 3
31 858 1
32 858 1
36 858 2
40 858 1
45 858 2
46 858 2
52 858 2
53 858 1
54 858 1
55 858 2
61 858 1
65 858 3
69 858 2
75 858 1
77 858 2
79 858 2
80 858 2
86 858 1
95 858 1
100 858 3
103 858 3
105 858 3
107 858 1
112 858 2
126 858 1
132 858 2
134 858 1
140 858 1
141 858 3
143 858 3
144 858 3
149 858 1
150 858 3
156 858 3
161 858 1
163 858 2
170 858 3
171 858 3
174 858 3
175 858 3
181 858 2
182 858 2
187 858 3
189 858 1
191 858 1
192 858 3
195 858 1
196 858 2
200 858 2
204 858 3
205 858 2
207 858 1
220 858 3
234 858 2
235 858 3
236 858 2
237 858 3
240 858 3
242 858 2
245 858 2
247 858 3
248 858 2
250 858 2
252 858 2
253 858 3
258 858 2
262 858 2
264 858 1
267 858 3
268 858 3
271 858 2
272 858 3
273 858 1
279 858 1
285 858 3
286 858 3
287 858 2
289 858 1
291 858 3
301 858 1
304 858 1
305 858 3
306 858 1
313 858 2
316 858 1
317 858 1
318 858 3
319 858 3
320 858 1
330 858 1
336 858 1
344 858 2
346 858 2
347 858 3
348 858 1
350 858 2
351 858 3
354 858 1
371 858 1
373 858 3
375 858 3
379 858 2
381 858 1
385 858 3
386 858 2
387 858 2
393 858 3
395 858 1
403 858 3
411 858 1
413 858 3
418 858 3
419 858 3
421 858 3
428 858 3
429 858 1
431 858 3
432 858 3
433 858 1
434 858 3
436 858 1
446 858 1
453 858 3
455 858 2
456 858 2
458 858 2
459 858 3
460 858 1
461 858 1
463 858 3
464 858 2
466 858 2
467 858 1
468 858 1
477 858 2
478 858 2
481 858 2
482 858 3
484 858 1
485 858 1
487 858 1
490 858 1
492 858 2
496 858 2
497 858 3
499 858 2
506 858 1
513 858 1
