481 784 3
482 784 3
484 784 3
486 784 2
489 784 3
496 784 2
497 784 3
498 784 2
500 784 2
502 784 1
503 784 3
507 784 1
511 784 1
517 784 2
519 784 3
522 784 3
534 784 3
535 784 2
538 784 3
547 784 1
549 784 3
550 784 2
551 784 3
554 784 1
556 784 3
557 784 2
558 784 1
561 784 1
568 784 2
571 784 1
574 784 2
579 784 3
588 784 2
591 784 3
593 784 1
595 784 1
599 784 3
602 784 3
603 784 3
607 784 1
608 784 3
609 784 3
613 784 3
614 784 3
615 784 2
616 784 3
618 784 2
621 784 2
622 784 1
624 784 1
625 784 2
627 784 1
628 784 3
630 784 2
632 784 2
636 784 1
640 784 2
646 784 1
649 784 1
653 784 3
654 784 3
655 784 1
658 784 1
662 784 2
667 784 2
669 784 3
673 784 3
675 784 3
678 784 1
679 784 3
685 784 2
686 784 3
688 784 3
695 784 1
699 784 3
700 784 1
703 784 2
704 784 1
705 784 3
708 784 3
710 784 3
711 784 3
714 784 1
718 784 3
728 784 2
729 784 1
731 784 2
732 784 1
736 784 3
737 784 1
738 784 3
745 784 2
748 784 3
752 784 1
757 784 2
761 784 1
762 784 1
764 784 1
765 784 3
767 784 2
768 784 1
775 784 2
784 784 2
785 784 3
790 784 2
796 784 1
804 784 3
805 784 1
811 784 1
815 784 1
816 784 3
818 784 1
819 784 1
820 784 3
826 784 3
827 784 1
831 784 3
832 784 1
835 784 2
837 784 2
839 784 2
841 784 1
844 784 3
845 784 1
846 784 3
851 784 2
855 784 2
861 784 1
862 784 2
863 784 1
869 784 2
873 784 2
874 784 1
878 784 1
880 784 3
881 784 3
882 784 3
883 784 2
886 784 3
891 784 1
893 784 3
896 784 3
897 784 3
899 784 2
905 784 2
909 784 2
911 784 3
916 784 2
917 784 2
919 784 2
921 784 3
922 784 3
926 784 2
929 784 2
932 784 3
934 784 3
939 784 2
940 784 2
942 784 3
943 784 2
944 784 2
950 784 1
953 784 2
954 784 2
956 784 1
957 784 1
959 784 3
964 784 2
968 784 1
970 784 3
974 784 2
977 784 2
979 784 1
982 784 2
986 784 1
989 784 3
999 784 2
1 785 2
6 785 3
14 785 2
35 785 3
40 785 3
41 785 3
42 785 1
48 785 3
49 785 3
50 785 1
51 785 1
56 785 2
62 785 1
63 785 1
65 785 3
66 785 3
67 785 2
69 785 3
73 785 2
74 785 1
80 785 2
84 785 3
85 785 1
88 785 1
96 785 2
100 785 2
102 785 1
104 785 2
107 785 3
108 785 1
113 785 2
115 785 2
117 785 1
119 785 3
120 785 1
122 785 3
124 785 3
126 785 2
131 785 1
133 785 1
134 785 3
138 785 2
140 785 1
152 785 3
158 785 3
160 785 3
164 785 2
165 785 2
167 785 2
170 785 1
178 785 3
180 785 3
187 785 3
190 785 3
192 785 2
196 785 3
198 785 2
199 785 1
200 785 3
203 785 1
204 785 2
205 785 2
206 785 3
210 785 2
211 785 1
212 785 3
214 785 3
215 785 2
216 785 3
217 785 3
219 785 2
222 785 1
223 785 2
226 785 3
232 785 3
234 785 3
236 785 2
238 785 2
240 785 1
241 785 3
243 785 3
247 785 1
251 785 1
252 785 3
258 785 2
260 785 3
262 785 3
265 785 3
266 785 3
267 785 3
268 785 1
270 785 1
278 785 3
280 785 1
281 785 2
283 785 2
287 785 1
289 785 1
290 785 2
296 785 1
298 785 2
300 785 2
304 785 1
309 785 3
313 785 1
325 785 1
326 785 3
330 785 1
334 785 2
335 785 2
336 785 1
337 785 1
338 785 3
341 785 2
345 785 1
349 785 2
353 785 3
355 785 2
359 785 2
361 785 3
364 785 3
366 785 3
367 785 3
370 785 1
371 785 3
375 785 2
377 785 3
378 785 3
379 785 1
381 785 1
383 785 3
384 785 3
389 785 1
391 785 1
397 785 2
398 785 2
399 785 3
402 785 3
404 785 1
405 785 1
406 785 3
407 785 3
408 785 1
412 785 1
413 785 3
422 785 2
424 785 1
426 785 2
427 785 2
430 785 1
431 785 2
433 785 2
435 785 3
438 785 1
439 785 3
442 785 3
443 785 1
449 785 2
450 785 1
456 785 2
459 785 1
463 785 2
464 785 1
465 785 1
475 785 2
480 785 3
484 785 3
486 785 2
487 785 2
491 785 2
495 785 3
497 785 3
498 785 1
501 785 1
503 785 1
507 785 3
510 785 1
511 785 1
512 785 3
515 785 1
519 785 2
521 785 3
522 785 2
539 785 1
548 785 2
552 785 1
554 785 1
556 785 1
564 785 3
567 785 1
572 785 3
574 785 2
576 785 1
578 785 2
579 785 1
581 785 1
582 785 2
583 785 1
584 785 3
585 785 1
587 785 2
588 785 2
590 785 1
592 785 3
593 785 1
595 785 1
600 785 3
604 785 3
605 785 3
608 785 1
619 785 3
621 785 1
623 785 2
624 785 1
627 785 1
632 785 2
642 785 1
643 785 2
649 785 3
655 785 2
664 785 3
665 785 3
671 785 2
672 785 1
678 785 1
679 785 1
681 785 2
682 785 1
683 785 2
684 785 1
685 785 2
686 785 2
692 785 1
695 785 3
697 785 1
701 785 1
706 785 3
707 785 1
708 785 3
713 785 2
721 785 1
725 785 1
728 785 2
732 785 2
733 785 3
738 785 1
739 785 1
743 785 2
745 785 3
746 785 3
748 785 3
749 785 1
750 785 3
758 785 1
760 785 1
765 785 2
774 785 2
775 785 1
777 785 3
781 785 1
785 785 2
786 785 2
788 785 3
790 785 1
792 785 1
794 785 1
796 785 1
807 785 1
809 785 3
813 785 1
821 785 1
822 785 3
823 785 3
824 785 3
833 785 1
839 785 2
841 785 1
842 785 3
843 785 1
846 785 3
847 785 3
849 785 3
850 785 3
856 785 3
857 785 1
858 785 3
859 785 2
861 785 1
862 785 2
864 785 2
871 785 2
872 785 2
879 785 2
881 785 3
882 785 2
883 785 2
884 785 3
889 785 1
890 785 2
892 785 1
894 785 2
897 785 1
898 785 2
899 785 2
907 785 2
911 785 1
912 785 1
916 785 3
920 785 3
926 785 1
928 785 1
929 785 1
934 785 2
939 785 3
943 785 3
948 785 3
954 785 1
957 785 3
963 785 1
967 785 1
968 785 2
971 785 2
977 785 3
979 785 2
982 785 2
983 785 1
985 785 2
986 785 1
988 785 1
993 785 3
998 785 1
999 785 3
0 786 1
1 786 3
3 786 3
4 786 2
5 786 2
8 786 1
9 786 3
13 786 2
14 786 2
20 786 2
24 786 1
25 786 3
27 786 1
31 786 1
37 786 3
43 786 1
45 786 2
46 786 2
47 786 3
49 786 3
51 786 1
52 786 1
53 786 1
54 786 2
67 786 3
71 786 1
75 786 1
78 786 2
79 786 3
82 786 1
83 786 1
84 786 1
86 786 1
91 786 1
93 786 3
97 786 3
99 786 1
101 786 2
103 786 3
104 786 1
105 786 2
106 786 3
108 786 1
111 786 3
116 786 1
121 786 3
129 786 3
133 786 3
134 786 3
135 786 1
136 786 1
144 786 1
153 786 1
154 786 3
157 786 1
165 786 1
168 786 1
172 786 1
178 786 3
185 786 3
187 786 3
189 786 2
190 786 3
191 786 2
194 786 3
198 786 2
204 786 1
205 786 1
208 786 3
215 786 2
216 786 2
217 786 1
222 786 1
224 786 2
225 786 1
232 786 3
235 786 2
238 786 1
239 786 2
240 786 3
241 786 2
242 786 2
249 786 2
250 786 2
251 786 3
253 786 1
255 786 3
259 786 2
263 786 2
265 786 2
266 786 3
268 786 2
269 786 3
273 786 3
278 786 2
279 786 3
283 786 1
286 786 3
288 786 3
289 786 2
291 786 3
292 786 2
294 786 1
295 786 3
296 786 3
297 786 2
298 786 2
300 786 1
303 786 3
304 786 2
306 786 3
307 786 1
308 786 2
311 786 3
313 786 3
321 786 2
327 786 2
329 786 3
333 786 2
335 786 3
340 786 1
344 786 3
348 786 1
350 786 3
351 786 1
352 786 2
354 786 3
356 786 2
357 786 1
363 786 1
366 786 2
367 786 3
371 786 1
372 786 3
377 786 3
378 786 1
380 786 3
384 786 1
385 786 3
390 786 2
392 786 3
393 786 1
398 786 3
401 786 3
402 786 2
404 786 1
407 786 3
409 786 1
412 786 1
413 786 3
415 786 2
420 786 3
421 786 1
424 786 2
428 786 2
429 786 1
430 786 2
