390 466 2
393 466 3
396 466 3
400 466 2
403 466 3
413 466 1
416 466 2
418 466 2
421 466 3
423 466 1
424 466 2
425 466 2
431 466 3
433 466 1
435 466 2
436 466 1
437 466 2
438 466 3
440 466 2
442 466 3
449 466 1
452 466 1
453 466 3
455 466 2
461 466 3
462 466 2
465 466 2
466 466 1
469 466 3
472 466 2
475 466 3
476 466 3
479 466 2
483 466 2
487 466 3
488 466 1
489 466 3
490 466 2
491 466 1
492 466 1
493 466 3
494 466 1
498 466 3
500 466 1
501 466 1
503 466 3
508 466 3
511 466 2
515 466 3
516 466 1
517 466 3
528 466 1
531 466 2
532 466 3
535 466 2
538 466 1
542 466 1
543 466 2
544 466 1
548 466 3
557 466 2
564 466 2
565 466 2
567 466 2
572 466 2
578 466 2
580 466 3
581 466 1
584 466 3
589 466 2
593 466 3
594 466 3
603 466 3
605 466 1
607 466 2
608 466 1
610 466 1
612 466 1
613 466 1
614 466 1
617 466 1
621 466 3
622 466 1
627 466 2
628 466 2
630 466 2
633 466 2
636 466 1
640 466 3
642 466 2
649 466 1
652 466 1
655 466 2
656 466 2
662 466 2
668 466 3
670 466 2
671 466 2
674 466 2
677 466 1
678 466 3
683 466 3
690 466 2
692 466 2
698 466 3
701 466 1
703 466 3
704 466 2
705 466 2
707 466 3
708 466 1
710 466 2
712 466 1
713 466 1
715 466 2
717 466 3
723 466 3
725 466 1
727 466 2
729 466 1
731 466 2
734 466 1
739 466 1
740 466 3
741 466 2
742 466 2
746 466 3
747 466 3
748 466 1
754 466 1
763 466 2
766 466 3
767 466 1
770 466 2
771 466 2
772 466 3
775 466 1
776 466 1
778 466 1
779 466 1
785 466 2
788 466 1
791 466 2
795 466 3
798 466 1
799 466 1
800 466 3
801 466 3
804 466 1
807 466 1
810 466 1
811 466 1
812 466 1
814 466 1
820 466 1
822 466 3
825 466 2
826 466 3
828 466 1
832 466 2
833 466 1
834 466 1
836 466 2
839 466 1
840 466 1
843 466 1
844 466 2
848 466 3
852 466 1
853 466 2
854 466 3
861 466 3
862 466 1
866 466 3
873 466 1
874 466 1
879 466 2
880 466 3
883 466 1
894 466 2
898 466 2
899 466 2
900 466 2
903 466 1
905 466 2
906 466 1
908 466 1
914 466 2
915 466 3
916 466 3
917 466 1
922 466 3
923 466 3
929 466 3
931 466 3
932 466 2
934 466 1
938 466 2
942 466 3
944 466 1
947 466 2
949 466 3
950 466 1
951 466 1
952 466 2
960 466 3
962 466 2
963 466 1
965 466 1
968 466 1
969 466 1
973 466 1
974 466 3
975 466 3
978 466 1
981 466 2
985 466 1
996 466 3
998 466 3
0 467 3
1 467 3
6 467 3
8 467 3
9 467 1
12 467 2
18 467 1
20 467 2
22 467 2
26 467 1
28 467 1
29 467 3
35 467 1
41 467 3
44 467 2
45 467 1
49 467 2
50 467 1
57 467 1
58 467 1
61 467 1
64 467 1
69 467 3
72 467 3
73 467 1
75 467 2
77 467 1
83 467 2
86 467 1
87 467 1
93 467 3
98 467 1
100 467 1
101 467 2
103 467 1
108 467 2
109 467 1
117 467 1
118 467 1
120 467 2
121 467 2
124 467 3
128 467 1
132 467 3
135 467 3
136 467 3
137 467 2
144 467 3
145 467 2
147 467 1
148 467 3
149 467 1
151 467 2
153 467 1
154 467 2
157 467 2
158 467 3
160 467 1
161 467 1
165 467 2
167 467 1
172 467 2
177 467 3
181 467 1
182 467 3
184 467 1
192 467 2
201 467 2
202 467 2
207 467 1
211 467 3
212 467 1
213 467 2
216 467 3
217 467 2
218 467 1
221 467 2
230 467 2
235 467 3
237 467 3
241 467 1
243 467 2
244 467 1
245 467 3
251 467 2
252 467 3
256 467 3
259 467 3
261 467 2
262 467 2
264 467 2
266 467 2
267 467 1
270 467 2
271 467 3
275 467 2
276 467 3
278 467 1
279 467 1
283 467 1
284 467 1
287 467 2
288 467 3
289 467 3
290 467 2
291 467 2
292 467 1
293 467 1
295 467 3
304 467 2
308 467 1
309 467 2
312 467 1
313 467 2
319 467 3
320 467 3
322 467 3
323 467 2
326 467 1
328 467 1
334 467 3
336 467 1
339 467 2
348 467 1
349 467 3
350 467 2
351 467 1
354 467 3
358 467 2
362 467 3
365 467 2
366 467 3
367 467 1
371 467 1
374 467 3
376 467 2
379 467 2
380 467 2
381 467 3
385 467 3
387 467 2
388 467 1
389 467 1
392 467 3
395 467 2
397 467 3
402 467 1
404 467 1
406 467 3
407 467 1
408 467 1
412 467 2
414 467 3
416 467 1
419 467 3
420 467 3
422 467 2
431 467 1
432 467 2
435 467 1
444 467 1
452 467 3
453 467 3
459 467 3
460 467 2
461 467 2
464 467 2
469 467 2
470 467 2
471 467 1
474 467 2
482 467 2
491 467 2
497 467 3
501 467 2
503 467 1
506 467 2
512 467 3
513 467 1
522 467 2
524 467 1
533 467 2
535 467 1
536 467 3
544 467 2
545 467 1
546 467 1
550 467 1
554 467 1
556 467 3
557 467 2
558 467 3
564 467 3
566 467 3
568 467 2
569 467 1
571 467 2
575 467 3
580 467 1
583 467 2
585 467 3
589 467 2
591 467 3
595 467 2
596 467 1
600 467 1
601 467 3
603 467 2
604 467 3
606 467 2
607 467 2
613 467 3
614 467 2
618 467 3
620 467 3
621 467 2
623 467 1
624 467 2
625 467 1
627 467 1
630 467 1
637 467 2
638 467 3
640 467 2
641 467 1
647 467 1
650 467 2
655 467 2
659 467 3
661 467 2
670 467 3
671 467 2
672 467 2
673 467 1
675 467 2
683 467 2
685 467 1
687 467 1
690 467 3
699 467 2
700 467 1
703 467 2
705 467 2
710 467 1
712 467 2
715 467 3
716 467 1
731 467 1
733 467 2
735 467 2
736 467 1
738 467 1
740 467 1
742 467 3
745 467 3
755 467 1
756 467 2
757 467 3
759 467 1
760 467 3
770 467 2
772 467 2
774 467 3
778 467 3
779 467 1
781 467 1
782 467 3
783 467 3
788 467 1
792 467 2
793 467 2
795 467 1
801 467 3
804 467 1
815 467 1
817 467 2
818 467 1
820 467 2
821 467 3
823 467 2
825 467 2
831 467 3
832 467 1
834 467 2
835 467 2
837 467 1
839 467 3
841 467 2
842 467 3
843 467 3
850 467 3
853 467 2
854 467 3
858 467 2
859 467 2
860 467 2
865 467 1
866 467 2
867 467 1
870 467 2
871 467 2
872 467 3
878 467 1
882 467 2
884 467 1
885 467 2
886 467 1
892 467 3
894 467 1
895 467 1
899 467 1
902 467 3
907 467 3
910 467 2
916 467 2
924 467 3
927 467 2
931 467 3
932 467 2
933 467 3
939 467 1
944 467 3
949 467 1
951 467 3
952 467 1
953 467 3
955 467 2
956 467 1
957 467 3
962 467 1
963 467 3
964 467 1
970 467 3
973 467 1
974 467 3
976 467 3
977 467 2
979 467 3
986 467 2
988 467 2
993 467 1
995 467 2
998 467 2
999 467 1
0 468 1
2 468 1
5 468 2
9 468 1
10 468 2
12 468 1
17 468 2
22 468 3
31 468 3
37 468 3
39 468 3
40 468 2
43 468 3
45 468 2
48 468 3
56 468 2
61 468 2
63 468 1
64 468 3
67 468 3
69 468 3
75 468 2
80 468 2
83 468 1
86 468 2
87 468 1
90 468 2
96 468 3
99 468 1
101 468 1
103 468 2
110 468 1
112 468 3
114 468 1
117 468 1
120 468 2
121 468 2
123 468 2
127 468 3
132 468 2
133 468 1
136 468 2
137 468 2
140 468 1
147 468 1
149 468 1
154 468 2
158 468 3
159 468 2
162 468 3
167 468 2
170 468 3
177 468 1
178 468 1
184 468 1
185 468 1
188 468 3
193 468 2
194 468 2
195 468 1
205 468 3
206 468 2
209 468 2
211 468 2
212 468 1
217 468 2
228 468 3
229 468 3
232 468 3
233 468 2
236 468 2
238 468 2
240 468 1
241 468 2
242 468 1
243 468 1
246 468 1
257 468 3
261 468 2
264 468 3
265 468 1
267 468 1
270 468 1
271 468 3
272 468 2
273 468 3
283 468 2
284 468 2
285 468 3
290 468 2
292 468 1
296 468 1
297 468 1
301 468 2
302 468 3
309 468 2
312 468 1
313 468 3
318 468 3
321 468 3
326 468 1
327 468 1
328 468 3
