668 376 3
669 376 1
670 376 1
674 376 3
675 376 3
677 376 3
679 376 2
685 376 2
690 376 1
696 376 1
697 376 2
699 376 1
700 376 1
703 376 1
705 376 1
706 376 1
708 376 3
710 376 3
711 376 3
718 376 1
720 376 3
722 376 1
726 376 1
727 376 3
730 376 2
732 376 1
736 376 1
737 376 2
741 376 3
744 376 1
753 376 3
755 376 2
757 376 1
768 376 3
771 376 2
773 376 3
775 376 1
777 376 1
780 376 2
781 376 3
782 376 1
783 376 1
786 376 3
792 376 1
796 376 1
798 376 1
802 376 3
812 376 2
814 376 1
816 376 1
817 376 1
818 376 1
819 376 1
822 376 1
826 376 1
829 376 2
835 376 3
839 376 1
840 376 3
841 376 2
847 376 1
848 376 1
849 376 3
850 376 2
858 376 2
861 376 3
869 376 3
870 376 3
871 376 1
872 376 3
873 376 2
876 376 1
880 376 2
881 376 2
882 376 1
884 376 3
886 376 3
889 376 2
890 376 3
891 376 2
895 376 2
896 376 1
899 376 3
910 376 3
914 376 2
922 376 2
926 376 3
930 376 1
932 376 2
935 376 3
938 376 1
940 376 2
941 376 1
945 376 1
948 376 2
954 376 1
955 376 3
958 376 1
959 376 1
962 376 2
963 376 1
964 376 3
970 376 1
974 376 1
977 376 3
979 376 2
980 376 3
982 376 2
983 376 1
986 376 3
990 376 1
992 376 2
3 377 3
5 377 1
7 377 3
13 377 2
17 377 1
20 377 1
21 377 3
25 377 1
28 377 1
29 377 2
31 377 1
33 377 1
38 377 3
39 377 2
41 377 1
43 377 2
47 377 2
49 377 3
58 377 3
59 377 3
60 377 1
62 377 1
63 377 1
65 377 3
68 377 1
69 377 2
70 377 3
72 377 2
73 377 1
77 377 1
78 377 3
85 377 3
93 377 2
96 377 3
103 377 3
106 377 3
107 377 3
110 377 3
113 377 3
115 377 2
121 377 2
122 377 3
128 377 2
132 377 1
133 377 1
137 377 2
141 377 3
143 377 2
151 377 3
155 377 2
156 377 1
157 377 2
162 377 1
163 377 2
164 377 2
167 377 3
168 377 2
170 377 2
177 377 3
178 377 1
179 377 3
180 377 2
185 377 3
187 377 3
188 377 2
189 377 1
190 377 2
193 377 2
195 377 3
200 377 1
203 377 2
206 377 1
207 377 2
209 377 3
210 377 1
214 377 1
216 377 2
217 377 2
218 377 3
222 377 1
224 377 2
225 377 3
230 377 2
237 377 1
243 377 2
246 377 1
248 377 1
251 377 1
256 377 2
257 377 3
261 377 3
265 377 2
269 377 2
271 377 3
272 377 1
282 377 2
284 377 2
287 377 1
288 377 3
292 377 3
295 377 2
298 377 2
299 377 1
300 377 2
302 377 3
308 377 3
310 377 2
314 377 2
316 377 2
319 377 3
320 377 1
321 377 1
329 377 1
331 377 3
335 377 2
341 377 3
342 377 2
343 377 1
346 377 2
348 377 3
353 377 3
357 377 1
360 377 2
363 377 3
365 377 2
372 377 3
388 377 2
390 377 1
393 377 2
397 377 1
401 377 3
406 377 2
407 377 1
408 377 1
410 377 1
411 377 2
412 377 1
414 377 3
415 377 1
417 377 3
420 377 2
423 377 2
424 377 3
430 377 1
431 377 2
433 377 1
437 377 2
443 377 2
444 377 1
445 377 2
446 377 3
447 377 3
449 377 2
450 377 1
456 377 2
461 377 2
463 377 3
464 377 2
465 377 2
469 377 1
470 377 2
477 377 2
485 377 3
489 377 3
511 377 2
513 377 3
516 377 2
519 377 3
520 377 2
521 377 3
525 377 1
527 377 2
528 377 1
532 377 3
542 377 1
544 377 3
552 377 3
553 377 2
554 377 1
557 377 3
558 377 2
564 377 1
565 377 1
566 377 2
568 377 2
569 377 2
570 377 1
572 377 3
580 377 1
581 377 2
582 377 1
583 377 3
587 377 1
591 377 3
604 377 2
608 377 3
609 377 3
610 377 3
611 377 2
614 377 3
617 377 1
620 377 1
623 377 1
624 377 3
626 377 3
627 377 2
629 377 1
636 377 2
639 377 1
641 377 3
657 377 3
658 377 1
660 377 1
662 377 2
666 377 1
672 377 1
673 377 3
674 377 2
687 377 2
689 377 1
695 377 1
697 377 3
702 377 3
705 377 2
713 377 2
723 377 1
727 377 2
730 377 2
739 377 2
740 377 1
741 377 3
747 377 1
748 377 3
751 377 3
752 377 2
755 377 1
756 377 2
758 377 1
761 377 1
762 377 2
764 377 1
766 377 1
768 377 1
769 377 3
771 377 2
773 377 3
779 377 1
780 377 1
787 377 1
788 377 1
795 377 1
797 377 3
798 377 1
800 377 3
801 377 2
804 377 2
805 377 2
807 377 2
811 377 3
812 377 3
813 377 2
816 377 3
820 377 1
826 377 2
828 377 3
830 377 2
831 377 2
833 377 2
841 377 3
843 377 3
844 377 1
845 377 2
846 377 3
850 377 3
853 377 2
855 377 1
858 377 3
867 377 2
868 377 3
873 377 1
874 377 2
877 377 1
878 377 3
881 377 3
883 377 3
885 377 1
896 377 1
901 377 3
904 377 3
905 377 1
910 377 1
914 377 2
916 377 2
917 377 3
924 377 3
927 377 1
929 377 2
930 377 3
935 377 1
938 377 3
946 377 3
950 377 2
955 377 1
959 377 1
960 377 2
963 377 2
965 377 3
967 377 1
968 377 2
969 377 2
970 377 2
973 377 1
976 377 1
978 377 1
980 377 1
981 377 1
982 377 3
989 377 2
990 377 3
991 377 2
994 377 3
996 377 1
998 377 2
999 377 1
1 378 3
6 378 2
9 378 1
15 378 2
22 378 1
25 378 3
26 378 2
36 378 2
37 378 2
39 378 3
42 378 2
52 378 1
54 378 3
55 378 1
60 378 1
64 378 3
65 378 3
68 378 3
76 378 1
80 378 2
81 378 2
84 378 2
87 378 2
93 378 2
96 378 1
99 378 1
111 378 1
112 378 2
119 378 1
123 378 1
126 378 1
128 378 3
129 378 1
131 378 1
132 378 2
133 378 1
134 378 1
137 378 3
139 378 1
143 378 1
145 378 2
148 378 1
149 378 3
151 378 2
152 378 2
156 378 1
162 378 2
164 378 2
165 378 1
166 378 2
168 378 1
170 378 1
175 378 3
179 378 1
180 378 1
181 378 3
182 378 1
186 378 2
187 378 2
190 378 1
191 378 1
192 378 3
194 378 2
195 378 1
206 378 3
207 378 3
216 378 2
221 378 2
222 378 1
225 378 3
232 378 3
235 378 1
238 378 1
242 378 1
245 378 1
246 378 2
248 378 3
251 378 3
252 378 2
255 378 2
258 378 2
259 378 3
260 378 3
261 378 3
273 378 3
274 378 2
276 378 1
277 378 2
278 378 1
279 378 2
282 378 3
285 378 1
287 378 3
288 378 3
289 378 3
293 378 1
299 378 2
302 378 2
305 378 3
306 378 2
307 378 1
308 378 3
310 378 1
313 378 1
316 378 3
318 378 2
325 378 1
327 378 2
332 378 1
333 378 2
340 378 1
345 378 2
349 378 3
350 378 1
352 378 3
355 378 3
356 378 1
361 378 3
368 378 2
370 378 1
377 378 3
379 378 1
381 378 1
382 378 2
383 378 3
386 378 2
387 378 3
394 378 1
398 378 1
403 378 2
404 378 2
406 378 2
407 378 1
409 378 3
412 378 2
413 378 2
414 378 3
415 378 3
416 378 2
427 378 3
428 378 1
432 378 2
434 378 2
435 378 3
436 378 2
441 378 1
444 378 3
445 378 2
450 378 1
451 378 3
458 378 2
461 378 3
462 378 2
463 378 1
468 378 3
478 378 1
479 378 3
489 378 3
491 378 3
497 378 3
498 378 2
499 378 1
501 378 1
503 378 1
504 378 3
505 378 1
508 378 1
515 378 1
519 378 2
521 378 1
523 378 2
524 378 2
525 378 3
526 378 3
527 378 3
531 378 3
534 378 2
535 378 2
536 378 2
541 378 1
547 378 3
548 378 1
550 378 2
552 378 1
555 378 3
567 378 2
568 378 2
569 378 2
571 378 2
572 378 1
573 378 2
575 378 3
576 378 3
584 378 3
586 378 3
588 378 3
589 378 3
592 378 1
594 378 1
596 378 2
601 378 2
603 378 3
607 378 3
608 378 3
610 378 2
613 378 3
619 378 1
622 378 2
631 378 1
634 378 1
636 378 2
639 378 1
644 378 3
647 378 1
650 378 3
655 378 3
657 378 2
660 378 1
661 378 3
668 378 2
671 378 2
672 378 1
673 378 3
675 378 3
676 378 2
677 378 1
678 378 1
683 378 1
685 378 3
686 378 2
