754 137 1
762 137 1
769 137 3
771 137 3
772 137 1
780 137 1
783 137 1
784 137 1
785 137 2
786 137 2
787 137 2
794 137 2
800 137 1
802 137 2
803 137 2
808 137 1
809 137 3
810 137 2
812 137 3
813 137 1
817 137 3
824 137 3
826 137 3
828 137 1
832 137 1
834 137 2
835 137 1
837 137 1
839 137 1
846 137 3
848 137 1
854 137 1
856 137 3
858 137 2
859 137 2
865 137 3
866 137 1
867 137 2
868 137 1
870 137 3
877 137 1
878 137 1
880 137 3
881 137 3
882 137 3
891 137 3
896 137 1
901 137 2
907 137 2
908 137 3
909 137 1
912 137 2
914 137 3
918 137 2
920 137 1
921 137 2
923 137 3
926 137 1
927 137 1
933 137 3
934 137 3
936 137 2
939 137 1
941 137 2
942 137 1
943 137 2
944 137 3
945 137 3
950 137 1
952 137 2
956 137 3
957 137 3
961 137 1
963 137 2
964 137 3
965 137 3
967 137 1
968 137 1
974 137 2
975 137 1
976 137 3
977 137 1
978 137 2
982 137 2
984 137 1
986 137 1
988 137 1
991 137 2
992 137 2
995 137 2
996 137 1
997 137 3
998 137 1
999 137 1
1 138 2
4 138 2
6 138 3
13 138 1
14 138 1
19 138 1
27 138 1
34 138 1
36 138 2
39 138 3
40 138 2
42 138 3
43 138 1
46 138 3
47 138 2
53 138 1
54 138 2
55 138 1
63 138 1
67 138 1
68 138 3
71 138 1
73 138 3
79 138 2
82 138 3
85 138 3
92 138 2
97 138 2
100 138 1
101 138 3
105 138 1
106 138 2
108 138 3
110 138 3
114 138 2
116 138 2
117 138 1
121 138 2
125 138 1
133 138 2
139 138 2
145 138 2
147 138 3
154 138 2
157 138 3
159 138 3
161 138 2
166 138 2
169 138 1
170 138 2
178 138 2
182 138 2
193 138 2
195 138 1
205 138 3
206 138 2
207 138 1
208 138 1
209 138 1
211 138 2
215 138 2
218 138 3
223 138 3
225 138 3
227 138 3
228 138 2
239 138 3
243 138 1
244 138 1
249 138 1
252 138 3
253 138 3
258 138 3
259 138 3
261 138 3
265 138 2
268 138 1
269 138 3
274 138 3
276 138 3
277 138 2
278 138 1
279 138 2
280 138 2
281 138 1
285 138 2
290 138 3
299 138 2
300 138 3
306 138 1
309 138 3
322 138 2
324 138 3
328 138 2
329 138 2
330 138 3
333 138 1
334 138 1
336 138 3
337 138 1
338 138 2
342 138 2
345 138 2
364 138 2
367 138 3
373 138 3
376 138 2
377 138 1
378 138 3
380 138 1
381 138 1
384 138 2
385 138 3
391 138 1
392 138 3
397 138 2
402 138 1
406 138 3
414 138 2
418 138 2
422 138 2
426 138 3
430 138 3
432 138 1
437 138 1
442 138 2
448 138 1
451 138 1
456 138 2
458 138 2
464 138 1
465 138 2
470 138 2
471 138 1
472 138 2
476 138 2
478 138 1
480 138 2
481 138 1
482 138 3
489 138 2
494 138 2
497 138 2
503 138 2
504 138 1
509 138 1
513 138 2
514 138 1
516 138 1
519 138 3
520 138 1
523 138 1
526 138 3
531 138 1
536 138 2
539 138 1
541 138 2
553 138 2
555 138 2
557 138 1
560 138 1
561 138 1
562 138 3
565 138 2
567 138 1
569 138 1
570 138 1
571 138 1
572 138 3
573 138 1
574 138 2
575 138 2
576 138 3
578 138 3
579 138 3
581 138 3
582 138 1
587 138 2
588 138 3
591 138 2
601 138 3
610 138 2
611 138 3
613 138 1
616 138 3
618 138 1
619 138 3
623 138 1
624 138 2
625 138 3
628 138 3
634 138 3
637 138 2
639 138 1
640 138 3
641 138 1
642 138 3
644 138 1
648 138 1
651 138 2
652 138 3
656 138 2
663 138 1
665 138 2
666 138 3
667 138 3
669 138 3
672 138 1
673 138 2
675 138 1
677 138 3
682 138 3
689 138 3
690 138 2
693 138 3
696 138 2
699 138 1
706 138 3
714 138 3
721 138 2
726 138 3
730 138 1
731 138 3
734 138 2
737 138 3
739 138 2
742 138 1
744 138 1
751 138 1
752 138 2
753 138 1
756 138 1
759 138 1
761 138 1
762 138 2
769 138 1
776 138 1
777 138 2
780 138 1
786 138 1
788 138 3
790 138 1
793 138 2
796 138 1
797 138 2
801 138 1
802 138 2
803 138 1
804 138 2
807 138 3
810 138 3
814 138 1
816 138 1
821 138 2
823 138 2
824 138 1
825 138 1
827 138 3
831 138 1
833 138 2
834 138 1
838 138 3
840 138 1
848 138 3
852 138 3
867 138 1
872 138 1
875 138 2
877 138 1
883 138 2
884 138 3
886 138 2
895 138 2
898 138 3
899 138 2
900 138 3
903 138 3
904 138 3
905 138 1
906 138 3
909 138 3
910 138 1
913 138 3
914 138 2
915 138 3
917 138 3
922 138 1
924 138 3
927 138 1
928 138 2
930 138 1
932 138 3
934 138 1
935 138 1
939 138 1
942 138 2
953 138 1
959 138 2
960 138 1
961 138 2
970 138 3
971 138 2
973 138 2
974 138 3
981 138 3
982 138 1
983 138 1
984 138 3
985 138 1
987 138 1
988 138 1
989 138 3
995 138 3
996 138 2
7 139 3
10 139 1
12 139 1
18 139 3
20 139 3
21 139 3
23 139 1
24 139 3
26 139 1
27 139 2
33 139 3
41 139 3
43 139 2
46 139 2
48 139 3
49 139 2
50 139 1
52 139 2
58 139 1
67 139 2
68 139 3
73 139 1
77 139 2
79 139 2
80 139 1
84 139 3
86 139 2
87 139 3
91 139 2
92 139 1
94 139 1
101 139 2
102 139 2
106 139 1
116 139 3
117 139 2
118 139 1
121 139 3
123 139 3
125 139 3
126 139 2
128 139 2
134 139 3
137 139 2
138 139 3
140 139 1
141 139 1
143 139 1
144 139 2
145 139 1
150 139 2
152 139 1
153 139 3
158 139 1
162 139 2
164 139 3
169 139 3
170 139 3
171 139 2
175 139 2
179 139 1
188 139 3
190 139 3
194 139 3
199 139 2
200 139 1
201 139 2
203 139 1
207 139 1
212 139 1
217 139 1
221 139 3
222 139 3
223 139 2
224 139 1
225 139 1
226 139 3
229 139 2
235 139 3
236 139 1
238 139 3
242 139 3
243 139 3
248 139 2
249 139 1
251 139 3
253 139 2
258 139 3
262 139 1
263 139 3
264 139 3
267 139 2
268 139 1
282 139 1
287 139 1
289 139 2
292 139 3
294 139 2
298 139 1
301 139 3
303 139 1
306 139 1
307 139 3
308 139 1
310 139 2
317 139 2
321 139 1
323 139 3
324 139 2
328 139 1
330 139 3
332 139 1
335 139 2
342 139 2
343 139 1
347 139 1
350 139 3
351 139 3
357 139 1
360 139 1
362 139 1
367 139 3
368 139 3
370 139 3
373 139 1
374 139 2
375 139 2
376 139 3
377 139 3
378 139 3
383 139 1
384 139 3
385 139 2
386 139 3
394 139 1
395 139 2
397 139 3
398 139 1
399 139 2
402 139 2
405 139 2
406 139 1
408 139 2
410 139 3
413 139 2
416 139 1
419 139 1
422 139 1
429 139 3
436 139 2
440 139 1
442 139 1
443 139 3
444 139 3
447 139 1
451 139 3
452 139 2
453 139 1
459 139 3
463 139 1
465 139 3
476 139 2
485 139 1
495 139 1
496 139 1
500 139 3
502 139 1
503 139 3
504 139 1
505 139 1
507 139 1
508 139 1
511 139 3
512 139 1
515 139 3
516 139 2
517 139 3
518 139 2
521 139 2
523 139 1
526 139 3
528 139 1
529 139 2
530 139 3
532 139 3
534 139 3
535 139 3
537 139 2
538 139 2
542 139 3
549 139 2
553 139 2
555 139 2
556 139 1
558 139 3
566 139 3
570 139 2
581 139 3
582 139 2
583 139 1
586 139 1
588 139 2
591 139 3
594 139 1
595 139 3
598 139 2
600 139 2
601 139 3
602 139 2
603 139 3
605 139 2
607 139 3
610 139 3
613 139 1
629 139 3
633 139 1
634 139 3
635 139 3
648 139 1
649 139 3
651 139 1
653 139 1
657 139 1
658 139 3
659 139 3
662 139 2
663 139 1
665 139 1
667 139 1
669 139 1
670 139 1
675 139 3
676 139 3
677 139 1
679 139 1
688 139 1
691 139 3
692 139 3
696 139 3
698 139 3
703 139 3
707 139 3
711 139 1
715 139 3
716 139 1
719 139 1
721 139 1
722 139 3
724 139 1
727 139 3
728 139 1
731 139 2
733 139 3
734 139 3
740 139 3
741 139 2
744 139 3
747 139 2
