492 922 3
497 922 2
499 922 3
503 922 3
506 922 2
507 922 3
510 922 3
512 922 2
517 922 3
518 922 2
525 922 3
531 922 3
540 922 3
542 922 1
545 922 3
549 922 3
550 922 3
551 922 2
552 922 2
553 922 1
559 922 3
562 922 3
564 922 2
565 922 3
567 922 1
568 922 1
569 922 2
572 922 3
573 922 3
575 922 2
577 922 1
579 922 1
580 922 2
583 922 2
584 922 2
586 922 2
587 922 2
592 922 3
593 922 3
595 922 1
596 922 2
598 922 3
602 922 1
604 922 3
605 922 2
608 922 2
613 922 3
618 922 1
621 922 3
626 922 3
627 922 1
629 922 2
631 922 3
632 922 3
635 922 2
636 922 2
641 922 1
642 922 1
645 922 3
646 922 2
650 922 1
652 922 3
659 922 3
660 922 2
661 922 1
666 922 1
667 922 2
671 922 1
672 922 2
673 922 3
674 922 2
676 922 3
677 922 2
679 922 2
680 922 2
684 922 3
685 922 3
687 922 3
695 922 1
696 922 1
700 922 2
703 922 2
706 922 2
707 922 1
710 922 1
712 922 1
715 922 3
716 922 1
725 922 2
727 922 3
728 922 3
732 922 2
735 922 2
736 922 1
738 922 1
739 922 2
742 922 1
745 922 2
747 922 1
748 922 3
750 922 1
752 922 2
753 922 1
755 922 2
758 922 2
759 922 1
760 922 1
762 922 3
766 922 3
773 922 2
775 922 2
776 922 1
779 922 3
783 922 1
787 922 3
791 922 1
792 922 3
793 922 1
796 922 1
798 922 2
799 922 2
801 922 2
802 922 3
803 922 1
806 922 3
810 922 1
814 922 2
816 922 2
821 922 1
824 922 3
826 922 1
828 922 3
835 922 2
837 922 1
844 922 1
851 922 2
859 922 2
861 922 2
862 922 3
863 922 1
865 922 2
870 922 3
872 922 3
877 922 3
879 922 1
880 922 3
883 922 1
888 922 3
893 922 1
897 922 3
898 922 3
901 922 1
910 922 3
931 922 2
941 922 3
942 922 2
946 922 3
954 922 2
955 922 1
961 922 1
965 922 1
969 922 2
972 922 1
973 922 1
977 922 2
978 922 3
980 922 1
981 922 3
984 922 2
989 922 1
990 922 3
993 922 3
997 922 2
999 922 1
1 923 1
3 923 3
13 923 1
18 923 3
20 923 2
22 923 1
26 923 3
27 923 3
28 923 2
29 923 1
32 923 3
35 923 2
40 923 2
41 923 3
42 923 3
43 923 1
45 923 1
48 923 3
49 923 3
52 923 2
55 923 2
58 923 2
59 923 2
64 923 1
68 923 1
72 923 3
73 923 3
75 923 3
78 923 1
79 923 1
85 923 1
89 923 1
104 923 1
107 923 2
108 923 2
109 923 3
115 923 2
116 923 1
117 923 2
119 923 3
121 923 2
125 923 1
130 923 1
132 923 2
134 923 2
137 923 3
140 923 3
143 923 2
147 923 3
151 923 1
157 923 3
160 923 3
162 923 1
165 923 1
167 923 3
170 923 2
173 923 1
177 923 2
178 923 3
186 923 3
188 923 2
189 923 3
194 923 3
205 923 1
208 923 3
215 923 1
220 923 2
221 923 1
223 923 2
226 923 3
227 923 3
228 923 1
230 923 2
231 923 3
232 923 3
237 923 2
244 923 2
251 923 2
255 923 2
259 923 2
261 923 2
270 923 1
272 923 2
274 923 2
275 923 2
278 923 1
279 923 1
283 923 2
285 923 3
290 923 1
292 923 1
296 923 2
297 923 2
303 923 3
304 923 1
307 923 2
316 923 1
322 923 2
324 923 3
328 923 2
334 923 2
336 923 2
338 923 3
340 923 2
341 923 1
342 923 3
347 923 2
351 923 2
352 923 3
354 923 3
356 923 3
358 923 1
364 923 1
368 923 2
369 923 3
370 923 2
379 923 1
381 923 1
383 923 2
385 923 2
386 923 1
390 923 3
399 923 1
401 923 3
409 923 2
411 923 1
413 923 2
417 923 1
419 923 2
425 923 2
426 923 2
427 923 2
432 923 2
440 923 2
441 923 3
442 923 3
444 923 3
447 923 3
449 923 1
452 923 3
455 923 3
459 923 3
461 923 2
462 923 3
465 923 3
466 923 2
468 923 2
469 923 1
471 923 2
473 923 3
475 923 1
480 923 1
482 923 2
483 923 2
486 923 2
489 923 2
490 923 1
491 923 3
492 923 2
494 923 3
496 923 3
497 923 1
498 923 2
500 923 2
501 923 2
506 923 3
511 923 1
512 923 1
515 923 3
516 923 2
518 923 3
521 923 3
523 923 3
526 923 1
527 923 3
545 923 3
549 923 1
551 923 2
553 923 1
555 923 2
557 923 2
562 923 3
569 923 1
578 923 3
582 923 1
583 923 2
585 923 3
591 923 3
593 923 1
594 923 3
600 923 1
604 923 2
605 923 1
608 923 1
609 923 2
611 923 3
613 923 2
618 923 3
624 923 2
627 923 3
629 923 1
633 923 2
642 923 3
645 923 3
646 923 3
649 923 2
651 923 1
654 923 1
658 923 3
664 923 1
665 923 2
666 923 1
668 923 2
670 923 2
674 923 2
675 923 1
677 923 1
681 923 2
688 923 2
694 923 1
695 923 3
708 923 3
713 923 2
715 923 3
716 923 2
718 923 2
720 923 2
722 923 3
723 923 3
725 923 3
730 923 3
736 923 3
737 923 3
744 923 2
745 923 3
748 923 3
753 923 2
754 923 2
760 923 3
763 923 2
764 923 1
769 923 3
770 923 2
771 923 1
773 923 1
776 923 1
778 923 3
784 923 1
788 923 3
789 923 3
791 923 1
792 923 2
796 923 3
799 923 2
800 923 1
804 923 3
807 923 2
810 923 1
813 923 2
815 923 1
818 923 2
821 923 2
822 923 2
824 923 3
826 923 1
833 923 1
834 923 2
836 923 2
837 923 3
838 923 2
839 923 3
842 923 1
843 923 3
847 923 1
852 923 2
853 923 1
854 923 1
855 923 2
857 923 2
858 923 1
862 923 3
864 923 1
865 923 2
866 923 3
873 923 2
874 923 1
878 923 3
885 923 1
894 923 3
895 923 1
899 923 2
900 923 2
901 923 3
902 923 3
905 923 2
908 923 1
909 923 2
910 923 1
916 923 3
922 923 1
925 923 1
926 923 3
933 923 3
937 923 1
938 923 2
943 923 1
944 923 3
945 923 1
947 923 2
948 923 2
955 923 3
956 923 2
960 923 3
962 923 3
964 923 3
967 923 2
975 923 1
976 923 3
977 923 2
978 923 1
979 923 2
980 923 2
984 923 2
985 923 2
2 924 3
4 924 2
5 924 2
8 924 3
10 924 3
13 924 3
18 924 2
25 924 1
27 924 2
31 924 3
37 924 2
43 924 1
46 924 2
47 924 2
48 924 1
51 924 2
52 924 1
54 924 2
56 924 3
59 924 3
61 924 2
63 924 1
65 924 2
69 924 2
72 924 2
74 924 1
75 924 3
76 924 2
82 924 2
83 924 3
84 924 2
96 924 2
99 924 1
100 924 1
102 924 2
103 924 3
104 924 1
105 924 1
108 924 1
109 924 2
112 924 3
113 924 3
122 924 2
126 924 2
127 924 3
129 924 3
133 924 3
138 924 2
140 924 2
143 924 1
144 924 2
147 924 2
148 924 2
149 924 2
150 924 1
154 924 1
155 924 1
163 924 2
164 924 3
165 924 3
170 924 3
171 924 2
176 924 3
178 924 3
180 924 1
181 924 1
182 924 2
184 924 1
186 924 3
193 924 3
197 924 2
202 924 3
203 924 2
204 924 2
206 924 1
208 924 2
209 924 3
214 924 2
215 924 3
216 924 2
217 924 2
218 924 2
219 924 2
228 924 1
229 924 3
232 924 3
235 924 3
242 924 2
248 924 2
250 924 2
252 924 3
254 924 3
256 924 2
257 924 1
260 924 1
261 924 2
265 924 1
267 924 3
268 924 1
269 924 3
270 924 1
272 924 3
287 924 3
288 924 1
291 924 2
292 924 1
298 924 1
299 924 2
300 924 1
302 924 3
303 924 3
304 924 2
307 924 3
308 924 2
311 924 1
312 924 1
313 924 1
314 924 2
319 924 3
321 924 2
322 924 1
323 924 2
328 924 3
329 924 3
330 924 1
331 924 2
333 924 3
335 924 3
336 924 2
339 924 1
340 924 2
341 924 2
342 924 3
343 924 1
344 924 3
345 924 2
348 924 3
351 924 2
354 924 1
355 924 3
358 924 1
359 924 3
363 924 2
365 924 1
366 924 1
371 924 1
372 924 1
373 924 1
383 924 2
384 924 3
386 924 3
387 924 1
388 924 1
390 924 3
391 924 1
392 924 1
394 924 3
395 924 1
396 924 1
398 924 1
402 924 2
403 924 2
408 924 2
411 924 2
415 924 2
419 924 3
420 924 1
423 924 2
