345 42 3
347 42 2
351 42 2
352 42 2
356 42 3
357 42 1
363 42 2
364 42 1
368 42 3
372 42 3
375 42 2
377 42 3
378 42 2
381 42 1
384 42 3
385 42 3
386 42 3
387 42 1
388 42 1
390 42 3
394 42 3
395 42 2
397 42 2
400 42 1
403 42 2
406 42 2
407 42 1
410 42 1
411 42 1
414 42 1
419 42 1
424 42 2
426 42 3
427 42 2
428 42 3
429 42 1
431 42 1
433 42 1
435 42 2
442 42 1
444 42 1
445 42 2
447 42 1
453 42 1
454 42 3
458 42 3
463 42 1
464 42 3
465 42 2
471 42 3
472 42 1
476 42 2
479 42 3
480 42 1
486 42 1
487 42 1
489 42 3
493 42 1
494 42 3
496 42 3
497 42 2
501 42 3
502 42 3
503 42 2
506 42 2
509 42 3
510 42 2
513 42 3
514 42 3
515 42 3
524 42 3
529 42 1
530 42 3
531 42 1
536 42 1
537 42 1
538 42 1
539 42 1
541 42 1
543 42 1
544 42 1
549 42 2
550 42 3
551 42 3
552 42 1
555 42 1
556 42 3
557 42 2
559 42 3
560 42 3
563 42 3
566 42 2
567 42 2
568 42 2
570 42 1
573 42 2
578 42 2
580 42 2
591 42 1
593 42 1
598 42 1
600 42 2
603 42 3
610 42 2
612 42 1
618 42 2
622 42 1
625 42 1
629 42 2
630 42 1
633 42 1
634 42 2
636 42 1
637 42 3
650 42 3
657 42 2
658 42 2
667 42 3
668 42 3
674 42 1
678 42 2
683 42 3
684 42 2
685 42 2
689 42 3
692 42 2
694 42 3
696 42 2
699 42 3
700 42 2
701 42 1
703 42 2
704 42 1
705 42 1
709 42 1
711 42 3
718 42 1
726 42 2
728 42 2
730 42 3
732 42 2
733 42 2
735 42 2
736 42 2
738 42 1
739 42 2
741 42 2
753 42 3
761 42 2
766 42 3
767 42 1
769 42 1
770 42 2
774 42 2
794 42 3
795 42 2
799 42 2
800 42 1
808 42 3
813 42 2
816 42 2
821 42 2
823 42 1
834 42 1
835 42 2
839 42 3
840 42 3
842 42 3
845 42 1
846 42 3
847 42 1
848 42 3
850 42 1
853 42 1
854 42 2
856 42 3
859 42 3
860 42 1
866 42 2
867 42 3
869 42 2
870 42 1
874 42 2
876 42 2
877 42 2
879 42 3
880 42 1
882 42 1
883 42 2
884 42 2
886 42 3
889 42 1
892 42 3
894 42 1
895 42 2
898 42 1
907 42 2
915 42 3
916 42 1
917 42 3
920 42 1
921 42 1
925 42 2
926 42 1
932 42 1
933 42 3
934 42 1
937 42 2
940 42 3
943 42 1
946 42 3
949 42 2
950 42 1
952 42 3
957 42 2
959 42 2
963 42 3
965 42 2
966 42 2
967 42 1
968 42 2
971 42 1
972 42 1
976 42 3
977 42 3
981 42 1
984 42 1
988 42 3
989 42 2
990 42 2
992 42 3
994 42 2
996 42 1
2 43 3
3 43 2
7 43 1
10 43 1
15 43 3
22 43 3
24 43 1
27 43 1
29 43 3
32 43 2
33 43 1
37 43 3
38 43 3
42 43 2
45 43 1
46 43 2
47 43 1
49 43 1
51 43 2
53 43 3
55 43 1
56 43 2
57 43 3
59 43 2
66 43 3
73 43 3
76 43 3
77 43 1
84 43 2
85 43 2
88 43 1
91 43 3
98 43 3
103 43 2
110 43 3
111 43 1
112 43 2
113 43 2
122 43 1
123 43 3
132 43 1
139 43 2
142 43 1
145 43 2
146 43 3
148 43 3
149 43 2
150 43 3
152 43 2
153 43 1
155 43 2
157 43 1
158 43 3
159 43 1
160 43 1
162 43 3
164 43 2
168 43 1
175 43 2
176 43 2
177 43 2
179 43 3
182 43 2
183 43 3
189 43 2
191 43 1
197 43 3
200 43 1
201 43 1
204 43 1
205 43 1
207 43 3
208 43 3
209 43 2
210 43 1
213 43 2
215 43 1
220 43 1
222 43 1
224 43 2
228 43 3
230 43 2
231 43 2
233 43 1
237 43 2
238 43 3
240 43 1
241 43 1
246 43 1
247 43 2
248 43 3
252 43 1
255 43 2
261 43 1
262 43 2
266 43 1
267 43 1
270 43 2
272 43 1
275 43 1
280 43 3
284 43 3
290 43 2
293 43 2
297 43 2
301 43 1
305 43 2
308 43 2
309 43 2
310 43 3
311 43 3
317 43 2
319 43 3
325 43 2
326 43 3
334 43 3
335 43 1
342 43 2
343 43 1
345 43 2
346 43 1
347 43 3
350 43 2
351 43 1
352 43 3
353 43 3
355 43 3
356 43 2
359 43 1
362 43 3
363 43 2
367 43 2
369 43 2
370 43 2
373 43 2
375 43 3
381 43 3
385 43 2
387 43 3
392 43 1
394 43 2
397 43 2
398 43 1
400 43 1
401 43 1
404 43 1
407 43 3
414 43 1
418 43 1
425 43 2
426 43 1
428 43 2
434 43 2
435 43 2
439 43 1
450 43 1
451 43 1
452 43 3
453 43 1
457 43 2
467 43 2
469 43 1
470 43 3
472 43 3
474 43 2
475 43 3
476 43 2
477 43 2
479 43 1
489 43 1
490 43 1
492 43 1
493 43 1
497 43 1
502 43 1
504 43 3
508 43 3
509 43 3
514 43 3
515 43 2
516 43 1
519 43 2
521 43 1
524 43 3
529 43 3
532 43 1
538 43 2
542 43 1
543 43 2
547 43 2
554 43 1
557 43 1
561 43 3
562 43 2
563 43 3
566 43 3
570 43 3
571 43 3
575 43 3
579 43 1
581 43 3
594 43 1
600 43 3
603 43 3
610 43 1
620 43 2
621 43 1
624 43 3
628 43 1
631 43 2
633 43 1
635 43 2
636 43 2
639 43 2
641 43 1
642 43 1
644 43 1
646 43 1
649 43 2
650 43 1
652 43 1
655 43 3
658 43 1
659 43 3
663 43 2
665 43 1
673 43 2
676 43 1
677 43 2
679 43 3
681 43 3
683 43 3
691 43 1
698 43 3
699 43 2
702 43 1
705 43 3
708 43 1
712 43 1
713 43 3
715 43 2
719 43 2
720 43 3
721 43 3
724 43 3
725 43 1
726 43 1
728 43 2
730 43 1
739 43 2
753 43 3
754 43 1
756 43 2
760 43 3
761 43 2
764 43 1
770 43 3
772 43 3
783 43 1
786 43 2
794 43 2
797 43 2
799 43 2
800 43 2
804 43 3
816 43 2
820 43 3
821 43 3
830 43 3
833 43 1
835 43 1
838 43 1
840 43 3
842 43 1
844 43 3
847 43 2
851 43 3
855 43 2
858 43 2
860 43 1
862 43 1
863 43 1
866 43 2
868 43 3
870 43 1
877 43 3
878 43 2
881 43 3
882 43 1
883 43 1
885 43 1
886 43 1
887 43 2
888 43 2
891 43 1
893 43 2
899 43 3
901 43 1
905 43 2
914 43 3
917 43 2
918 43 2
929 43 2
937 43 2
942 43 2
946 43 1
948 43 1
949 43 1
950 43 2
953 43 1
955 43 2
957 43 3
964 43 1
965 43 1
970 43 3
972 43 2
973 43 2
975 43 1
979 43 3
981 43 1
985 43 1
988 43 3
989 43 3
992 43 2
996 43 2
0 44 3
1 44 2
2 44 1
9 44 2
10 44 2
12 44 3
17 44 2
25 44 2
36 44 3
38 44 2
41 44 1
44 44 1
48 44 1
49 44 1
50 44 3
58 44 2
59 44 3
64 44 1
70 44 3
78 44 1
79 44 3
80 44 3
81 44 1
85 44 3
86 44 2
90 44 2
92 44 3
95 44 1
97 44 2
98 44 2
101 44 2
102 44 3
105 44 1
108 44 2
109 44 3
111 44 1
112 44 3
113 44 2
117 44 2
118 44 2
120 44 3
121 44 2
130 44 1
133 44 2
142 44 3
144 44 2
148 44 2
151 44 3
152 44 3
156 44 1
157 44 1
164 44 2
165 44 1
167 44 3
169 44 3
171 44 3
175 44 3
184 44 3
188 44 2
190 44 1
192 44 1
193 44 2
199 44 3
200 44 1
203 44 1
216 44 3
220 44 3
223 44 2
227 44 2
228 44 2
229 44 3
231 44 3
233 44 2
235 44 3
239 44 2
240 44 3
241 44 3
244 44 1
245 44 1
247 44 2
252 44 1
253 44 3
254 44 3
256 44 1
258 44 1
259 44 3
262 44 2
268 44 2
272 44 2
283 44 1
287 44 3
289 44 3
292 44 1
294 44 3
295 44 1
296 44 2
301 44 2
303 44 2
305 44 3
308 44 2
309 44 1
312 44 2
315 44 1
319 44 2
321 44 2
323 44 1
325 44 3
329 44 2
