379 792 1
380 792 2
381 792 1
386 792 3
394 792 3
399 792 1
401 792 3
403 792 3
404 792 3
406 792 2
408 792 1
411 792 2
412 792 1
419 792 1
422 792 3
424 792 1
429 792 1
431 792 3
435 792 2
442 792 3
443 792 2
444 792 3
446 792 2
447 792 2
448 792 3
450 792 3
455 792 1
463 792 2
469 792 1
471 792 1
475 792 1
479 792 3
482 792 1
484 792 3
492 792 1
493 792 2
494 792 2
498 792 3
505 792 2
507 792 1
516 792 1
517 792 3
521 792 1
522 792 2
523 792 2
524 792 3
529 792 3
539 792 1
540 792 1
543 792 1
544 792 2
547 792 2
549 792 3
553 792 1
556 792 2
558 792 3
564 792 1
566 792 2
568 792 2
570 792 2
573 792 2
574 792 1
578 792 2
579 792 3
582 792 2
583 792 1
585 792 1
587 792 3
590 792 2
593 792 2
594 792 2
596 792 2
597 792 1
599 792 1
601 792 3
609 792 2
612 792 1
618 792 3
622 792 2
625 792 2
626 792 2
627 792 1
634 792 3
639 792 3
641 792 1
642 792 2
646 792 2
647 792 1
648 792 2
650 792 1
661 792 1
664 792 1
668 792 3
669 792 1
670 792 2
675 792 2
677 792 2
684 792 1
686 792 1
687 792 1
690 792 3
692 792 3
694 792 2
695 792 1
696 792 1
706 792 1
707 792 1
714 792 1
715 792 2
718 792 1
721 792 2
728 792 2
729 792 2
730 792 3
736 792 3
737 792 2
738 792 1
739 792 1
740 792 1
746 792 3
747 792 2
748 792 2
749 792 3
758 792 1
760 792 2
762 792 3
763 792 3
764 792 2
765 792 2
767 792 1
768 792 2
769 792 1
770 792 2
774 792 2
775 792 2
779 792 2
781 792 3
783 792 3
785 792 1
792 792 1
794 792 3
795 792 1
801 792 3
802 792 2
803 792 3
805 792 3
812 792 2
813 792 1
814 792 3
817 792 1
819 792 3
827 792 2
829 792 2
836 792 2
841 792 2
842 792 1
845 792 3
846 792 1
856 792 3
858 792 1
860 792 2
863 792 1
866 792 3
867 792 2
871 792 1
875 792 1
878 792 3
882 792 2
884 792 1
889 792 2
892 792 1
893 792 2
899 792 1
913 792 3
920 792 3
921 792 3
927 792 1
928 792 2
929 792 3
933 792 3
936 792 2
940 792 3
941 792 1
947 792 1
950 792 1
953 792 2
955 792 3
964 792 2
967 792 3
970 792 2
973 792 2
974 792 1
976 792 1
979 792 2
983 792 2
986 792 1
987 792 3
993 792 1
996 792 3
997 792 2
0 793 2
8 793 2
13 793 1
15 793 1
20 793 2
24 793 1
27 793 2
29 793 2
32 793 3
33 793 3
34 793 3
35 793 2
38 793 3
41 793 3
42 793 2
44 793 3
45 793 2
48 793 3
55 793 1
63 793 2
68 793 1
69 793 2
70 793 3
71 793 1
75 793 2
77 793 1
79 793 1
80 793 3
81 793 3
82 793 2
83 793 3
85 793 3
87 793 2
88 793 3
89 793 1
95 793 1
96 793 1
98 793 3
99 793 1
100 793 1
101 793 3
107 793 2
109 793 1
110 793 1
111 793 2
118 793 2
120 793 2
122 793 2
129 793 3
134 793 2
141 793 2
144 793 3
148 793 3
149 793 2
150 793 1
151 793 1
157 793 2
159 793 1
160 793 3
164 793 2
165 793 2
168 793 3
169 793 1
170 793 2
174 793 3
175 793 2
179 793 3
193 793 1
194 793 3
205 793 2
207 793 2
210 793 2
211 793 3
213 793 3
215 793 2
221 793 2
227 793 2
228 793 3
232 793 1
237 793 3
239 793 3
242 793 3
245 793 1
248 793 2
252 793 3
257 793 1
259 793 3
262 793 1
264 793 3
267 793 1
268 793 1
272 793 3
273 793 1
278 793 1
280 793 3
282 793 3
285 793 3
289 793 2
295 793 3
296 793 2
297 793 1
298 793 2
299 793 2
301 793 2
306 793 1
312 793 3
319 793 3
322 793 2
324 793 2
325 793 1
326 793 1
328 793 3
332 793 2
333 793 3
341 793 2
343 793 2
346 793 3
349 793 1
352 793 1
354 793 3
355 793 1
356 793 2
365 793 3
369 793 3
371 793 2
372 793 2
373 793 2
374 793 3
378 793 3
382 793 2
383 793 3
387 793 3
391 793 1
395 793 1
397 793 2
401 793 2
408 793 3
411 793 2
415 793 1
416 793 2
429 793 1
430 793 2
431 793 2
437 793 2
439 793 1
442 793 1
446 793 2
454 793 1
457 793 3
462 793 1
467 793 1
469 793 2
472 793 3
474 793 1
475 793 1
478 793 1
479 793 3
481 793 2
482 793 3
483 793 2
485 793 1
487 793 2
497 793 3
499 793 1
501 793 2
502 793 3
503 793 1
504 793 3
508 793 2
511 793 1
515 793 2
517 793 1
520 793 3
521 793 1
522 793 2
525 793 2
529 793 3
531 793 2
538 793 1
541 793 1
542 793 3
544 793 2
549 793 1
551 793 2
553 793 1
554 793 2
555 793 2
556 793 3
557 793 2
558 793 1
560 793 1
561 793 3
567 793 3
568 793 3
570 793 3
577 793 3
578 793 2
582 793 3
584 793 2
589 793 1
591 793 3
592 793 3
600 793 3
601 793 3
604 793 1
605 793 1
607 793 2
614 793 2
615 793 3
620 793 3
621 793 1
623 793 2
624 793 1
626 793 3
627 793 2
629 793 3
633 793 2
634 793 3
636 793 2
637 793 3
638 793 1
641 793 3
644 793 1
647 793 2
650 793 3
651 793 3
652 793 2
653 793 1
654 793 3
656 793 3
661 793 1
663 793 1
669 793 1
679 793 1
689 793 2
690 793 2
695 793 1
698 793 1
699 793 1
708 793 1
710 793 2
716 793 3
718 793 3
720 793 3
723 793 1
732 793 1
733 793 3
734 793 3
736 793 1
739 793 2
740 793 3
746 793 2
749 793 2
750 793 3
751 793 3
755 793 1
757 793 3
759 793 2
763 793 3
766 793 2
775 793 3
780 793 1
781 793 2
782 793 3
784 793 1
788 793 3
795 793 3
796 793 3
800 793 2
803 793 2
806 793 2
810 793 3
812 793 3
814 793 3
816 793 1
827 793 1
828 793 3
835 793 1
836 793 2
837 793 3
844 793 1
847 793 2
849 793 1
852 793 3
855 793 1
856 793 2
857 793 2
859 793 2
865 793 3
866 793 1
868 793 1
871 793 1
874 793 1
877 793 2
878 793 1
880 793 2
886 793 3
891 793 3
892 793 1
895 793 3
896 793 1
899 793 1
906 793 3
911 793 2
914 793 1
917 793 1
918 793 2
919 793 3
921 793 2
927 793 3
928 793 2
929 793 2
930 793 1
931 793 1
937 793 2
941 793 2
942 793 2
947 793 1
951 793 3
954 793 2
955 793 3
960 793 2
961 793 3
968 793 3
969 793 3
971 793 2
973 793 3
974 793 1
975 793 1
976 793 2
977 793 1
978 793 2
979 793 2
980 793 2
984 793 3
991 793 3
992 793 3
999 793 3
0 794 3
3 794 2
7 794 1
10 794 1
13 794 1
15 794 2
17 794 3
19 794 2
20 794 2
21 794 1
27 794 3
28 794 2
30 794 1
34 794 1
35 794 2
36 794 3
39 794 3
43 794 3
45 794 2
46 794 1
48 794 3
49 794 2
52 794 1
59 794 2
60 794 3
62 794 2
67 794 2
69 794 3
70 794 2
71 794 3
73 794 2
75 794 1
83 794 2
85 794 2
88 794 1
90 794 2
104 794 3
109 794 3
110 794 3
111 794 1
112 794 2
116 794 1
121 794 2
122 794 3
126 794 2
128 794 1
129 794 3
136 794 2
137 794 3
146 794 2
149 794 3
155 794 1
156 794 1
157 794 2
160 794 2
163 794 1
165 794 1
172 794 3
182 794 2
188 794 1
190 794 2
191 794 3
192 794 1
194 794 3
195 794 3
198 794 2
200 794 1
203 794 2
204 794 2
205 794 1
207 794 2
208 794 1
209 794 2
212 794 2
215 794 3
218 794 2
219 794 3
221 794 3
222 794 3
225 794 2
242 794 3
247 794 1
250 794 3
251 794 2
252 794 3
253 794 3
255 794 3
259 794 1
262 794 1
264 794 1
266 794 2
269 794 2
274 794 3
281 794 2
283 794 2
290 794 3
294 794 3
297 794 2
298 794 2
300 794 1
302 794 3
312 794 1
316 794 3
317 794 2
318 794 1
321 794 2
322 794 3
323 794 2
324 794 3
329 794 2
331 794 3
336 794 2
337 794 1
346 794 3
354 794 3
362 794 3
369 794 1
370 794 2
372 794 1
375 794 1
377 794 2
382 794 2
384 794 3
386 794 1
391 794 1
395 794 2
404 794 1
406 794 3
