806 308 2
807 308 1
813 308 1
814 308 1
819 308 3
820 308 3
821 308 2
833 308 1
839 308 1
842 308 1
846 308 3
847 308 3
848 308 2
850 308 3
852 308 1
854 308 3
858 308 3
859 308 1
860 308 2
865 308 1
866 308 2
871 308 3
875 308 1
877 308 3
879 308 2
881 308 3
886 308 3
892 308 2
896 308 3
899 308 3
900 308 2
903 308 3
906 308 3
908 308 2
909 308 1
914 308 2
917 308 2
918 308 2
921 308 1
925 308 1
927 308 3
928 308 1
930 308 3
934 308 2
936 308 1
946 308 2
947 308 3
950 308 3
955 308 1
956 308 1
958 308 1
963 308 1
971 308 3
972 308 1
973 308 3
976 308 3
980 308 2
984 308 1
988 308 1
993 308 3
996 308 3
998 308 2
999 308 3
0 309 3
1 309 2
3 309 3
4 309 1
5 309 2
15 309 3
16 309 3
19 309 2
20 309 2
22 309 1
29 309 1
34 309 1
38 309 2
39 309 3
41 309 1
51 309 2
54 309 3
58 309 1
60 309 1
65 309 1
68 309 1
72 309 1
73 309 3
79 309 3
80 309 2
81 309 2
82 309 3
83 309 2
84 309 3
86 309 1
88 309 1
89 309 1
94 309 2
95 309 1
103 309 1
105 309 3
106 309 1
110 309 3
111 309 3
112 309 3
114 309 3
118 309 3
120 309 2
125 309 1
126 309 1
129 309 1
131 309 3
137 309 2
138 309 3
139 309 3
140 309 1
142 309 2
145 309 2
146 309 2
150 309 3
153 309 2
155 309 3
156 309 2
160 309 1
165 309 2
168 309 2
171 309 1
172 309 1
176 309 2
177 309 1
179 309 2
181 309 2
182 309 2
184 309 1
193 309 1
194 309 2
195 309 2
197 309 2
202 309 2
204 309 3
205 309 3
208 309 1
216 309 2
217 309 3
222 309 1
227 309 1
237 309 1
241 309 3
242 309 3
245 309 2
246 309 1
247 309 1
252 309 2
254 309 3
255 309 3
262 309 2
263 309 3
264 309 1
267 309 2
268 309 1
269 309 2
274 309 1
277 309 2
280 309 2
283 309 1
284 309 1
288 309 1
293 309 1
301 309 1
303 309 3
305 309 3
310 309 2
312 309 2
314 309 1
316 309 3
317 309 3
326 309 1
327 309 3
328 309 1
329 309 3
339 309 1
341 309 2
344 309 3
346 309 2
348 309 3
358 309 2
360 309 2
361 309 1
362 309 2
374 309 2
379 309 1
381 309 2
382 309 2
383 309 3
385 309 3
389 309 1
390 309 2
391 309 2
392 309 2
393 309 2
395 309 2
398 309 3
399 309 2
400 309 1
403 309 1
405 309 2
407 309 1
409 309 1
413 309 3
417 309 3
421 309 3
425 309 2
428 309 1
433 309 3
436 309 1
441 309 1
442 309 2
443 309 3
454 309 3
455 309 1
456 309 1
460 309 1
468 309 1
475 309 1
478 309 1
479 309 2
483 309 2
489 309 3
491 309 1
497 309 2
503 309 2
505 309 2
510 309 3
511 309 1
514 309 3
515 309 3
518 309 3
519 309 1
537 309 1
540 309 3
541 309 3
543 309 3
550 309 1
554 309 1
556 309 3
559 309 2
561 309 3
564 309 2
565 309 3
566 309 1
567 309 1
568 309 3
573 309 2
575 309 3
576 309 1
578 309 1
579 309 2
585 309 2
586 309 2
587 309 2
590 309 1
597 309 1
600 309 1
601 309 1
602 309 2
604 309 1
606 309 2
608 309 2
611 309 1
617 309 2
618 309 1
619 309 1
622 309 2
623 309 2
624 309 3
629 309 3
636 309 2
637 309 2
641 309 2
642 309 3
643 309 1
648 309 3
658 309 1
662 309 2
666 309 3
668 309 2
669 309 2
671 309 1
672 309 2
678 309 1
679 309 3
681 309 3
683 309 2
686 309 2
689 309 1
692 309 1
695 309 2
696 309 1
697 309 2
698 309 2
700 309 2
702 309 3
704 309 3
705 309 2
708 309 2
709 309 3
711 309 3
715 309 1
716 309 2
718 309 1
719 309 1
721 309 3
722 309 3
728 309 3
732 309 1
733 309 1
735 309 1
737 309 1
740 309 2
744 309 3
746 309 1
749 309 2
753 309 3
757 309 3
758 309 1
760 309 1
761 309 1
763 309 2
765 309 3
767 309 1
769 309 1
772 309 1
776 309 2
787 309 3
788 309 1
789 309 2
794 309 1
798 309 1
800 309 1
802 309 3
806 309 1
808 309 3
811 309 2
812 309 1
816 309 3
817 309 3
823 309 2
830 309 1
831 309 3
835 309 2
837 309 1
841 309 2
845 309 1
846 309 2
848 309 1
852 309 2
855 309 3
859 309 2
861 309 2
870 309 2
876 309 2
882 309 2
885 309 1
892 309 3
894 309 1
901 309 3
905 309 2
910 309 2
913 309 3
918 309 1
922 309 1
923 309 2
929 309 3
931 309 3
933 309 1
935 309 1
941 309 2
948 309 3
950 309 2
952 309 3
953 309 2
954 309 1
957 309 2
959 309 1
960 309 2
963 309 1
970 309 1
972 309 3
973 309 3
976 309 3
977 309 3
983 309 2
994 309 3
995 309 2
998 309 2
999 309 1
5 310 1
9 310 2
10 310 1
14 310 1
15 310 3
17 310 3
18 310 1
20 310 2
26 310 3
27 310 1
32 310 3
36 310 3
38 310 1
40 310 2
41 310 1
42 310 1
44 310 3
48 310 3
53 310 3
54 310 1
63 310 2
65 310 3
68 310 3
70 310 1
71 310 2
73 310 1
74 310 2
80 310 3
81 310 2
83 310 2
88 310 3
92 310 2
95 310 3
102 310 3
110 310 1
111 310 3
115 310 2
119 310 2
122 310 3
124 310 1
126 310 3
127 310 2
128 310 1
129 310 3
144 310 2
147 310 3
153 310 3
159 310 3
160 310 1
167 310 2
172 310 1
173 310 3
174 310 3
175 310 2
178 310 2
180 310 3
183 310 3
186 310 1
192 310 3
193 310 2
195 310 3
197 310 2
198 310 2
199 310 1
202 310 2
203 310 1
207 310 3
209 310 2
210 310 1
212 310 3
216 310 3
218 310 2
224 310 2
231 310 1
234 310 2
235 310 3
240 310 3
242 310 2
245 310 2
246 310 2
254 310 2
256 310 2
258 310 3
260 310 2
261 310 1
263 310 2
264 310 1
267 310 2
268 310 2
271 310 2
272 310 2
274 310 3
276 310 2
277 310 3
280 310 3
283 310 1
284 310 2
285 310 1
286 310 1
287 310 3
288 310 2
290 310 3
291 310 1
293 310 2
298 310 3
299 310 2
307 310 1
309 310 1
310 310 2
314 310 3
315 310 1
316 310 1
323 310 3
325 310 2
326 310 3
335 310 1
340 310 2
344 310 1
345 310 3
348 310 1
351 310 1
352 310 2
353 310 1
355 310 1
358 310 1
362 310 1
363 310 3
364 310 1
367 310 3
368 310 1
370 310 1
371 310 3
374 310 1
375 310 1
377 310 3
380 310 2
387 310 3
390 310 3
391 310 2
393 310 3
396 310 2
404 310 3
405 310 1
409 310 2
410 310 3
411 310 3
415 310 2
416 310 2
419 310 2
426 310 3
432 310 1
434 310 3
436 310 3
437 310 2
439 310 3
441 310 2
453 310 3
455 310 2
456 310 3
458 310 3
459 310 3
461 310 3
463 310 3
464 310 1
467 310 3
469 310 3
472 310 3
473 310 1
474 310 2
478 310 3
483 310 2
484 310 1
485 310 1
486 310 1
487 310 3
492 310 2
493 310 2
496 310 2
497 310 3
499 310 1
503 310 2
504 310 2
512 310 3
514 310 1
517 310 1
518 310 3
521 310 3
522 310 1
525 310 3
527 310 2
528 310 3
529 310 3
531 310 1
533 310 1
534 310 1
538 310 1
540 310 1
541 310 1
542 310 2
544 310 1
549 310 2
550 310 2
554 310 3
556 310 2
558 310 2
561 310 3
566 310 1
567 310 1
569 310 1
571 310 2
572 310 3
573 310 2
577 310 1
580 310 2
583 310 1
586 310 1
588 310 1
590 310 2
595 310 3
605 310 1
606 310 2
616 310 3
617 310 3
622 310 3
624 310 1
626 310 1
630 310 3
632 310 1
634 310 1
638 310 3
639 310 3
640 310 2
644 310 1
646 310 1
649 310 1
654 310 3
655 310 3
657 310 2
661 310 3
670 310 3
675 310 2
677 310 1
678 310 3
681 310 2
683 310 3
690 310 3
694 310 2
702 310 3
708 310 2
718 310 1
722 310 1
726 310 2
727 310 2
729 310 3
730 310 2
732 310 1
735 310 1
737 310 2
740 310 2
748 310 2
749 310 3
750 310 3
751 310 1
756 310 3
759 310 3
763 310 1
765 310 2
775 310 2
777 310 3
785 310 1
786 310 2
790 310 3
