423 34 2
426 34 1
430 34 3
435 34 1
436 34 2
439 34 1
441 34 2
445 34 2
449 34 2
452 34 2
455 34 2
457 34 3
464 34 2
465 34 3
468 34 1
469 34 2
476 34 1
477 34 2
485 34 2
489 34 1
490 34 2
500 34 1
505 34 3
509 34 3
510 34 1
511 34 1
514 34 2
516 34 2
520 34 3
525 34 1
530 34 2
537 34 3
538 34 3
540 34 2
541 34 1
551 34 1
553 34 1
555 34 2
558 34 3
559 34 3
560 34 1
564 34 2
565 34 1
574 34 1
576 34 2
578 34 1
580 34 1
585 34 1
586 34 2
587 34 2
590 34 1
591 34 1
592 34 3
597 34 3
600 34 3
601 34 3
602 34 3
610 34 2
612 34 2
615 34 3
616 34 1
617 34 1
623 34 2
626 34 1
631 34 2
633 34 3
640 34 1
647 34 2
651 34 3
656 34 2
660 34 1
669 34 1
671 34 1
673 34 2
674 34 2
675 34 3
679 34 2
682 34 3
691 34 2
692 34 3
695 34 1
696 34 2
700 34 3
706 34 1
708 34 2
717 34 2
719 34 1
723 34 2
727 34 2
729 34 3
735 34 3
738 34 1
740 34 1
745 34 3
754 34 3
755 34 1
756 34 3
757 34 1
771 34 1
772 34 1
775 34 3
776 34 3
777 34 3
780 34 3
781 34 1
783 34 1
786 34 3
792 34 1
794 34 1
795 34 2
797 34 1
798 34 2
800 34 3
807 34 2
810 34 3
814 34 3
815 34 3
816 34 3
817 34 3
819 34 3
820 34 1
821 34 1
823 34 2
825 34 3
826 34 3
828 34 2
831 34 2
832 34 2
833 34 2
837 34 2
838 34 2
843 34 3
844 34 3
847 34 1
848 34 1
850 34 2
856 34 1
859 34 1
860 34 2
862 34 1
863 34 2
866 34 2
868 34 3
869 34 1
872 34 3
875 34 3
884 34 3
886 34 3
892 34 3
895 34 2
899 34 2
902 34 1
904 34 2
906 34 3
919 34 2
920 34 1
922 34 2
923 34 1
927 34 2
930 34 2
931 34 1
936 34 1
937 34 3
938 34 2
941 34 2
961 34 3
963 34 2
968 34 2
971 34 2
972 34 2
975 34 3
976 34 2
987 34 3
990 34 1
991 34 3
993 34 1
995 34 3
997 34 3
2 35 2
3 35 1
4 35 1
6 35 1
9 35 1
10 35 2
13 35 3
15 35 3
22 35 3
24 35 2
26 35 3
28 35 2
29 35 2
30 35 1
35 35 2
38 35 2
41 35 2
43 35 2
44 35 3
47 35 1
48 35 3
50 35 1
51 35 1
52 35 1
57 35 2
64 35 3
66 35 1
67 35 2
69 35 1
70 35 1
89 35 2
92 35 3
97 35 2
101 35 3
102 35 1
103 35 1
104 35 3
110 35 3
111 35 3
114 35 2
115 35 1
119 35 3
120 35 2
125 35 1
126 35 1
128 35 1
129 35 1
133 35 1
134 35 1
135 35 2
139 35 2
141 35 2
142 35 1
143 35 3
145 35 2
146 35 2
148 35 3
149 35 3
150 35 3
152 35 2
155 35 2
157 35 1
158 35 2
161 35 2
164 35 3
168 35 3
170 35 1
172 35 1
174 35 1
182 35 2
183 35 2
187 35 3
189 35 3
195 35 1
196 35 3
203 35 2
206 35 3
210 35 2
212 35 1
213 35 1
214 35 2
215 35 3
219 35 3
231 35 3
233 35 1
234 35 3
236 35 1
242 35 2
246 35 2
247 35 1
249 35 1
253 35 1
255 35 2
256 35 1
258 35 1
262 35 1
265 35 2
267 35 2
271 35 3
273 35 2
275 35 3
277 35 3
278 35 1
280 35 1
286 35 3
293 35 1
294 35 2
295 35 3
301 35 2
305 35 2
310 35 2
313 35 3
316 35 2
319 35 1
322 35 3
323 35 2
324 35 3
326 35 1
328 35 2
338 35 1
339 35 2
341 35 2
344 35 1
345 35 2
354 35 1
359 35 3
362 35 2
363 35 3
366 35 3
368 35 1
376 35 1
378 35 1
380 35 1
381 35 3
384 35 1
386 35 1
388 35 1
389 35 3
391 35 1
393 35 1
395 35 3
397 35 2
399 35 1
400 35 2
401 35 2
404 35 1
407 35 3
409 35 3
410 35 1
411 35 2
413 35 1
414 35 1
417 35 1
425 35 2
426 35 2
431 35 2
434 35 1
437 35 1
440 35 2
445 35 3
447 35 3
450 35 1
458 35 3
460 35 1
461 35 2
462 35 2
469 35 1
470 35 1
475 35 1
476 35 1
478 35 1
481 35 3
484 35 2
485 35 1
488 35 3
490 35 1
492 35 2
498 35 1
500 35 3
508 35 3
510 35 2
512 35 3
513 35 3
514 35 3
516 35 3
517 35 2
518 35 2
522 35 3
523 35 1
524 35 1
525 35 1
526 35 3
528 35 1
530 35 1
533 35 1
535 35 2
537 35 2
538 35 2
546 35 2
547 35 2
548 35 1
549 35 3
551 35 2
553 35 1
554 35 3
556 35 1
564 35 3
568 35 1
570 35 2
572 35 3
574 35 2
575 35 2
578 35 2
581 35 2
583 35 2
584 35 3
586 35 2
593 35 1
596 35 2
603 35 1
605 35 1
611 35 2
612 35 1
617 35 3
618 35 2
626 35 1
627 35 2
630 35 3
632 35 1
638 35 1
639 35 2
641 35 1
642 35 2
643 35 2
644 35 2
648 35 3
656 35 1
659 35 3
660 35 1
663 35 1
665 35 2
667 35 2
672 35 1
677 35 2
679 35 1
681 35 2
686 35 1
688 35 1
689 35 1
690 35 3
692 35 3
693 35 2
695 35 1
701 35 2
705 35 1
706 35 3
710 35 1
717 35 1
725 35 1
728 35 2
729 35 3
730 35 2
733 35 2
734 35 3
738 35 3
742 35 2
745 35 1
748 35 1
749 35 1
750 35 1
751 35 1
753 35 1
754 35 3
758 35 1
767 35 2
770 35 1
771 35 2
776 35 3
785 35 3
790 35 3
798 35 2
801 35 1
804 35 2
805 35 3
809 35 1
811 35 3
815 35 1
816 35 2
820 35 3
823 35 2
832 35 3
839 35 2
840 35 2
842 35 1
845 35 1
846 35 1
848 35 3
851 35 2
852 35 3
856 35 3
857 35 1
859 35 1
861 35 2
865 35 1
866 35 2
867 35 1
871 35 2
877 35 2
879 35 3
880 35 3
885 35 3
887 35 1
888 35 2
892 35 1
896 35 2
899 35 2
904 35 1
906 35 2
907 35 1
908 35 2
911 35 1
912 35 1
913 35 2
915 35 3
920 35 2
926 35 1
927 35 3
928 35 3
929 35 3
939 35 2
940 35 1
943 35 2
946 35 2
948 35 3
949 35 3
951 35 2
955 35 2
957 35 1
959 35 1
963 35 1
965 35 2
968 35 2
969 35 2
970 35 1
973 35 1
977 35 3
980 35 2
983 35 2
986 35 2
988 35 1
990 35 1
993 35 1
994 35 3
1 36 3
3 36 1
5 36 2
6 36 1
10 36 1
11 36 1
12 36 2
13 36 2
15 36 3
16 36 3
17 36 2
20 36 3
23 36 1
24 36 2
27 36 3
29 36 1
30 36 3
31 36 3
32 36 3
34 36 1
37 36 1
45 36 2
48 36 3
50 36 1
51 36 1
53 36 3
57 36 1
64 36 1
66 36 1
67 36 2
73 36 3
78 36 3
79 36 3
80 36 3
81 36 2
85 36 2
86 36 3
88 36 2
90 36 2
91 36 3
93 36 3
94 36 1
101 36 2
103 36 3
104 36 1
107 36 2
108 36 1
117 36 3
118 36 1
120 36 1
125 36 1
128 36 3
135 36 2
136 36 1
137 36 1
141 36 3
142 36 2
146 36 3
147 36 2
150 36 3
151 36 3
152 36 3
153 36 1
155 36 1
156 36 1
157 36 3
158 36 1
164 36 1
166 36 3
168 36 2
171 36 3
175 36 3
177 36 1
180 36 2
184 36 2
185 36 3
188 36 3
191 36 2
192 36 1
193 36 1
196 36 1
204 36 2
205 36 3
209 36 2
212 36 1
214 36 1
216 36 3
217 36 2
223 36 2
225 36 2
226 36 1
230 36 3
234 36 2
235 36 2
240 36 1
242 36 2
245 36 2
247 36 3
249 36 3
252 36 2
254 36 1
258 36 2
265 36 1
269 36 3
271 36 2
273 36 2
282 36 2
283 36 2
285 36 2
288 36 1
290 36 2
292 36 1
297 36 2
300 36 2
304 36 3
306 36 2
312 36 1
317 36 1
319 36 2
322 36 3
324 36 3
327 36 1
331 36 1
337 36 3
338 36 1
339 36 2
343 36 1
344 36 2
346 36 2
349 36 2
351 36 2
364 36 3
365 36 3
366 36 2
368 36 3
