161 754 2
162 754 2
172 754 3
176 754 3
178 754 2
182 754 2
184 754 2
188 754 1
192 754 1
194 754 2
195 754 2
196 754 3
197 754 2
199 754 1
200 754 3
203 754 2
206 754 2
207 754 1
209 754 1
210 754 1
213 754 3
215 754 2
217 754 1
218 754 2
224 754 1
226 754 2
230 754 2
232 754 1
233 754 3
235 754 2
236 754 2
240 754 1
241 754 2
244 754 2
249 754 1
254 754 2
258 754 3
261 754 3
265 754 3
266 754 2
267 754 3
270 754 1
271 754 1
275 754 1
276 754 3
282 754 3
290 754 1
293 754 2
310 754 1
312 754 2
313 754 1
319 754 2
327 754 1
333 754 3
337 754 1
338 754 2
339 754 1
340 754 1
342 754 3
344 754 1
346 754 2
358 754 3
363 754 3
367 754 1
369 754 3
370 754 2
371 754 1
387 754 2
389 754 3
393 754 1
394 754 1
396 754 1
400 754 3
401 754 3
406 754 1
410 754 3
411 754 2
414 754 3
416 754 2
427 754 1
428 754 1
429 754 2
430 754 1
431 754 2
433 754 1
437 754 3
438 754 1
440 754 1
442 754 1
444 754 2
446 754 2
449 754 2
450 754 2
452 754 3
453 754 1
462 754 3
465 754 3
468 754 3
469 754 1
470 754 1
472 754 2
473 754 1
476 754 2
477 754 1
478 754 3
481 754 2
482 754 2
483 754 1
484 754 1
486 754 1
492 754 2
498 754 3
504 754 2
509 754 3
510 754 3
512 754 2
514 754 2
516 754 3
520 754 1
521 754 2
526 754 1
527 754 3
529 754 1
536 754 2
538 754 3
545 754 1
546 754 3
548 754 3
550 754 3
551 754 2
554 754 1
558 754 3
561 754 1
567 754 3
568 754 3
571 754 3
572 754 3
574 754 2
576 754 2
578 754 1
579 754 2
580 754 1
581 754 1
582 754 1
584 754 3
593 754 2
595 754 1
600 754 2
602 754 2
603 754 1
604 754 1
608 754 2
609 754 2
610 754 3
617 754 3
622 754 3
623 754 2
629 754 1
632 754 3
634 754 2
635 754 1
636 754 3
638 754 1
642 754 3
643 754 3
645 754 2
647 754 3
652 754 3
653 754 2
656 754 3
657 754 2
658 754 2
660 754 2
663 754 2
664 754 3
667 754 2
669 754 3
671 754 2
679 754 2
681 754 1
683 754 3
688 754 1
693 754 2
695 754 1
703 754 3
707 754 2
708 754 3
712 754 3
713 754 2
720 754 2
722 754 2
724 754 2
727 754 2
728 754 3
732 754 3
735 754 3
737 754 3
742 754 3
744 754 3
745 754 2
748 754 3
751 754 1
752 754 2
754 754 1
755 754 2
760 754 1
762 754 3
765 754 2
771 754 3
772 754 2
774 754 1
777 754 1
778 754 3
784 754 2
785 754 1
788 754 3
791 754 2
793 754 1
796 754 1
798 754 3
801 754 1
802 754 1
804 754 3
807 754 2
811 754 3
814 754 2
818 754 1
824 754 2
825 754 3
830 754 3
834 754 3
835 754 1
836 754 1
840 754 2
841 754 2
842 754 3
844 754 3
846 754 2
848 754 2
853 754 2
854 754 1
855 754 3
857 754 3
862 754 3
863 754 2
865 754 2
867 754 3
869 754 3
871 754 2
874 754 1
875 754 3
876 754 3
877 754 1
878 754 3
882 754 1
883 754 3
886 754 2
890 754 2
891 754 1
892 754 2
894 754 3
900 754 2
903 754 2
907 754 2
909 754 2
912 754 1
927 754 3
928 754 3
930 754 2
936 754 1
937 754 3
938 754 2
942 754 2
948 754 1
955 754 2
960 754 2
965 754 3
966 754 3
967 754 1
968 754 3
969 754 3
974 754 1
977 754 2
980 754 3
984 754 2
990 754 3
2 755 2
7 755 1
9 755 3
16 755 1
17 755 3
18 755 3
20 755 2
25 755 2
26 755 2
29 755 2
31 755 1
32 755 2
36 755 1
37 755 3
45 755 1
50 755 3
56 755 1
57 755 2
61 755 1
66 755 2
78 755 1
79 755 3
83 755 1
86 755 2
90 755 1
92 755 3
96 755 2
100 755 3
101 755 3
102 755 3
107 755 3
108 755 1
109 755 2
110 755 2
111 755 1
113 755 1
117 755 3
119 755 2
121 755 2
125 755 2
132 755 2
135 755 2
140 755 2
144 755 2
145 755 1
146 755 3
152 755 1
164 755 3
165 755 1
166 755 3
167 755 1
168 755 2
169 755 3
172 755 1
173 755 3
175 755 1
178 755 1
180 755 2
183 755 2
186 755 3
190 755 1
198 755 3
199 755 1
200 755 3
202 755 2
205 755 3
211 755 3
212 755 1
215 755 2
216 755 3
220 755 3
221 755 1
226 755 1
227 755 1
229 755 1
232 755 1
233 755 2
237 755 3
238 755 1
240 755 1
245 755 1
246 755 2
250 755 3
253 755 3
254 755 3
257 755 1
259 755 1
262 755 3
267 755 1
268 755 2
269 755 1
292 755 3
293 755 2
294 755 3
296 755 1
298 755 2
301 755 1
305 755 2
307 755 2
313 755 3
314 755 1
323 755 3
331 755 3
333 755 2
336 755 1
338 755 3
339 755 2
344 755 3
350 755 1
351 755 3
355 755 1
356 755 3
359 755 1
363 755 1
366 755 3
367 755 2
377 755 2
386 755 2
392 755 2
393 755 1
396 755 2
401 755 3
405 755 1
410 755 3
413 755 3
414 755 1
416 755 1
418 755 1
426 755 1
427 755 1
430 755 3
443 755 1
457 755 3
459 755 2
462 755 1
463 755 3
464 755 1
465 755 3
467 755 2
468 755 1
469 755 2
472 755 1
474 755 2
480 755 1
481 755 2
489 755 3
490 755 3
496 755 2
502 755 2
504 755 1
519 755 3
522 755 1
523 755 2
525 755 3
528 755 2
533 755 1
534 755 2
536 755 2
539 755 3
542 755 1
545 755 2
546 755 3
548 755 3
549 755 2
552 755 2
561 755 3
562 755 3
567 755 1
568 755 2
569 755 1
571 755 3
572 755 3
576 755 1
577 755 2
578 755 1
580 755 2
584 755 1
587 755 3
591 755 1
596 755 3
598 755 1
602 755 3
607 755 3
608 755 3
611 755 1
612 755 2
613 755 1
614 755 2
617 755 1
618 755 1
621 755 2
622 755 2
624 755 2
626 755 2
631 755 1
632 755 1
636 755 3
638 755 3
639 755 1
640 755 1
642 755 2
643 755 3
650 755 1
653 755 3
659 755 2
661 755 1
670 755 3
673 755 3
677 755 1
678 755 1
680 755 3
682 755 3
683 755 2
688 755 1
694 755 2
695 755 3
696 755 2
701 755 1
705 755 3
706 755 3
707 755 2
709 755 1
710 755 3
712 755 3
714 755 1
717 755 2
719 755 1
721 755 2
729 755 1
730 755 3
733 755 1
740 755 1
743 755 1
749 755 2
758 755 3
763 755 1
765 755 1
766 755 3
767 755 3
768 755 1
773 755 3
774 755 1
778 755 2
783 755 2
786 755 1
787 755 3
794 755 3
796 755 3
797 755 1
798 755 3
804 755 1
807 755 3
811 755 2
824 755 2
829 755 3
831 755 1
838 755 3
841 755 3
847 755 3
856 755 1
860 755 1
866 755 3
877 755 3
889 755 3
891 755 1
893 755 2
897 755 1
898 755 3
899 755 3
916 755 2
924 755 3
928 755 1
929 755 2
930 755 1
935 755 1
938 755 2
941 755 1
942 755 2
950 755 2
952 755 1
956 755 1
959 755 2
964 755 1
966 755 2
969 755 2
973 755 1
975 755 1
978 755 3
979 755 3
986 755 3
990 755 1
995 755 1
0 756 2
7 756 1
13 756 2
14 756 3
15 756 2
25 756 1
28 756 3
30 756 3
38 756 2
40 756 1
46 756 3
56 756 2
57 756 3
63 756 2
64 756 3
70 756 2
71 756 2
72 756 1
73 756 2
75 756 2
76 756 1
77 756 1
78 756 1
80 756 1
82 756 1
91 756 3
92 756 1
93 756 3
94 756 3
95 756 1
97 756 1
103 756 1
104 756 1
107 756 2
110 756 3
111 756 2
121 756 2
123 756 2
126 756 3
127 756 3
136 756 3
139 756 3
140 756 2
142 756 1
143 756 1
146 756 1
148 756 1
149 756 3
152 756 2
155 756 1
156 756 2
157 756 3
164 756 2
166 756 1
167 756 1
169 756 1
177 756 1
186 756 3
187 756 2
189 756 3
192 756 3
193 756 1
194 756 2
201 756 3
206 756 1
210 756 3
211 756 1
214 756 2
217 756 3
222 756 2
223 756 2
228 756 3
230 756 2
231 756 3
235 756 2
236 756 3
242 756 3
245 756 1
247 756 1
248 756 2
252 756 3
253 756 2
254 756 3
256 756 2
262 756 1
263 756 2
264 756 1
266 756 3
