559 428 3
566 428 3
568 428 1
570 428 2
572 428 3
582 428 3
584 428 1
585 428 1
589 428 3
593 428 3
596 428 1
599 428 1
600 428 1
602 428 2
605 428 1
610 428 2
612 428 1
614 428 2
620 428 2
621 428 3
628 428 3
629 428 3
631 428 3
632 428 2
641 428 3
649 428 1
666 428 1
667 428 1
671 428 1
677 428 1
678 428 3
682 428 3
684 428 3
687 428 2
694 428 3
695 428 3
697 428 3
699 428 1
703 428 1
716 428 3
721 428 3
726 428 3
728 428 1
734 428 1
735 428 1
737 428 1
738 428 1
740 428 1
741 428 1
742 428 2
744 428 1
745 428 2
747 428 1
753 428 1
759 428 2
764 428 2
765 428 1
767 428 3
768 428 2
769 428 2
771 428 1
774 428 1
777 428 3
778 428 3
782 428 2
783 428 3
785 428 2
786 428 1
791 428 3
792 428 2
795 428 2
801 428 2
803 428 1
806 428 2
808 428 1
811 428 3
816 428 1
817 428 2
822 428 3
825 428 1
828 428 1
830 428 1
831 428 2
832 428 2
833 428 2
834 428 2
835 428 3
836 428 3
838 428 1
839 428 3
844 428 3
845 428 2
846 428 2
852 428 2
857 428 3
858 428 2
860 428 1
861 428 3
865 428 3
869 428 3
879 428 3
880 428 1
882 428 2
883 428 3
885 428 2
888 428 3
891 428 1
892 428 2
894 428 3
897 428 2
898 428 3
900 428 2
901 428 2
906 428 1
909 428 2
910 428 2
911 428 1
913 428 1
917 428 3
926 428 2
927 428 3
928 428 2
930 428 2
938 428 2
939 428 1
941 428 3
943 428 2
946 428 2
950 428 3
951 428 2
952 428 2
954 428 2
955 428 1
959 428 2
962 428 3
963 428 3
964 428 1
965 428 2
968 428 2
973 428 2
976 428 1
979 428 1
980 428 2
981 428 2
986 428 3
988 428 2
992 428 1
994 428 2
995 428 2
2 429 1
8 429 3
10 429 3
11 429 3
14 429 3
15 429 2
18 429 2
21 429 1
22 429 3
36 429 1
40 429 3
44 429 3
50 429 1
52 429 3
56 429 1
58 429 3
62 429 3
63 429 2
66 429 1
70 429 2
71 429 2
78 429 1
80 429 3
83 429 2
84 429 3
85 429 2
90 429 2
91 429 3
93 429 1
94 429 3
101 429 3
103 429 3
105 429 3
108 429 2
111 429 2
113 429 1
116 429 2
118 429 2
119 429 2
126 429 2
127 429 3
129 429 2
130 429 3
131 429 1
133 429 3
134 429 3
141 429 3
143 429 2
148 429 1
149 429 2
159 429 3
160 429 1
165 429 2
167 429 1
168 429 1
169 429 1
173 429 2
177 429 1
179 429 1
180 429 2
184 429 2
187 429 3
188 429 1
189 429 2
190 429 2
191 429 3
193 429 1
194 429 3
195 429 1
197 429 1
198 429 3
203 429 2
204 429 2
210 429 3
211 429 2
213 429 2
214 429 3
215 429 2
217 429 3
220 429 2
222 429 3
223 429 3
224 429 2
225 429 2
226 429 2
227 429 1
232 429 2
233 429 3
234 429 1
235 429 1
246 429 2
251 429 2
252 429 1
256 429 1
257 429 2
258 429 3
260 429 3
270 429 2
271 429 3
277 429 1
278 429 2
291 429 2
292 429 3
296 429 3
309 429 1
314 429 2
320 429 2
326 429 2
330 429 1
332 429 1
333 429 3
341 429 3
345 429 3
348 429 3
350 429 2
351 429 3
356 429 2
357 429 3
361 429 2
363 429 2
365 429 3
366 429 3
367 429 1
370 429 1
372 429 1
374 429 2
375 429 1
376 429 2
382 429 3
385 429 2
388 429 2
404 429 3
406 429 3
414 429 1
416 429 1
420 429 2
422 429 2
424 429 1
427 429 2
428 429 3
433 429 1
434 429 2
439 429 3
444 429 1
447 429 2
461 429 1
473 429 1
477 429 1
489 429 1
495 429 2
496 429 3
499 429 3
500 429 1
503 429 3
504 429 2
508 429 1
514 429 3
517 429 3
528 429 3
539 429 2
542 429 2
550 429 1
552 429 2
556 429 1
559 429 2
561 429 3
563 429 2
565 429 3
567 429 2
572 429 1
573 429 2
578 429 1
582 429 1
583 429 1
584 429 1
585 429 1
586 429 3
587 429 1
590 429 3
592 429 3
593 429 1
595 429 2
597 429 1
600 429 2
602 429 3
605 429 3
609 429 3
610 429 2
612 429 1
614 429 1
620 429 2
621 429 1
622 429 2
623 429 1
624 429 1
626 429 1
631 429 1
632 429 1
633 429 1
635 429 2
636 429 1
639 429 2
640 429 2
643 429 1
644 429 1
645 429 3
646 429 1
648 429 1
651 429 2
652 429 2
653 429 1
655 429 2
656 429 1
661 429 2
666 429 2
667 429 3
669 429 2
670 429 1
672 429 2
675 429 1
681 429 2
682 429 2
683 429 2
685 429 1
690 429 1
694 429 3
696 429 3
697 429 3
699 429 2
700 429 3
702 429 2
703 429 1
706 429 2
707 429 2
708 429 1
710 429 2
713 429 3
715 429 3
718 429 3
719 429 3
721 429 3
724 429 1
727 429 1
730 429 1
731 429 3
734 429 2
735 429 1
738 429 3
747 429 3
748 429 2
756 429 3
758 429 2
763 429 1
764 429 2
772 429 1
774 429 3
776 429 3
778 429 1
782 429 2
784 429 2
786 429 1
790 429 1
791 429 3
796 429 3
799 429 2
804 429 2
806 429 2
810 429 3
811 429 1
813 429 2
815 429 1
818 429 3
821 429 2
823 429 2
824 429 3
829 429 1
835 429 3
839 429 1
842 429 1
843 429 2
846 429 1
849 429 3
851 429 3
852 429 1
854 429 2
861 429 2
862 429 3
867 429 2
870 429 2
872 429 2
876 429 1
877 429 3
879 429 2
886 429 2
892 429 1
895 429 3
899 429 3
900 429 1
905 429 3
906 429 1
907 429 1
909 429 1
910 429 3
913 429 2
917 429 1
919 429 1
922 429 3
923 429 2
927 429 3
928 429 2
929 429 2
933 429 2
935 429 1
937 429 1
938 429 3
943 429 1
948 429 3
952 429 1
953 429 1
955 429 3
957 429 3
959 429 1
961 429 2
963 429 2
966 429 2
972 429 3
976 429 3
978 429 3
979 429 2
988 429 3
993 429 1
994 429 3
995 429 2
996 429 1
0 430 1
1 430 3
4 430 1
5 430 1
6 430 1
8 430 3
9 430 2
10 430 3
11 430 3
18 430 1
19 430 3
23 430 2
28 430 2
30 430 3
32 430 3
35 430 2
43 430 2
44 430 3
46 430 3
47 430 2
49 430 1
52 430 3
54 430 2
64 430 1
65 430 1
69 430 2
70 430 2
71 430 2
72 430 3
75 430 1
76 430 3
77 430 2
82 430 2
87 430 2
88 430 1
90 430 3
92 430 3
98 430 3
101 430 3
103 430 3
105 430 3
111 430 2
112 430 3
116 430 2
120 430 3
127 430 1
129 430 3
130 430 3
131 430 2
134 430 3
135 430 2
137 430 3
147 430 2
148 430 2
151 430 3
153 430 1
154 430 2
159 430 1
161 430 3
166 430 3
170 430 2
171 430 3
180 430 3
181 430 1
182 430 3
183 430 1
184 430 2
185 430 1
192 430 3
193 430 1
195 430 2
196 430 3
197 430 2
199 430 2
200 430 2
201 430 2
202 430 2
203 430 2
208 430 2
209 430 1
212 430 1
216 430 1
219 430 2
225 430 1
228 430 3
229 430 1
231 430 3
233 430 2
234 430 2
235 430 1
244 430 1
246 430 3
248 430 2
250 430 1
253 430 2
257 430 3
265 430 1
268 430 1
269 430 1
272 430 3
273 430 1
278 430 3
280 430 1
285 430 3
288 430 2
293 430 1
300 430 1
304 430 2
305 430 3
309 430 2
310 430 3
311 430 3
315 430 2
317 430 1
320 430 3
321 430 2
325 430 1
327 430 3
334 430 1
337 430 1
341 430 1
343 430 1
345 430 1
348 430 1
350 430 1
351 430 2
352 430 1
353 430 1
355 430 1
358 430 2
359 430 3
370 430 1
373 430 3
374 430 1
377 430 1
378 430 2
383 430 2
386 430 2
387 430 3
388 430 1
393 430 2
398 430 2
399 430 2
402 430 1
403 430 3
409 430 1
411 430 3
413 430 3
421 430 2
426 430 1
437 430 1
438 430 1
440 430 3
448 430 3
449 430 1
450 430 2
451 430 2
454 430 1
457 430 3
458 430 1
467 430 2
469 430 3
472 430 1
473 430 3
475 430 2
476 430 3
478 430 3
492 430 1
494 430 3
495 430 2
502 430 3
505 430 1
506 430 3
508 430 1
512 430 3
513 430 3
515 430 3
516 430 2
518 430 3
519 430 2
523 430 3
524 430 1
525 430 3
