281 498 3
282 498 1
287 498 3
292 498 1
294 498 3
295 498 2
296 498 3
300 498 3
302 498 3
304 498 1
308 498 1
310 498 3
314 498 3
315 498 2
317 498 1
324 498 2
326 498 1
328 498 2
330 498 3
341 498 1
344 498 2
345 498 2
348 498 3
350 498 2
352 498 2
359 498 3
360 498 3
361 498 2
362 498 3
364 498 2
366 498 2
369 498 2
370 498 2
380 498 3
387 498 2
394 498 3
401 498 1
410 498 3
418 498 2
423 498 3
425 498 1
426 498 2
428 498 2
431 498 2
437 498 2
443 498 3
444 498 2
445 498 2
450 498 2
453 498 1
456 498 3
458 498 3
461 498 2
462 498 2
466 498 3
468 498 1
471 498 1
475 498 1
479 498 2
481 498 3
487 498 2
499 498 1
500 498 1
501 498 1
510 498 1
516 498 1
517 498 3
520 498 2
521 498 1
526 498 3
530 498 1
531 498 1
533 498 1
535 498 3
536 498 2
542 498 1
552 498 1
554 498 1
563 498 1
568 498 2
573 498 1
576 498 3
586 498 2
587 498 3
590 498 3
591 498 1
597 498 1
599 498 3
604 498 2
605 498 3
606 498 1
607 498 3
611 498 3
613 498 3
615 498 3
620 498 3
621 498 3
622 498 3
630 498 1
631 498 2
634 498 1
636 498 2
638 498 1
641 498 3
656 498 1
658 498 2
670 498 3
674 498 2
675 498 1
677 498 2
679 498 2
681 498 2
683 498 2
684 498 2
691 498 2
692 498 1
695 498 2
700 498 3
708 498 2
714 498 3
717 498 2
718 498 1
720 498 2
726 498 3
727 498 1
729 498 2
738 498 3
740 498 3
746 498 2
757 498 1
764 498 3
765 498 1
766 498 2
769 498 1
770 498 1
773 498 2
777 498 1
778 498 1
782 498 3
783 498 3
785 498 1
788 498 2
789 498 1
791 498 3
804 498 3
805 498 3
806 498 2
807 498 3
808 498 3
813 498 3
814 498 3
815 498 2
820 498 1
821 498 1
826 498 3
828 498 3
840 498 1
841 498 2
843 498 1
848 498 2
849 498 1
853 498 3
854 498 2
860 498 1
864 498 1
868 498 3
869 498 1
870 498 1
871 498 1
872 498 2
877 498 3
881 498 2
884 498 2
889 498 1
890 498 1
892 498 3
896 498 2
898 498 3
899 498 1
901 498 2
904 498 3
914 498 3
915 498 2
918 498 1
920 498 1
921 498 2
924 498 2
925 498 1
929 498 2
931 498 3
932 498 3
934 498 2
935 498 2
939 498 2
941 498 2
944 498 1
947 498 2
950 498 3
952 498 1
953 498 3
954 498 1
956 498 3
957 498 2
959 498 3
964 498 3
971 498 1
972 498 1
973 498 2
976 498 1
977 498 3
979 498 2
983 498 3
986 498 3
987 498 3
989 498 1
994 498 3
996 498 2
997 498 1
0 499 2
6 499 1
7 499 1
8 499 2
10 499 2
16 499 3
25 499 2
27 499 3
31 499 1
34 499 2
35 499 2
37 499 3
40 499 1
41 499 2
42 499 3
43 499 3
45 499 3
48 499 2
50 499 3
51 499 1
53 499 1
54 499 2
55 499 3
59 499 1
63 499 2
66 499 3
67 499 1
70 499 2
80 499 1
85 499 1
89 499 2
95 499 3
97 499 3
100 499 3
101 499 2
105 499 1
108 499 2
109 499 3
112 499 3
114 499 3
118 499 2
125 499 1
126 499 1
128 499 2
129 499 2
135 499 1
139 499 2
142 499 3
146 499 3
148 499 2
151 499 2
152 499 1
153 499 2
164 499 2
167 499 3
168 499 1
169 499 2
173 499 3
176 499 2
179 499 2
181 499 2
182 499 1
183 499 3
184 499 1
185 499 3
193 499 1
198 499 3
199 499 2
207 499 2
210 499 1
225 499 3
229 499 1
230 499 2
232 499 3
233 499 3
237 499 2
238 499 2
242 499 3
247 499 1
248 499 2
251 499 3
253 499 1
254 499 3
257 499 2
258 499 3
268 499 2
270 499 2
272 499 2
273 499 2
274 499 1
275 499 1
281 499 2
282 499 1
284 499 1
286 499 2
291 499 1
292 499 2
293 499 1
294 499 1
296 499 3
300 499 2
301 499 2
302 499 1
309 499 3
310 499 2
311 499 3
316 499 1
318 499 1
323 499 2
326 499 1
327 499 2
331 499 3
332 499 2
333 499 2
337 499 2
341 499 3
347 499 3
351 499 3
352 499 3
353 499 1
355 499 1
361 499 3
362 499 2
364 499 3
366 499 3
368 499 3
372 499 2
373 499 1
374 499 3
380 499 3
381 499 2
382 499 3
383 499 2
388 499 3
392 499 1
402 499 2
404 499 1
406 499 1
408 499 3
409 499 3
410 499 1
411 499 1
412 499 1
417 499 2
419 499 1
422 499 1
426 499 1
431 499 3
433 499 2
437 499 3
450 499 3
452 499 2
455 499 3
463 499 3
467 499 3
469 499 2
478 499 1
485 499 1
487 499 2
489 499 3
494 499 1
495 499 2
506 499 3
508 499 3
512 499 2
515 499 3
521 499 3
522 499 3
538 499 3
539 499 1
540 499 3
547 499 3
548 499 3
555 499 3
556 499 3
557 499 3
565 499 1
566 499 3
575 499 1
579 499 3
580 499 3
581 499 3
582 499 1
584 499 3
585 499 3
587 499 2
592 499 1
593 499 3
596 499 2
598 499 1
599 499 1
600 499 3
602 499 2
603 499 3
605 499 1
606 499 2
609 499 3
610 499 1
623 499 1
627 499 1
628 499 1
630 499 3
641 499 3
648 499 3
654 499 3
658 499 2
660 499 1
662 499 1
663 499 2
664 499 1
667 499 2
670 499 2
673 499 1
677 499 2
682 499 3
683 499 2
686 499 2
706 499 2
712 499 2
713 499 1
716 499 1
718 499 3
720 499 1
722 499 1
724 499 2
725 499 2
726 499 1
730 499 1
735 499 1
744 499 2
748 499 1
749 499 3
751 499 1
752 499 3
757 499 3
763 499 3
766 499 3
769 499 3
771 499 2
772 499 1
773 499 1
774 499 3
780 499 1
783 499 2
786 499 2
789 499 3
794 499 1
795 499 2
798 499 2
801 499 2
812 499 3
814 499 1
819 499 3
820 499 2
829 499 2
830 499 2
831 499 1
835 499 2
840 499 3
843 499 3
845 499 3
847 499 3
850 499 2
852 499 2
855 499 3
857 499 1
858 499 1
860 499 3
861 499 3
862 499 3
864 499 1
871 499 3
874 499 2
876 499 2
877 499 1
878 499 3
881 499 1
883 499 3
884 499 2
885 499 2
886 499 2
888 499 3
889 499 1
897 499 3
898 499 1
900 499 1
903 499 2
904 499 2
910 499 3
912 499 3
913 499 3
920 499 1
921 499 3
922 499 2
924 499 1
925 499 3
926 499 2
929 499 2
932 499 3
935 499 2
950 499 3
951 499 2
953 499 2
957 499 3
960 499 3
964 499 3
965 499 1
967 499 3
971 499 3
974 499 2
978 499 1
980 499 3
981 499 3
982 499 2
985 499 1
987 499 1
993 499 2
994 499 1
996 499 3
999 499 2
0 500 1
3 500 2
4 500 2
5 500 3
6 500 1
9 500 2
11 500 1
13 500 1
15 500 2
19 500 1
25 500 2
27 500 1
30 500 1
31 500 3
32 500 3
35 500 3
45 500 3
50 500 1
55 500 1
57 500 1
59 500 3
62 500 1
67 500 1
70 500 2
71 500 3
72 500 2
74 500 3
80 500 3
84 500 3
86 500 1
87 500 1
89 500 1
92 500 1
93 500 2
95 500 1
96 500 3
100 500 3
105 500 1
106 500 2
107 500 3
110 500 3
115 500 2
116 500 2
122 500 2
123 500 1
126 500 1
128 500 3
130 500 1
132 500 1
136 500 2
140 500 2
148 500 1
149 500 3
150 500 2
153 500 1
159 500 2
160 500 2
161 500 3
162 500 1
163 500 3
164 500 1
165 500 1
166 500 3
167 500 3
169 500 1
170 500 1
173 500 2
176 500 2
177 500 1
178 500 1
181 500 2
183 500 1
189 500 1
190 500 1
191 500 3
192 500 3
194 500 3
197 500 1
198 500 1
206 500 3
208 500 1
209 500 3
221 500 2
223 500 3
239 500 3
242 500 1
244 500 1
245 500 3
248 500 2
253 500 1
258 500 2
260 500 3
263 500 3
267 500 3
269 500 1
273 500 2
274 500 1
282 500 1
283 500 3
284 500 3
285 500 3
288 500 3
300 500 2
302 500 1
304 500 2
307 500 2
308 500 2
311 500 3
315 500 2
322 500 3
330 500 2
337 500 3
340 500 3
341 500 3
342 500 2
344 500 3
347 500 1
352 500 1
354 500 3
357 500 1
365 500 2
368 500 2
375 500 3
380 500 3
384 500 3
386 500 1
388 500 3
391 500 1
