985 67 1
986 67 2
987 67 1
991 67 1
992 67 2
994 67 2
996 67 3
998 67 3
4 68 2
9 68 2
12 68 3
17 68 2
20 68 2
21 68 1
22 68 2
28 68 3
31 68 1
34 68 3
37 68 1
44 68 1
50 68 2
53 68 1
60 68 3
64 68 2
65 68 1
70 68 2
73 68 2
76 68 2
77 68 3
86 68 2
87 68 3
89 68 1
94 68 3
98 68 2
99 68 2
102 68 1
106 68 1
107 68 3
108 68 3
111 68 3
122 68 3
123 68 2
124 68 3
126 68 3
127 68 2
129 68 2
132 68 1
133 68 3
136 68 3
137 68 3
138 68 3
139 68 2
142 68 3
145 68 2
146 68 3
148 68 3
151 68 3
159 68 2
160 68 3
172 68 3
176 68 2
177 68 3
178 68 1
184 68 2
187 68 2
188 68 1
189 68 3
195 68 1
198 68 3
200 68 2
201 68 3
212 68 1
214 68 2
215 68 2
221 68 2
223 68 3
224 68 3
225 68 1
228 68 3
231 68 2
232 68 3
241 68 3
243 68 2
248 68 2
252 68 2
255 68 3
258 68 3
260 68 1
261 68 1
264 68 2
266 68 1
268 68 2
270 68 1
272 68 2
274 68 3
277 68 3
278 68 1
282 68 1
285 68 3
288 68 2
290 68 1
291 68 1
294 68 1
298 68 3
300 68 1
301 68 3
305 68 1
306 68 2
311 68 1
312 68 3
319 68 3
321 68 3
322 68 1
327 68 3
332 68 3
333 68 2
334 68 3
336 68 2
337 68 2
338 68 1
342 68 2
344 68 2
345 68 3
346 68 3
349 68 3
353 68 1
354 68 3
357 68 1
359 68 3
360 68 2
361 68 1
364 68 2
368 68 1
369 68 2
370 68 3
371 68 3
372 68 3
377 68 2
381 68 3
382 68 3
384 68 2
389 68 1
392 68 2
404 68 3
406 68 3
407 68 2
408 68 3
413 68 3
415 68 1
417 68 2
424 68 1
425 68 2
427 68 3
429 68 2
430 68 3
435 68 1
438 68 2
442 68 1
444 68 2
446 68 2
450 68 3
452 68 1
455 68 3
459 68 1
460 68 3
461 68 2
463 68 1
466 68 3
467 68 3
470 68 1
475 68 3
476 68 3
479 68 1
483 68 2
488 68 3
489 68 3
491 68 3
493 68 2
496 68 3
501 68 3
503 68 3
508 68 3
521 68 2
525 68 1
528 68 2
534 68 2
537 68 1
543 68 2
545 68 2
551 68 2
560 68 1
562 68 3
564 68 1
566 68 1
570 68 3
572 68 2
574 68 2
578 68 1
580 68 2
581 68 2
582 68 3
583 68 1
584 68 3
588 68 2
589 68 3
592 68 3
593 68 3
596 68 1
597 68 2
599 68 3
603 68 1
604 68 1
609 68 3
611 68 2
614 68 1
615 68 2
621 68 1
625 68 1
627 68 2
628 68 2
629 68 2
633 68 3
635 68 1
637 68 3
638 68 3
640 68 2
641 68 3
656 68 3
660 68 3
666 68 2
667 68 3
669 68 1
682 68 2
683 68 2
686 68 1
694 68 1
695 68 1
697 68 1
698 68 2
699 68 2
702 68 3
703 68 1
704 68 3
705 68 3
706 68 1
709 68 1
712 68 3
713 68 2
715 68 2
718 68 2
723 68 3
726 68 2
728 68 3
729 68 1
731 68 3
732 68 1
733 68 2
739 68 1
740 68 2
743 68 2
748 68 3
751 68 2
755 68 1
759 68 3
766 68 2
774 68 3
775 68 1
784 68 3
788 68 3
789 68 2
797 68 3
802 68 2
809 68 2
810 68 2
812 68 1
818 68 2
819 68 1
820 68 2
822 68 1
823 68 3
825 68 1
826 68 3
827 68 3
828 68 1
831 68 2
832 68 2
835 68 3
837 68 3
842 68 3
846 68 2
847 68 1
848 68 1
852 68 3
853 68 3
854 68 2
855 68 3
857 68 3
860 68 3
862 68 1
864 68 2
866 68 1
868 68 1
872 68 1
880 68 1
882 68 3
885 68 1
887 68 1
889 68 3
892 68 1
894 68 3
895 68 1
899 68 1
902 68 2
911 68 2
912 68 1
913 68 2
914 68 1
916 68 3
919 68 1
920 68 1
922 68 2
925 68 1
929 68 3
934 68 1
939 68 3
941 68 3
944 68 2
946 68 2
948 68 2
950 68 1
953 68 1
957 68 3
959 68 1
962 68 2
964 68 3
965 68 1
970 68 3
972 68 3
974 68 1
978 68 1
979 68 3
980 68 1
981 68 1
983 68 1
984 68 2
986 68 3
2 69 2
4 69 3
9 69 3
10 69 3
11 69 2
13 69 3
16 69 1
20 69 1
22 69 3
23 69 3
29 69 3
32 69 2
38 69 3
41 69 1
42 69 3
46 69 2
49 69 1
51 69 1
57 69 1
58 69 2
60 69 1
61 69 2
62 69 2
67 69 1
68 69 3
70 69 3
74 69 1
76 69 2
81 69 3
82 69 1
87 69 3
94 69 2
96 69 2
97 69 1
103 69 1
110 69 2
112 69 1
116 69 3
119 69 3
120 69 3
123 69 1
126 69 2
128 69 3
134 69 2
135 69 3
139 69 3
144 69 1
145 69 2
146 69 3
152 69 1
155 69 1
159 69 3
164 69 2
169 69 2
172 69 2
176 69 1
179 69 3
180 69 2
182 69 3
186 69 1
187 69 1
188 69 3
191 69 2
192 69 3
193 69 3
196 69 1
197 69 1
204 69 1
207 69 1
209 69 2
212 69 3
214 69 3
218 69 2
219 69 3
222 69 1
227 69 1
228 69 2
233 69 2
234 69 3
236 69 2
237 69 1
240 69 3
241 69 1
247 69 2
248 69 1
249 69 2
250 69 1
255 69 2
257 69 3
265 69 1
266 69 2
269 69 2
271 69 2
272 69 1
273 69 1
277 69 1
278 69 3
280 69 1
284 69 3
285 69 3
286 69 3
287 69 3
289 69 3
293 69 3
294 69 1
302 69 1
303 69 3
307 69 1
308 69 3
312 69 2
315 69 2
319 69 2
323 69 3
324 69 1
328 69 1
336 69 3
339 69 3
340 69 1
345 69 3
351 69 3
352 69 3
357 69 2
359 69 1
377 69 2
378 69 2
380 69 3
384 69 1
386 69 1
389 69 2
396 69 1
397 69 2
401 69 3
406 69 2
408 69 3
411 69 3
417 69 3
418 69 2
423 69 3
428 69 2
430 69 2
431 69 2
434 69 1
436 69 2
443 69 3
453 69 3
456 69 3
459 69 1
467 69 1
473 69 1
477 69 2
478 69 2
479 69 2
481 69 3
483 69 1
484 69 3
487 69 1
502 69 1
504 69 1
505 69 2
506 69 2
512 69 3
513 69 1
515 69 2
518 69 3
519 69 2
523 69 2
524 69 2
525 69 1
527 69 2
532 69 3
540 69 3
541 69 2
545 69 2
546 69 1
549 69 2
553 69 2
555 69 3
559 69 1
560 69 3
561 69 3
571 69 3
573 69 3
581 69 1
583 69 1
584 69 2
588 69 3
593 69 3
601 69 1
603 69 3
604 69 1
606 69 2
609 69 1
611 69 3
613 69 2
614 69 3
621 69 1
622 69 2
623 69 2
624 69 3
634 69 2
635 69 3
640 69 2
641 69 3
646 69 3
647 69 2
648 69 2
649 69 1
650 69 1
652 69 2
654 69 2
656 69 3
659 69 2
669 69 2
671 69 3
676 69 3
678 69 1
680 69 2
682 69 1
683 69 3
688 69 3
689 69 3
694 69 1
696 69 2
703 69 3
705 69 2
712 69 1
716 69 1
720 69 3
723 69 2
734 69 2
736 69 2
738 69 3
742 69 1
743 69 1
752 69 3
755 69 1
757 69 1
759 69 1
766 69 1
767 69 1
768 69 3
769 69 2
770 69 1
771 69 3
773 69 2
778 69 1
781 69 2
783 69 2
786 69 2
787 69 1
793 69 2
800 69 2
801 69 1
803 69 1
804 69 2
807 69 3
811 69 3
812 69 1
813 69 3
814 69 3
819 69 2
827 69 3
831 69 1
837 69 2
845 69 1
850 69 2
851 69 3
855 69 3
856 69 2
857 69 1
859 69 2
866 69 1
867 69 2
872 69 2
873 69 3
874 69 2
875 69 2
880 69 2
881 69 3
884 69 2
885 69 1
886 69 3
887 69 1
892 69 2
894 69 3
897 69 3
899 69 3
901 69 1
902 69 3
905 69 3
910 69 1
911 69 1
915 69 2
921 69 2
922 69 1
925 69 1
928 69 2
932 69 2
935 69 3
942 69 1
950 69 2
952 69 2
954 69 3
956 69 2
958 69 1
967 69 2
968 69 3
971 69 3
976 69 3
977 69 3
979 69 1
982 69 2
985 69 1
988 69 1
991 69 3
995 69 3
996 69 1
998 69 3
999 69 2
0 70 3
