638 844 3
645 844 1
648 844 3
649 844 2
651 844 2
652 844 1
656 844 1
659 844 1
664 844 3
668 844 2
670 844 3
671 844 2
672 844 2
684 844 1
688 844 2
693 844 3
694 844 2
695 844 2
697 844 2
698 844 2
702 844 3
703 844 2
705 844 2
711 844 2
712 844 2
717 844 2
722 844 2
723 844 3
724 844 1
725 844 2
728 844 2
729 844 2
730 844 1
731 844 2
736 844 2
737 844 2
742 844 3
743 844 2
745 844 3
747 844 3
748 844 2
750 844 2
756 844 1
759 844 2
761 844 3
762 844 2
765 844 2
767 844 1
772 844 3
774 844 2
775 844 3
778 844 2
784 844 1
785 844 2
789 844 1
791 844 2
794 844 3
795 844 3
797 844 2
799 844 1
800 844 2
804 844 1
805 844 3
809 844 1
811 844 3
814 844 2
815 844 3
824 844 1
828 844 2
831 844 3
836 844 3
851 844 2
857 844 2
858 844 1
859 844 1
860 844 3
861 844 3
877 844 1
879 844 2
889 844 2
892 844 1
895 844 1
898 844 2
905 844 3
906 844 3
909 844 1
912 844 3
914 844 3
921 844 3
924 844 2
927 844 2
930 844 3
932 844 1
933 844 1
937 844 1
940 844 1
948 844 1
950 844 1
955 844 2
963 844 3
964 844 3
965 844 2
966 844 1
967 844 3
971 844 2
975 844 3
978 844 2
982 844 1
984 844 1
988 844 3
989 844 1
990 844 1
991 844 2
995 844 2
997 844 1
999 844 2
6 845 3
12 845 3
13 845 2
15 845 1
21 845 1
24 845 2
25 845 1
28 845 2
32 845 3
33 845 2
34 845 1
35 845 3
37 845 1
44 845 3
48 845 3
57 845 1
63 845 2
64 845 1
65 845 1
70 845 1
71 845 2
72 845 1
76 845 1
77 845 1
78 845 2
79 845 1
87 845 1
88 845 3
94 845 1
96 845 2
98 845 2
101 845 2
102 845 1
107 845 1
110 845 3
115 845 3
118 845 3
122 845 2
128 845 3
129 845 2
131 845 1
134 845 2
135 845 1
137 845 1
138 845 1
145 845 3
146 845 1
155 845 1
158 845 2
160 845 2
161 845 1
166 845 1
167 845 1
171 845 2
172 845 1
173 845 3
176 845 2
177 845 2
182 845 2
183 845 2
185 845 2
189 845 2
193 845 2
195 845 1
196 845 3
198 845 1
202 845 1
208 845 3
210 845 2
214 845 2
216 845 1
218 845 3
225 845 1
226 845 1
232 845 2
234 845 2
235 845 3
237 845 3
238 845 3
239 845 2
240 845 2
242 845 3
248 845 3
253 845 2
254 845 2
260 845 2
262 845 1
264 845 1
265 845 2
267 845 1
270 845 2
271 845 2
272 845 2
277 845 1
278 845 3
286 845 3
287 845 3
290 845 1
300 845 3
303 845 1
315 845 3
317 845 3
319 845 3
320 845 1
321 845 1
322 845 2
323 845 3
324 845 1
325 845 1
328 845 2
331 845 3
332 845 2
333 845 1
334 845 3
335 845 2
338 845 3
339 845 3
340 845 2
343 845 2
345 845 3
355 845 3
356 845 3
359 845 2
364 845 1
366 845 3
368 845 3
369 845 3
371 845 2
373 845 3
378 845 1
381 845 2
382 845 1
383 845 1
384 845 2
385 845 2
386 845 3
387 845 1
399 845 3
404 845 1
405 845 2
413 845 1
416 845 3
417 845 3
419 845 2
421 845 1
425 845 1
427 845 1
428 845 1
429 845 2
433 845 3
438 845 2
444 845 2
447 845 2
448 845 2
452 845 1
453 845 1
458 845 3
459 845 3
462 845 1
465 845 3
466 845 3
467 845 1
470 845 2
471 845 2
472 845 2
473 845 3
474 845 2
481 845 3
483 845 1
487 845 1
489 845 2
493 845 2
500 845 2
502 845 3
504 845 1
505 845 1
506 845 3
508 845 1
509 845 2
513 845 3
518 845 1
523 845 3
524 845 1
526 845 1
527 845 2
531 845 1
543 845 1
544 845 2
546 845 2
550 845 2
556 845 3
557 845 1
558 845 2
559 845 3
560 845 2
562 845 2
566 845 2
569 845 2
570 845 1
571 845 3
572 845 3
575 845 3
578 845 2
579 845 2
582 845 3
585 845 2
593 845 2
596 845 2
597 845 3
599 845 1
605 845 3
606 845 2
609 845 2
611 845 2
620 845 1
622 845 1
624 845 3
629 845 3
630 845 1
631 845 3
633 845 3
635 845 3
636 845 1
637 845 3
640 845 2
643 845 3
647 845 3
651 845 1
653 845 1
657 845 1
666 845 3
668 845 3
674 845 3
679 845 2
684 845 3
690 845 1
691 845 3
699 845 1
702 845 2
703 845 2
704 845 3
705 845 3
707 845 1
718 845 2
728 845 3
734 845 1
737 845 2
739 845 1
740 845 2
743 845 2
745 845 2
746 845 3
754 845 2
755 845 3
756 845 3
760 845 3
764 845 3
767 845 2
770 845 1
778 845 3
781 845 1
782 845 1
783 845 3
784 845 2
787 845 1
789 845 2
792 845 3
793 845 1
795 845 2
800 845 2
803 845 2
809 845 2
811 845 3
813 845 1
818 845 3
819 845 3
820 845 1
823 845 1
828 845 3
836 845 2
837 845 1
846 845 2
847 845 1
849 845 1
855 845 1
859 845 1
866 845 2
867 845 2
868 845 3
870 845 3
871 845 2
876 845 3
883 845 2
885 845 3
886 845 3
898 845 1
901 845 2
909 845 1
912 845 3
915 845 3
922 845 2
923 845 2
930 845 1
931 845 3
936 845 2
939 845 3
940 845 2
941 845 2
942 845 3
944 845 1
945 845 1
949 845 2
955 845 3
958 845 1
960 845 1
961 845 2
964 845 2
967 845 2
970 845 1
972 845 2
977 845 2
979 845 2
981 845 3
982 845 1
984 845 1
985 845 1
987 845 1
989 845 2
6 846 1
7 846 3
8 846 1
11 846 3
12 846 1
16 846 3
18 846 3
19 846 1
21 846 2
22 846 1
23 846 2
25 846 1
27 846 2
35 846 1
38 846 2
41 846 1
42 846 3
43 846 2
44 846 1
46 846 1
48 846 2
50 846 3
54 846 2
59 846 2
62 846 2
66 846 2
70 846 1
84 846 1
87 846 3
88 846 1
89 846 1
91 846 3
106 846 1
110 846 1
115 846 2
117 846 3
129 846 2
131 846 3
132 846 2
133 846 3
135 846 3
136 846 1
140 846 3
141 846 2
146 846 1
147 846 1
149 846 1
150 846 1
154 846 3
162 846 2
169 846 2
170 846 1
174 846 3
177 846 3
181 846 2
183 846 2
188 846 2
191 846 3
193 846 2
195 846 3
200 846 3
201 846 1
202 846 3
209 846 3
210 846 1
213 846 2
216 846 1
217 846 2
220 846 2
224 846 3
226 846 3
231 846 3
238 846 3
240 846 1
241 846 3
242 846 1
245 846 1
247 846 1
248 846 2
252 846 3
257 846 3
259 846 3
261 846 3
263 846 1
281 846 1
285 846 3
292 846 1
294 846 3
299 846 2
301 846 1
303 846 1
310 846 2
311 846 1
312 846 3
320 846 1
327 846 3
330 846 1
337 846 2
339 846 1
346 846 1
353 846 1
355 846 3
356 846 1
360 846 3
361 846 2
365 846 3
367 846 2
369 846 1
371 846 2
373 846 1
374 846 3
375 846 2
383 846 2
386 846 1
387 846 1
388 846 1
390 846 1
391 846 3
393 846 1
396 846 1
399 846 1
414 846 3
415 846 3
419 846 1
421 846 2
424 846 2
429 846 3
433 846 2
434 846 2
441 846 3
446 846 3
447 846 2
452 846 3
453 846 3
454 846 3
455 846 2
464 846 2
465 846 3
466 846 1
467 846 3
470 846 3
473 846 1
474 846 3
476 846 1
477 846 3
478 846 2
479 846 3
480 846 2
485 846 3
487 846 1
491 846 3
493 846 2
494 846 1
497 846 2
502 846 3
504 846 1
505 846 2
506 846 2
507 846 1
509 846 2
510 846 1
514 846 1
515 846 1
517 846 2
518 846 1
519 846 3
526 846 1
529 846 2
531 846 3
534 846 2
536 846 2
539 846 2
540 846 1
543 846 1
544 846 2
545 846 2
549 846 3
551 846 1
554 846 1
558 846 1
559 846 1
560 846 2
562 846 3
566 846 2
567 846 1
569 846 3
570 846 3
573 846 1
576 846 3
580 846 2
581 846 2
582 846 1
585 846 2
594 846 3
596 846 3
597 846 2
598 846 2
599 846 3
603 846 1
605 846 1
608 846 2
613 846 1
614 846 1
615 846 3
617 846 2
620 846 1
621 846 3
627 846 2
628 846 3
632 846 2
633 846 3
635 846 2
636 846 1
637 846 1
640 846 1
643 846 2
644 846 3
646 846 2
647 846 3
648 846 1
654 846 3
656 846 1
