673 185 3
678 185 3
679 185 2
681 185 1
688 185 3
689 185 2
690 185 3
693 185 3
694 185 3
695 185 2
701 185 1
706 185 1
708 185 1
709 185 2
713 185 1
714 185 3
716 185 1
717 185 1
718 185 2
720 185 3
721 185 3
726 185 2
728 185 3
730 185 3
732 185 2
734 185 2
737 185 1
743 185 1
745 185 3
749 185 1
756 185 1
757 185 3
761 185 3
764 185 1
766 185 1
770 185 1
771 185 2
773 185 2
775 185 1
778 185 2
779 185 2
780 185 1
784 185 2
787 185 3
788 185 1
790 185 2
791 185 1
792 185 2
795 185 3
796 185 2
797 185 3
798 185 3
801 185 1
803 185 1
804 185 1
813 185 3
814 185 2
818 185 3
819 185 1
820 185 3
829 185 2
830 185 1
833 185 1
834 185 2
850 185 1
854 185 1
855 185 2
856 185 3
859 185 1
862 185 2
865 185 1
866 185 3
867 185 3
869 185 1
871 185 1
873 185 1
874 185 3
875 185 3
878 185 3
884 185 2
886 185 3
890 185 2
891 185 2
897 185 3
902 185 1
913 185 3
918 185 3
919 185 3
922 185 1
928 185 3
931 185 3
933 185 3
938 185 2
943 185 3
946 185 2
947 185 2
955 185 3
958 185 3
960 185 1
965 185 2
966 185 1
969 185 3
972 185 2
978 185 3
979 185 3
983 185 3
987 185 3
988 185 2
996 185 1
997 185 1
999 185 1
0 186 3
9 186 1
13 186 1
14 186 1
15 186 3
19 186 2
21 186 1
23 186 2
26 186 1
27 186 2
28 186 1
32 186 1
33 186 2
34 186 1
36 186 3
37 186 2
39 186 1
40 186 3
41 186 2
42 186 3
47 186 3
48 186 3
49 186 1
50 186 3
54 186 3
56 186 1
60 186 1
62 186 1
71 186 2
72 186 1
83 186 3
84 186 2
90 186 3
91 186 1
93 186 1
97 186 1
99 186 3
103 186 2
104 186 3
106 186 2
111 186 2
113 186 3
114 186 3
118 186 1
120 186 1
136 186 3
137 186 1
143 186 3
147 186 2
152 186 2
153 186 3
154 186 1
156 186 3
157 186 2
158 186 2
162 186 1
167 186 3
168 186 3
170 186 2
173 186 2
176 186 1
177 186 2
181 186 2
185 186 3
188 186 3
190 186 3
196 186 2
197 186 2
204 186 3
207 186 3
208 186 3
210 186 2
212 186 2
214 186 1
215 186 2
216 186 3
218 186 3
223 186 2
224 186 3
225 186 1
227 186 3
228 186 3
229 186 2
230 186 3
231 186 2
234 186 1
235 186 3
238 186 1
240 186 2
244 186 1
246 186 3
249 186 3
250 186 1
251 186 1
253 186 2
254 186 2
255 186 1
257 186 2
262 186 3
268 186 2
270 186 2
275 186 3
277 186 2
278 186 2
279 186 3
280 186 3
283 186 1
289 186 1
290 186 2
291 186 1
294 186 3
296 186 3
298 186 1
299 186 2
303 186 2
304 186 2
306 186 1
308 186 2
311 186 1
313 186 2
315 186 1
320 186 2
324 186 2
328 186 1
330 186 1
331 186 1
337 186 2
339 186 2
341 186 2
343 186 3
347 186 3
353 186 3
356 186 1
365 186 3
366 186 2
370 186 2
379 186 3
383 186 2
392 186 3
393 186 3
394 186 2
399 186 1
401 186 1
402 186 2
405 186 1
406 186 2
407 186 3
411 186 2
414 186 2
424 186 3
429 186 2
434 186 2
435 186 2
436 186 3
437 186 1
438 186 3
439 186 3
442 186 2
444 186 1
445 186 3
446 186 3
448 186 2
450 186 2
456 186 1
467 186 1
471 186 3
472 186 2
474 186 1
476 186 2
477 186 2
481 186 1
482 186 2
484 186 1
485 186 3
486 186 3
487 186 3
500 186 1
501 186 3
506 186 2
508 186 3
511 186 1
514 186 1
515 186 2
526 186 1
530 186 2
531 186 3
538 186 1
541 186 1
542 186 1
544 186 3
550 186 2
551 186 3
552 186 1
553 186 1
554 186 2
564 186 2
567 186 3
568 186 2
569 186 2
570 186 1
577 186 3
580 186 2
584 186 2
585 186 1
595 186 1
599 186 3
600 186 3
603 186 1
604 186 2
610 186 2
611 186 3
612 186 3
621 186 3
622 186 3
624 186 1
629 186 1
631 186 2
632 186 3
636 186 2
639 186 1
641 186 2
642 186 1
645 186 2
649 186 1
652 186 3
653 186 1
654 186 1
656 186 2
667 186 2
669 186 2
670 186 1
672 186 1
676 186 1
686 186 2
693 186 2
695 186 3
700 186 3
704 186 3
713 186 2
716 186 3
720 186 3
721 186 3
725 186 1
738 186 2
740 186 3
741 186 3
750 186 1
754 186 3
757 186 2
758 186 2
760 186 3
769 186 2
774 186 1
776 186 1
777 186 2
778 186 2
782 186 3
784 186 3
786 186 2
791 186 3
796 186 2
799 186 1
804 186 2
809 186 1
814 186 3
815 186 3
818 186 2
820 186 1
822 186 3
824 186 1
826 186 2
834 186 3
837 186 1
838 186 2
839 186 3
840 186 1
842 186 1
843 186 1
844 186 1
848 186 3
854 186 3
857 186 1
860 186 1
861 186 3
872 186 3
873 186 2
874 186 3
876 186 1
878 186 3
880 186 2
884 186 1
887 186 3
889 186 2
894 186 2
895 186 1
898 186 3
900 186 1
901 186 1
906 186 1
908 186 3
913 186 2
915 186 3
916 186 3
917 186 1
918 186 1
919 186 3
927 186 2
928 186 1
932 186 2
935 186 2
937 186 2
938 186 2
944 186 2
951 186 2
953 186 1
957 186 3
963 186 1
966 186 1
967 186 3
970 186 3
977 186 2
978 186 2
981 186 2
984 186 1
995 186 2
996 186 1
998 186 1
0 187 3
17 187 3
20 187 3
26 187 3
29 187 1
31 187 2
34 187 2
36 187 3
44 187 1
51 187 2
55 187 2
62 187 3
64 187 3
65 187 2
73 187 2
78 187 2
81 187 2
83 187 3
86 187 2
97 187 3
101 187 3
107 187 3
110 187 1
114 187 3
115 187 2
117 187 1
118 187 2
119 187 1
125 187 2
127 187 1
129 187 2
132 187 1
133 187 2
134 187 2
140 187 3
141 187 1
144 187 3
153 187 3
154 187 1
158 187 3
159 187 2
163 187 3
164 187 1
176 187 3
178 187 2
179 187 1
180 187 3
189 187 2
197 187 1
198 187 2
201 187 2
204 187 2
208 187 2
211 187 2
212 187 2
215 187 3
216 187 1
218 187 2
225 187 1
229 187 3
232 187 3
237 187 2
239 187 3
244 187 3
247 187 3
248 187 3
251 187 1
256 187 1
257 187 2
259 187 3
260 187 1
261 187 3
268 187 1
270 187 3
272 187 3
273 187 2
274 187 3
276 187 3
277 187 3
281 187 1
283 187 1
284 187 2
291 187 3
294 187 2
295 187 3
296 187 3
301 187 2
303 187 2
305 187 3
307 187 3
310 187 1
313 187 2
314 187 2
317 187 1
322 187 1
323 187 2
326 187 3
329 187 2
330 187 1
332 187 3
343 187 2
346 187 1
347 187 2
348 187 3
349 187 2
356 187 2
361 187 3
362 187 2
365 187 3
369 187 2
370 187 1
371 187 2
372 187 1
375 187 3
377 187 2
379 187 3
381 187 3
382 187 2
385 187 3
388 187 3
392 187 2
393 187 2
394 187 3
402 187 3
408 187 1
412 187 1
414 187 1
416 187 2
424 187 1
426 187 1
430 187 3
432 187 3
434 187 1
436 187 3
439 187 3
441 187 2
442 187 1
449 187 2
451 187 2
454 187 3
460 187 3
461 187 2
463 187 2
464 187 1
465 187 3
470 187 2
471 187 2
473 187 3
478 187 2
480 187 3
487 187 2
491 187 2
492 187 2
494 187 2
499 187 2
503 187 3
504 187 1
505 187 1
506 187 2
509 187 3
512 187 2
516 187 3
519 187 1
523 187 3
528 187 3
536 187 3
537 187 1
539 187 3
540 187 2
541 187 1
549 187 1
550 187 1
554 187 2
556 187 3
565 187 1
571 187 1
572 187 2
575 187 3
578 187 3
582 187 1
586 187 3
587 187 3
589 187 2
593 187 2
594 187 1
595 187 1
596 187 2
598 187 1
603 187 2
604 187 3
605 187 1
606 187 1
607 187 2
608 187 2
609 187 1
612 187 3
618 187 3
629 187 3
633 187 2
634 187 1
637 187 2
638 187 1
642 187 1
646 187 2
647 187 2
651 187 1
654 187 1
655 187 1
658 187 1
660 187 3
667 187 3
668 187 2
673 187 2
674 187 3
675 187 3
676 187 1
677 187 1
678 187 2
684 187 3
688 187 2
689 187 3
690 187 1
693 187 1
696 187 3
698 187 2
699 187 2
700 187 3
703 187 2
