372 774 2
376 774 1
377 774 3
379 774 3
382 774 2
383 774 1
385 774 2
386 774 3
387 774 1
388 774 1
393 774 3
396 774 3
397 774 2
400 774 3
404 774 3
411 774 1
412 774 2
416 774 1
422 774 3
426 774 2
428 774 2
430 774 3
435 774 1
437 774 1
438 774 2
439 774 1
440 774 3
441 774 2
445 774 3
449 774 1
453 774 2
455 774 1
456 774 2
459 774 2
460 774 1
463 774 2
465 774 1
466 774 2
469 774 2
476 774 2
479 774 3
481 774 2
484 774 2
487 774 2
493 774 2
499 774 1
500 774 2
501 774 3
502 774 3
513 774 1
515 774 3
518 774 1
521 774 3
523 774 3
529 774 3
532 774 2
538 774 2
544 774 3
554 774 2
556 774 3
557 774 2
558 774 3
561 774 1
567 774 2
576 774 1
578 774 2
580 774 3
587 774 3
590 774 2
591 774 2
593 774 2
595 774 3
596 774 3
597 774 2
602 774 1
607 774 2
609 774 1
614 774 1
616 774 1
617 774 3
619 774 2
623 774 1
624 774 1
632 774 2
635 774 2
638 774 3
642 774 2
646 774 1
647 774 2
648 774 2
649 774 2
651 774 1
661 774 2
663 774 2
666 774 3
671 774 2
674 774 3
677 774 3
682 774 2
683 774 1
687 774 1
693 774 2
694 774 2
698 774 3
699 774 1
700 774 1
703 774 2
705 774 3
708 774 2
709 774 2
710 774 3
711 774 1
717 774 2
718 774 1
722 774 2
727 774 1
728 774 1
730 774 2
737 774 1
739 774 3
741 774 3
747 774 3
753 774 1
754 774 3
758 774 3
762 774 3
763 774 1
765 774 2
766 774 3
771 774 3
788 774 3
791 774 1
792 774 1
796 774 1
801 774 3
804 774 2
805 774 1
812 774 1
813 774 2
819 774 2
823 774 2
825 774 3
829 774 1
830 774 3
836 774 3
839 774 3
849 774 3
851 774 2
852 774 2
855 774 2
857 774 2
864 774 3
870 774 1
872 774 1
873 774 1
875 774 2
876 774 3
882 774 3
883 774 3
885 774 2
890 774 2
892 774 2
894 774 1
895 774 3
899 774 1
900 774 2
905 774 2
906 774 3
909 774 1
912 774 1
913 774 2
921 774 2
922 774 1
923 774 2
926 774 1
929 774 3
930 774 2
935 774 1
937 774 3
938 774 2
945 774 2
954 774 1
956 774 3
962 774 2
963 774 1
966 774 2
967 774 3
970 774 3
971 774 2
972 774 3
974 774 2
978 774 1
980 774 3
981 774 2
984 774 1
986 774 3
993 774 3
994 774 3
996 774 1
1 775 1
4 775 1
6 775 3
11 775 3
13 775 2
16 775 2
20 775 2
21 775 3
29 775 2
31 775 2
35 775 2
39 775 3
40 775 2
42 775 2
45 775 3
47 775 3
50 775 1
52 775 2
55 775 2
56 775 3
57 775 3
61 775 2
65 775 1
66 775 1
67 775 1
68 775 1
70 775 3
71 775 2
72 775 3
77 775 3
83 775 2
87 775 1
90 775 3
103 775 1
105 775 2
109 775 1
110 775 2
118 775 3
123 775 2
125 775 2
126 775 3
133 775 3
135 775 1
140 775 1
146 775 3
148 775 2
149 775 1
152 775 1
153 775 1
159 775 3
161 775 3
162 775 3
164 775 2
169 775 3
172 775 3
175 775 3
182 775 3
184 775 3
187 775 3
192 775 3
193 775 2
195 775 1
200 775 1
201 775 3
204 775 1
207 775 3
209 775 3
211 775 3
213 775 1
220 775 2
225 775 1
233 775 3
237 775 2
240 775 3
243 775 2
249 775 1
250 775 1
251 775 3
252 775 2
257 775 3
259 775 1
260 775 1
261 775 2
268 775 2
269 775 3
270 775 2
271 775 3
273 775 1
275 775 2
280 775 1
284 775 2
287 775 1
290 775 2
291 775 3
308 775 3
313 775 1
314 775 1
315 775 2
316 775 1
317 775 1
322 775 1
325 775 3
329 775 2
330 775 2
336 775 3
338 775 1
340 775 2
341 775 2
342 775 1
344 775 1
347 775 2
349 775 3
351 775 2
353 775 3
356 775 1
357 775 2
364 775 1
369 775 1
370 775 1
371 775 2
372 775 1
374 775 1
378 775 3
379 775 3
380 775 3
381 775 2
383 775 1
384 775 2
386 775 1
387 775 1
389 775 1
390 775 2
393 775 1
397 775 2
410 775 2
412 775 1
419 775 3
420 775 1
425 775 3
429 775 1
431 775 3
434 775 1
435 775 3
437 775 1
441 775 2
444 775 2
446 775 3
447 775 1
450 775 3
452 775 3
453 775 3
455 775 3
457 775 2
458 775 1
459 775 3
460 775 1
464 775 2
467 775 2
468 775 2
470 775 3
471 775 1
472 775 1
477 775 2
480 775 2
481 775 2
482 775 1
484 775 1
495 775 3
499 775 2
500 775 2
504 775 1
506 775 2
508 775 2
510 775 3
512 775 3
513 775 2
514 775 1
515 775 3
516 775 3
517 775 1
520 775 3
522 775 3
531 775 3
532 775 1
534 775 3
535 775 1
537 775 3
539 775 1
542 775 3
545 775 3
546 775 2
551 775 3
556 775 2
560 775 3
561 775 3
564 775 2
569 775 3
572 775 3
573 775 1
574 775 3
578 775 1
582 775 2
590 775 3
591 775 3
595 775 1
600 775 3
602 775 2
608 775 3
615 775 1
616 775 3
621 775 2
629 775 2
632 775 2
633 775 3
636 775 3
639 775 2
640 775 1
641 775 3
643 775 2
644 775 3
645 775 3
654 775 2
655 775 2
659 775 2
660 775 1
669 775 1
671 775 1
672 775 1
676 775 3
678 775 3
679 775 2
681 775 2
684 775 2
686 775 2
688 775 2
689 775 3
691 775 1
694 775 2
698 775 3
703 775 1
706 775 1
709 775 2
717 775 3
719 775 1
721 775 3
723 775 3
724 775 3
727 775 2
730 775 1
733 775 1
737 775 3
739 775 3
745 775 3
747 775 1
748 775 3
749 775 3
750 775 1
751 775 2
753 775 3
757 775 2
763 775 1
769 775 2
775 775 3
777 775 3
778 775 2
779 775 1
782 775 3
785 775 1
791 775 2
792 775 3
793 775 2
795 775 2
801 775 2
804 775 3
805 775 1
811 775 3
813 775 2
817 775 3
825 775 1
826 775 2
828 775 1
830 775 1
832 775 3
837 775 3
838 775 2
839 775 2
850 775 1
851 775 1
852 775 3
855 775 3
860 775 1
862 775 3
868 775 2
869 775 3
870 775 3
871 775 3
874 775 2
879 775 1
882 775 2
884 775 1
886 775 3
888 775 2
889 775 3
890 775 2
892 775 3
894 775 1
895 775 3
897 775 2
900 775 2
903 775 2
906 775 2
914 775 3
915 775 2
918 775 1
920 775 2
930 775 1
935 775 1
943 775 2
951 775 2
955 775 2
967 775 3
975 775 1
976 775 2
978 775 2
982 775 3
987 775 1
993 775 3
994 775 3
997 775 2
0 776 2
2 776 3
9 776 1
10 776 2
11 776 2
13 776 1
15 776 3
17 776 3
21 776 3
22 776 3
23 776 3
30 776 2
32 776 3
34 776 1
35 776 3
36 776 3
39 776 3
40 776 3
42 776 1
45 776 2
46 776 1
47 776 1
48 776 2
50 776 3
52 776 2
62 776 2
66 776 3
71 776 3
73 776 1
75 776 1
78 776 2
80 776 3
81 776 2
82 776 1
83 776 2
84 776 3
87 776 1
90 776 1
93 776 1
94 776 2
96 776 2
98 776 3
99 776 3
100 776 1
101 776 1
105 776 1
114 776 3
117 776 1
120 776 3
121 776 1
122 776 3
123 776 1
131 776 2
135 776 2
145 776 2
148 776 1
150 776 2
152 776 1
153 776 1
154 776 3
159 776 1
160 776 3
161 776 1
162 776 3
164 776 2
165 776 3
169 776 2
170 776 1
172 776 3
177 776 1
179 776 1
187 776 1
192 776 1
193 776 2
199 776 2
200 776 1
201 776 3
212 776 2
215 776 2
220 776 2
222 776 1
229 776 2
230 776 1
235 776 2
236 776 1
242 776 1
244 776 1
249 776 1
250 776 2
251 776 1
252 776 1
255 776 3
260 776 1
266 776 1
267 776 2
277 776 1
278 776 1
280 776 3
282 776 3
283 776 2
284 776 1
287 776 1
291 776 3
293 776 3
298 776 2
300 776 1
305 776 2
306 776 1
308 776 2
309 776 1
310 776 2
311 776 3
312 776 2
318 776 2
319 776 1
324 776 2
326 776 3
327 776 2
330 776 3
331 776 2
332 776 3
333 776 2
336 776 1
338 776 1
339 776 2
343 776 3
344 776 1
346 776 2
349 776 3
350 776 3
354 776 3
356 776 2
358 776 3
360 776 3
363 776 1
365 776 1
366 776 1
370 776 3
