900 71 2
901 71 2
904 71 1
905 71 1
906 71 3
908 71 1
909 71 2
912 71 2
913 71 1
916 71 2
918 71 1
921 71 3
925 71 2
926 71 2
938 71 3
939 71 2
946 71 1
947 71 3
950 71 1
951 71 2
958 71 1
962 71 2
964 71 1
966 71 1
969 71 1
970 71 1
973 71 2
974 71 1
975 71 3
977 71 2
978 71 3
981 71 2
982 71 2
991 71 2
996 71 1
999 71 2
0 72 3
2 72 3
3 72 3
6 72 3
7 72 1
8 72 2
11 72 2
12 72 1
15 72 1
16 72 3
28 72 2
29 72 3
31 72 2
33 72 3
35 72 1
40 72 2
46 72 2
47 72 2
49 72 3
50 72 1
63 72 1
64 72 3
70 72 1
71 72 2
75 72 3
79 72 3
80 72 2
83 72 2
84 72 3
85 72 3
86 72 3
92 72 3
93 72 2
95 72 1
96 72 1
97 72 1
101 72 2
103 72 2
106 72 2
112 72 3
116 72 1
117 72 3
120 72 1
123 72 1
125 72 1
128 72 2
137 72 2
142 72 1
146 72 3
155 72 2
171 72 3
173 72 2
175 72 3
182 72 1
183 72 1
189 72 2
190 72 2
193 72 3
195 72 2
196 72 1
197 72 1
199 72 2
205 72 2
206 72 1
210 72 3
211 72 2
217 72 1
219 72 3
220 72 3
227 72 3
231 72 2
232 72 1
234 72 3
237 72 2
238 72 2
239 72 2
240 72 1
241 72 3
242 72 3
244 72 2
249 72 1
254 72 2
255 72 3
263 72 1
264 72 3
265 72 3
271 72 3
272 72 1
273 72 1
274 72 2
278 72 2
289 72 1
291 72 3
293 72 1
295 72 3
297 72 2
300 72 1
301 72 3
304 72 3
306 72 3
311 72 1
316 72 3
321 72 2
324 72 2
330 72 2
331 72 2
332 72 1
333 72 2
334 72 1
338 72 2
339 72 1
341 72 2
344 72 1
348 72 1
349 72 3
350 72 3
353 72 3
356 72 2
359 72 1
360 72 3
363 72 2
364 72 3
365 72 1
366 72 1
371 72 1
372 72 2
374 72 3
379 72 1
384 72 1
390 72 1
391 72 2
396 72 3
397 72 2
398 72 2
399 72 1
401 72 2
406 72 3
410 72 3
411 72 1
412 72 2
419 72 3
423 72 1
430 72 1
432 72 3
434 72 3
435 72 1
437 72 3
439 72 3
440 72 1
442 72 2
448 72 3
450 72 3
460 72 3
461 72 1
467 72 3
468 72 2
469 72 3
472 72 1
478 72 1
479 72 1
483 72 2
485 72 2
486 72 2
491 72 3
495 72 1
496 72 2
497 72 3
498 72 3
500 72 1
501 72 1
502 72 2
504 72 1
507 72 3
514 72 3
515 72 3
518 72 3
520 72 1
522 72 3
529 72 3
534 72 2
537 72 1
542 72 2
543 72 1
545 72 1
553 72 2
558 72 2
562 72 2
568 72 2
570 72 3
572 72 3
573 72 3
575 72 3
576 72 1
577 72 3
578 72 3
581 72 2
590 72 3
592 72 2
593 72 2
597 72 3
601 72 2
605 72 2
610 72 1
611 72 2
616 72 1
618 72 1
621 72 2
623 72 1
627 72 3
631 72 2
632 72 2
634 72 3
639 72 2
643 72 1
645 72 3
646 72 3
649 72 2
655 72 3
659 72 3
661 72 3
663 72 3
665 72 3
669 72 3
675 72 1
678 72 1
679 72 2
680 72 1
681 72 1
682 72 2
684 72 1
685 72 2
686 72 1
687 72 1
694 72 2
697 72 2
700 72 2
701 72 1
706 72 3
707 72 3
716 72 2
717 72 1
719 72 2
722 72 2
724 72 2
725 72 2
728 72 2
729 72 2
733 72 2
734 72 1
735 72 3
739 72 2
740 72 2
742 72 3
745 72 2
748 72 3
750 72 3
752 72 3
754 72 2
755 72 3
757 72 2
765 72 2
766 72 2
767 72 1
768 72 3
773 72 3
777 72 3
779 72 1
785 72 3
789 72 3
790 72 2
792 72 1
793 72 3
795 72 1
796 72 3
798 72 1
799 72 1
805 72 1
807 72 2
809 72 3
816 72 1
820 72 3
825 72 1
829 72 1
836 72 1
837 72 2
841 72 1
847 72 3
851 72 3
854 72 2
855 72 1
859 72 3
862 72 2
864 72 2
876 72 2
878 72 1
880 72 1
885 72 2
886 72 2
887 72 3
893 72 2
898 72 1
901 72 2
903 72 2
907 72 3
908 72 2
925 72 3
928 72 3
929 72 2
935 72 3
936 72 3
937 72 2
941 72 2
942 72 3
943 72 1
945 72 3
946 72 1
949 72 3
950 72 3
955 72 3
956 72 1
959 72 1
960 72 1
962 72 2
963 72 3
964 72 1
968 72 2
969 72 1
974 72 2
975 72 1
979 72 3
981 72 2
982 72 3
983 72 1
988 72 1
990 72 3
993 72 1
997 72 2
998 72 1
999 72 2
0 73 1
7 73 2
12 73 1
14 73 1
15 73 3
22 73 1
23 73 2
24 73 1
26 73 2
27 73 1
28 73 3
30 73 3
40 73 2
42 73 1
43 73 1
46 73 3
53 73 3
55 73 3
60 73 2
61 73 2
62 73 1
65 73 2
66 73 3
68 73 2
72 73 2
74 73 3
76 73 2
79 73 1
81 73 1
82 73 3
88 73 3
90 73 2
97 73 1
101 73 2
105 73 3
106 73 2
109 73 1
113 73 3
114 73 1
115 73 1
120 73 2
122 73 2
130 73 3
131 73 3
134 73 3
136 73 3
147 73 3
154 73 1
156 73 1
159 73 1
160 73 2
165 73 1
168 73 3
173 73 3
177 73 2
178 73 2
179 73 1
180 73 3
185 73 2
187 73 3
190 73 2
195 73 2
202 73 1
204 73 2
207 73 1
208 73 3
210 73 3
223 73 1
227 73 1
228 73 1
233 73 3
234 73 1
235 73 3
237 73 2
238 73 1
240 73 1
241 73 3
249 73 1
251 73 3
255 73 2
256 73 3
259 73 3
260 73 1
262 73 2
263 73 2
269 73 3
270 73 3
271 73 3
273 73 1
279 73 2
280 73 2
282 73 3
283 73 3
288 73 3
289 73 2
296 73 1
300 73 2
302 73 3
307 73 2
309 73 1
314 73 1
318 73 3
324 73 2
325 73 2
326 73 3
333 73 3
334 73 2
340 73 1
342 73 3
343 73 3
345 73 1
354 73 1
360 73 2
370 73 2
377 73 1
378 73 2
382 73 1
389 73 1
391 73 3
394 73 1
395 73 2
400 73 1
402 73 2
406 73 3
410 73 1
413 73 2
417 73 1
418 73 3
421 73 1
422 73 3
429 73 2
430 73 3
435 73 2
437 73 2
438 73 2
442 73 1
444 73 2
454 73 2
458 73 3
460 73 3
461 73 1
464 73 2
466 73 3
468 73 2
471 73 3
474 73 3
476 73 2
477 73 1
480 73 1
482 73 2
483 73 3
486 73 2
487 73 2
496 73 1
502 73 1
504 73 3
505 73 2
507 73 2
510 73 3
511 73 2
512 73 3
515 73 3
517 73 3
523 73 2
527 73 3
528 73 3
532 73 2
534 73 3
536 73 3
537 73 2
545 73 2
547 73 2
549 73 1
551 73 3
552 73 3
558 73 1
562 73 1
563 73 2
564 73 1
567 73 1
569 73 3
573 73 2
576 73 3
580 73 2
582 73 1
584 73 2
586 73 2
589 73 1
594 73 3
596 73 1
598 73 2
611 73 1
620 73 1
622 73 1
630 73 3
631 73 1
632 73 2
633 73 3
638 73 2
642 73 1
644 73 2
647 73 2
648 73 2
649 73 2
651 73 1
653 73 1
654 73 2
655 73 1
657 73 1
661 73 3
663 73 1
666 73 3
674 73 1
678 73 1
679 73 3
685 73 1
686 73 2
692 73 3
696 73 2
698 73 3
700 73 2
702 73 1
703 73 3
709 73 3
712 73 3
714 73 1
716 73 3
717 73 1
719 73 3
720 73 2
721 73 3
722 73 1
727 73 1
732 73 2
733 73 1
736 73 1
737 73 1
738 73 3
743 73 1
746 73 1
749 73 2
752 73 3
754 73 1
758 73 3
759 73 3
760 73 1
761 73 2
764 73 3
768 73 2
772 73 2
774 73 2
775 73 1
776 73 1
777 73 2
778 73 1
781 73 1
786 73 3
787 73 2
788 73 2
789 73 1
791 73 2
795 73 1
798 73 2
801 73 1
802 73 3
803 73 1
806 73 1
809 73 2
812 73 3
813 73 2
816 73 2
817 73 2
825 73 3
826 73 3
827 73 2
834 73 2
835 73 3
836 73 1
837 73 3
838 73 3
843 73 1
846 73 1
848 73 3
849 73 2
850 73 1
851 73 3
857 73 2
860 73 2
861 73 1
863 73 1
868 73 2
