788 81 3
793 81 1
795 81 3
796 81 1
800 81 2
803 81 3
805 81 3
807 81 1
809 81 1
810 81 2
811 81 2
816 81 2
820 81 1
824 81 3
828 81 1
830 81 1
831 81 3
832 81 3
838 81 1
840 81 1
842 81 1
849 81 2
850 81 1
852 81 1
853 81 3
857 81 3
858 81 3
862 81 2
863 81 2
864 81 3
867 81 2
869 81 3
870 81 1
873 81 3
886 81 3
892 81 3
895 81 3
901 81 1
902 81 1
903 81 2
904 81 1
906 81 3
908 81 1
909 81 3
913 81 1
914 81 2
918 81 2
919 81 1
921 81 1
923 81 1
925 81 1
926 81 2
927 81 3
928 81 1
935 81 1
937 81 1
939 81 2
945 81 3
948 81 3
949 81 3
950 81 1
952 81 1
953 81 2
961 81 3
963 81 1
966 81 2
976 81 2
978 81 1
985 81 3
989 81 2
999 81 3
6 82 1
10 82 3
13 82 1
14 82 3
15 82 2
19 82 1
21 82 3
23 82 3
25 82 3
28 82 3
29 82 1
30 82 1
31 82 1
33 82 1
37 82 2
41 82 3
44 82 3
46 82 2
50 82 1
53 82 3
60 82 3
62 82 2
63 82 1
68 82 1
75 82 3
77 82 1
79 82 2
80 82 2
83 82 3
85 82 1
86 82 1
90 82 1
92 82 1
97 82 2
99 82 1
100 82 2
102 82 2
103 82 1
107 82 3
108 82 1
109 82 3
113 82 2
120 82 1
124 82 3
129 82 1
132 82 3
133 82 2
136 82 1
144 82 2
145 82 1
148 82 2
149 82 2
162 82 3
172 82 1
174 82 1
175 82 2
179 82 1
181 82 1
190 82 3
192 82 1
193 82 2
195 82 1
196 82 1
197 82 1
206 82 3
212 82 1
214 82 3
216 82 3
217 82 1
219 82 1
220 82 3
224 82 2
228 82 1
231 82 2
236 82 2
239 82 1
241 82 1
242 82 3
245 82 1
248 82 2
249 82 1
251 82 1
252 82 3
253 82 3
256 82 2
257 82 3
258 82 1
259 82 3
265 82 2
267 82 2
271 82 2
272 82 2
275 82 2
277 82 1
278 82 2
280 82 1
283 82 2
284 82 2
287 82 2
289 82 3
290 82 3
295 82 1
300 82 3
301 82 1
305 82 1
306 82 3
321 82 3
323 82 1
329 82 1
331 82 2
337 82 2
340 82 2
354 82 2
358 82 1
359 82 3
360 82 2
361 82 3
363 82 3
368 82 1
373 82 1
375 82 3
377 82 2
379 82 2
385 82 3
389 82 2
390 82 1
394 82 3
396 82 2
399 82 2
400 82 3
404 82 2
405 82 2
406 82 3
411 82 2
412 82 2
413 82 1
414 82 1
423 82 3
424 82 2
428 82 3
429 82 2
431 82 2
434 82 3
435 82 3
436 82 1
439 82 2
441 82 3
444 82 3
446 82 2
451 82 3
452 82 2
453 82 1
458 82 2
460 82 1
461 82 1
474 82 3
475 82 3
485 82 1
486 82 3
489 82 2
490 82 3
493 82 2
499 82 1
503 82 1
507 82 2
509 82 1
513 82 2
516 82 1
526 82 2
530 82 1
534 82 1
535 82 1
537 82 3
538 82 3
544 82 3
546 82 3
547 82 1
551 82 3
554 82 3
555 82 2
556 82 1
559 82 2
560 82 3
562 82 3
567 82 3
568 82 1
570 82 2
571 82 1
574 82 3
577 82 2
579 82 2
582 82 3
583 82 2
585 82 2
594 82 2
596 82 1
603 82 3
606 82 3
607 82 2
609 82 3
612 82 3
613 82 1
614 82 1
616 82 2
619 82 2
621 82 2
628 82 2
630 82 1
633 82 3
636 82 2
638 82 1
640 82 1
642 82 3
654 82 2
658 82 3
661 82 3
662 82 1
666 82 3
668 82 2
675 82 3
677 82 1
678 82 2
679 82 2
681 82 3
682 82 1
695 82 3
696 82 1
697 82 3
698 82 3
699 82 2
706 82 2
707 82 1
711 82 2
715 82 2
718 82 3
722 82 1
727 82 1
731 82 1
732 82 3
735 82 2
738 82 2
740 82 1
743 82 3
744 82 2
749 82 1
750 82 3
752 82 2
756 82 1
759 82 1
760 82 3
763 82 3
765 82 3
766 82 2
770 82 1
771 82 2
774 82 1
776 82 3
779 82 3
780 82 1
782 82 3
784 82 1
788 82 1
789 82 1
790 82 1
791 82 2
793 82 3
803 82 2
806 82 3
808 82 1
809 82 3
814 82 2
817 82 2
820 82 3
821 82 2
822 82 3
823 82 1
824 82 1
825 82 3
835 82 3
839 82 1
840 82 2
841 82 2
844 82 3
846 82 1
848 82 2
852 82 2
853 82 1
855 82 2
860 82 1
862 82 1
864 82 2
867 82 1
874 82 1
877 82 1
881 82 2
884 82 3
885 82 3
887 82 2
890 82 2
893 82 2
900 82 1
903 82 2
905 82 2
914 82 1
917 82 3
920 82 1
922 82 1
923 82 3
926 82 1
928 82 1
931 82 3
932 82 2
935 82 3
938 82 2
940 82 2
941 82 1
942 82 2
945 82 2
946 82 1
948 82 3
950 82 3
951 82 3
954 82 3
956 82 2
957 82 1
958 82 3
961 82 1
962 82 3
969 82 3
972 82 1
974 82 3
981 82 3
983 82 1
988 82 1
992 82 1
993 82 3
995 82 1
997 82 3
999 82 2
0 83 1
2 83 3
3 83 2
4 83 1
5 83 1
7 83 3
8 83 3
9 83 1
11 83 1
13 83 2
14 83 2
15 83 2
16 83 3
17 83 1
23 83 3
25 83 2
26 83 3
27 83 3
30 83 2
31 83 3
37 83 3
38 83 3
42 83 2
43 83 3
45 83 2
48 83 2
54 83 1
58 83 2
60 83 3
66 83 3
67 83 1
73 83 1
76 83 1
80 83 1
81 83 1
82 83 3
87 83 3
95 83 2
97 83 1
99 83 1
101 83 1
105 83 2
110 83 3
111 83 2
118 83 1
119 83 1
120 83 2
122 83 3
123 83 1
124 83 3
125 83 1
126 83 2
128 83 1
130 83 2
132 83 2
135 83 2
137 83 1
138 83 1
141 83 1
146 83 2
148 83 3
152 83 3
154 83 2
160 83 3
161 83 1
165 83 3
166 83 3
167 83 2
169 83 1
173 83 1
177 83 2
179 83 3
180 83 3
185 83 3
187 83 2
188 83 1
192 83 2
198 83 3
205 83 1
206 83 2
208 83 3
211 83 1
219 83 1
222 83 2
224 83 2
228 83 2
230 83 3
232 83 1
234 83 1
235 83 1
239 83 2
242 83 2
243 83 1
250 83 2
251 83 3
253 83 3
256 83 2
258 83 2
259 83 3
263 83 2
266 83 3
267 83 3
269 83 3
270 83 2
273 83 3
279 83 2
285 83 2
286 83 1
287 83 3
288 83 3
289 83 1
293 83 3
294 83 3
297 83 1
299 83 1
302 83 3
303 83 3
304 83 1
305 83 3
309 83 2
312 83 2
320 83 1
323 83 2
326 83 1
330 83 2
334 83 3
335 83 2
339 83 1
342 83 2
344 83 3
348 83 1
350 83 2
352 83 3
354 83 2
355 83 3
356 83 3
358 83 1
361 83 3
362 83 2
366 83 3
370 83 3
371 83 1
373 83 1
374 83 1
375 83 3
379 83 1
383 83 3
384 83 1
385 83 2
390 83 2
393 83 3
399 83 2
403 83 2
406 83 2
407 83 1
410 83 3
412 83 3
415 83 3
417 83 1
420 83 1
421 83 1
422 83 2
423 83 1
424 83 3
427 83 1
428 83 1
435 83 2
446 83 3
451 83 2
453 83 1
460 83 1
461 83 2
468 83 2
469 83 2
475 83 1
476 83 3
478 83 1
480 83 3
486 83 1
490 83 3
492 83 3
493 83 1
495 83 3
498 83 1
500 83 3
503 83 2
524 83 3
526 83 3
529 83 1
530 83 3
533 83 1
536 83 2
537 83 2
538 83 2
539 83 1
540 83 2
543 83 1
546 83 1
551 83 2
555 83 3
556 83 2
561 83 3
570 83 1
572 83 3
575 83 2
577 83 2
581 83 1
584 83 2
585 83 1
590 83 1
601 83 3
603 83 1
604 83 1
605 83 3
607 83 3
611 83 2
614 83 2
615 83 3
618 83 1
619 83 2
622 83 1
624 83 1
626 83 2
631 83 3
632 83 1
636 83 1
637 83 3
638 83 1
642 83 2
643 83 2
645 83 2
649 83 2
653 83 3
655 83 2
656 83 2
666 83 2
668 83 3
669 83 1
671 83 1
672 83 2
674 83 1
679 83 2
682 83 2
687 83 1
689 83 2
691 83 1
697 83 1
699 83 2
700 83 2
703 83 2
709 83 2
710 83 1
711 83 1
712 83 2
714 83 3
716 83 3
