787 113 2
789 113 3
791 113 3
793 113 3
804 113 1
805 113 2
807 113 2
811 113 3
815 113 3
816 113 2
817 113 3
820 113 1
822 113 1
827 113 3
828 113 2
829 113 3
831 113 1
837 113 3
842 113 1
849 113 3
853 113 1
857 113 2
858 113 1
859 113 2
862 113 3
864 113 1
865 113 2
873 113 1
875 113 1
876 113 3
877 113 2
880 113 3
882 113 1
887 113 3
888 113 1
890 113 2
891 113 3
892 113 2
895 113 3
899 113 3
900 113 1
905 113 3
911 113 3
915 113 1
919 113 2
923 113 1
927 113 3
928 113 3
929 113 2
930 113 2
931 113 1
934 113 3
938 113 3
940 113 1
941 113 1
944 113 2
946 113 1
949 113 2
961 113 3
962 113 3
963 113 2
965 113 2
967 113 2
969 113 2
970 113 2
971 113 1
975 113 1
977 113 3
979 113 3
980 113 1
983 113 2
986 113 1
987 113 3
988 113 3
990 113 3
996 113 2
997 113 1
0 114 3
3 114 2
4 114 2
6 114 1
8 114 2
16 114 2
23 114 1
25 114 3
26 114 1
27 114 1
30 114 2
31 114 2
32 114 2
35 114 1
37 114 1
43 114 1
48 114 2
49 114 1
51 114 1
52 114 2
59 114 1
65 114 1
71 114 3
72 114 2
75 114 1
78 114 2
80 114 1
81 114 2
86 114 3
87 114 2
90 114 3
91 114 2
92 114 2
93 114 3
95 114 3
96 114 1
100 114 3
108 114 2
112 114 3
124 114 3
127 114 3
128 114 3
131 114 3
136 114 1
138 114 1
139 114 3
146 114 2
149 114 3
153 114 1
154 114 1
156 114 3
157 114 1
158 114 3
161 114 3
164 114 1
165 114 3
175 114 2
181 114 2
182 114 3
183 114 2
184 114 3
185 114 3
188 114 1
189 114 3
196 114 1
202 114 3
203 114 3
204 114 3
211 114 3
216 114 3
217 114 2
219 114 1
220 114 3
221 114 2
223 114 2
224 114 2
230 114 1
234 114 1
237 114 3
243 114 1
245 114 3
249 114 3
251 114 2
254 114 1
256 114 3
259 114 1
263 114 2
267 114 1
268 114 3
270 114 3
276 114 3
277 114 2
280 114 2
282 114 1
287 114 3
290 114 3
293 114 2
295 114 1
304 114 2
305 114 3
308 114 2
311 114 3
312 114 3
313 114 2
314 114 3
315 114 1
316 114 3
320 114 2
321 114 1
326 114 3
327 114 1
329 114 3
330 114 1
332 114 1
333 114 2
334 114 2
336 114 2
337 114 3
340 114 2
346 114 1
357 114 3
358 114 1
359 114 1
361 114 3
362 114 3
363 114 2
364 114 3
367 114 3
369 114 3
371 114 3
373 114 3
375 114 3
378 114 2
380 114 1
381 114 2
384 114 2
388 114 2
393 114 1
396 114 3
398 114 2
399 114 3
417 114 2
422 114 3
423 114 1
427 114 2
431 114 1
432 114 3
438 114 1
440 114 1
444 114 1
445 114 3
448 114 3
449 114 3
451 114 2
456 114 1
458 114 1
460 114 1
467 114 2
469 114 3
470 114 3
472 114 2
474 114 2
475 114 1
478 114 2
482 114 3
483 114 2
485 114 3
486 114 3
488 114 2
490 114 1
491 114 2
495 114 1
496 114 3
497 114 3
500 114 1
501 114 2
507 114 1
508 114 2
511 114 2
513 114 3
518 114 1
519 114 2
520 114 2
521 114 2
526 114 1
533 114 2
534 114 1
535 114 2
536 114 1
537 114 3
539 114 3
542 114 3
544 114 1
546 114 3
551 114 1
552 114 3
554 114 1
555 114 2
557 114 2
560 114 2
561 114 2
562 114 1
563 114 1
567 114 3
570 114 3
571 114 3
572 114 1
579 114 2
581 114 1
585 114 1
587 114 2
588 114 1
589 114 1
593 114 2
595 114 1
598 114 2
601 114 3
602 114 2
604 114 2
605 114 2
606 114 3
607 114 1
615 114 3
620 114 1
621 114 3
622 114 1
626 114 1
629 114 1
631 114 3
632 114 3
633 114 2
634 114 2
635 114 3
639 114 2
646 114 2
647 114 1
650 114 2
651 114 1
655 114 1
656 114 1
657 114 3
658 114 1
663 114 1
664 114 1
665 114 2
666 114 2
669 114 3
670 114 1
672 114 1
678 114 2
679 114 3
680 114 3
682 114 1
683 114 2
687 114 2
689 114 1
695 114 1
697 114 2
700 114 3
703 114 3
705 114 2
707 114 2
712 114 2
714 114 3
717 114 2
720 114 1
724 114 1
727 114 1
728 114 3
730 114 1
732 114 2
735 114 2
736 114 1
738 114 2
742 114 1
743 114 3
745 114 1
748 114 3
752 114 3
753 114 3
756 114 1
757 114 1
758 114 1
760 114 2
765 114 1
769 114 1
770 114 2
772 114 2
778 114 3
781 114 3
786 114 1
788 114 1
793 114 1
795 114 2
796 114 2
797 114 3
802 114 2
803 114 1
804 114 1
806 114 1
807 114 3
809 114 1
814 114 2
817 114 1
818 114 1
822 114 3
825 114 2
831 114 1
832 114 1
833 114 3
842 114 2
843 114 2
852 114 2
856 114 2
863 114 1
864 114 1
869 114 2
879 114 2
880 114 2
885 114 3
888 114 3
893 114 2
895 114 1
899 114 2
901 114 1
903 114 2
909 114 1
914 114 2
918 114 1
921 114 2
928 114 3
930 114 1
932 114 3
934 114 3
935 114 3
939 114 3
940 114 2
943 114 2
945 114 3
946 114 2
948 114 3
951 114 1
952 114 1
954 114 1
956 114 3
958 114 3
959 114 3
961 114 3
962 114 1
965 114 3
966 114 1
967 114 1
972 114 2
973 114 1
977 114 1
978 114 1
979 114 2
982 114 3
984 114 2
986 114 3
990 114 3
994 114 2
8 115 3
9 115 3
10 115 1
15 115 3
18 115 3
19 115 1
23 115 1
27 115 3
29 115 2
30 115 3
32 115 1
34 115 1
38 115 2
41 115 2
47 115 2
48 115 1
49 115 2
50 115 1
51 115 1
52 115 3
64 115 3
66 115 1
68 115 2
70 115 2
72 115 1
75 115 1
77 115 1
79 115 3
82 115 2
86 115 3
88 115 1
90 115 2
98 115 1
101 115 2
102 115 1
104 115 1
106 115 1
109 115 1
115 115 1
117 115 3
121 115 1
123 115 1
125 115 1
126 115 2
129 115 1
130 115 3
131 115 3
134 115 2
138 115 2
140 115 2
143 115 3
146 115 1
148 115 2
149 115 1
150 115 1
157 115 3
158 115 2
159 115 1
163 115 1
164 115 2
166 115 1
170 115 1
173 115 1
176 115 3
177 115 3
184 115 3
187 115 3
194 115 2
200 115 2
201 115 2
202 115 2
203 115 2
206 115 1
215 115 2
217 115 3
219 115 1
221 115 1
228 115 3
230 115 1
236 115 1
237 115 2
238 115 2
240 115 2
243 115 1
245 115 1
249 115 2
252 115 3
254 115 2
261 115 2
262 115 3
265 115 1
267 115 1
269 115 3
273 115 2
274 115 1
282 115 3
283 115 2
285 115 1
288 115 2
289 115 3
293 115 1
299 115 1
301 115 3
302 115 3
303 115 2
304 115 3
308 115 2
311 115 2
312 115 2
318 115 3
322 115 2
323 115 2
324 115 3
331 115 1
336 115 3
339 115 3
340 115 2
344 115 2
351 115 3
353 115 3
354 115 2
355 115 2
358 115 3
365 115 1
367 115 3
372 115 2
374 115 2
377 115 3
378 115 2
380 115 1
392 115 2
395 115 2
400 115 3
404 115 1
406 115 1
407 115 2
408 115 3
414 115 2
415 115 2
417 115 3
419 115 1
425 115 3
428 115 2
430 115 2
431 115 1
435 115 1
438 115 3
440 115 2
442 115 3
444 115 2
446 115 1
448 115 3
449 115 3
450 115 3
451 115 3
453 115 3
455 115 3
456 115 1
457 115 2
458 115 1
460 115 2
461 115 2
465 115 2
466 115 3
467 115 1
471 115 1
472 115 1
473 115 3
477 115 3
479 115 3
483 115 1
490 115 3
493 115 2
496 115 3
499 115 3
500 115 3
501 115 1
505 115 3
510 115 2
514 115 1
515 115 3
517 115 1
520 115 3
521 115 1
522 115 1
523 115 3
524 115 1
529 115 2
530 115 3
532 115 2
533 115 2
537 115 3
550 115 2
552 115 3
553 115 3
555 115 2
565 115 1
566 115 2
568 115 2
573 115 2
574 115 2
575 115 3
580 115 3
589 115 2
599 115 1
603 115 1
606 115 3
610 115 2
611 115 3
612 115 3
614 115 2
616 115 3
618 115 2
621 115 2
624 115 3
628 115 3
631 115 3
634 115 1
637 115 1
639 115 1
643 115 2
644 115 1
646 115 1
647 115 1
648 115 2
650 115 3
651 115 2
