407 624 3
411 624 1
417 624 2
418 624 2
419 624 3
420 624 1
422 624 3
424 624 3
425 624 1
427 624 1
430 624 3
431 624 1
432 624 2
437 624 2
439 624 2
440 624 3
443 624 1
445 624 2
448 624 2
451 624 3
452 624 2
455 624 3
457 624 3
460 624 3
461 624 2
463 624 1
467 624 2
468 624 2
470 624 1
476 624 1
479 624 3
483 624 3
486 624 3
487 624 3
492 624 2
497 624 2
498 624 2
502 624 1
503 624 3
508 624 3
511 624 2
513 624 2
514 624 2
517 624 2
520 624 1
521 624 3
522 624 3
524 624 1
531 624 3
532 624 3
533 624 3
538 624 3
539 624 2
541 624 2
545 624 3
547 624 3
548 624 1
551 624 3
553 624 2
560 624 2
561 624 1
563 624 3
564 624 1
568 624 3
570 624 3
573 624 3
575 624 3
579 624 1
580 624 1
590 624 3
593 624 1
596 624 3
598 624 3
599 624 2
601 624 1
606 624 3
608 624 2
611 624 3
612 624 1
613 624 3
621 624 2
627 624 2
628 624 2
631 624 3
632 624 3
633 624 1
636 624 3
645 624 1
647 624 3
651 624 3
652 624 1
653 624 1
654 624 3
657 624 3
659 624 3
665 624 1
670 624 3
673 624 1
685 624 2
689 624 1
695 624 2
698 624 2
700 624 2
701 624 3
702 624 1
704 624 1
705 624 3
706 624 2
712 624 1
713 624 3
714 624 3
718 624 2
719 624 1
721 624 2
725 624 2
726 624 3
732 624 3
734 624 3
735 624 3
737 624 3
739 624 1
741 624 1
743 624 2
748 624 3
758 624 2
759 624 1
760 624 1
762 624 3
763 624 1
764 624 2
766 624 3
767 624 3
778 624 3
779 624 3
780 624 2
785 624 2
797 624 2
800 624 1
801 624 3
802 624 2
806 624 3
816 624 1
817 624 3
818 624 3
820 624 3
822 624 3
826 624 2
827 624 2
831 624 1
833 624 3
841 624 2
843 624 2
848 624 1
854 624 1
857 624 2
861 624 1
864 624 3
868 624 1
874 624 3
875 624 1
878 624 2
880 624 3
882 624 2
887 624 2
893 624 3
894 624 2
895 624 2
902 624 1
904 624 1
906 624 3
909 624 2
913 624 3
916 624 3
917 624 3
922 624 3
923 624 1
925 624 3
926 624 2
935 624 3
938 624 1
939 624 1
941 624 2
942 624 2
943 624 3
944 624 3
948 624 2
954 624 3
957 624 3
963 624 1
969 624 2
970 624 1
971 624 3
975 624 2
977 624 2
979 624 3
980 624 3
983 624 2
984 624 3
985 624 2
986 624 2
987 624 3
992 624 3
996 624 2
997 624 2
998 624 1
2 625 3
6 625 3
8 625 3
9 625 3
12 625 1
20 625 2
22 625 2
24 625 2
27 625 1
31 625 1
32 625 3
35 625 3
41 625 2
45 625 1
46 625 3
49 625 2
51 625 3
56 625 1
60 625 3
61 625 1
62 625 3
63 625 1
64 625 1
67 625 1
68 625 2
71 625 2
72 625 2
75 625 1
77 625 1
78 625 1
80 625 2
81 625 2
89 625 2
96 625 3
97 625 2
98 625 2
100 625 3
101 625 3
103 625 1
106 625 3
111 625 1
118 625 2
120 625 2
123 625 1
125 625 3
126 625 1
129 625 2
140 625 3
151 625 3
154 625 3
158 625 3
160 625 1
167 625 2
168 625 3
170 625 3
174 625 1
177 625 2
179 625 3
181 625 1
183 625 1
191 625 1
193 625 3
194 625 2
198 625 1
201 625 3
205 625 2
206 625 3
208 625 1
209 625 2
214 625 2
219 625 2
225 625 2
226 625 3
230 625 3
233 625 3
238 625 1
239 625 3
246 625 2
251 625 2
253 625 1
257 625 2
267 625 1
268 625 3
269 625 2
271 625 1
279 625 2
282 625 3
286 625 2
300 625 2
301 625 3
306 625 1
313 625 3
315 625 1
322 625 2
324 625 2
326 625 3
327 625 1
339 625 3
340 625 3
342 625 3
343 625 2
344 625 2
347 625 3
350 625 2
352 625 3
354 625 1
356 625 1
368 625 3
372 625 1
377 625 1
379 625 3
390 625 2
394 625 1
395 625 3
400 625 2
406 625 1
409 625 1
412 625 3
421 625 1
422 625 2
424 625 2
427 625 1
428 625 1
431 625 2
436 625 2
439 625 1
444 625 3
445 625 1
446 625 1
447 625 1
452 625 1
453 625 3
454 625 1
455 625 2
461 625 3
466 625 2
473 625 2
484 625 1
486 625 2
487 625 2
490 625 3
498 625 3
501 625 2
505 625 3
506 625 3
509 625 2
514 625 1
519 625 3
521 625 1
522 625 1
524 625 1
527 625 2
531 625 3
532 625 1
536 625 3
538 625 3
541 625 3
547 625 1
549 625 1
550 625 3
551 625 2
552 625 1
553 625 2
560 625 2
565 625 3
567 625 1
574 625 2
583 625 1
584 625 2
591 625 3
592 625 2
593 625 1
599 625 2
601 625 1
602 625 3
605 625 2
611 625 3
613 625 2
616 625 1
619 625 3
620 625 1
623 625 1
635 625 3
642 625 2
643 625 2
644 625 2
645 625 3
646 625 2
648 625 2
649 625 3
650 625 2
652 625 3
654 625 1
655 625 3
656 625 1
660 625 3
666 625 1
669 625 3
673 625 2
677 625 3
681 625 1
684 625 3
685 625 1
686 625 2
692 625 2
701 625 2
707 625 1
710 625 3
716 625 3
718 625 3
719 625 3
721 625 3
722 625 1
724 625 1
725 625 3
728 625 2
729 625 3
732 625 2
733 625 1
742 625 3
746 625 1
747 625 3
750 625 3
751 625 3
755 625 2
760 625 3
764 625 2
769 625 1
770 625 1
771 625 2
773 625 1
777 625 1
778 625 2
784 625 2
786 625 1
791 625 2
796 625 1
797 625 1
799 625 1
800 625 2
803 625 1
805 625 1
806 625 1
807 625 2
816 625 2
818 625 2
819 625 3
820 625 3
822 625 3
825 625 2
828 625 3
833 625 2
838 625 3
840 625 3
844 625 1
845 625 2
847 625 1
851 625 1
852 625 1
853 625 3
856 625 3
863 625 3
864 625 1
866 625 3
867 625 2
868 625 1
869 625 1
871 625 1
873 625 1
874 625 3
883 625 1
885 625 2
887 625 1
888 625 1
890 625 3
891 625 3
894 625 3
899 625 2
901 625 2
902 625 1
904 625 2
907 625 2
908 625 2
910 625 2
911 625 1
912 625 2
913 625 2
914 625 2
915 625 2
918 625 2
922 625 3
925 625 3
928 625 1
929 625 2
931 625 3
935 625 2
937 625 1
938 625 2
940 625 2
944 625 2
955 625 2
957 625 1
959 625 1
960 625 1
963 625 1
966 625 3
968 625 1
971 625 1
973 625 3
977 625 1
981 625 3
986 625 3
987 625 1
991 625 2
992 625 3
995 625 2
999 625 3
0 626 2
2 626 1
5 626 3
8 626 2
10 626 3
13 626 2
14 626 2
16 626 2
19 626 2
23 626 2
25 626 1
27 626 1
34 626 3
38 626 2
46 626 1
47 626 1
50 626 1
51 626 2
53 626 1
55 626 1
57 626 1
61 626 1
62 626 3
65 626 1
67 626 3
68 626 2
69 626 2
71 626 3
74 626 1
83 626 1
85 626 2
86 626 1
88 626 1
92 626 3
96 626 3
97 626 2
98 626 3
103 626 3
106 626 1
109 626 2
111 626 1
114 626 2
115 626 2
117 626 3
122 626 1
123 626 3
124 626 1
127 626 2
128 626 3
129 626 3
133 626 3
135 626 1
140 626 1
141 626 2
143 626 3
146 626 1
147 626 1
149 626 3
152 626 2
158 626 3
164 626 1
165 626 3
166 626 1
168 626 1
169 626 3
173 626 2
174 626 2
185 626 1
187 626 2
188 626 2
196 626 2
203 626 2
204 626 1
205 626 1
212 626 2
215 626 2
222 626 3
223 626 1
228 626 2
234 626 1
237 626 2
245 626 2
246 626 1
250 626 1
251 626 1
255 626 1
258 626 1
261 626 1
262 626 3
264 626 1
268 626 2
271 626 3
273 626 1
277 626 2
280 626 1
285 626 1
286 626 1
289 626 2
291 626 1
292 626 2
293 626 1
294 626 2
296 626 2
300 626 1
304 626 1
305 626 2
307 626 3
310 626 3
311 626 1
316 626 2
318 626 2
319 626 2
321 626 2
325 626 1
328 626 1
331 626 2
333 626 2
339 626 1
343 626 3
346 626 1
348 626 3
350 626 1
351 626 1
356 626 2
361 626 3
366 626 2
367 626 2
369 626 3
373 626 2
376 626 3
377 626 3
380 626 1
382 626 1
385 626 1
387 626 2
390 626 1
391 626 1
404 626 2
407 626 3
408 626 2
415 626 1
416 626 2
421 626 1
426 626 2
