674 828 1
679 828 1
680 828 2
682 828 3
685 828 1
687 828 1
693 828 1
694 828 1
696 828 1
698 828 2
701 828 1
703 828 2
706 828 1
709 828 2
714 828 1
715 828 2
717 828 1
719 828 2
720 828 2
722 828 1
723 828 3
727 828 2
730 828 3
733 828 1
736 828 1
741 828 2
743 828 1
746 828 2
747 828 2
748 828 3
749 828 1
750 828 2
751 828 2
753 828 1
755 828 1
764 828 3
765 828 1
766 828 2
770 828 2
774 828 2
776 828 2
777 828 2
778 828 1
779 828 2
781 828 1
784 828 3
786 828 3
787 828 1
788 828 3
795 828 1
796 828 2
799 828 1
801 828 2
803 828 1
812 828 3
816 828 1
817 828 1
818 828 2
820 828 2
822 828 3
824 828 1
827 828 3
828 828 3
835 828 1
837 828 3
839 828 1
842 828 3
850 828 1
853 828 1
859 828 2
861 828 1
863 828 2
864 828 2
868 828 3
869 828 1
870 828 1
872 828 3
874 828 1
875 828 2
877 828 2
878 828 3
879 828 3
891 828 3
892 828 1
898 828 1
901 828 2
903 828 1
907 828 3
909 828 3
921 828 1
928 828 2
929 828 1
931 828 3
935 828 1
938 828 1
939 828 1
943 828 1
944 828 3
946 828 2
949 828 3
950 828 3
952 828 3
953 828 1
954 828 3
961 828 2
962 828 1
964 828 2
971 828 2
973 828 1
974 828 3
976 828 3
979 828 3
987 828 2
989 828 1
991 828 2
992 828 1
997 828 2
0 829 2
1 829 2
2 829 1
3 829 1
5 829 2
7 829 3
8 829 1
10 829 2
19 829 2
20 829 1
21 829 2
22 829 3
27 829 2
29 829 3
30 829 3
32 829 2
36 829 2
40 829 1
49 829 1
50 829 3
57 829 1
67 829 3
68 829 2
69 829 2
71 829 2
73 829 1
74 829 3
75 829 1
80 829 3
84 829 3
85 829 2
86 829 2
88 829 1
90 829 3
92 829 2
95 829 1
97 829 3
100 829 2
109 829 3
116 829 1
123 829 2
126 829 3
129 829 1
138 829 3
146 829 1
147 829 3
149 829 1
153 829 2
155 829 2
156 829 2
158 829 2
159 829 2
163 829 1
166 829 3
168 829 2
171 829 2
172 829 2
175 829 1
177 829 3
179 829 2
182 829 2
184 829 1
185 829 3
197 829 3
204 829 2
206 829 1
210 829 2
211 829 3
213 829 3
214 829 2
219 829 1
221 829 3
224 829 3
225 829 1
231 829 3
232 829 3
234 829 3
237 829 1
238 829 1
240 829 1
242 829 2
243 829 2
244 829 1
246 829 1
248 829 3
249 829 3
253 829 3
254 829 3
259 829 3
262 829 1
265 829 1
269 829 1
271 829 2
272 829 1
275 829 2
277 829 3
283 829 2
285 829 3
294 829 1
300 829 1
302 829 1
304 829 2
305 829 3
310 829 2
318 829 2
320 829 2
321 829 1
325 829 3
326 829 1
330 829 1
331 829 3
332 829 2
336 829 2
341 829 1
342 829 1
344 829 3
345 829 1
349 829 3
352 829 3
355 829 1
358 829 2
360 829 1
365 829 1
366 829 2
367 829 1
368 829 1
373 829 1
375 829 3
387 829 1
390 829 3
395 829 2
396 829 2
408 829 2
409 829 3
412 829 2
415 829 3
417 829 2
422 829 1
430 829 2
441 829 3
442 829 3
446 829 3
448 829 2
450 829 3
451 829 1
454 829 3
456 829 3
457 829 1
458 829 2
460 829 3
462 829 2
465 829 2
480 829 1
487 829 3
488 829 1
489 829 1
492 829 3
494 829 1
495 829 1
497 829 3
498 829 2
499 829 1
500 829 3
501 829 3
515 829 2
516 829 1
518 829 2
523 829 3
527 829 1
532 829 2
534 829 1
535 829 1
538 829 3
539 829 1
540 829 2
541 829 3
544 829 1
546 829 1
547 829 3
548 829 2
550 829 1
554 829 3
556 829 1
557 829 3
559 829 2
563 829 2
564 829 3
566 829 1
570 829 1
576 829 1
577 829 2
580 829 2
597 829 1
600 829 2
603 829 2
610 829 1
612 829 3
616 829 3
617 829 1
618 829 3
619 829 3
620 829 1
621 829 1
627 829 1
629 829 3
634 829 1
641 829 1
647 829 1
650 829 1
653 829 3
656 829 2
657 829 1
659 829 2
660 829 3
664 829 1
666 829 3
670 829 1
674 829 3
675 829 1
678 829 1
689 829 3
692 829 1
693 829 2
694 829 3
695 829 2
696 829 2
697 829 3
699 829 2
702 829 2
707 829 3
710 829 1
714 829 2
715 829 2
717 829 3
727 829 1
744 829 3
745 829 3
748 829 2
750 829 3
753 829 2
754 829 3
755 829 3
757 829 2
761 829 3
773 829 3
775 829 2
776 829 3
777 829 3
779 829 1
787 829 2
798 829 2
802 829 1
803 829 3
805 829 1
809 829 2
812 829 1
813 829 1
815 829 1
816 829 1
819 829 2
823 829 3
827 829 1
831 829 2
838 829 2
841 829 1
844 829 3
845 829 1
846 829 1
853 829 3
857 829 3
858 829 1
860 829 2
864 829 2
871 829 2
878 829 2
879 829 2
880 829 1
884 829 2
886 829 1
887 829 1
893 829 3
894 829 3
895 829 3
899 829 2
901 829 2
902 829 3
905 829 1
909 829 1
917 829 1
921 829 1
922 829 2
925 829 2
927 829 3
929 829 3
931 829 3
936 829 2
938 829 3
939 829 1
940 829 2
943 829 1
947 829 1
949 829 3
952 829 1
954 829 3
958 829 3
961 829 2
962 829 3
967 829 2
969 829 1
970 829 1
973 829 3
978 829 3
979 829 2
980 829 3
983 829 1
984 829 1
987 829 2
988 829 3
989 829 2
990 829 1
994 829 1
997 829 2
0 830 1
15 830 1
16 830 1
21 830 1
23 830 1
30 830 1
32 830 2
35 830 2
38 830 1
41 830 3
48 830 1
51 830 2
52 830 1
53 830 3
54 830 1
62 830 2
69 830 2
75 830 3
81 830 2
83 830 3
89 830 1
90 830 3
92 830 3
95 830 2
96 830 1
97 830 1
98 830 2
99 830 2
103 830 3
106 830 1
108 830 1
109 830 3
114 830 1
115 830 3
116 830 2
120 830 1
124 830 1
126 830 2
129 830 3
130 830 2
133 830 1
135 830 2
142 830 3
143 830 3
145 830 3
147 830 3
148 830 3
151 830 2
153 830 3
155 830 2
161 830 2
165 830 2
171 830 2
177 830 1
178 830 1
180 830 3
183 830 2
185 830 3
187 830 1
189 830 1
196 830 3
198 830 3
204 830 2
206 830 3
210 830 1
213 830 2
215 830 3
216 830 1
217 830 1
221 830 3
222 830 3
223 830 3
224 830 2
227 830 2
231 830 3
233 830 1
235 830 1
237 830 1
238 830 1
239 830 3
241 830 2
244 830 2
251 830 3
263 830 2
265 830 2
266 830 1
267 830 3
274 830 3
275 830 2
280 830 2
282 830 1
283 830 1
284 830 2
293 830 3
294 830 3
297 830 1
301 830 3
302 830 2
307 830 2
309 830 3
311 830 3
319 830 2
321 830 2
328 830 3
331 830 3
333 830 2
334 830 1
336 830 3
337 830 1
346 830 2
353 830 3
355 830 1
362 830 2
367 830 3
372 830 3
373 830 3
375 830 3
376 830 1
377 830 2
387 830 3
394 830 3
395 830 1
397 830 3
400 830 1
402 830 2
403 830 2
405 830 3
409 830 2
414 830 3
416 830 3
417 830 2
419 830 1
423 830 1
426 830 3
429 830 3
430 830 1
435 830 3
436 830 3
440 830 3
441 830 3
442 830 3
444 830 1
447 830 3
448 830 2
449 830 2
451 830 1
459 830 2
460 830 2
463 830 1
465 830 1
468 830 3
470 830 3
472 830 1
475 830 2
476 830 1
479 830 3
484 830 1
486 830 3
488 830 2
492 830 2
494 830 2
497 830 3
498 830 1
503 830 3
504 830 3
505 830 3
510 830 3
512 830 2
514 830 3
519 830 1
524 830 3
527 830 1
528 830 3
539 830 1
543 830 2
547 830 1
551 830 1
552 830 2
553 830 1
556 830 2
557 830 1
563 830 3
566 830 3
568 830 1
572 830 1
574 830 1
575 830 2
577 830 3
580 830 3
586 830 2
590 830 1
592 830 3
594 830 2
603 830 2
606 830 3
608 830 2
610 830 3
613 830 3
614 830 3
615 830 3
620 830 1
621 830 3
622 830 2
625 830 3
626 830 2
627 830 3
628 830 3
630 830 3
631 830 1
633 830 2
637 830 1
638 830 1
639 830 1
641 830 1
646 830 1
651 830 1
653 830 2
654 830 1
655 830 2
657 830 2
662 830 2
663 830 1
666 830 3
668 830 3
672 830 1
675 830 1
676 830 3
