678 830 2
680 830 3
681 830 1
684 830 2
689 830 1
698 830 3
701 830 3
703 830 1
704 830 3
705 830 1
708 830 2
716 830 1
717 830 1
720 830 2
721 830 1
731 830 2
732 830 3
734 830 1
740 830 2
742 830 3
748 830 1
750 830 2
753 830 1
756 830 2
757 830 2
758 830 3
759 830 3
761 830 1
764 830 3
765 830 1
766 830 2
774 830 2
775 830 3
777 830 2
779 830 1
782 830 3
783 830 3
785 830 1
788 830 3
794 830 2
796 830 1
799 830 1
800 830 1
801 830 3
803 830 2
807 830 2
808 830 2
811 830 3
812 830 2
816 830 2
826 830 1
828 830 2
831 830 2
835 830 3
839 830 3
843 830 2
844 830 3
845 830 3
848 830 2
851 830 1
852 830 2
855 830 2
866 830 2
872 830 2
879 830 2
884 830 1
888 830 3
894 830 2
897 830 3
902 830 2
904 830 2
907 830 1
913 830 2
914 830 2
916 830 3
923 830 2
928 830 2
929 830 3
931 830 3
933 830 3
935 830 2
936 830 2
937 830 2
938 830 2
939 830 2
943 830 2
947 830 3
949 830 3
950 830 1
951 830 3
952 830 3
955 830 1
958 830 1
960 830 2
962 830 1
973 830 2
975 830 3
978 830 3
980 830 2
985 830 3
988 830 1
989 830 2
993 830 1
994 830 3
996 830 3
0 831 3
1 831 1
7 831 2
8 831 3
9 831 3
14 831 3
16 831 2
23 831 1
25 831 2
26 831 2
27 831 1
33 831 1
38 831 2
39 831 2
41 831 3
44 831 2
47 831 3
50 831 1
51 831 3
54 831 2
55 831 1
58 831 2
60 831 2
62 831 1
63 831 1
64 831 1
67 831 1
70 831 3
73 831 2
81 831 2
85 831 3
96 831 3
102 831 1
103 831 1
104 831 2
105 831 2
111 831 3
121 831 3
125 831 3
131 831 2
132 831 1
139 831 1
141 831 1
142 831 2
143 831 3
152 831 1
153 831 2
155 831 1
159 831 1
168 831 1
169 831 1
173 831 2
181 831 3
184 831 1
187 831 1
193 831 1
208 831 3
209 831 3
215 831 3
216 831 1
218 831 2
221 831 3
223 831 2
225 831 3
232 831 1
234 831 1
235 831 2
237 831 2
242 831 2
244 831 1
247 831 1
253 831 2
256 831 1
257 831 2
261 831 1
267 831 2
268 831 3
273 831 3
276 831 2
283 831 1
286 831 1
292 831 1
296 831 3
298 831 3
305 831 3
307 831 1
309 831 3
310 831 2
314 831 3
315 831 2
321 831 2
325 831 1
332 831 3
333 831 1
337 831 3
339 831 2
350 831 2
351 831 1
356 831 1
357 831 3
360 831 2
362 831 3
368 831 1
371 831 1
373 831 3
381 831 1
388 831 2
395 831 1
396 831 3
398 831 3
401 831 2
402 831 1
407 831 2
409 831 1
411 831 1
413 831 2
414 831 2
416 831 1
426 831 3
444 831 2
451 831 3
454 831 2
455 831 3
456 831 3
460 831 1
461 831 3
465 831 2
468 831 3
473 831 1
476 831 3
478 831 3
479 831 3
481 831 1
482 831 3
488 831 1
489 831 3
490 831 1
492 831 2
493 831 2
496 831 2
502 831 1
509 831 2
511 831 1
512 831 1
513 831 3
515 831 1
523 831 1
524 831 1
527 831 2
533 831 3
535 831 2
536 831 3
537 831 1
542 831 1
545 831 1
547 831 3
549 831 1
554 831 1
555 831 2
560 831 1
570 831 2
571 831 1
572 831 3
575 831 2
578 831 2
579 831 1
583 831 1
585 831 3
588 831 1
599 831 1
601 831 2
602 831 3
604 831 1
613 831 3
616 831 2
620 831 1
621 831 3
633 831 2
634 831 1
637 831 3
638 831 2
640 831 2
644 831 1
649 831 2
652 831 1
655 831 3
657 831 3
658 831 3
660 831 2
665 831 1
668 831 3
670 831 2
672 831 3
674 831 3
682 831 1
685 831 1
686 831 2
688 831 1
689 831 3
690 831 1
692 831 1
697 831 3
698 831 3
699 831 1
701 831 1
713 831 2
715 831 1
716 831 1
722 831 1
725 831 1
726 831 3
731 831 1
733 831 2
734 831 3
738 831 1
739 831 3
740 831 2
743 831 2
744 831 2
747 831 3
748 831 3
751 831 1
755 831 2
758 831 3
763 831 3
765 831 2
768 831 1
770 831 3
771 831 2
776 831 3
777 831 1
778 831 3
782 831 2
784 831 3
785 831 3
787 831 2
789 831 2
793 831 2
794 831 3
795 831 3
797 831 1
800 831 1
803 831 2
806 831 2
809 831 2
810 831 1
811 831 3
813 831 2
814 831 2
815 831 2
816 831 3
818 831 2
819 831 1
821 831 2
826 831 3
829 831 2
830 831 2
831 831 1
833 831 3
837 831 3
843 831 1
847 831 3
850 831 3
854 831 3
855 831 1
858 831 3
874 831 1
876 831 2
879 831 3
880 831 1
881 831 3
882 831 1
883 831 1
884 831 3
891 831 3
892 831 2
894 831 2
896 831 3
898 831 3
899 831 1
906 831 3
907 831 1
910 831 2
911 831 3
917 831 3
918 831 3
933 831 3
935 831 1
936 831 3
937 831 2
938 831 2
939 831 2
940 831 2
941 831 3
944 831 3
946 831 1
947 831 3
949 831 1
951 831 1
952 831 3
960 831 2
963 831 2
964 831 3
965 831 3
972 831 1
977 831 1
978 831 1
980 831 1
981 831 3
982 831 3
985 831 3
987 831 3
988 831 1
991 831 1
994 831 2
996 831 1
997 831 3
998 831 3
2 832 2
6 832 2
8 832 1
12 832 3
22 832 3
24 832 1
30 832 3
33 832 2
38 832 2
41 832 1
44 832 3
47 832 3
48 832 1
51 832 3
60 832 3
62 832 3
63 832 2
64 832 3
66 832 2
69 832 3
71 832 2
76 832 1
78 832 3
82 832 1
86 832 3
88 832 3
89 832 1
90 832 1
91 832 1
93 832 1
97 832 3
99 832 1
105 832 2
108 832 2
111 832 3
113 832 2
114 832 3
115 832 2
119 832 3
122 832 2
124 832 3
126 832 3
129 832 2
133 832 3
134 832 1
136 832 2
137 832 2
139 832 2
141 832 1
143 832 2
146 832 3
149 832 2
150 832 1
152 832 1
155 832 3
156 832 3
161 832 2
164 832 1
171 832 1
173 832 2
177 832 1
182 832 3
183 832 2
188 832 1
191 832 1
193 832 2
196 832 3
200 832 3
202 832 2
204 832 3
205 832 2
206 832 3
209 832 3
214 832 2
215 832 2
216 832 3
218 832 1
225 832 3
231 832 2
232 832 2
234 832 3
237 832 3
238 832 2
239 832 2
240 832 1
241 832 2
242 832 2
244 832 1
248 832 2
253 832 3
254 832 1
255 832 1
256 832 3
258 832 1
260 832 1
263 832 1
267 832 1
268 832 2
269 832 2
271 832 1
274 832 2
280 832 1
281 832 1
283 832 3
285 832 2
287 832 2
294 832 3
298 832 2
302 832 1
304 832 2
311 832 2
312 832 1
313 832 2
316 832 3
321 832 1
323 832 3
324 832 1
328 832 3
339 832 3
344 832 1
347 832 2
350 832 1
351 832 3
357 832 3
362 832 3
367 832 1
368 832 3
371 832 1
373 832 3
374 832 1
378 832 3
386 832 1
388 832 2
389 832 1
392 832 1
393 832 3
394 832 1
398 832 3
406 832 1
410 832 1
413 832 2
415 832 3
416 832 1
417 832 1
418 832 1
420 832 1
423 832 1
426 832 3
430 832 2
434 832 2
435 832 1
436 832 1
437 832 2
438 832 1
439 832 1
440 832 1
451 832 2
452 832 1
453 832 1
456 832 2
462 832 2
464 832 2
467 832 3
468 832 2
475 832 1
478 832 1
486 832 2
491 832 2
504 832 1
507 832 2
510 832 3
536 832 2
537 832 1
539 832 1
540 832 2
547 832 3
548 832 3
549 832 1
554 832 1
558 832 1
562 832 1
564 832 1
569 832 3
570 832 3
571 832 2
574 832 3
576 832 3
580 832 1
585 832 2
589 832 3
590 832 1
591 832 1
593 832 3
594 832 3
598 832 3
599 832 3
602 832 2
603 832 1
604 832 3
605 832 1
607 832 2
610 832 1
615 832 3
617 832 1
620 832 3
630 832 3
635 832 3
639 832 3
642 832 2
646 832 3
647 832 2
648 832 3
657 832 3
658 832 2
660 832 2
662 832 2
664 832 1
665 832 3
667 832 2
668 832 1
673 832 1
674 832 1
677 832 1
680 832 3
685 832 3
691 832 1
692 832 2
695 832 2
697 832 1
700 832 2
704 832 1
708 832 2
710 832 1
713 832 1
715 832 1
716 832 3
718 832 3
721 832 3
725 832 2
727 832 3
728 832 1
731 832 2
732 832 1
