406 860 1
411 860 1
416 860 1
418 860 2
420 860 1
424 860 1
425 860 1
431 860 1
433 860 3
436 860 2
437 860 2
440 860 2
442 860 2
445 860 2
448 860 1
449 860 2
453 860 2
456 860 1
457 860 3
460 860 2
463 860 1
466 860 1
467 860 1
472 860 1
475 860 3
477 860 2
478 860 1
481 860 3
483 860 1
488 860 1
492 860 2
493 860 2
499 860 3
500 860 2
506 860 3
507 860 3
509 860 3
510 860 3
511 860 1
517 860 1
522 860 1
524 860 2
529 860 2
530 860 2
532 860 1
534 860 2
536 860 1
537 860 3
539 860 2
540 860 3
541 860 1
552 860 2
554 860 1
567 860 1
570 860 3
571 860 1
576 860 1
577 860 1
578 860 3
579 860 2
588 860 2
591 860 3
593 860 1
595 860 1
597 860 3
598 860 2
603 860 1
607 860 3
614 860 3
625 860 3
627 860 1
629 860 1
631 860 3
633 860 1
640 860 1
642 860 1
643 860 2
646 860 1
648 860 2
665 860 3
667 860 2
669 860 3
670 860 1
674 860 2
677 860 2
678 860 3
681 860 1
682 860 3
683 860 1
684 860 1
690 860 2
691 860 2
695 860 3
696 860 3
701 860 1
703 860 1
707 860 2
713 860 1
715 860 1
716 860 3
717 860 3
718 860 1
720 860 3
726 860 1
727 860 3
731 860 1
733 860 2
734 860 3
737 860 2
743 860 2
744 860 2
749 860 2
750 860 1
755 860 3
756 860 2
760 860 2
762 860 2
766 860 3
773 860 3
779 860 1
783 860 1
784 860 3
786 860 3
788 860 1
790 860 1
791 860 3
796 860 1
798 860 3
799 860 2
805 860 3
806 860 1
808 860 2
811 860 1
819 860 2
821 860 3
824 860 2
828 860 2
829 860 1
833 860 3
838 860 2
846 860 2
847 860 3
850 860 2
855 860 3
859 860 3
862 860 2
865 860 3
866 860 3
867 860 1
873 860 1
875 860 2
880 860 2
883 860 2
886 860 3
887 860 1
891 860 2
897 860 3
901 860 1
906 860 2
911 860 2
917 860 3
918 860 1
920 860 1
921 860 2
927 860 3
928 860 2
929 860 1
933 860 1
934 860 2
937 860 1
945 860 1
949 860 3
953 860 3
955 860 2
958 860 3
963 860 1
964 860 1
965 860 3
967 860 2
968 860 2
973 860 3
975 860 2
979 860 2
981 860 2
984 860 3
985 860 3
988 860 2
992 860 2
4 861 1
8 861 1
14 861 3
17 861 1
21 861 2
22 861 3
29 861 3
31 861 1
34 861 2
37 861 3
40 861 2
45 861 2
46 861 1
48 861 3
51 861 3
52 861 3
53 861 3
54 861 3
55 861 1
56 861 3
58 861 1
65 861 3
66 861 1
72 861 1
74 861 2
81 861 1
83 861 2
93 861 3
97 861 3
102 861 2
103 861 2
104 861 2
105 861 1
107 861 1
109 861 1
111 861 3
112 861 2
115 861 3
116 861 2
121 861 2
125 861 3
134 861 2
135 861 1
141 861 2
143 861 1
144 861 2
149 861 3
153 861 1
155 861 2
164 861 2
166 861 1
167 861 3
174 861 1
175 861 1
176 861 3
182 861 1
183 861 2
190 861 1
195 861 3
196 861 3
197 861 2
201 861 1
202 861 1
205 861 2
215 861 3
217 861 3
219 861 2
220 861 1
221 861 2
224 861 1
226 861 1
227 861 3
233 861 1
234 861 1
237 861 1
240 861 2
242 861 2
245 861 3
246 861 2
248 861 1
250 861 2
264 861 3
265 861 1
269 861 3
270 861 2
272 861 1
273 861 2
275 861 2
276 861 2
283 861 3
284 861 2
291 861 3
292 861 3
294 861 1
296 861 1
297 861 2
298 861 3
312 861 3
314 861 1
315 861 2
316 861 3
318 861 1
320 861 1
329 861 3
331 861 3
334 861 1
335 861 1
349 861 1
355 861 3
356 861 3
358 861 2
361 861 2
363 861 2
372 861 2
373 861 1
383 861 1
385 861 1
386 861 3
388 861 3
389 861 2
390 861 2
394 861 1
396 861 1
399 861 3
400 861 3
405 861 3
408 861 3
409 861 2
412 861 3
416 861 1
418 861 3
420 861 2
422 861 3
423 861 3
424 861 1
429 861 2
430 861 1
431 861 2
437 861 3
443 861 1
444 861 1
446 861 3
448 861 1
451 861 1
452 861 1
453 861 1
457 861 1
464 861 2
469 861 2
473 861 1
477 861 1
478 861 3
479 861 2
481 861 1
483 861 2
486 861 2
494 861 3
496 861 1
498 861 1
500 861 3
503 861 2
505 861 2
515 861 1
516 861 3
535 861 1
536 861 2
537 861 2
545 861 3
548 861 3
552 861 3
554 861 3
557 861 1
558 861 3
564 861 1
566 861 3
570 861 2
574 861 2
582 861 2
584 861 1
593 861 1
595 861 3
596 861 3
600 861 2
602 861 1
603 861 2
604 861 1
607 861 3
611 861 1
613 861 1
614 861 2
616 861 2
617 861 3
620 861 1
621 861 3
627 861 2
630 861 1
636 861 1
640 861 3
641 861 1
642 861 2
646 861 3
647 861 1
650 861 3
651 861 2
655 861 1
656 861 2
657 861 1
662 861 3
664 861 2
666 861 2
667 861 3
669 861 2
670 861 1
676 861 1
677 861 2
680 861 2
681 861 2
683 861 3
684 861 2
688 861 1
692 861 1
694 861 2
698 861 3
700 861 2
704 861 3
709 861 2
712 861 3
716 861 3
722 861 1
723 861 1
724 861 2
725 861 2
728 861 2
731 861 1
736 861 3
737 861 1
739 861 3
741 861 2
742 861 2
746 861 3
749 861 2
752 861 1
755 861 3
756 861 1
762 861 2
763 861 1
765 861 2
771 861 3
772 861 2
774 861 1
775 861 3
776 861 3
779 861 1
781 861 2
783 861 1
784 861 2
785 861 1
789 861 2
790 861 1
792 861 2
798 861 3
806 861 1
809 861 1
818 861 1
819 861 3
820 861 3
821 861 3
826 861 1
834 861 3
839 861 1
841 861 3
843 861 1
844 861 3
850 861 2
852 861 3
853 861 1
855 861 3
856 861 2
858 861 1
859 861 1
860 861 2
868 861 3
870 861 3
874 861 2
879 861 3
881 861 2
884 861 3
885 861 3
886 861 3
888 861 1
892 861 1
893 861 1
900 861 2
904 861 2
906 861 2
908 861 3
911 861 3
913 861 1
914 861 3
916 861 1
923 861 2
924 861 2
925 861 2
931 861 1
933 861 2
934 861 2
936 861 1
938 861 3
941 861 1
959 861 1
960 861 1
962 861 2
963 861 3
964 861 2
966 861 3
969 861 1
974 861 3
975 861 1
977 861 1
979 861 2
980 861 2
982 861 1
983 861 3
984 861 3
989 861 1
992 861 3
993 861 3
994 861 3
995 861 1
0 862 2
1 862 1
2 862 3
3 862 1
8 862 3
10 862 1
12 862 1
14 862 2
15 862 1
18 862 3
19 862 2
20 862 2
28 862 3
30 862 2
31 862 1
32 862 3
37 862 2
39 862 2
41 862 2
44 862 1
51 862 2
54 862 2
58 862 1
61 862 1
63 862 3
64 862 2
66 862 2
71 862 3
72 862 3
75 862 1
76 862 2
78 862 3
81 862 3
82 862 1
83 862 2
97 862 3
98 862 2
99 862 1
101 862 1
102 862 3
105 862 2
111 862 3
112 862 3
121 862 3
122 862 3
123 862 3
124 862 1
129 862 2
135 862 1
139 862 2
141 862 3
144 862 1
145 862 2
146 862 2
148 862 3
149 862 3
151 862 3
153 862 2
159 862 3
161 862 1
166 862 2
170 862 3
176 862 3
179 862 2
181 862 2
185 862 1
188 862 3
191 862 1
195 862 1
197 862 1
198 862 1
200 862 1
202 862 2
203 862 1
204 862 3
205 862 1
208 862 2
209 862 3
210 862 3
212 862 2
214 862 3
218 862 1
222 862 3
223 862 3
224 862 1
227 862 1
228 862 3
232 862 2
236 862 2
239 862 1
247 862 1
254 862 2
259 862 3
260 862 2
264 862 2
270 862 1
283 862 3
291 862 3
302 862 2
304 862 2
308 862 3
309 862 1
310 862 1
316 862 3
319 862 1
320 862 1
321 862 1
324 862 2
325 862 3
326 862 2
329 862 3
330 862 3
338 862 2
340 862 1
344 862 1
347 862 1
348 862 1
349 862 1
354 862 2
355 862 1
358 862 3
361 862 1
363 862 2
366 862 3
367 862 1
372 862 1
376 862 1
384 862 2
395 862 1
397 862 1
403 862 3
405 862 2
408 862 2
415 862 3
417 862 3
418 862 1
419 862 1
423 862 2
426 862 3
428 862 1
437 862 2
442 862 1
446 862 2
449 862 1
458 862 2
460 862 1
462 862 3
463 862 3
464 862 3
