495 490 1
497 490 3
498 490 2
501 490 3
506 490 3
507 490 1
516 490 2
519 490 3
521 490 2
523 490 3
526 490 3
528 490 3
529 490 3
532 490 3
535 490 1
539 490 2
540 490 1
549 490 2
550 490 1
552 490 1
554 490 3
558 490 2
562 490 1
565 490 3
566 490 1
569 490 1
574 490 2
580 490 2
583 490 1
589 490 2
593 490 2
603 490 2
608 490 3
609 490 1
611 490 3
612 490 3
613 490 1
614 490 2
615 490 3
616 490 1
617 490 3
619 490 2
620 490 3
621 490 2
622 490 3
627 490 2
628 490 1
629 490 2
631 490 3
633 490 1
637 490 3
639 490 3
646 490 3
647 490 3
648 490 3
649 490 1
650 490 3
651 490 1
659 490 3
666 490 2
668 490 3
672 490 3
675 490 2
676 490 3
678 490 1
681 490 3
686 490 2
687 490 2
689 490 1
692 490 2
694 490 3
698 490 3
699 490 1
707 490 1
710 490 1
711 490 1
718 490 1
720 490 1
721 490 1
723 490 3
724 490 3
728 490 3
731 490 2
739 490 1
745 490 2
748 490 2
749 490 1
751 490 3
752 490 2
753 490 1
756 490 1
757 490 3
760 490 2
761 490 3
766 490 3
767 490 2
769 490 2
770 490 3
773 490 2
775 490 3
776 490 3
777 490 2
778 490 1
784 490 2
785 490 3
787 490 3
789 490 2
790 490 3
794 490 1
804 490 2
806 490 1
807 490 1
808 490 2
811 490 2
814 490 3
819 490 3
821 490 1
822 490 3
823 490 1
826 490 1
828 490 2
831 490 2
834 490 3
835 490 1
839 490 1
840 490 2
842 490 1
845 490 3
846 490 3
853 490 2
854 490 3
855 490 1
857 490 1
858 490 3
860 490 2
861 490 2
872 490 2
874 490 3
884 490 1
890 490 1
891 490 1
894 490 2
895 490 3
896 490 2
897 490 1
900 490 2
903 490 2
905 490 2
908 490 2
911 490 2
912 490 1
914 490 3
916 490 3
918 490 1
920 490 3
923 490 1
927 490 3
929 490 3
930 490 2
935 490 2
936 490 1
937 490 3
939 490 1
943 490 3
945 490 2
948 490 2
949 490 1
952 490 2
957 490 2
959 490 3
960 490 1
962 490 1
963 490 3
965 490 1
966 490 2
971 490 3
977 490 3
979 490 2
981 490 1
982 490 3
985 490 1
987 490 1
993 490 2
994 490 2
995 490 3
0 491 2
1 491 3
3 491 3
5 491 2
6 491 3
7 491 1
9 491 2
12 491 1
13 491 3
16 491 2
17 491 2
20 491 3
28 491 2
29 491 1
30 491 2
33 491 1
38 491 1
40 491 2
43 491 3
49 491 1
50 491 1
51 491 2
55 491 1
57 491 3
61 491 3
64 491 1
66 491 1
67 491 3
72 491 2
73 491 2
78 491 2
79 491 2
83 491 2
88 491 3
91 491 2
92 491 2
94 491 1
95 491 1
96 491 1
97 491 3
99 491 1
102 491 1
105 491 2
107 491 2
108 491 2
110 491 1
112 491 1
113 491 1
115 491 3
117 491 2
119 491 2
124 491 2
127 491 2
128 491 3
147 491 1
149 491 2
158 491 3
162 491 2
163 491 1
165 491 1
168 491 2
175 491 1
176 491 1
178 491 2
180 491 2
188 491 2
194 491 1
196 491 2
198 491 2
204 491 2
205 491 3
213 491 2
214 491 3
216 491 3
226 491 3
228 491 3
229 491 3
231 491 2
233 491 1
235 491 2
236 491 2
239 491 3
240 491 3
246 491 1
247 491 1
249 491 3
251 491 3
252 491 3
253 491 3
254 491 1
255 491 2
267 491 1
269 491 1
270 491 2
273 491 1
275 491 3
283 491 2
296 491 3
299 491 3
305 491 3
312 491 3
323 491 3
326 491 3
328 491 2
334 491 2
335 491 2
337 491 2
339 491 1
343 491 3
344 491 1
346 491 3
347 491 2
348 491 1
349 491 3
350 491 1
351 491 3
353 491 3
357 491 2
361 491 1
365 491 2
368 491 2
371 491 2
372 491 2
380 491 2
381 491 2
384 491 3
385 491 1
387 491 3
393 491 1
394 491 1
396 491 1
397 491 3
401 491 2
406 491 2
408 491 3
413 491 2
414 491 2
419 491 3
424 491 3
427 491 1
434 491 1
444 491 2
449 491 1
450 491 2
453 491 2
455 491 2
458 491 2
462 491 1
463 491 2
464 491 1
468 491 2
473 491 2
474 491 2
478 491 1
479 491 1
481 491 1
482 491 3
486 491 2
488 491 1
489 491 3
492 491 2
493 491 3
495 491 3
496 491 3
497 491 1
505 491 1
506 491 1
508 491 2
509 491 2
517 491 2
521 491 2
525 491 1
542 491 1
545 491 1
547 491 3
551 491 3
557 491 3
558 491 2
559 491 1
561 491 2
562 491 1
567 491 1
568 491 1
569 491 1
571 491 1
573 491 2
575 491 2
577 491 2
582 491 2
583 491 1
584 491 1
587 491 1
589 491 2
595 491 3
596 491 3
599 491 1
601 491 1
607 491 3
611 491 1
612 491 1
615 491 3
619 491 3
621 491 3
625 491 2
627 491 1
628 491 2
633 491 3
635 491 1
637 491 3
640 491 3
646 491 3
647 491 2
648 491 3
650 491 3
652 491 1
653 491 2
654 491 2
655 491 3
659 491 1
664 491 3
665 491 1
666 491 3
680 491 2
681 491 3
683 491 2
686 491 2
691 491 2
693 491 3
698 491 3
699 491 1
700 491 1
701 491 2
703 491 3
708 491 2
709 491 3
713 491 1
714 491 1
715 491 2
716 491 1
721 491 3
722 491 1
725 491 2
728 491 3
732 491 1
735 491 2
736 491 1
740 491 1
742 491 1
744 491 2
745 491 3
751 491 1
752 491 2
759 491 1
760 491 2
761 491 2
762 491 3
763 491 1
764 491 3
765 491 3
769 491 2
770 491 3
773 491 1
775 491 2
776 491 3
780 491 1
789 491 1
791 491 1
792 491 2
794 491 2
797 491 2
798 491 2
799 491 1
800 491 2
805 491 2
808 491 1
809 491 2
810 491 3
815 491 1
819 491 1
821 491 2
824 491 1
832 491 3
839 491 3
840 491 3
841 491 1
846 491 3
847 491 1
848 491 3
850 491 2
855 491 3
856 491 3
857 491 2
858 491 2
859 491 2
866 491 2
869 491 2
878 491 3
879 491 1
881 491 1
883 491 2
884 491 1
885 491 1
892 491 1
893 491 1
895 491 1
897 491 1
901 491 1
902 491 2
903 491 2
904 491 3
908 491 1
914 491 1
919 491 2
920 491 1
922 491 1
926 491 3
927 491 1
928 491 3
929 491 1
930 491 3
932 491 3
934 491 1
938 491 2
947 491 2
951 491 1
952 491 3
954 491 3
958 491 3
965 491 2
967 491 2
968 491 2
974 491 1
976 491 1
977 491 3
979 491 2
982 491 3
983 491 3
986 491 3
990 491 3
991 491 3
992 491 1
994 491 2
998 491 3
5 492 3
6 492 3
7 492 3
8 492 1
11 492 1
14 492 3
16 492 1
19 492 1
21 492 1
23 492 3
25 492 3
26 492 2
33 492 3
36 492 1
39 492 2
40 492 2
42 492 1
44 492 2
50 492 2
51 492 1
58 492 2
59 492 2
60 492 1
62 492 1
63 492 3
64 492 3
69 492 2
74 492 2
76 492 1
78 492 1
81 492 3
82 492 2
83 492 2
87 492 2
91 492 2
97 492 3
104 492 3
110 492 2
111 492 1
116 492 3
117 492 3
119 492 1
122 492 3
126 492 2
132 492 2
133 492 1
134 492 1
135 492 1
137 492 2
146 492 2
149 492 3
153 492 1
154 492 2
158 492 1
162 492 2
166 492 2
171 492 2
172 492 3
174 492 2
180 492 1
185 492 2
187 492 3
190 492 2
191 492 3
197 492 3
198 492 1
209 492 1
212 492 3
214 492 3
215 492 1
216 492 2
221 492 1
226 492 2
228 492 3
240 492 1
247 492 1
248 492 2
249 492 3
252 492 1
255 492 1
256 492 1
259 492 3
264 492 1
268 492 3
276 492 2
277 492 2
279 492 2
281 492 2
282 492 2
285 492 1
287 492 1
290 492 2
292 492 1
294 492 2
298 492 3
302 492 1
303 492 2
305 492 1
307 492 2
309 492 1
311 492 2
313 492 2
315 492 2
316 492 3
318 492 1
323 492 2
324 492 2
340 492 3
341 492 3
344 492 2
345 492 1
346 492 3
347 492 2
350 492 1
352 492 2
356 492 3
359 492 3
363 492 2
366 492 3
369 492 3
370 492 1
373 492 3
374 492 3
378 492 2
379 492 2
381 492 1
382 492 1
383 492 1
389 492 1
392 492 2
396 492 1
399 492 3
403 492 1
405 492 2
409 492 3
413 492 2
415 492 1
416 492 1
