307 540 2
309 540 3
311 540 2
315 540 1
322 540 2
328 540 3
332 540 1
333 540 2
334 540 2
339 540 1
340 540 3
346 540 2
355 540 2
357 540 3
358 540 3
360 540 3
370 540 1
374 540 3
375 540 1
377 540 3
381 540 2
382 540 3
383 540 2
389 540 3
391 540 3
392 540 2
394 540 3
396 540 3
400 540 3
410 540 2
419 540 2
421 540 1
422 540 2
423 540 2
434 540 1
438 540 3
441 540 2
442 540 2
454 540 2
456 540 3
458 540 3
460 540 2
467 540 3
468 540 3
469 540 3
474 540 2
477 540 3
478 540 2
481 540 1
482 540 1
487 540 1
495 540 3
496 540 2
499 540 2
500 540 2
505 540 2
506 540 2
508 540 1
509 540 2
510 540 1
512 540 3
513 540 2
520 540 2
522 540 2
525 540 1
526 540 3
528 540 3
539 540 3
543 540 1
544 540 1
550 540 2
551 540 3
556 540 2
558 540 2
562 540 3
563 540 1
570 540 3
577 540 2
578 540 2
579 540 3
583 540 1
585 540 1
586 540 3
587 540 3
588 540 1
590 540 3
592 540 2
596 540 2
598 540 1
599 540 3
601 540 1
606 540 1
613 540 3
615 540 1
621 540 1
623 540 3
629 540 2
638 540 3
639 540 3
643 540 3
644 540 3
646 540 1
648 540 2
668 540 2
669 540 1
671 540 1
672 540 1
673 540 3
677 540 3
683 540 2
687 540 2
688 540 1
690 540 2
691 540 3
693 540 1
696 540 3
697 540 3
698 540 1
705 540 1
706 540 3
713 540 2
714 540 3
715 540 2
716 540 2
719 540 3
722 540 1
725 540 2
732 540 2
734 540 3
736 540 1
741 540 2
744 540 3
746 540 3
753 540 1
756 540 3
761 540 3
775 540 1
777 540 1
781 540 1
782 540 3
783 540 2
792 540 2
795 540 3
797 540 1
798 540 2
799 540 3
800 540 3
806 540 2
811 540 1
815 540 1
816 540 1
820 540 1
823 540 3
826 540 3
828 540 3
829 540 2
830 540 2
831 540 3
833 540 2
837 540 2
838 540 2
840 540 1
841 540 1
842 540 1
843 540 1
844 540 2
845 540 1
846 540 1
847 540 2
848 540 2
856 540 3
857 540 3
858 540 2
859 540 2
864 540 2
867 540 3
870 540 2
871 540 3
873 540 1
879 540 2
880 540 1
883 540 1
884 540 2
885 540 3
888 540 2
892 540 1
901 540 3
902 540 3
908 540 2
911 540 2
912 540 3
917 540 1
919 540 3
921 540 2
926 540 1
927 540 3
932 540 2
935 540 2
936 540 3
948 540 3
949 540 3
954 540 1
957 540 1
959 540 3
963 540 3
964 540 1
971 540 1
975 540 1
978 540 2
983 540 2
985 540 3
987 540 3
989 540 1
991 540 1
996 540 3
997 540 2
999 540 1
2 541 3
7 541 2
11 541 2
14 541 1
17 541 3
18 541 1
19 541 3
20 541 3
22 541 2
23 541 2
24 541 1
27 541 2
30 541 1
31 541 3
34 541 3
35 541 2
36 541 3
37 541 3
41 541 2
43 541 3
44 541 1
46 541 2
48 541 2
53 541 3
55 541 1
56 541 2
57 541 1
59 541 1
67 541 3
71 541 1
72 541 1
73 541 2
74 541 3
77 541 3
87 541 2
88 541 2
93 541 1
99 541 1
106 541 1
108 541 2
118 541 3
119 541 1
121 541 2
126 541 1
128 541 1
131 541 1
133 541 2
136 541 1
144 541 3
145 541 1
148 541 2
149 541 3
151 541 1
152 541 1
153 541 2
154 541 3
159 541 3
161 541 1
163 541 3
165 541 1
166 541 2
167 541 1
172 541 1
175 541 2
176 541 1
178 541 1
180 541 1
182 541 1
186 541 2
189 541 2
191 541 1
194 541 3
200 541 3
203 541 1
207 541 1
211 541 2
213 541 2
225 541 2
232 541 3
234 541 2
235 541 2
238 541 2
239 541 3
242 541 1
243 541 1
246 541 2
248 541 3
263 541 1
264 541 2
266 541 1
269 541 3
270 541 3
281 541 2
284 541 1
286 541 1
288 541 1
289 541 1
292 541 3
298 541 3
304 541 2
308 541 1
309 541 1
312 541 2
313 541 1
314 541 1
317 541 1
320 541 2
322 541 1
323 541 2
324 541 3
326 541 3
327 541 3
330 541 1
335 541 1
337 541 2
343 541 2
345 541 1
346 541 2
349 541 1
350 541 2
362 541 2
365 541 3
367 541 3
369 541 3
372 541 3
373 541 3
375 541 1
378 541 2
380 541 3
384 541 1
389 541 3
390 541 1
392 541 2
393 541 2
394 541 2
395 541 1
398 541 2
399 541 1
400 541 3
404 541 1
407 541 3
411 541 3
413 541 3
416 541 3
418 541 3
427 541 1
430 541 2
435 541 2
438 541 3
440 541 1
441 541 3
444 541 2
447 541 1
450 541 2
452 541 3
454 541 1
459 541 3
462 541 3
470 541 2
471 541 1
474 541 2
480 541 2
482 541 3
485 541 3
486 541 3
487 541 1
488 541 3
493 541 3
494 541 3
496 541 3
509 541 3
512 541 1
514 541 1
519 541 2
521 541 3
522 541 3
525 541 1
533 541 2
536 541 1
537 541 2
540 541 1
546 541 2
547 541 1
549 541 3
562 541 1
563 541 2
564 541 2
565 541 2
566 541 1
567 541 2
568 541 2
569 541 1
574 541 3
576 541 3
577 541 3
588 541 3
589 541 2
593 541 1
594 541 1
596 541 3
601 541 1
603 541 3
604 541 1
606 541 2
609 541 2
614 541 1
624 541 2
631 541 1
632 541 1
633 541 2
638 541 3
639 541 3
640 541 1
643 541 2
646 541 1
647 541 1
651 541 2
652 541 1
656 541 3
659 541 1
662 541 3
663 541 2
664 541 2
666 541 3
668 541 2
669 541 2
671 541 2
673 541 3
674 541 3
676 541 3
677 541 2
682 541 3
683 541 1
685 541 1
688 541 2
691 541 1
693 541 1
694 541 1
699 541 3
701 541 3
703 541 2
704 541 2
705 541 1
706 541 1
713 541 1
716 541 1
718 541 2
720 541 2
721 541 2
722 541 1
723 541 3
740 541 3
743 541 1
747 541 3
748 541 2
752 541 1
753 541 1
754 541 3
756 541 3
758 541 3
761 541 1
766 541 3
773 541 2
775 541 1
790 541 3
794 541 3
796 541 1
797 541 2
799 541 2
800 541 3
801 541 2
803 541 3
804 541 3
809 541 1
812 541 2
814 541 2
818 541 2
819 541 2
821 541 3
822 541 1
832 541 3
836 541 2
837 541 1
840 541 1
844 541 3
845 541 1
854 541 3
857 541 1
858 541 3
859 541 2
861 541 2
863 541 1
866 541 3
867 541 2
868 541 1
871 541 3
872 541 2
875 541 2
876 541 1
877 541 1
882 541 3
883 541 2
886 541 3
889 541 1
892 541 3
893 541 3
896 541 1
897 541 3
903 541 3
904 541 3
906 541 1
907 541 3
908 541 1
909 541 2
911 541 2
912 541 2
917 541 3
918 541 3
919 541 2
933 541 3
937 541 2
939 541 2
941 541 1
948 541 1
950 541 1
953 541 3
957 541 3
960 541 2
961 541 2
962 541 2
963 541 2
967 541 1
968 541 3
971 541 2
972 541 1
976 541 2
977 541 1
981 541 1
988 541 2
989 541 2
991 541 3
993 541 3
996 541 3
997 541 2
1 542 1
3 542 1
5 542 2
8 542 2
9 542 2
12 542 3
13 542 2
17 542 1
20 542 1
22 542 1
23 542 3
26 542 3
27 542 1
28 542 1
29 542 3
31 542 3
32 542 1
34 542 1
35 542 2
36 542 1
39 542 3
40 542 2
43 542 1
44 542 2
46 542 2
47 542 2
48 542 2
49 542 2
51 542 1
52 542 1
53 542 2
55 542 2
59 542 2
61 542 3
63 542 1
64 542 3
67 542 2
69 542 2
72 542 3
83 542 1
89 542 1
90 542 1
92 542 3
94 542 2
96 542 1
97 542 3
99 542 2
105 542 2
106 542 2
108 542 2
110 542 2
112 542 2
115 542 1
117 542 1
118 542 1
119 542 3
120 542 1
121 542 3
130 542 2
134 542 2
141 542 3
145 542 2
146 542 1
149 542 3
150 542 2
153 542 1
156 542 3
157 542 1
158 542 1
162 542 1
172 542 2
174 542 1
178 542 3
180 542 1
185 542 1
187 542 2
188 542 2
193 542 2
194 542 2
197 542 2
198 542 2
200 542 2
201 542 1
203 542 1
204 542 1
205 542 2
209 542 1
211 542 3
212 542 3
216 542 3
217 542 3
219 542 3
220 542 2
222 542 2
224 542 3
226 542 1
227 542 2
237 542 2
238 542 2
240 542 1
242 542 3
243 542 2
246 542 2
247 542 1
250 542 2
