419 492 3
420 492 3
423 492 1
427 492 1
430 492 2
432 492 2
433 492 3
438 492 1
441 492 2
445 492 3
448 492 2
451 492 2
452 492 1
454 492 3
455 492 1
456 492 3
460 492 1
461 492 2
463 492 2
464 492 3
465 492 2
466 492 2
467 492 2
471 492 2
472 492 3
473 492 3
476 492 1
477 492 1
482 492 1
484 492 3
486 492 2
487 492 3
488 492 1
489 492 2
493 492 1
495 492 2
496 492 2
497 492 3
498 492 2
499 492 2
504 492 1
506 492 2
508 492 3
510 492 3
514 492 3
520 492 3
521 492 2
522 492 1
524 492 3
528 492 2
533 492 1
536 492 1
539 492 1
543 492 1
545 492 2
549 492 1
552 492 1
554 492 2
555 492 3
558 492 2
561 492 2
564 492 3
565 492 3
568 492 2
569 492 3
570 492 3
571 492 2
575 492 2
584 492 1
588 492 2
589 492 2
592 492 3
594 492 1
597 492 1
599 492 1
600 492 2
602 492 1
604 492 3
606 492 3
610 492 1
611 492 3
615 492 3
620 492 1
623 492 2
624 492 2
626 492 3
630 492 2
633 492 1
634 492 1
642 492 3
645 492 3
647 492 1
651 492 1
652 492 2
654 492 2
655 492 2
657 492 3
658 492 3
668 492 3
669 492 1
670 492 1
672 492 2
678 492 3
679 492 2
684 492 1
691 492 1
694 492 1
696 492 2
698 492 2
703 492 3
709 492 3
710 492 3
711 492 3
720 492 3
721 492 1
722 492 2
724 492 2
729 492 2
730 492 2
731 492 2
734 492 3
735 492 3
740 492 1
741 492 3
742 492 1
745 492 2
749 492 3
753 492 3
757 492 1
767 492 1
772 492 2
774 492 1
776 492 1
781 492 2
784 492 3
786 492 3
789 492 1
792 492 1
793 492 2
797 492 2
798 492 1
801 492 3
803 492 2
806 492 2
808 492 2
810 492 3
811 492 1
813 492 2
816 492 1
820 492 2
822 492 1
830 492 2
834 492 3
840 492 2
841 492 1
842 492 3
844 492 1
846 492 3
848 492 2
850 492 1
855 492 1
856 492 1
860 492 3
861 492 2
862 492 2
864 492 2
867 492 3
869 492 2
872 492 1
873 492 1
875 492 3
878 492 2
880 492 2
881 492 1
882 492 3
883 492 2
886 492 2
888 492 1
889 492 3
895 492 3
901 492 2
903 492 3
906 492 2
912 492 1
917 492 3
918 492 2
919 492 2
923 492 2
929 492 1
932 492 3
933 492 1
938 492 2
939 492 1
940 492 1
941 492 1
946 492 2
950 492 2
951 492 3
953 492 2
954 492 3
960 492 1
963 492 3
965 492 1
967 492 2
969 492 2
972 492 3
973 492 1
974 492 3
978 492 2
980 492 3
984 492 3
987 492 1
989 492 3
992 492 1
997 492 2
998 492 2
999 492 2
6 493 1
7 493 3
9 493 3
10 493 1
11 493 2
14 493 2
18 493 1
21 493 1
22 493 2
26 493 2
28 493 2
34 493 2
35 493 2
37 493 1
40 493 2
43 493 1
44 493 3
53 493 1
54 493 3
56 493 1
57 493 2
60 493 1
63 493 2
67 493 1
69 493 3
71 493 1
77 493 2
78 493 2
79 493 3
80 493 1
82 493 1
86 493 3
93 493 2
95 493 1
97 493 1
98 493 3
101 493 2
102 493 2
103 493 1
108 493 2
116 493 1
117 493 3
118 493 3
121 493 3
123 493 1
126 493 1
127 493 2
128 493 3
129 493 1
130 493 3
139 493 1
142 493 2
149 493 3
152 493 3
155 493 2
158 493 2
159 493 3
168 493 1
170 493 1
171 493 2
179 493 1
182 493 1
183 493 3
185 493 3
186 493 3
191 493 1
192 493 2
196 493 3
202 493 2
203 493 2
207 493 1
208 493 2
212 493 1
214 493 2
218 493 1
219 493 3
223 493 2
225 493 1
228 493 1
229 493 2
231 493 1
234 493 1
235 493 3
243 493 2
244 493 2
249 493 1
250 493 2
254 493 2
258 493 3
259 493 1
263 493 3
264 493 1
266 493 1
270 493 1
282 493 3
293 493 1
294 493 2
295 493 1
300 493 3
302 493 2
305 493 2
306 493 3
308 493 2
310 493 2
320 493 1
321 493 3
329 493 3
331 493 2
338 493 3
348 493 3
351 493 1
354 493 3
359 493 2
361 493 2
363 493 1
365 493 1
370 493 3
378 493 3
379 493 3
380 493 3
381 493 3
382 493 1
383 493 1
386 493 1
389 493 2
390 493 3
392 493 1
393 493 1
395 493 1
396 493 1
398 493 3
399 493 1
400 493 2
401 493 1
404 493 3
409 493 2
417 493 1
418 493 3
419 493 2
427 493 3
429 493 2
430 493 3
431 493 3
438 493 1
440 493 3
443 493 2
448 493 1
449 493 1
454 493 1
458 493 2
465 493 3
468 493 1
469 493 1
470 493 3
471 493 1
477 493 1
479 493 1
480 493 1
491 493 3
494 493 3
500 493 2
505 493 2
508 493 2
510 493 2
512 493 1
523 493 2
524 493 3
525 493 1
526 493 2
531 493 3
532 493 3
533 493 3
535 493 1
538 493 2
541 493 3
543 493 1
545 493 2
546 493 3
548 493 1
554 493 1
556 493 1
561 493 1
562 493 1
565 493 1
568 493 2
570 493 1
573 493 2
576 493 3
579 493 1
580 493 2
583 493 2
584 493 3
587 493 2
593 493 3
595 493 3
600 493 2
604 493 3
606 493 2
614 493 3
615 493 3
628 493 1
629 493 2
635 493 2
636 493 2
637 493 1
638 493 1
642 493 1
649 493 1
653 493 2
656 493 1
659 493 2
662 493 2
669 493 1
670 493 3
671 493 1
678 493 2
680 493 1
681 493 2
686 493 1
690 493 2
698 493 2
704 493 3
705 493 3
714 493 1
715 493 3
716 493 2
720 493 3
722 493 2
725 493 2
728 493 1
730 493 3
732 493 2
737 493 2
742 493 1
748 493 3
749 493 2
760 493 3
763 493 3
764 493 3
765 493 2
766 493 2
767 493 1
768 493 1
781 493 2
782 493 2
787 493 1
789 493 2
794 493 1
795 493 1
797 493 3
806 493 1
807 493 3
817 493 1
822 493 3
831 493 2
834 493 2
836 493 1
839 493 1
842 493 1
846 493 3
854 493 1
856 493 2
858 493 2
862 493 1
863 493 3
867 493 1
868 493 2
870 493 3
877 493 2
881 493 1
882 493 2
883 493 3
884 493 1
886 493 2
887 493 1
892 493 3
893 493 2
896 493 1
900 493 3
908 493 2
910 493 1
921 493 1
925 493 2
928 493 3
931 493 1
935 493 2
937 493 3
939 493 2
940 493 2
941 493 2
944 493 2
945 493 2
951 493 1
956 493 1
957 493 2
960 493 1
965 493 3
966 493 1
967 493 1
973 493 2
977 493 2
978 493 3
980 493 3
986 493 1
987 493 2
990 493 2
991 493 1
993 493 3
997 493 1
7 494 3
9 494 1
12 494 1
14 494 3
19 494 1
20 494 3
25 494 2
28 494 2
39 494 2
42 494 3
43 494 1
44 494 3
47 494 3
49 494 1
50 494 3
51 494 1
52 494 3
55 494 2
56 494 2
57 494 2
59 494 1
61 494 2
62 494 3
64 494 3
65 494 1
72 494 3
74 494 1
77 494 1
79 494 1
81 494 2
87 494 1
90 494 2
92 494 2
93 494 2
101 494 2
102 494 2
104 494 3
108 494 3
110 494 3
119 494 1
120 494 3
124 494 1
126 494 2
127 494 3
129 494 3
135 494 1
136 494 2
139 494 1
141 494 2
144 494 1
145 494 1
146 494 3
148 494 2
149 494 1
153 494 3
157 494 2
161 494 2
163 494 2
166 494 3
167 494 2
168 494 2
172 494 1
175 494 1
176 494 1
179 494 2
189 494 3
195 494 1
198 494 2
205 494 3
209 494 1
212 494 2
213 494 1
219 494 1
220 494 1
223 494 1
225 494 2
226 494 3
230 494 2
235 494 1
241 494 1
242 494 2
245 494 1
246 494 3
254 494 2
255 494 2
260 494 2
265 494 3
266 494 3
271 494 2
273 494 3
281 494 3
283 494 2
284 494 2
288 494 1
289 494 3
290 494 3
291 494 1
292 494 2
298 494 1
304 494 1
305 494 3
306 494 2
308 494 2
311 494 3
317 494 1
321 494 3
324 494 3
328 494 1
331 494 1
338 494 2
344 494 2
349 494 1
353 494 1
355 494 3
359 494 3
362 494 1
364 494 1
368 494 1
369 494 3
370 494 3
372 494 1
374 494 3
379 494 1
382 494 3
384 494 1
386 494 3
388 494 3
390 494 2
392 494 2
394 494 3
396 494 2
398 494 2
400 494 2
404 494 1
406 494 1
412 494 2
415 494 3
416 494 2
422 494 1
424 494 3
