282 704 2
283 704 2
285 704 3
287 704 3
288 704 3
290 704 1
291 704 1
293 704 1
296 704 1
300 704 3
303 704 1
304 704 2
305 704 2
312 704 2
313 704 3
315 704 2
316 704 2
319 704 2
325 704 1
327 704 1
332 704 1
343 704 2
346 704 3
347 704 3
354 704 2
355 704 2
362 704 1
366 704 3
368 704 2
371 704 3
372 704 2
373 704 1
374 704 2
378 704 3
382 704 3
386 704 3
391 704 1
392 704 3
394 704 2
400 704 3
405 704 1
406 704 1
409 704 1
411 704 2
417 704 2
418 704 3
419 704 1
421 704 3
426 704 1
427 704 1
430 704 2
432 704 1
434 704 2
435 704 3
438 704 1
441 704 2
443 704 2
445 704 2
446 704 2
447 704 2
449 704 3
450 704 2
452 704 2
454 704 2
455 704 2
457 704 1
461 704 3
465 704 2
466 704 2
468 704 1
473 704 2
475 704 3
476 704 1
483 704 2
488 704 1
494 704 3
501 704 3
503 704 2
506 704 3
509 704 2
512 704 1
513 704 2
514 704 3
517 704 2
518 704 2
522 704 2
523 704 1
528 704 3
532 704 1
536 704 1
539 704 2
543 704 3
555 704 2
557 704 2
561 704 2
563 704 3
564 704 2
571 704 3
579 704 3
580 704 3
581 704 1
582 704 3
583 704 1
585 704 2
590 704 3
591 704 3
593 704 3
595 704 3
597 704 1
599 704 2
600 704 2
601 704 2
612 704 3
614 704 3
615 704 1
616 704 2
619 704 1
620 704 2
621 704 2
622 704 1
623 704 1
625 704 3
626 704 3
628 704 2
629 704 2
632 704 2
636 704 2
638 704 3
640 704 3
642 704 2
649 704 1
650 704 3
651 704 1
652 704 2
656 704 2
657 704 1
661 704 3
662 704 1
665 704 2
667 704 1
670 704 3
673 704 1
675 704 2
680 704 3
681 704 1
689 704 3
694 704 2
698 704 1
701 704 3
704 704 3
707 704 3
711 704 2
713 704 3
714 704 2
715 704 1
716 704 3
717 704 2
718 704 3
720 704 2
722 704 2
725 704 3
727 704 1
729 704 3
730 704 1
737 704 1
740 704 1
742 704 3
746 704 3
752 704 1
762 704 2
766 704 1
767 704 3
768 704 1
773 704 1
775 704 1
779 704 2
780 704 3
787 704 3
795 704 2
796 704 2
801 704 1
804 704 1
806 704 1
808 704 1
810 704 3
813 704 1
816 704 1
817 704 1
818 704 2
819 704 1
820 704 1
822 704 3
825 704 2
832 704 1
847 704 1
852 704 2
853 704 2
859 704 3
862 704 2
868 704 3
870 704 1
871 704 3
873 704 2
880 704 1
887 704 2
888 704 1
890 704 1
897 704 3
902 704 2
904 704 1
905 704 3
909 704 3
918 704 3
919 704 2
920 704 3
923 704 1
924 704 1
925 704 3
926 704 1
927 704 1
928 704 2
933 704 1
934 704 1
935 704 2
937 704 1
939 704 1
941 704 1
951 704 3
954 704 2
956 704 3
958 704 3
959 704 1
960 704 1
961 704 1
965 704 3
966 704 2
971 704 2
974 704 3
976 704 1
978 704 1
985 704 1
989 704 3
990 704 3
991 704 2
1 705 2
5 705 2
7 705 2
10 705 2
14 705 2
24 705 2
27 705 3
31 705 3
34 705 3
37 705 1
43 705 1
45 705 3
58 705 2
60 705 3
65 705 1
69 705 3
70 705 3
71 705 1
72 705 3
74 705 3
75 705 1
76 705 2
78 705 3
81 705 2
85 705 1
90 705 2
91 705 3
92 705 2
94 705 3
98 705 2
100 705 2
104 705 1
105 705 3
108 705 1
112 705 2
114 705 1
115 705 1
116 705 2
117 705 1
118 705 3
119 705 3
120 705 1
122 705 3
129 705 1
130 705 1
131 705 2
132 705 2
133 705 2
134 705 2
135 705 1
136 705 2
138 705 1
139 705 1
149 705 1
160 705 1
162 705 2
163 705 3
168 705 1
174 705 3
177 705 1
181 705 2
182 705 2
185 705 3
186 705 1
187 705 1
188 705 3
189 705 1
190 705 1
191 705 1
197 705 2
198 705 2
202 705 2
206 705 1
208 705 1
210 705 3
212 705 1
213 705 1
215 705 1
216 705 3
221 705 2
224 705 3
227 705 3
228 705 3
229 705 2
230 705 1
232 705 3
234 705 3
235 705 2
238 705 1
239 705 1
240 705 3
241 705 2
242 705 1
244 705 1
246 705 1
248 705 3
251 705 1
258 705 2
264 705 2
268 705 2
269 705 1
270 705 2
272 705 3
275 705 1
279 705 1
284 705 1
286 705 1
288 705 3
291 705 3
292 705 2
293 705 2
296 705 2
298 705 2
300 705 3
301 705 2
303 705 1
307 705 1
308 705 1
309 705 3
311 705 1
312 705 3
313 705 3
316 705 2
318 705 1
320 705 1
324 705 2
327 705 3
330 705 1
332 705 1
333 705 2
338 705 3
341 705 1
345 705 2
346 705 2
349 705 2
354 705 1
355 705 3
359 705 1
360 705 1
361 705 3
364 705 1
365 705 2
368 705 1
371 705 3
376 705 2
380 705 1
383 705 2
384 705 3
385 705 2
392 705 3
393 705 3
395 705 1
398 705 2
400 705 2
402 705 1
403 705 1
404 705 3
407 705 2
408 705 3
409 705 2
412 705 3
415 705 1
420 705 1
426 705 1
427 705 3
428 705 3
434 705 3
443 705 3
448 705 3
450 705 1
451 705 2
452 705 3
453 705 1
472 705 2
477 705 3
480 705 3
482 705 3
483 705 2
485 705 1
486 705 3
490 705 1
499 705 2
501 705 1
504 705 2
512 705 1
516 705 2
517 705 2
519 705 2
523 705 3
524 705 2
525 705 2
529 705 1
533 705 2
536 705 2
537 705 2
538 705 1
539 705 3
546 705 3
547 705 3
549 705 1
551 705 2
560 705 2
561 705 2
564 705 2
566 705 2
567 705 2
569 705 1
570 705 2
572 705 3
576 705 2
583 705 1
586 705 3
587 705 3
592 705 1
594 705 2
595 705 3
600 705 3
601 705 2
602 705 3
605 705 1
608 705 1
609 705 3
612 705 1
614 705 3
618 705 3
622 705 3
624 705 3
630 705 2
631 705 3
633 705 3
639 705 2
641 705 1
642 705 3
647 705 2
651 705 3
652 705 1
655 705 2
656 705 2
657 705 1
658 705 1
668 705 3
673 705 3
674 705 1
675 705 1
677 705 1
681 705 1
682 705 3
687 705 2
688 705 2
694 705 3
700 705 2
701 705 2
702 705 1
704 705 3
708 705 2
713 705 1
717 705 1
720 705 3
727 705 2
728 705 1
730 705 2
735 705 3
738 705 2
741 705 1
745 705 1
747 705 1
752 705 2
753 705 2
758 705 2
762 705 2
764 705 1
765 705 2
767 705 2
776 705 3
779 705 1
784 705 3
801 705 3
802 705 2
809 705 3
812 705 2
818 705 2
824 705 2
825 705 1
829 705 1
834 705 2
835 705 1
836 705 2
837 705 3
838 705 1
842 705 1
843 705 2
846 705 2
847 705 2
850 705 3
853 705 1
856 705 1
858 705 1
861 705 2
864 705 2
865 705 3
866 705 2
867 705 1
872 705 3
876 705 3
878 705 3
879 705 1
889 705 2
892 705 3
902 705 1
903 705 3
905 705 2
911 705 2
917 705 2
921 705 1
924 705 3
925 705 2
926 705 2
927 705 2
928 705 1
930 705 1
931 705 2
934 705 3
937 705 2
939 705 1
941 705 1
943 705 2
946 705 1
949 705 2
950 705 1
956 705 2
959 705 3
963 705 2
964 705 2
965 705 3
969 705 3
976 705 3
979 705 2
982 705 3
983 705 2
988 705 1
990 705 1
992 705 3
995 705 2
997 705 2
7 706 1
13 706 3
14 706 1
22 706 1
24 706 1
26 706 3
28 706 2
29 706 1
31 706 3
35 706 2
41 706 2
45 706 2
47 706 2
53 706 1
56 706 2
60 706 2
63 706 1
67 706 3
71 706 2
72 706 1
78 706 3
80 706 1
84 706 3
86 706 3
89 706 2
91 706 1
94 706 2
95 706 1
103 706 3
105 706 3
106 706 1
108 706 2
109 706 2
112 706 2
114 706 2
117 706 2
118 706 1
123 706 2
125 706 3
130 706 3
132 706 2
134 706 1
138 706 3
141 706 3
142 706 1
146 706 2
147 706 1
148 706 1
152 706 2
156 706 2
165 706 3
166 706 3
168 706 3
170 706 1
174 706 3
180 706 3
181 706 3
185 706 2
189 706 3
191 706 3
192 706 2
194 706 1
195 706 1
199 706 3
207 706 3
209 706 3
213 706 3
215 706 3
216 706 1
218 706 3
226 706 2
227 706 2
230 706 1
232 706 2
233 706 2
238 706 2
241 706 3
242 706 2
