234 414 2
238 414 1
241 414 3
246 414 2
251 414 1
252 414 2
254 414 3
257 414 3
262 414 3
266 414 2
270 414 3
271 414 3
278 414 3
282 414 3
283 414 2
285 414 1
286 414 3
292 414 1
295 414 3
297 414 1
298 414 2
301 414 3
303 414 3
304 414 3
306 414 3
310 414 3
318 414 1
330 414 2
335 414 3
339 414 1
340 414 3
342 414 2
347 414 2
351 414 3
357 414 1
358 414 2
360 414 3
367 414 2
368 414 3
369 414 1
386 414 1
387 414 2
389 414 3
391 414 3
392 414 3
396 414 3
398 414 1
400 414 3
402 414 3
408 414 2
413 414 1
417 414 3
423 414 2
424 414 2
426 414 3
427 414 2
431 414 2
433 414 1
440 414 2
443 414 1
445 414 2
446 414 1
449 414 1
454 414 3
460 414 1
461 414 3
462 414 3
463 414 1
464 414 1
468 414 3
470 414 2
471 414 1
474 414 2
476 414 3
478 414 3
479 414 1
482 414 1
483 414 2
486 414 3
489 414 3
492 414 1
494 414 3
495 414 3
500 414 1
512 414 3
520 414 1
521 414 1
523 414 1
524 414 2
525 414 3
530 414 1
531 414 3
536 414 2
538 414 3
539 414 3
540 414 3
543 414 3
547 414 3
548 414 2
550 414 1
551 414 3
552 414 3
556 414 2
557 414 2
565 414 1
566 414 1
567 414 3
569 414 1
573 414 3
575 414 1
581 414 3
584 414 1
585 414 2
587 414 3
588 414 2
591 414 2
594 414 2
597 414 3
602 414 1
603 414 1
606 414 3
610 414 3
612 414 2
622 414 1
623 414 2
624 414 1
626 414 2
627 414 3
628 414 1
630 414 1
636 414 3
640 414 2
643 414 2
647 414 3
648 414 1
652 414 2
661 414 3
662 414 3
664 414 3
666 414 1
672 414 1
675 414 1
681 414 1
682 414 2
683 414 2
684 414 1
685 414 3
695 414 1
696 414 2
699 414 1
706 414 3
707 414 2
710 414 2
716 414 2
720 414 3
723 414 2
725 414 3
726 414 2
727 414 1
731 414 1
734 414 2
735 414 1
737 414 2
738 414 3
751 414 2
753 414 2
754 414 3
755 414 2
766 414 2
772 414 2
773 414 2
776 414 2
779 414 1
780 414 3
781 414 1
785 414 2
787 414 3
789 414 3
790 414 3
792 414 3
795 414 3
796 414 1
800 414 3
808 414 2
809 414 2
813 414 1
816 414 2
817 414 2
819 414 3
821 414 2
835 414 3
839 414 3
843 414 3
845 414 3
848 414 2
851 414 3
852 414 2
857 414 1
859 414 3
860 414 2
866 414 2
872 414 3
873 414 2
874 414 3
879 414 1
882 414 2
883 414 3
887 414 2
889 414 2
891 414 1
896 414 2
899 414 3
900 414 1
901 414 2
903 414 3
905 414 1
906 414 1
909 414 3
911 414 1
913 414 3
914 414 2
916 414 3
918 414 2
920 414 3
922 414 3
923 414 3
924 414 3
925 414 1
927 414 2
929 414 3
932 414 1
933 414 1
943 414 2
944 414 2
948 414 2
949 414 3
961 414 3
962 414 2
965 414 1
968 414 2
970 414 1
977 414 1
981 414 2
983 414 1
993 414 2
994 414 2
995 414 1
0 415 3
4 415 1
8 415 2
13 415 3
15 415 3
17 415 2
21 415 2
22 415 2
27 415 2
34 415 1
38 415 2
39 415 2
40 415 3
44 415 1
49 415 3
52 415 3
62 415 2
64 415 3
65 415 2
66 415 2
77 415 1
79 415 3
81 415 3
84 415 2
87 415 2
89 415 1
92 415 2
94 415 2
95 415 2
99 415 2
102 415 1
108 415 3
109 415 3
110 415 1
112 415 1
116 415 3
117 415 1
119 415 3
125 415 1
130 415 1
132 415 3
134 415 3
136 415 1
139 415 2
140 415 3
141 415 1
148 415 2
149 415 2
150 415 1
152 415 2
153 415 1
155 415 1
156 415 2
159 415 3
161 415 3
163 415 3
170 415 1
171 415 3
179 415 3
181 415 3
185 415 1
192 415 2
195 415 2
200 415 3
202 415 3
207 415 3
208 415 2
210 415 1
211 415 2
212 415 3
215 415 2
218 415 2
219 415 1
224 415 1
225 415 3
232 415 2
233 415 1
234 415 3
242 415 3
244 415 3
246 415 2
248 415 3
251 415 1
254 415 1
255 415 3
258 415 2
262 415 3
264 415 2
265 415 1
268 415 3
271 415 3
275 415 1
284 415 3
287 415 1
288 415 1
290 415 3
291 415 1
295 415 2
296 415 1
298 415 1
300 415 2
303 415 3
306 415 2
307 415 1
311 415 1
313 415 2
315 415 1
316 415 1
317 415 2
318 415 2
321 415 2
323 415 2
327 415 1
329 415 1
330 415 2
333 415 1
337 415 2
339 415 3
342 415 3
344 415 3
346 415 2
347 415 1
350 415 2
353 415 3
355 415 1
359 415 2
363 415 1
370 415 1
371 415 1
373 415 3
375 415 3
379 415 3
384 415 2
388 415 3
389 415 1
391 415 3
393 415 3
396 415 3
402 415 2
409 415 2
410 415 1
414 415 1
417 415 2
419 415 3
432 415 3
433 415 1
437 415 1
439 415 1
444 415 3
445 415 2
446 415 1
447 415 1
451 415 1
458 415 2
459 415 3
461 415 2
465 415 1
467 415 3
468 415 1
469 415 1
473 415 3
474 415 2
478 415 2
479 415 3
481 415 2
484 415 3
486 415 2
489 415 2
491 415 3
494 415 3
496 415 3
497 415 3
499 415 1
501 415 3
503 415 3
504 415 2
505 415 2
509 415 2
514 415 1
515 415 1
517 415 2
523 415 1
524 415 1
525 415 2
527 415 2
528 415 1
531 415 2
532 415 2
537 415 2
539 415 3
540 415 1
542 415 3
546 415 2
553 415 3
554 415 1
555 415 3
559 415 1
562 415 1
568 415 1
570 415 2
572 415 1
573 415 3
576 415 1
577 415 2
580 415 3
582 415 1
583 415 1
587 415 3
591 415 3
592 415 1
594 415 2
597 415 1
598 415 1
608 415 2
610 415 1
615 415 2
619 415 2
620 415 2
621 415 1
622 415 1
624 415 3
625 415 3
627 415 1
628 415 2
633 415 1
637 415 1
638 415 3
640 415 3
643 415 3
653 415 3
655 415 3
658 415 2
660 415 1
662 415 2
664 415 1
672 415 3
674 415 2
675 415 2
676 415 3
677 415 3
679 415 3
683 415 2
684 415 3
686 415 1
694 415 3
695 415 1
704 415 1
706 415 1
708 415 1
714 415 3
719 415 3
723 415 1
730 415 2
735 415 2
740 415 3
744 415 3
746 415 3
748 415 2
756 415 2
758 415 3
766 415 1
776 415 2
777 415 1
783 415 3
785 415 2
786 415 1
787 415 2
788 415 3
789 415 2
790 415 1
791 415 1
792 415 3
794 415 3
796 415 3
797 415 2
799 415 3
800 415 2
804 415 1
812 415 3
816 415 1
817 415 3
825 415 3
827 415 1
828 415 1
830 415 1
833 415 3
837 415 2
842 415 3
843 415 3
845 415 1
850 415 3
851 415 3
852 415 1
855 415 3
860 415 3
866 415 2
868 415 1
871 415 1
873 415 1
874 415 2
880 415 1
886 415 3
887 415 1
888 415 3
893 415 3
895 415 1
900 415 1
901 415 1
902 415 3
903 415 3
904 415 1
907 415 1
914 415 2
918 415 2
924 415 3
925 415 3
928 415 3
934 415 2
935 415 1
937 415 2
938 415 3
939 415 2
945 415 1
950 415 2
956 415 2
959 415 2
960 415 1
963 415 2
970 415 2
971 415 3
980 415 3
983 415 2
984 415 2
990 415 2
994 415 1
995 415 3
999 415 1
1 416 2
2 416 2
6 416 2
8 416 2
11 416 1
14 416 2
17 416 3
18 416 3
20 416 3
21 416 2
23 416 1
24 416 2
25 416 1
30 416 3
31 416 2
32 416 1
33 416 3
35 416 1
36 416 1
39 416 2
41 416 1
44 416 3
47 416 3
51 416 2
53 416 2
58 416 1
60 416 1
61 416 1
62 416 1
64 416 2
69 416 2
70 416 2
71 416 3
73 416 2
75 416 3
80 416 2
81 416 3
83 416 3
86 416 3
90 416 2
95 416 2
96 416 1
100 416 2
105 416 2
107 416 1
108 416 2
109 416 3
110 416 3
112 416 2
119 416 2
121 416 3
122 416 2
123 416 1
124 416 3
128 416 2
130 416 1
131 416 1
133 416 2
137 416 2
139 416 1
141 416 3
143 416 1
145 416 2
146 416 3
150 416 1
151 416 3
153 416 2
155 416 1
157 416 2
158 416 2
165 416 3
168 416 1
170 416 3
171 416 3
172 416 1
178 416 1
180 416 2
182 416 1
184 416 2
186 416 3
189 416 3
192 416 1
