345 938 3
347 938 2
351 938 3
353 938 3
355 938 1
359 938 3
360 938 3
363 938 2
364 938 2
376 938 2
378 938 3
379 938 1
386 938 1
390 938 3
391 938 1
395 938 2
399 938 1
406 938 1
407 938 2
409 938 3
410 938 1
412 938 1
413 938 1
416 938 3
417 938 3
420 938 2
425 938 3
427 938 3
428 938 1
429 938 1
430 938 2
433 938 1
436 938 1
437 938 2
442 938 1
449 938 1
451 938 3
452 938 2
454 938 3
466 938 3
467 938 1
470 938 2
473 938 2
475 938 2
476 938 2
478 938 2
479 938 1
483 938 3
493 938 2
498 938 3
499 938 1
500 938 3
504 938 3
506 938 1
507 938 3
509 938 1
512 938 2
524 938 3
528 938 3
532 938 2
536 938 1
540 938 3
542 938 1
543 938 3
555 938 1
557 938 2
567 938 3
568 938 2
569 938 1
570 938 3
577 938 3
578 938 3
579 938 2
580 938 2
582 938 2
584 938 2
587 938 2
588 938 1
589 938 1
591 938 2
599 938 3
601 938 2
602 938 3
604 938 3
606 938 1
608 938 2
610 938 1
612 938 2
614 938 1
615 938 3
621 938 2
623 938 1
630 938 2
633 938 1
634 938 2
636 938 3
638 938 3
641 938 2
642 938 2
645 938 2
650 938 3
653 938 2
656 938 3
660 938 2
661 938 3
662 938 2
663 938 3
665 938 2
674 938 3
675 938 2
686 938 3
691 938 3
695 938 1
700 938 2
703 938 1
712 938 3
721 938 1
724 938 3
725 938 1
726 938 3
729 938 2
733 938 1
735 938 1
739 938 3
741 938 3
743 938 2
744 938 3
745 938 1
754 938 2
757 938 1
758 938 2
759 938 2
760 938 3
761 938 3
762 938 3
763 938 1
782 938 2
786 938 1
791 938 3
792 938 1
794 938 3
809 938 2
810 938 3
817 938 3
818 938 2
820 938 3
821 938 1
822 938 1
824 938 2
834 938 2
835 938 3
837 938 3
838 938 3
839 938 2
844 938 2
846 938 3
849 938 2
850 938 1
851 938 2
852 938 3
853 938 1
856 938 3
858 938 1
859 938 1
863 938 1
867 938 3
868 938 2
869 938 2
871 938 1
872 938 2
878 938 3
879 938 2
881 938 1
883 938 2
884 938 2
888 938 3
891 938 2
897 938 1
898 938 1
899 938 2
909 938 3
911 938 2
914 938 3
922 938 2
923 938 2
924 938 3
926 938 2
930 938 2
931 938 1
932 938 2
935 938 3
936 938 3
937 938 2
942 938 2
944 938 2
952 938 3
953 938 2
959 938 3
960 938 3
961 938 3
964 938 3
967 938 2
976 938 2
980 938 1
982 938 3
984 938 1
986 938 3
989 938 3
991 938 1
4 939 2
5 939 1
9 939 1
11 939 1
12 939 1
14 939 1
19 939 2
20 939 3
26 939 1
27 939 2
33 939 3
34 939 3
36 939 3
44 939 3
47 939 1
49 939 1
55 939 3
56 939 1
58 939 3
61 939 1
66 939 2
68 939 1
69 939 2
72 939 2
75 939 1
85 939 1
87 939 2
90 939 1
96 939 3
99 939 1
100 939 2
101 939 3
103 939 3
104 939 3
109 939 1
110 939 3
113 939 2
114 939 2
121 939 1
125 939 1
135 939 3
141 939 2
144 939 3
145 939 2
152 939 1
155 939 1
157 939 3
160 939 2
161 939 3
162 939 2
164 939 2
165 939 2
167 939 2
168 939 1
171 939 3
173 939 2
175 939 3
177 939 3
180 939 2
184 939 2
185 939 2
188 939 1
193 939 3
195 939 3
197 939 3
198 939 3
202 939 1
204 939 2
205 939 1
207 939 1
217 939 3
221 939 3
223 939 1
227 939 2
228 939 1
231 939 2
234 939 3
239 939 1
245 939 3
246 939 3
248 939 3
250 939 3
251 939 2
256 939 2
258 939 3
265 939 1
268 939 1
270 939 1
278 939 3
280 939 3
282 939 3
286 939 1
292 939 3
293 939 1
294 939 2
295 939 3
298 939 1
301 939 3
304 939 1
306 939 3
310 939 3
313 939 3
315 939 2
316 939 3
317 939 3
318 939 2
320 939 3
324 939 3
326 939 3
329 939 1
332 939 2
344 939 2
345 939 2
346 939 2
347 939 1
348 939 1
351 939 1
356 939 3
357 939 3
362 939 1
369 939 2
372 939 3
374 939 2
378 939 1
379 939 1
381 939 1
387 939 2
389 939 2
390 939 1
392 939 1
394 939 3
395 939 1
396 939 2
397 939 3
399 939 2
404 939 1
410 939 1
413 939 2
415 939 1
419 939 1
423 939 2
425 939 3
426 939 1
430 939 2
431 939 1
435 939 2
443 939 2
446 939 3
449 939 3
450 939 2
455 939 2
457 939 3
462 939 2
465 939 1
468 939 1
477 939 1
479 939 3
482 939 1
483 939 3
490 939 1
491 939 1
495 939 3
500 939 2
501 939 3
502 939 2
503 939 2
505 939 2
508 939 1
510 939 1
514 939 1
516 939 2
517 939 1
520 939 3
526 939 2
530 939 2
531 939 1
537 939 2
540 939 1
542 939 2
544 939 1
545 939 3
548 939 1
551 939 2
554 939 1
555 939 3
558 939 1
562 939 1
563 939 1
564 939 3
565 939 1
567 939 3
572 939 2
575 939 3
579 939 1
580 939 2
581 939 2
584 939 1
587 939 1
589 939 1
590 939 1
593 939 3
594 939 2
595 939 1
599 939 3
604 939 1
610 939 2
611 939 2
614 939 2
619 939 1
621 939 1
624 939 3
625 939 1
633 939 2
635 939 3
636 939 2
637 939 3
641 939 3
642 939 1
646 939 1
648 939 2
654 939 2
655 939 2
656 939 3
658 939 3
660 939 2
667 939 1
668 939 3
669 939 1
670 939 2
672 939 1
679 939 2
682 939 3
683 939 3
686 939 3
687 939 2
691 939 2
694 939 2
696 939 2
702 939 3
706 939 2
707 939 2
708 939 1
713 939 2
714 939 1
717 939 2
726 939 2
729 939 2
734 939 1
736 939 2
739 939 1
740 939 1
742 939 1
748 939 3
750 939 3
754 939 2
755 939 2
760 939 3
763 939 2
765 939 1
766 939 2
769 939 1
772 939 1
773 939 3
775 939 1
777 939 2
779 939 1
780 939 2
782 939 3
784 939 2
786 939 2
791 939 1
801 939 2
804 939 1
806 939 3
809 939 1
810 939 3
812 939 3
815 939 3
817 939 1
818 939 3
823 939 2
825 939 3
830 939 1
832 939 1
837 939 2
840 939 3
842 939 3
845 939 2
847 939 3
848 939 2
849 939 2
855 939 2
859 939 1
862 939 2
865 939 1
868 939 3
870 939 3
881 939 3
883 939 1
896 939 2
905 939 3
906 939 1
910 939 2
911 939 3
913 939 1
917 939 2
920 939 1
921 939 3
926 939 1
933 939 2
935 939 1
936 939 3
937 939 3
938 939 1
941 939 3
945 939 1
947 939 3
952 939 3
958 939 1
960 939 2
961 939 1
965 939 3
968 939 1
970 939 3
971 939 3
975 939 3
980 939 1
983 939 1
989 939 3
990 939 3
992 939 3
993 939 3
998 939 2
5 940 3
11 940 1
17 940 3
21 940 2
22 940 1
25 940 2
26 940 3
27 940 3
29 940 1
32 940 2
33 940 1
34 940 2
38 940 1
39 940 2
41 940 2
46 940 2
52 940 2
53 940 3
58 940 2
59 940 3
68 940 1
69 940 2
71 940 1
78 940 3
81 940 2
82 940 1
83 940 3
84 940 1
89 940 3
90 940 2
91 940 1
93 940 3
94 940 3
98 940 2
99 940 1
100 940 1
104 940 1
105 940 1
107 940 1
108 940 2
109 940 1
115 940 1
121 940 3
122 940 3
124 940 2
125 940 1
126 940 1
130 940 2
133 940 3
134 940 1
135 940 2
139 940 2
141 940 1
143 940 2
144 940 2
152 940 1
154 940 3
156 940 3
161 940 2
162 940 3
170 940 1
173 940 1
176 940 3
178 940 1
179 940 3
180 940 1
186 940 2
190 940 3
192 940 1
196 940 1
197 940 1
201 940 2
202 940 3
206 940 3
207 940 2
208 940 2
212 940 2
215 940 3
216 940 3
218 940 1
219 940 3
227 940 2
235 940 3
237 940 2
241 940 2
242 940 1
243 940 1
247 940 3
248 940 3
254 940 2
256 940 2
257 940 2
261 940 1
262 940 3
264 940 3
266 940 3
277 940 2
279 940 2
280 940 3
282 940 1
283 940 3
290 940 1
293 940 2
300 940 2
311 940 1
317 940 1
318 940 1
320 940 3
323 940 1
325 940 2
328 940 3
329 940 2
330 940 1
336 940 3
338 940 3
339 940 2
363 940 3
369 940 3
375 940 1
379 940 1
382 940 3
388 940 1
389 940 2
392 940 3
