328 962 3
330 962 1
331 962 1
332 962 1
334 962 1
337 962 3
341 962 3
342 962 3
345 962 1
347 962 2
350 962 2
351 962 1
354 962 1
356 962 3
358 962 2
360 962 2
364 962 3
368 962 3
370 962 1
371 962 3
374 962 2
375 962 2
377 962 2
380 962 2
383 962 3
391 962 3
393 962 2
394 962 2
396 962 1
401 962 1
405 962 3
406 962 2
413 962 3
418 962 3
420 962 3
421 962 3
431 962 1
434 962 2
436 962 2
437 962 1
443 962 1
445 962 2
446 962 2
447 962 2
450 962 1
451 962 3
454 962 2
456 962 3
458 962 2
463 962 3
465 962 1
471 962 3
472 962 2
473 962 3
480 962 3
482 962 3
505 962 3
507 962 3
508 962 3
510 962 1
514 962 2
515 962 2
517 962 3
519 962 1
521 962 3
524 962 2
527 962 2
528 962 2
534 962 2
535 962 3
538 962 1
539 962 2
540 962 3
542 962 1
544 962 3
547 962 3
548 962 2
549 962 3
551 962 1
552 962 1
554 962 3
556 962 3
560 962 1
567 962 2
569 962 3
580 962 3
581 962 3
585 962 3
586 962 3
590 962 3
591 962 1
592 962 3
594 962 2
595 962 1
596 962 1
599 962 2
600 962 3
601 962 3
605 962 1
607 962 1
608 962 3
618 962 1
622 962 1
628 962 3
629 962 1
631 962 3
633 962 2
634 962 1
636 962 3
642 962 2
646 962 2
657 962 2
659 962 3
663 962 3
665 962 2
666 962 1
667 962 1
669 962 2
670 962 3
673 962 3
675 962 1
680 962 3
683 962 3
686 962 1
691 962 1
693 962 1
695 962 1
699 962 2
700 962 2
701 962 1
703 962 2
710 962 1
711 962 3
712 962 2
717 962 2
718 962 2
719 962 2
722 962 3
724 962 2
727 962 3
730 962 3
732 962 2
738 962 2
741 962 3
742 962 3
745 962 1
747 962 3
748 962 2
749 962 2
751 962 1
753 962 3
759 962 1
761 962 3
764 962 1
767 962 2
768 962 2
770 962 3
772 962 2
775 962 3
780 962 1
782 962 2
783 962 2
785 962 1
787 962 1
791 962 3
794 962 3
795 962 2
796 962 1
801 962 1
805 962 1
806 962 2
808 962 1
809 962 1
812 962 1
814 962 3
816 962 3
826 962 3
830 962 3
831 962 2
835 962 1
838 962 2
839 962 3
844 962 1
845 962 3
846 962 1
848 962 1
850 962 1
852 962 2
862 962 1
876 962 1
877 962 3
880 962 3
886 962 3
888 962 2
895 962 2
900 962 1
909 962 2
911 962 3
912 962 3
918 962 2
919 962 2
926 962 2
927 962 1
929 962 1
930 962 3
931 962 1
932 962 1
933 962 3
934 962 3
936 962 1
944 962 2
947 962 3
952 962 2
953 962 1
954 962 1
958 962 1
959 962 2
960 962 2
968 962 3
971 962 3
972 962 2
979 962 1
987 962 3
989 962 1
991 962 1
994 962 2
995 962 1
996 962 3
998 962 2
0 963 2
2 963 1
5 963 2
9 963 3
10 963 2
12 963 3
13 963 2
15 963 1
18 963 1
22 963 1
23 963 2
26 963 3
27 963 1
28 963 2
30 963 1
32 963 1
39 963 1
43 963 2
51 963 3
52 963 1
53 963 3
57 963 1
58 963 1
59 963 2
63 963 3
64 963 3
70 963 3
73 963 3
91 963 2
92 963 2
94 963 3
95 963 3
104 963 2
105 963 3
106 963 2
107 963 2
110 963 1
112 963 2
113 963 3
115 963 1
117 963 2
124 963 2
130 963 2
136 963 3
137 963 3
138 963 2
141 963 3
143 963 1
144 963 1
146 963 3
149 963 1
151 963 1
156 963 2
157 963 2
158 963 3
159 963 1
162 963 2
163 963 3
164 963 2
174 963 2
182 963 2
183 963 1
192 963 2
193 963 2
195 963 1
196 963 2
204 963 1
206 963 2
207 963 1
209 963 3
210 963 1
215 963 2
216 963 2
217 963 2
221 963 1
222 963 3
227 963 2
228 963 1
235 963 1
238 963 2
240 963 2
243 963 2
246 963 1
248 963 3
256 963 1
257 963 3
263 963 2
268 963 2
273 963 2
274 963 1
276 963 3
279 963 2
280 963 2
286 963 1
287 963 2
289 963 1
294 963 1
295 963 2
300 963 1
306 963 2
313 963 3
316 963 1
318 963 1
320 963 1
321 963 2
322 963 3
329 963 1
330 963 3
333 963 2
334 963 3
336 963 2
341 963 1
342 963 1
343 963 1
344 963 1
346 963 3
347 963 1
348 963 2
351 963 2
353 963 1
356 963 1
357 963 2
358 963 1
359 963 2
363 963 1
368 963 3
370 963 3
373 963 1
376 963 2
378 963 1
380 963 1
382 963 2
384 963 3
388 963 1
391 963 2
395 963 1
397 963 3
399 963 3
401 963 2
402 963 2
404 963 1
412 963 3
413 963 3
418 963 2
421 963 3
426 963 1
427 963 1
435 963 2
436 963 2
441 963 1
443 963 1
445 963 1
453 963 1
456 963 2
457 963 1
459 963 3
461 963 1
465 963 3
466 963 1
467 963 1
468 963 3
469 963 2
470 963 3
472 963 3
473 963 1
479 963 2
483 963 2
485 963 1
489 963 2
491 963 1
492 963 1
495 963 1
498 963 1
500 963 1
501 963 2
504 963 3
508 963 3
510 963 3
511 963 2
513 963 2
514 963 3
518 963 3
529 963 1
530 963 2
531 963 1
535 963 2
539 963 2
545 963 3
547 963 1
551 963 1
554 963 2
555 963 1
561 963 3
563 963 2
564 963 2
565 963 2
567 963 2
577 963 2
579 963 1
589 963 1
590 963 1
594 963 1
603 963 3
605 963 1
606 963 3
608 963 1
610 963 1
611 963 2
617 963 3
618 963 2
632 963 2
634 963 1
635 963 1
638 963 3
639 963 2
643 963 2
646 963 1
648 963 1
649 963 3
650 963 2
653 963 1
658 963 1
659 963 1
662 963 1
663 963 1
668 963 3
672 963 1
677 963 3
678 963 3
682 963 1
688 963 2
690 963 1
703 963 1
705 963 3
706 963 1
710 963 2
711 963 1
714 963 2
715 963 3
716 963 1
717 963 3
719 963 3
721 963 3
723 963 2
725 963 2
732 963 3
734 963 3
737 963 2
745 963 1
747 963 2
748 963 2
749 963 2
752 963 3
753 963 3
759 963 1
772 963 1
780 963 1
782 963 2
786 963 1
788 963 3
791 963 1
795 963 3
797 963 3
800 963 1
806 963 2
809 963 1
810 963 2
814 963 2
819 963 1
822 963 3
824 963 1
825 963 2
826 963 1
827 963 1
829 963 2
830 963 1
835 963 3
836 963 2
837 963 3
838 963 1
846 963 2
847 963 2
849 963 1
853 963 3
855 963 1
856 963 1
860 963 2
861 963 3
863 963 2
865 963 1
868 963 1
880 963 3
884 963 1
886 963 2
889 963 1
891 963 2
898 963 1
900 963 3
901 963 2
902 963 1
904 963 1
905 963 2
908 963 1
909 963 3
915 963 3
918 963 1
921 963 2
923 963 1
926 963 3
933 963 2
937 963 3
939 963 1
941 963 3
942 963 3
943 963 2
944 963 1
948 963 2
949 963 2
958 963 2
960 963 3
961 963 3
964 963 2
967 963 1
970 963 2
971 963 1
974 963 3
979 963 1
983 963 3
987 963 2
990 963 1
993 963 1
995 963 2
998 963 3
11 964 1
14 964 2
16 964 1
17 964 1
20 964 1
21 964 3
25 964 3
27 964 2
32 964 3
33 964 2
49 964 3
59 964 3
60 964 3
65 964 1
66 964 2
69 964 1
70 964 3
71 964 3
73 964 3
74 964 2
75 964 3
77 964 3
78 964 1
81 964 2
82 964 2
85 964 3
88 964 3
89 964 3
90 964 3
92 964 2
95 964 1
98 964 1
104 964 1
105 964 2
106 964 3
107 964 2
110 964 2
115 964 1
116 964 3
120 964 1
127 964 2
128 964 3
133 964 3
135 964 1
136 964 1
137 964 1
140 964 2
143 964 1
144 964 2
145 964 2
150 964 3
152 964 1
153 964 2
154 964 1
157 964 1
158 964 1
161 964 2
165 964 2
167 964 1
168 964 2
169 964 3
170 964 1
177 964 2
178 964 3
182 964 3
190 964 3
191 964 3
193 964 3
196 964 3
199 964 1
200 964 3
202 964 3
204 964 3
205 964 1
207 964 3
211 964 2
213 964 1
217 964 3
218 964 1
220 964 2
223 964 1
225 964 1
227 964 1
228 964 1
229 964 3
230 964 3
239 964 2
240 964 2
241 964 1
242 964 3
245 964 3
251 964 3
253 964 3
260 964 2
261 964 3
262 964 2
265 964 2
267 964 3
268 964 3
271 964 1
272 964 3
282 964 2
285 964 1
286 964 2
