371 772 1
374 772 3
375 772 3
383 772 1
385 772 2
386 772 1
387 772 1
388 772 2
390 772 2
391 772 2
393 772 2
394 772 1
396 772 3
399 772 2
401 772 2
403 772 3
404 772 2
406 772 2
407 772 1
412 772 1
415 772 3
420 772 3
425 772 3
426 772 1
429 772 3
430 772 1
434 772 3
439 772 3
440 772 1
441 772 3
442 772 3
445 772 1
447 772 2
451 772 2
455 772 2
458 772 2
462 772 2
463 772 3
469 772 1
475 772 3
476 772 1
484 772 2
486 772 1
490 772 1
491 772 2
493 772 1
500 772 3
504 772 3
505 772 2
508 772 1
509 772 3
510 772 1
512 772 3
518 772 3
519 772 3
520 772 1
522 772 1
523 772 2
525 772 2
526 772 1
527 772 3
531 772 3
533 772 3
538 772 3
539 772 1
540 772 2
543 772 3
547 772 3
549 772 3
551 772 1
552 772 3
553 772 2
557 772 3
559 772 3
567 772 1
570 772 1
572 772 2
579 772 3
582 772 1
586 772 3
587 772 2
591 772 1
592 772 3
605 772 1
606 772 2
611 772 2
613 772 1
619 772 2
625 772 1
628 772 2
636 772 1
640 772 1
648 772 1
649 772 3
651 772 3
655 772 1
656 772 2
658 772 1
660 772 1
662 772 3
665 772 1
666 772 3
669 772 3
671 772 1
672 772 2
676 772 1
683 772 1
684 772 1
687 772 1
691 772 1
695 772 2
703 772 1
708 772 1
710 772 3
711 772 3
713 772 1
718 772 3
719 772 2
725 772 2
738 772 1
739 772 2
740 772 1
744 772 3
748 772 1
750 772 1
751 772 1
755 772 3
760 772 3
761 772 3
764 772 3
766 772 2
771 772 3
772 772 2
773 772 3
775 772 3
776 772 1
777 772 3
778 772 2
780 772 3
782 772 1
783 772 1
785 772 2
792 772 3
793 772 2
794 772 2
801 772 3
802 772 1
806 772 1
811 772 3
813 772 3
817 772 3
818 772 2
825 772 2
828 772 1
832 772 2
836 772 3
837 772 2
842 772 3
843 772 3
845 772 2
846 772 1
848 772 3
850 772 1
851 772 1
853 772 3
855 772 2
858 772 1
862 772 1
863 772 1
867 772 2
874 772 1
876 772 3
879 772 2
893 772 2
901 772 3
902 772 2
907 772 3
909 772 1
911 772 3
914 772 1
922 772 2
926 772 1
928 772 3
931 772 2
934 772 1
935 772 1
938 772 2
939 772 1
941 772 2
942 772 3
945 772 2
946 772 2
947 772 3
949 772 1
954 772 2
956 772 2
957 772 1
963 772 3
964 772 1
971 772 1
974 772 2
975 772 1
977 772 1
979 772 1
984 772 2
985 772 2
989 772 3
990 772 3
999 772 2
1 773 3
6 773 2
7 773 3
8 773 1
19 773 1
21 773 3
24 773 1
25 773 3
26 773 2
27 773 2
28 773 2
33 773 1
43 773 2
49 773 2
52 773 2
57 773 2
61 773 3
65 773 3
66 773 2
71 773 2
82 773 1
83 773 2
84 773 3
88 773 1
91 773 2
93 773 2
97 773 1
100 773 2
102 773 1
106 773 3
110 773 1
112 773 2
115 773 1
116 773 1
121 773 2
131 773 3
132 773 3
138 773 1
139 773 1
141 773 3
142 773 2
145 773 2
147 773 1
148 773 3
150 773 2
153 773 3
160 773 1
162 773 2
163 773 2
172 773 3
184 773 1
186 773 2
187 773 1
191 773 3
192 773 2
197 773 3
198 773 1
202 773 1
203 773 3
206 773 3
211 773 2
214 773 1
217 773 2
219 773 1
223 773 3
225 773 1
233 773 2
235 773 2
236 773 3
241 773 3
242 773 2
245 773 1
246 773 3
251 773 2
252 773 1
253 773 3
254 773 1
255 773 3
258 773 2
259 773 2
260 773 3
262 773 2
263 773 1
266 773 2
268 773 1
269 773 3
271 773 1
272 773 2
274 773 1
280 773 3
281 773 1
284 773 3
287 773 2
292 773 2
293 773 1
294 773 3
295 773 3
298 773 1
299 773 3
302 773 1
304 773 3
305 773 2
309 773 3
316 773 1
317 773 3
319 773 2
321 773 3
322 773 3
324 773 3
325 773 2
331 773 2
335 773 2
337 773 3
344 773 1
345 773 2
347 773 3
349 773 2
350 773 2
351 773 2
357 773 1
362 773 3
366 773 3
372 773 2
376 773 1
377 773 2
380 773 3
382 773 3
384 773 1
390 773 3
391 773 3
392 773 3
394 773 3
397 773 2
401 773 3
403 773 2
406 773 1
407 773 2
409 773 1
410 773 2
417 773 3
418 773 1
420 773 2
422 773 3
428 773 1
430 773 3
437 773 3
438 773 3
441 773 1
442 773 1
445 773 1
447 773 3
449 773 1
454 773 1
455 773 3
460 773 1
461 773 1
465 773 3
476 773 2
479 773 1
482 773 2
486 773 3
488 773 3
490 773 1
494 773 1
497 773 2
504 773 3
513 773 2
517 773 3
520 773 3
521 773 2
523 773 1
524 773 2
529 773 2
533 773 1
535 773 2
536 773 2
537 773 1
539 773 3
540 773 2
550 773 1
552 773 2
556 773 3
558 773 1
559 773 3
565 773 1
569 773 3
570 773 1
572 773 3
574 773 3
576 773 1
580 773 1
581 773 1
582 773 2
583 773 1
585 773 2
593 773 1
596 773 2
597 773 3
601 773 2
605 773 1
607 773 1
608 773 1
609 773 1
614 773 3
616 773 3
618 773 2
629 773 1
631 773 3
635 773 1
637 773 1
640 773 1
646 773 2
652 773 1
654 773 1
656 773 1
659 773 1
661 773 1
664 773 1
665 773 3
668 773 2
670 773 1
681 773 2
682 773 3
684 773 2
686 773 1
688 773 1
690 773 1
694 773 3
695 773 1
698 773 3
704 773 3
705 773 3
706 773 3
707 773 1
708 773 2
709 773 3
715 773 3
721 773 1
722 773 2
723 773 1
725 773 2
727 773 1
730 773 2
736 773 3
737 773 2
738 773 2
748 773 3
750 773 1
751 773 1
754 773 3
755 773 3
757 773 2
758 773 2
759 773 3
762 773 3
764 773 3
767 773 2
768 773 2
769 773 1
770 773 2
777 773 1
782 773 1
784 773 3
786 773 2
789 773 2
797 773 3
801 773 2
805 773 3
807 773 2
811 773 2
813 773 2
823 773 2
832 773 1
834 773 3
850 773 2
853 773 2
860 773 2
865 773 3
866 773 1
868 773 3
874 773 1
875 773 3
877 773 3
879 773 1
880 773 3
887 773 1
888 773 2
892 773 1
894 773 2
895 773 2
900 773 1
908 773 3
910 773 1
912 773 2
917 773 3
918 773 3
919 773 2
926 773 2
934 773 2
936 773 2
939 773 3
941 773 1
946 773 3
947 773 3
948 773 1
954 773 1
957 773 1
958 773 1
964 773 1
967 773 1
974 773 3
975 773 2
976 773 2
977 773 2
978 773 1
980 773 3
982 773 2
984 773 3
989 773 3
990 773 1
995 773 1
999 773 3
0 774 2
1 774 1
3 774 2
4 774 3
6 774 2
7 774 3
13 774 1
15 774 2
21 774 1
23 774 3
38 774 2
41 774 3
43 774 3
44 774 2
45 774 2
47 774 3
55 774 3
56 774 1
59 774 3
64 774 1
66 774 2
68 774 2
70 774 2
71 774 2
74 774 1
76 774 1
79 774 3
81 774 1
89 774 2
93 774 2
96 774 3
97 774 2
104 774 1
106 774 1
107 774 1
109 774 3
110 774 3
111 774 3
113 774 2
116 774 1
122 774 1
124 774 2
127 774 3
129 774 2
130 774 2
134 774 3
135 774 3
136 774 1
138 774 3
140 774 2
142 774 1
143 774 1
145 774 1
149 774 3
150 774 2
151 774 1
152 774 3
153 774 1
154 774 3
158 774 1
161 774 3
165 774 3
166 774 2
167 774 2
175 774 3
179 774 2
180 774 1
181 774 3
183 774 2
186 774 2
192 774 3
193 774 2
200 774 3
201 774 2
205 774 3
211 774 1
214 774 2
215 774 3
216 774 2
217 774 3
222 774 2
224 774 3
225 774 1
227 774 2
229 774 1
231 774 2
232 774 2
234 774 3
240 774 3
241 774 1
248 774 1
253 774 1
255 774 2
256 774 3
263 774 2
264 774 1
266 774 2
267 774 2
269 774 1
271 774 3
274 774 2
281 774 1
284 774 2
286 774 3
290 774 2
291 774 3
294 774 3
296 774 3
298 774 3
299 774 3
300 774 1
303 774 3
309 774 1
312 774 1
322 774 2
325 774 2
326 774 3
331 774 2
332 774 3
336 774 3
337 774 1
343 774 2
344 774 2
347 774 2
350 774 1
352 774 2
353 774 3
354 774 3
355 774 3
356 774 3
357 774 1
359 774 2
360 774 1
368 774 3
370 774 1
