210 237 1
211 237 1
214 237 3
223 237 2
226 237 1
236 237 3
240 237 1
249 237 3
253 237 2
254 237 1
255 237 2
257 237 1
263 237 1
269 237 2
270 237 2
275 237 1
276 237 3
277 237 3
282 237 2
283 237 3
292 237 1
293 237 2
303 237 3
304 237 1
305 237 2
308 237 1
309 237 2
311 237 1
314 237 2
315 237 1
318 237 3
321 237 1
328 237 2
329 237 1
332 237 2
333 237 2
337 237 1
340 237 3
346 237 3
349 237 2
350 237 1
352 237 1
354 237 1
362 237 1
365 237 1
367 237 2
368 237 1
369 237 3
375 237 2
378 237 1
379 237 1
381 237 3
384 237 2
386 237 3
387 237 2
390 237 1
392 237 2
395 237 2
398 237 2
405 237 3
406 237 2
408 237 3
410 237 1
413 237 2
415 237 2
418 237 1
419 237 1
425 237 2
428 237 1
433 237 2
439 237 1
444 237 2
445 237 2
449 237 3
457 237 3
459 237 2
460 237 3
463 237 3
468 237 1
471 237 1
473 237 2
476 237 3
492 237 1
498 237 3
502 237 1
504 237 2
518 237 1
529 237 3
530 237 3
532 237 1
535 237 3
536 237 1
538 237 3
540 237 1
542 237 1
543 237 1
545 237 1
546 237 1
549 237 2
551 237 2
556 237 1
561 237 1
565 237 3
566 237 3
571 237 1
572 237 1
577 237 2
578 237 2
579 237 1
581 237 2
587 237 3
597 237 1
598 237 2
599 237 1
605 237 1
607 237 2
609 237 3
622 237 2
623 237 2
628 237 3
632 237 2
637 237 3
645 237 1
646 237 1
649 237 1
650 237 2
651 237 1
659 237 1
667 237 1
670 237 2
678 237 1
680 237 3
681 237 3
684 237 2
686 237 2
692 237 1
697 237 3
698 237 1
699 237 2
707 237 2
711 237 1
714 237 2
718 237 3
719 237 1
723 237 1
726 237 1
727 237 1
728 237 3
729 237 1
739 237 1
743 237 3
744 237 3
746 237 3
756 237 3
762 237 2
764 237 2
767 237 2
772 237 2
779 237 2
781 237 3
786 237 3
787 237 2
791 237 2
792 237 2
793 237 3
799 237 1
802 237 1
804 237 3
807 237 1
808 237 1
818 237 3
822 237 2
824 237 1
826 237 2
828 237 3
833 237 2
836 237 2
840 237 1
842 237 3
848 237 2
851 237 1
854 237 1
855 237 1
856 237 3
858 237 2
862 237 1
863 237 2
868 237 2
869 237 1
871 237 2
872 237 3
880 237 1
881 237 3
882 237 2
883 237 2
897 237 1
900 237 2
908 237 2
910 237 2
911 237 2
914 237 1
916 237 2
927 237 3
930 237 2
931 237 3
934 237 2
938 237 3
940 237 3
941 237 2
944 237 1
945 237 2
965 237 1
967 237 1
968 237 1
972 237 3
975 237 1
980 237 3
983 237 2
991 237 3
993 237 2
996 237 2
3 238 1
8 238 3
14 238 3
15 238 1
16 238 2
18 238 1
21 238 1
24 238 2
26 238 1
28 238 1
32 238 2
37 238 1
41 238 2
45 238 2
48 238 1
50 238 3
52 238 1
53 238 3
55 238 2
57 238 3
58 238 1
59 238 2
62 238 1
65 238 2
66 238 3
67 238 1
70 238 2
78 238 3
79 238 3
80 238 2
81 238 3
84 238 2
85 238 2
87 238 2
88 238 1
89 238 3
91 238 1
96 238 2
98 238 3
100 238 3
104 238 2
107 238 3
113 238 1
122 238 1
123 238 3
124 238 3
134 238 2
137 238 1
141 238 2
143 238 1
147 238 2
152 238 3
154 238 2
158 238 1
162 238 3
163 238 1
168 238 2
170 238 1
171 238 1
172 238 3
174 238 3
175 238 2
177 238 2
178 238 2
185 238 1
194 238 3
196 238 3
202 238 1
204 238 1
209 238 3
211 238 3
220 238 1
225 238 2
230 238 3
235 238 3
236 238 3
238 238 1
239 238 1
241 238 2
242 238 1
243 238 1
247 238 3
262 238 3
263 238 3
264 238 3
267 238 2
268 238 2
273 238 3
275 238 1
283 238 3
285 238 2
287 238 1
290 238 1
292 238 3
293 238 3
296 238 1
297 238 2
298 238 2
306 238 3
313 238 2
315 238 1
316 238 3
318 238 3
319 238 1
320 238 3
324 238 3
326 238 3
327 238 1
330 238 3
332 238 3
335 238 2
342 238 3
343 238 2
347 238 3
348 238 2
352 238 2
356 238 2
360 238 2
366 238 3
371 238 2
380 238 3
382 238 3
385 238 1
388 238 1
389 238 1
391 238 2
392 238 3
394 238 3
396 238 2
399 238 2
401 238 3
403 238 3
404 238 2
405 238 1
407 238 3
413 238 1
418 238 2
420 238 1
421 238 1
425 238 2
427 238 2
432 238 1
434 238 2
438 238 1
439 238 2
445 238 1
448 238 1
449 238 1
451 238 1
453 238 1
457 238 3
461 238 3
462 238 3
465 238 3
474 238 1
476 238 2
479 238 2
480 238 1
483 238 3
485 238 3
488 238 3
490 238 2
491 238 1
492 238 2
496 238 2
497 238 1
498 238 2
515 238 2
520 238 3
521 238 2
522 238 2
525 238 1
528 238 2
529 238 1
531 238 1
535 238 3
542 238 3
544 238 1
545 238 2
546 238 1
548 238 1
549 238 3
557 238 1
559 238 2
560 238 2
561 238 1
565 238 3
566 238 1
567 238 3
574 238 1
575 238 2
580 238 2
581 238 3
589 238 1
594 238 3
596 238 2
597 238 1
601 238 3
602 238 1
605 238 2
606 238 2
609 238 3
611 238 1
612 238 1
615 238 3
618 238 2
628 238 3
634 238 1
635 238 3
637 238 2
643 238 3
644 238 2
645 238 3
646 238 2
654 238 3
655 238 1
656 238 2
659 238 3
660 238 3
661 238 2
663 238 1
666 238 1
669 238 2
670 238 1
671 238 2
675 238 2
676 238 3
677 238 2
680 238 2
682 238 2
692 238 2
693 238 3
697 238 2
698 238 3
700 238 2
702 238 2
703 238 2
706 238 1
710 238 3
714 238 2
720 238 2
722 238 2
724 238 1
728 238 3
733 238 1
735 238 1
740 238 3
746 238 3
751 238 3
754 238 1
755 238 3
771 238 1
773 238 2
775 238 3
776 238 1
777 238 3
778 238 1
780 238 1
782 238 2
785 238 1
787 238 1
792 238 2
795 238 3
797 238 2
799 238 2
803 238 1
804 238 1
805 238 1
808 238 3
812 238 2
813 238 1
815 238 1
816 238 1
817 238 3
819 238 2
822 238 1
829 238 3
833 238 1
835 238 1
838 238 2
839 238 2
843 238 2
844 238 3
846 238 2
848 238 2
850 238 3
852 238 2
853 238 1
855 238 2
859 238 1
861 238 3
862 238 1
864 238 2
867 238 1
873 238 3
878 238 2
879 238 2
888 238 2
889 238 2
891 238 2
896 238 3
904 238 3
913 238 3
915 238 3
921 238 1
923 238 3
937 238 3
938 238 1
943 238 3
944 238 3
948 238 2
955 238 1
956 238 3
959 238 2
960 238 1
962 238 1
971 238 3
976 238 1
977 238 2
980 238 3
991 238 3
992 238 3
993 238 2
998 238 2
15 239 2
18 239 1
21 239 3
22 239 2
24 239 1
31 239 2
32 239 3
36 239 3
37 239 2
39 239 3
40 239 3
48 239 2
51 239 3
53 239 2
55 239 3
59 239 2
60 239 2
64 239 3
66 239 1
68 239 2
74 239 3
75 239 2
82 239 1
85 239 3
91 239 3
92 239 1
93 239 1
94 239 3
98 239 3
100 239 3
104 239 2
110 239 2
111 239 1
116 239 2
118 239 1
124 239 3
125 239 2
127 239 3
130 239 3
131 239 1
133 239 2
140 239 1
144 239 2
145 239 1
148 239 1
149 239 1
155 239 1
167 239 2
172 239 1
177 239 2
178 239 2
181 239 2
185 239 1
186 239 1
188 239 3
190 239 3
191 239 1
192 239 3
196 239 2
197 239 3
199 239 3
200 239 3
208 239 2
210 239 2
212 239 1
215 239 2
220 239 1
221 239 2
222 239 1
224 239 2
225 239 2
235 239 1
239 239 2
242 239 3
249 239 1
250 239 3
251 239 3
253 239 1
257 239 3
259 239 3
266 239 3
269 239 3
272 239 2
273 239 1
287 239 1
288 239 2
290 239 2
293 239 2
299 239 3
300 239 2
305 239 2
306 239 1
307 239 1
309 239 1
311 239 1
313 239 3
318 239 1
323 239 2
324 239 2
325 239 1
326 239 3
329 239 2
330 239 2
334 239 2
337 239 3
338 239 2
342 239 2
343 239 3
344 239 2
347 239 3
348 239 2
349 239 3
355 239 1
356 239 3
357 239 2
359 239 1
362 239 3
364 239 3
365 239 3
367 239 1
368 239 1
