713 372 3
714 372 3
715 372 1
717 372 1
721 372 3
722 372 2
724 372 3
725 372 2
727 372 3
728 372 1
731 372 3
734 372 2
737 372 1
738 372 2
740 372 1
742 372 1
748 372 3
749 372 3
751 372 2
752 372 2
755 372 3
758 372 3
759 372 1
761 372 2
762 372 2
767 372 2
770 372 3
775 372 3
777 372 1
781 372 1
782 372 3
788 372 1
790 372 3
791 372 1
794 372 3
795 372 1
802 372 1
803 372 2
806 372 2
810 372 2
812 372 1
813 372 3
814 372 1
818 372 1
820 372 1
825 372 2
826 372 2
832 372 3
833 372 1
837 372 1
838 372 2
841 372 1
842 372 2
846 372 1
847 372 3
848 372 3
849 372 1
850 372 3
854 372 2
856 372 2
857 372 2
859 372 2
860 372 1
864 372 2
866 372 2
873 372 3
874 372 3
883 372 1
884 372 2
888 372 2
890 372 3
894 372 1
901 372 3
906 372 1
909 372 1
910 372 2
912 372 3
914 372 3
918 372 2
921 372 1
923 372 2
925 372 2
926 372 1
928 372 2
931 372 1
937 372 1
938 372 2
946 372 1
947 372 1
950 372 3
961 372 3
962 372 2
965 372 1
968 372 3
971 372 1
973 372 3
974 372 3
982 372 1
984 372 2
987 372 3
990 372 1
992 372 3
997 372 2
4 373 2
5 373 3
6 373 1
8 373 1
9 373 2
10 373 2
15 373 3
16 373 2
32 373 2
40 373 2
41 373 2
42 373 2
46 373 1
51 373 3
57 373 1
59 373 2
60 373 3
65 373 2
66 373 1
67 373 2
70 373 2
71 373 3
76 373 1
82 373 2
84 373 3
85 373 3
86 373 2
87 373 2
89 373 3
90 373 1
92 373 3
94 373 3
95 373 2
97 373 1
99 373 3
100 373 1
102 373 2
105 373 1
109 373 2
112 373 3
117 373 1
121 373 1
122 373 2
123 373 2
126 373 3
129 373 2
131 373 3
136 373 1
141 373 3
142 373 3
145 373 2
148 373 1
149 373 1
153 373 1
154 373 2
155 373 3
156 373 3
159 373 1
161 373 1
162 373 1
166 373 2
168 373 2
173 373 1
174 373 3
179 373 3
182 373 3
183 373 1
188 373 1
190 373 3
198 373 3
200 373 1
205 373 2
206 373 3
216 373 1
217 373 1
218 373 3
220 373 1
221 373 1
223 373 1
225 373 3
229 373 1
231 373 2
234 373 3
235 373 1
238 373 1
242 373 3
246 373 3
250 373 1
253 373 3
254 373 1
261 373 2
263 373 3
265 373 3
266 373 1
270 373 2
272 373 3
277 373 3
279 373 2
282 373 2
286 373 3
287 373 1
288 373 2
289 373 1
291 373 3
292 373 3
293 373 1
294 373 3
300 373 2
302 373 3
303 373 2
305 373 3
309 373 3
312 373 3
321 373 1
322 373 2
324 373 3
326 373 1
331 373 1
333 373 2
334 373 1
335 373 3
341 373 2
343 373 2
344 373 1
349 373 2
357 373 3
358 373 3
360 373 3
362 373 2
368 373 3
369 373 3
373 373 2
375 373 1
376 373 2
379 373 3
380 373 1
382 373 3
389 373 1
391 373 3
396 373 1
398 373 2
406 373 2
408 373 3
410 373 3
411 373 1
414 373 1
415 373 2
421 373 2
422 373 2
427 373 2
428 373 3
433 373 2
437 373 1
440 373 2
443 373 3
445 373 1
446 373 2
456 373 1
458 373 2
460 373 2
468 373 2
470 373 3
471 373 1
472 373 1
473 373 2
475 373 1
482 373 3
484 373 1
485 373 1
486 373 3
488 373 2
490 373 1
494 373 3
501 373 3
508 373 2
514 373 2
520 373 1
521 373 1
528 373 1
530 373 3
539 373 2
544 373 2
546 373 3
552 373 2
554 373 1
555 373 3
556 373 2
558 373 3
561 373 3
563 373 1
565 373 1
567 373 1
568 373 3
570 373 1
571 373 2
572 373 3
575 373 1
584 373 1
592 373 1
593 373 2
596 373 3
599 373 2
606 373 2
609 373 1
610 373 1
613 373 2
615 373 3
621 373 3
626 373 3
627 373 1
628 373 1
629 373 3
630 373 2
631 373 1
632 373 1
635 373 2
639 373 2
642 373 3
643 373 2
649 373 3
650 373 1
652 373 2
654 373 2
656 373 1
657 373 1
664 373 2
667 373 2
668 373 2
670 373 1
671 373 1
674 373 2
676 373 1
677 373 1
679 373 2
683 373 1
687 373 2
691 373 2
693 373 1
696 373 3
697 373 2
698 373 1
699 373 1
702 373 3
706 373 2
707 373 2
708 373 2
710 373 1
711 373 1
714 373 3
715 373 1
718 373 1
719 373 1
721 373 3
722 373 1
724 373 2
725 373 3
736 373 2
742 373 2
747 373 3
754 373 1
763 373 2
766 373 3
770 373 2
775 373 3
777 373 1
783 373 3
785 373 2
786 373 1
787 373 3
788 373 3
789 373 1
791 373 2
795 373 2
796 373 2
797 373 1
800 373 3
801 373 1
802 373 2
807 373 1
810 373 2
811 373 3
816 373 1
817 373 2
818 373 1
819 373 2
820 373 3
822 373 2
823 373 2
824 373 3
825 373 3
826 373 2
830 373 1
832 373 1
835 373 2
840 373 3
841 373 1
844 373 1
845 373 1
847 373 1
850 373 3
851 373 3
853 373 1
854 373 1
855 373 1
857 373 3
862 373 2
866 373 1
867 373 1
888 373 2
889 373 2
890 373 3
898 373 1
902 373 2
903 373 2
904 373 3
905 373 3
906 373 3
911 373 1
914 373 3
919 373 1
920 373 2
924 373 3
925 373 1
928 373 2
932 373 2
933 373 3
937 373 2
943 373 1
945 373 3
956 373 1
961 373 2
966 373 3
970 373 3
981 373 1
983 373 1
986 373 1
991 373 2
994 373 3
995 373 2
996 373 3
999 373 2
2 374 3
3 374 3
7 374 3
9 374 1
11 374 1
12 374 3
13 374 3
14 374 3
15 374 2
16 374 1
18 374 1
22 374 3
24 374 3
28 374 1
29 374 2
30 374 1
33 374 1
36 374 2
37 374 3
40 374 3
43 374 3
44 374 2
48 374 3
50 374 2
52 374 2
56 374 1
60 374 2
61 374 3
62 374 3
63 374 1
66 374 1
71 374 1
72 374 2
73 374 1
74 374 2
77 374 3
82 374 1
83 374 1
84 374 2
86 374 2
87 374 3
89 374 1
90 374 2
91 374 2
92 374 2
93 374 2
97 374 3
107 374 2
109 374 2
114 374 1
124 374 1
125 374 2
126 374 2
128 374 2
129 374 3
130 374 2
131 374 1
132 374 3
135 374 3
136 374 2
138 374 2
144 374 3
146 374 3
147 374 3
148 374 1
150 374 3
154 374 1
155 374 3
158 374 2
165 374 2
167 374 1
172 374 1
174 374 3
176 374 2
178 374 3
183 374 3
188 374 1
189 374 2
193 374 1
194 374 1
195 374 2
200 374 1
202 374 3
208 374 3
210 374 3
211 374 2
214 374 1
219 374 3
225 374 1
229 374 1
236 374 1
237 374 3
243 374 3
247 374 2
248 374 3
250 374 2
251 374 2
252 374 2
253 374 3
254 374 1
255 374 2
258 374 1
260 374 1
262 374 1
263 374 2
272 374 1
275 374 2
280 374 1
281 374 2
282 374 1
283 374 2
287 374 3
288 374 2
290 374 2
291 374 3
293 374 2
294 374 1
297 374 2
299 374 2
300 374 2
302 374 2
311 374 3
313 374 1
314 374 2
315 374 1
319 374 3
321 374 2
323 374 2
325 374 2
326 374 2
331 374 3
334 374 3
335 374 2
339 374 2
342 374 2
348 374 3
352 374 3
353 374 3
355 374 2
357 374 2
358 374 2
360 374 3
361 374 3
364 374 1
366 374 2
367 374 3
368 374 2
375 374 3
379 374 2
381 374 3
382 374 1
386 374 1
389 374 2
396 374 2
397 374 3
399 374 3
400 374 3
402 374 2
408 374 3
410 374 1
412 374 3
413 374 3
415 374 1
427 374 3
428 374 3
429 374 1
434 374 2
438 374 1
440 374 1
443 374 1
446 374 2
447 374 2
449 374 3
450 374 3
451 374 2
452 374 2
457 374 3
460 374 1
464 374 1
466 374 3
467 374 3
479 374 1
483 374 2
484 374 1
487 374 2
507 374 2
509 374 3
512 374 1
515 374 1
518 374 3
523 374 3
527 374 2
528 374 2
529 374 1
531 374 3
532 374 1
534 374 1
539 374 1
540 374 3
541 374 3
542 374 2
545 374 3
546 374 2
547 374 1
549 374 3
550 374 1
553 374 3
554 374 2
561 374 1
562 374 3
563 374 2
565 374 2
569 374 1
572 374 2
573 374 1
584 374 2
588 374 2
591 374 3
592 374 2
594 374 1
600 374 2
606 374 2
