340 207 1
342 207 1
348 207 2
349 207 3
351 207 3
353 207 3
360 207 3
363 207 2
368 207 2
369 207 2
370 207 2
374 207 2
375 207 2
377 207 1
378 207 3
379 207 2
381 207 2
382 207 3
383 207 1
388 207 1
394 207 3
396 207 2
398 207 2
400 207 2
402 207 1
406 207 2
417 207 1
420 207 3
422 207 1
426 207 3
429 207 2
432 207 3
437 207 2
439 207 1
443 207 2
444 207 1
453 207 3
459 207 2
470 207 3
472 207 2
474 207 1
480 207 3
482 207 2
484 207 2
487 207 3
488 207 1
493 207 3
495 207 3
503 207 3
505 207 1
506 207 3
507 207 1
510 207 1
515 207 2
518 207 1
521 207 2
522 207 1
527 207 3
533 207 3
534 207 3
536 207 3
538 207 3
541 207 1
543 207 1
548 207 3
550 207 1
553 207 3
555 207 3
556 207 2
558 207 3
560 207 1
562 207 3
565 207 3
566 207 1
568 207 1
570 207 2
572 207 2
573 207 2
575 207 2
582 207 3
584 207 1
585 207 1
588 207 1
589 207 1
590 207 3
591 207 1
593 207 2
594 207 1
595 207 3
596 207 3
599 207 1
600 207 3
604 207 2
607 207 1
608 207 2
610 207 1
612 207 1
613 207 2
616 207 2
619 207 2
620 207 1
622 207 3
624 207 1
625 207 2
626 207 1
631 207 3
637 207 2
638 207 1
643 207 2
651 207 1
654 207 3
656 207 3
658 207 2
667 207 1
670 207 2
671 207 1
674 207 3
676 207 3
682 207 3
684 207 2
687 207 2
691 207 3
696 207 3
700 207 3
701 207 3
702 207 1
706 207 1
708 207 2
716 207 1
718 207 2
719 207 2
721 207 2
722 207 3
723 207 3
728 207 3
730 207 1
733 207 2
737 207 3
739 207 3
745 207 2
750 207 2
752 207 1
753 207 2
757 207 2
760 207 2
761 207 1
762 207 3
763 207 1
765 207 1
766 207 3
769 207 3
774 207 1
779 207 3
788 207 3
792 207 3
796 207 2
797 207 3
800 207 3
801 207 3
802 207 3
809 207 1
811 207 2
813 207 3
816 207 3
825 207 1
829 207 3
834 207 2
836 207 2
838 207 1
844 207 1
845 207 2
847 207 2
848 207 2
857 207 3
858 207 1
863 207 3
868 207 2
869 207 2
870 207 1
874 207 3
878 207 1
879 207 3
880 207 3
881 207 1
882 207 2
885 207 2
893 207 1
897 207 3
899 207 1
901 207 1
902 207 3
904 207 2
906 207 1
907 207 2
908 207 1
912 207 2
913 207 3
919 207 1
922 207 3
925 207 2
928 207 1
929 207 1
931 207 3
932 207 3
937 207 2
940 207 2
943 207 2
945 207 3
946 207 2
948 207 3
949 207 1
950 207 1
954 207 2
958 207 1
960 207 1
961 207 2
964 207 1
967 207 1
968 207 3
969 207 3
974 207 2
975 207 2
980 207 1
982 207 1
984 207 1
992 207 1
993 207 1
0 208 3
6 208 3
9 208 2
14 208 3
18 208 3
21 208 3
26 208 2
28 208 3
29 208 3
32 208 3
33 208 3
37 208 2
38 208 2
42 208 3
45 208 2
48 208 3
51 208 2
57 208 3
60 208 2
65 208 2
66 208 2
71 208 2
76 208 1
77 208 2
78 208 3
80 208 2
83 208 3
85 208 3
87 208 2
89 208 2
91 208 2
96 208 1
97 208 2
98 208 3
99 208 3
100 208 3
104 208 2
105 208 1
107 208 1
108 208 2
109 208 3
112 208 1
119 208 2
132 208 3
133 208 1
138 208 1
145 208 3
146 208 3
147 208 2
148 208 2
149 208 3
155 208 3
156 208 3
160 208 2
164 208 3
172 208 3
174 208 3
176 208 2
177 208 3
178 208 2
180 208 3
182 208 1
186 208 3
187 208 2
189 208 2
191 208 2
193 208 2
196 208 2
197 208 3
199 208 1
201 208 1
203 208 2
206 208 1
212 208 2
230 208 3
231 208 2
233 208 2
235 208 1
237 208 1
238 208 2
240 208 3
241 208 1
242 208 1
245 208 3
246 208 3
247 208 3
249 208 1
251 208 1
258 208 1
266 208 2
269 208 3
270 208 2
271 208 1
280 208 3
282 208 3
283 208 1
288 208 1
291 208 3
295 208 2
298 208 1
299 208 2
301 208 3
302 208 1
311 208 2
313 208 3
315 208 3
317 208 3
318 208 3
323 208 3
326 208 3
330 208 3
336 208 2
340 208 3
342 208 3
343 208 1
346 208 2
347 208 2
349 208 1
353 208 1
356 208 1
360 208 1
366 208 1
367 208 2
368 208 3
369 208 2
371 208 3
374 208 1
384 208 3
386 208 1
392 208 3
394 208 3
395 208 1
397 208 1
398 208 1
399 208 3
404 208 3
406 208 1
407 208 2
411 208 3
412 208 2
414 208 2
420 208 1
423 208 3
424 208 3
425 208 3
426 208 1
427 208 2
429 208 3
435 208 1
436 208 3
441 208 1
446 208 3
447 208 2
449 208 2
452 208 2
456 208 1
462 208 1
466 208 3
468 208 1
472 208 3
474 208 2
476 208 2
480 208 1
481 208 1
485 208 1
492 208 2
498 208 3
508 208 1
510 208 3
512 208 2
513 208 2
518 208 2
521 208 2
523 208 3
526 208 2
531 208 3
532 208 3
533 208 1
537 208 2
540 208 3
541 208 2
544 208 3
548 208 3
549 208 2
554 208 3
558 208 2
562 208 3
565 208 3
567 208 1
568 208 1
576 208 2
577 208 2
586 208 3
587 208 2
590 208 2
592 208 1
593 208 2
594 208 1
595 208 1
596 208 3
597 208 2
606 208 3
607 208 2
613 208 2
616 208 3
617 208 2
621 208 1
630 208 3
632 208 2
635 208 1
637 208 1
642 208 3
646 208 1
648 208 1
654 208 3
655 208 2
663 208 1
667 208 2
673 208 3
678 208 1
679 208 2
684 208 1
685 208 1
687 208 1
692 208 2
695 208 2
698 208 1
699 208 2
701 208 3
703 208 2
706 208 2
708 208 3
712 208 1
713 208 2
715 208 2
716 208 1
717 208 1
718 208 1
731 208 2
733 208 1
734 208 2
735 208 1
739 208 3
740 208 3
742 208 1
749 208 3
750 208 3
756 208 1
757 208 1
765 208 1
766 208 1
767 208 3
768 208 3
769 208 1
771 208 1
772 208 2
775 208 1
782 208 1
785 208 2
793 208 2
795 208 1
796 208 2
797 208 2
801 208 3
805 208 1
807 208 2
808 208 3
812 208 3
821 208 1
824 208 3
828 208 3
829 208 2
833 208 1
835 208 3
841 208 2
842 208 3
849 208 1
856 208 2
857 208 1
859 208 1
867 208 1
871 208 3
873 208 1
874 208 2
875 208 2
879 208 2
880 208 2
881 208 3
882 208 2
886 208 1
891 208 3
892 208 2
894 208 1
896 208 3
900 208 3
901 208 2
908 208 3
917 208 2
920 208 1
927 208 3
929 208 2
930 208 2
931 208 3
933 208 2
935 208 3
937 208 2
940 208 1
943 208 3
948 208 2
949 208 2
950 208 1
955 208 2
956 208 1
957 208 3
958 208 3
959 208 3
961 208 2
962 208 3
963 208 3
965 208 1
967 208 1
970 208 1
971 208 2
974 208 2
981 208 2
983 208 2
988 208 2
989 208 1
992 208 1
994 208 3
995 208 1
1 209 1
2 209 2
5 209 3
6 209 1
7 209 2
9 209 3
15 209 1
19 209 2
27 209 1
28 209 3
31 209 3
34 209 2
37 209 3
38 209 1
40 209 1
44 209 1
48 209 3
49 209 3
50 209 3
53 209 3
57 209 1
60 209 1
62 209 3
66 209 3
68 209 2
71 209 3
73 209 1
74 209 1
75 209 2
76 209 3
77 209 2
80 209 3
82 209 3
86 209 1
90 209 1
91 209 2
100 209 1
110 209 1
113 209 2
114 209 3
116 209 2
124 209 2
126 209 3
127 209 3
128 209 2
130 209 3
131 209 3
138 209 2
139 209 3
142 209 2
145 209 2
147 209 3
149 209 3
150 209 1
163 209 3
164 209 3
169 209 2
175 209 2
180 209 2
186 209 3
189 209 2
190 209 2
192 209 1
194 209 3
195 209 3
197 209 1
202 209 2
203 209 2
205 209 3
206 209 2
207 209 1
208 209 3
209 209 2
212 209 1
217 209 2
218 209 2
223 209 1
226 209 1
228 209 2
235 209 2
236 209 2
238 209 3
239 209 1
242 209 3
243 209 2
244 209 1
245 209 2
253 209 2
254 209 2
261 209 3
262 209 1
273 209 2
276 209 1
281 209 1
283 209 1
288 209 1
292 209 3
294 209 1
297 209 1
304 209 1
310 209 1
312 209 1
315 209 2
317 209 3
318 209 2
322 209 2
324 209 1
329 209 1
