385 882 1
387 882 1
394 882 1
396 882 1
397 882 3
399 882 3
403 882 1
406 882 1
408 882 3
410 882 2
413 882 3
419 882 1
424 882 3
427 882 1
430 882 2
436 882 3
438 882 3
442 882 2
447 882 1
449 882 3
450 882 1
452 882 2
455 882 1
462 882 2
466 882 2
468 882 3
479 882 3
483 882 1
484 882 3
486 882 2
488 882 2
490 882 1
493 882 2
494 882 3
495 882 3
496 882 1
500 882 2
501 882 1
502 882 3
504 882 1
507 882 3
513 882 3
514 882 3
517 882 2
518 882 1
519 882 1
525 882 2
528 882 1
529 882 1
530 882 1
536 882 3
537 882 3
538 882 1
540 882 1
541 882 2
546 882 1
547 882 1
549 882 3
550 882 1
551 882 3
552 882 3
553 882 1
556 882 3
557 882 2
558 882 3
564 882 3
570 882 3
576 882 3
578 882 3
579 882 2
581 882 1
582 882 2
585 882 2
587 882 1
591 882 3
593 882 2
594 882 2
595 882 2
598 882 3
606 882 3
608 882 3
611 882 1
613 882 3
619 882 3
622 882 1
626 882 3
633 882 3
635 882 2
637 882 3
640 882 3
641 882 2
643 882 2
647 882 3
650 882 3
651 882 1
653 882 3
657 882 3
661 882 3
668 882 2
671 882 3
674 882 1
686 882 1
688 882 1
689 882 3
695 882 2
696 882 3
700 882 1
701 882 2
702 882 2
706 882 2
712 882 2
715 882 3
734 882 2
735 882 2
740 882 1
744 882 1
745 882 1
749 882 2
754 882 2
755 882 3
759 882 2
762 882 2
766 882 2
767 882 2
769 882 1
777 882 1
778 882 2
782 882 3
784 882 2
785 882 2
787 882 3
793 882 1
796 882 2
797 882 3
801 882 3
803 882 1
806 882 3
810 882 2
814 882 1
815 882 3
818 882 2
819 882 2
823 882 2
824 882 2
826 882 2
828 882 2
829 882 2
832 882 1
838 882 3
843 882 3
844 882 1
847 882 1
851 882 1
856 882 1
862 882 2
864 882 2
866 882 3
867 882 2
874 882 3
877 882 3
878 882 3
879 882 2
880 882 3
883 882 3
884 882 2
885 882 2
886 882 3
888 882 1
889 882 2
891 882 3
893 882 2
894 882 1
901 882 1
902 882 2
904 882 2
908 882 1
909 882 3
910 882 3
917 882 2
922 882 2
924 882 2
925 882 2
933 882 2
936 882 1
937 882 1
941 882 3
942 882 3
948 882 3
949 882 1
951 882 3
963 882 2
964 882 1
969 882 3
973 882 2
975 882 2
976 882 2
977 882 3
978 882 2
982 882 2
983 882 2
988 882 1
993 882 3
995 882 2
998 882 2
2 883 2
4 883 2
7 883 2
8 883 3
9 883 2
13 883 2
14 883 1
16 883 2
19 883 2
22 883 1
23 883 1
24 883 3
25 883 1
26 883 3
34 883 3
41 883 3
42 883 3
50 883 2
57 883 3
60 883 2
64 883 2
66 883 1
70 883 3
73 883 2
74 883 1
77 883 2
78 883 3
85 883 1
87 883 3
92 883 2
95 883 2
97 883 1
99 883 3
100 883 3
104 883 1
109 883 3
111 883 3
113 883 2
116 883 1
122 883 1
123 883 2
126 883 1
127 883 3
131 883 3
133 883 2
134 883 3
135 883 3
136 883 2
139 883 2
140 883 3
141 883 3
145 883 2
151 883 1
152 883 2
154 883 2
156 883 3
158 883 1
159 883 2
163 883 3
167 883 2
168 883 3
173 883 1
174 883 2
177 883 1
181 883 2
184 883 2
185 883 2
187 883 3
190 883 3
191 883 3
193 883 2
200 883 1
203 883 3
204 883 3
211 883 2
212 883 1
214 883 2
218 883 1
229 883 2
241 883 2
243 883 3
246 883 3
249 883 2
251 883 1
255 883 1
256 883 1
257 883 3
261 883 1
262 883 3
264 883 3
265 883 1
270 883 3
272 883 3
273 883 2
274 883 1
276 883 3
288 883 3
289 883 2
297 883 2
299 883 1
302 883 2
305 883 1
309 883 1
312 883 3
314 883 3
315 883 2
317 883 1
322 883 1
323 883 3
324 883 1
325 883 3
326 883 1
329 883 2
330 883 1
333 883 2
334 883 3
336 883 2
337 883 2
338 883 1
347 883 2
350 883 3
352 883 2
353 883 1
355 883 3
356 883 1
360 883 2
364 883 1
365 883 2
366 883 2
370 883 1
373 883 3
375 883 2
378 883 2
384 883 1
392 883 1
393 883 3
397 883 2
399 883 2
400 883 1
403 883 1
407 883 2
412 883 2
413 883 1
423 883 1
427 883 2
428 883 3
434 883 3
438 883 3
442 883 1
446 883 3
455 883 2
458 883 3
468 883 1
469 883 1
471 883 1
481 883 2
482 883 3
483 883 3
485 883 2
490 883 2
498 883 3
502 883 1
506 883 2
509 883 2
510 883 2
514 883 2
515 883 1
516 883 2
517 883 2
522 883 2
524 883 2
527 883 3
528 883 3
529 883 3
542 883 2
545 883 2
547 883 1
549 883 2
551 883 3
554 883 3
557 883 1
559 883 2
562 883 3
563 883 3
564 883 1
573 883 3
576 883 3
584 883 2
587 883 1
590 883 1
594 883 3
598 883 1
602 883 3
604 883 1
608 883 1
609 883 2
610 883 3
622 883 2
623 883 2
627 883 2
631 883 2
632 883 1
637 883 1
639 883 3
644 883 1
647 883 1
650 883 3
651 883 2
654 883 1
655 883 2
656 883 3
658 883 1
659 883 3
666 883 1
667 883 1
669 883 1
671 883 3
673 883 3
674 883 2
676 883 3
683 883 1
686 883 1
687 883 1
688 883 1
689 883 1
693 883 2
694 883 1
700 883 1
704 883 3
705 883 2
708 883 1
709 883 3
711 883 2
712 883 1
714 883 3
717 883 3
719 883 2
724 883 1
729 883 3
730 883 3
732 883 3
733 883 1
734 883 3
738 883 3
742 883 3
746 883 1
750 883 1
751 883 3
752 883 2
754 883 2
755 883 2
756 883 2
762 883 3
763 883 2
768 883 1
771 883 2
773 883 3
775 883 1
779 883 2
780 883 2
783 883 1
787 883 2
788 883 2
793 883 3
801 883 1
804 883 2
805 883 2
809 883 2
812 883 3
819 883 1
826 883 3
828 883 3
830 883 1
833 883 3
834 883 3
839 883 2
841 883 1
844 883 2
847 883 3
851 883 1
852 883 1
854 883 1
855 883 1
857 883 3
859 883 3
861 883 2
865 883 3
871 883 3
876 883 2
877 883 3
879 883 2
883 883 3
887 883 2
892 883 1
893 883 3
897 883 1
898 883 1
901 883 3
904 883 1
905 883 3
906 883 3
911 883 3
912 883 2
913 883 2
918 883 2
919 883 2
920 883 3
928 883 2
933 883 2
938 883 1
939 883 3
950 883 1
951 883 1
952 883 1
953 883 2
957 883 1
958 883 2
961 883 2
963 883 1
965 883 2
971 883 1
972 883 1
973 883 1
977 883 2
982 883 1
984 883 2
985 883 3
988 883 1
990 883 1
992 883 3
993 883 1
4 884 2
8 884 2
9 884 3
18 884 3
19 884 1
20 884 1
22 884 3
25 884 3
28 884 3
36 884 2
40 884 1
45 884 2
48 884 3
49 884 2
52 884 3
53 884 2
55 884 1
57 884 3
58 884 2
64 884 3
65 884 2
67 884 2
70 884 3
71 884 2
72 884 2
74 884 3
77 884 3
78 884 1
79 884 3
81 884 2
85 884 1
86 884 2
97 884 2
101 884 3
102 884 1
104 884 3
109 884 1
111 884 1
115 884 1
117 884 3
139 884 2
141 884 2
142 884 2
146 884 1
154 884 1
157 884 1
163 884 1
164 884 2
171 884 2
177 884 3
180 884 3
182 884 2
188 884 2
193 884 3
194 884 3
196 884 2
198 884 3
199 884 1
201 884 3
206 884 2
207 884 3
209 884 2
211 884 1
213 884 2
215 884 1
218 884 1
220 884 1
223 884 2
224 884 2
230 884 1
231 884 1
237 884 1
238 884 2
241 884 2
243 884 1
244 884 3
247 884 1
249 884 3
252 884 3
257 884 3
258 884 1
259 884 2
263 884 3
264 884 3
265 884 3
268 884 3
270 884 2
276 884 3
277 884 3
281 884 1
294 884 1
295 884 3
301 884 3
307 884 3
309 884 2
313 884 2
315 884 1
316 884 3
318 884 1
321 884 2
322 884 3
323 884 2
324 884 3
325 884 1
326 884 3
333 884 3
342 884 2
343 884 1
344 884 3
346 884 3
347 884 2
349 884 2
353 884 1
354 884 2
360 884 2
363 884 3
367 884 3
368 884 1
370 884 3
372 884 1
373 884 3
378 884 3
379 884 3
381 884 3
382 884 1
383 884 3
387 884 2
388 884 1
389 884 3
392 884 1
394 884 1
