478 866 3
486 866 1
493 866 2
496 866 1
499 866 1
503 866 1
505 866 3
511 866 2
513 866 2
515 866 1
529 866 3
530 866 3
533 866 1
537 866 2
538 866 3
540 866 2
541 866 2
543 866 2
544 866 1
546 866 1
551 866 2
552 866 1
553 866 2
557 866 2
559 866 3
564 866 2
567 866 1
568 866 1
571 866 3
576 866 3
577 866 3
578 866 1
583 866 1
586 866 3
601 866 2
608 866 3
613 866 1
616 866 2
620 866 3
621 866 2
622 866 3
626 866 1
635 866 3
636 866 1
642 866 3
646 866 2
652 866 1
653 866 1
658 866 3
662 866 2
663 866 1
666 866 2
667 866 3
669 866 3
670 866 1
671 866 3
672 866 2
675 866 3
679 866 2
680 866 2
681 866 2
685 866 2
686 866 2
687 866 1
689 866 2
691 866 2
694 866 3
696 866 3
697 866 2
699 866 2
709 866 2
710 866 3
718 866 1
722 866 2
726 866 1
727 866 3
729 866 2
731 866 1
733 866 1
734 866 3
736 866 1
737 866 2
738 866 1
739 866 3
740 866 2
741 866 2
742 866 1
744 866 3
748 866 1
749 866 3
750 866 1
751 866 1
754 866 3
755 866 3
756 866 2
763 866 2
765 866 1
766 866 1
768 866 1
771 866 1
775 866 1
777 866 3
779 866 1
785 866 1
786 866 2
788 866 2
791 866 3
800 866 1
805 866 3
806 866 3
812 866 1
813 866 1
815 866 1
816 866 1
817 866 2
819 866 1
826 866 2
828 866 1
829 866 1
831 866 2
833 866 1
836 866 3
839 866 2
840 866 3
841 866 2
845 866 3
851 866 1
852 866 3
853 866 3
855 866 1
856 866 3
857 866 2
867 866 2
870 866 3
875 866 3
877 866 2
882 866 3
884 866 1
885 866 3
889 866 3
891 866 2
893 866 2
895 866 3
907 866 2
914 866 2
918 866 2
924 866 2
926 866 2
927 866 2
929 866 1
930 866 3
933 866 3
940 866 2
942 866 2
944 866 3
945 866 1
949 866 2
950 866 1
951 866 3
952 866 1
955 866 2
956 866 1
967 866 3
970 866 2
974 866 3
976 866 3
982 866 1
983 866 2
986 866 1
988 866 1
989 866 3
990 866 1
992 866 1
994 866 2
995 866 1
996 866 2
997 866 3
8 867 3
10 867 1
13 867 3
18 867 2
21 867 3
28 867 1
31 867 3
43 867 3
45 867 3
49 867 3
52 867 1
55 867 1
62 867 3
65 867 1
67 867 1
68 867 1
70 867 3
71 867 3
73 867 2
74 867 1
77 867 1
82 867 1
83 867 3
84 867 1
86 867 2
87 867 3
97 867 3
98 867 3
102 867 2
103 867 1
104 867 3
108 867 3
109 867 1
110 867 2
111 867 3
113 867 1
116 867 1
134 867 1
135 867 1
137 867 1
141 867 3
147 867 1
148 867 2
149 867 1
150 867 3
155 867 2
156 867 3
159 867 1
171 867 2
174 867 1
176 867 2
178 867 3
180 867 1
182 867 2
184 867 2
190 867 3
192 867 2
195 867 3
197 867 3
199 867 3
200 867 1
202 867 2
204 867 3
208 867 3
213 867 1
215 867 3
221 867 3
223 867 1
226 867 2
232 867 2
239 867 2
240 867 3
242 867 1
246 867 3
251 867 1
263 867 1
265 867 1
267 867 3
269 867 2
270 867 3
271 867 1
276 867 2
277 867 3
278 867 2
279 867 1
280 867 3
281 867 1
283 867 3
285 867 3
294 867 1
295 867 1
301 867 3
302 867 3
305 867 1
306 867 3
308 867 1
315 867 3
320 867 1
321 867 3
326 867 2
330 867 1
332 867 1
333 867 1
336 867 2
340 867 1
342 867 3
346 867 2
347 867 3
348 867 2
352 867 2
354 867 3
356 867 2
365 867 1
367 867 3
368 867 3
375 867 2
378 867 1
380 867 1
385 867 2
387 867 3
398 867 2
400 867 3
403 867 1
404 867 1
409 867 1
410 867 1
411 867 3
412 867 3
418 867 1
419 867 3
421 867 3
422 867 1
425 867 1
427 867 2
432 867 2
434 867 1
435 867 1
437 867 1
438 867 3
439 867 2
442 867 2
446 867 1
450 867 1
453 867 3
459 867 2
465 867 1
469 867 2
470 867 1
472 867 3
475 867 3
476 867 1
477 867 1
479 867 3
482 867 3
495 867 3
500 867 1
502 867 2
508 867 2
509 867 3
517 867 1
522 867 1
524 867 2
527 867 3
536 867 1
537 867 1
538 867 2
540 867 3
541 867 2
545 867 1
552 867 2
553 867 2
554 867 1
564 867 1
571 867 1
577 867 3
581 867 1
583 867 1
590 867 2
592 867 2
596 867 2
600 867 1
602 867 3
604 867 3
609 867 1
610 867 1
614 867 2
615 867 2
619 867 3
621 867 1
624 867 3
628 867 2
633 867 1
634 867 1
638 867 2
641 867 2
644 867 3
645 867 1
646 867 2
649 867 3
650 867 2
651 867 2
652 867 1
653 867 1
656 867 2
660 867 1
663 867 3
664 867 1
668 867 1
671 867 1
672 867 3
676 867 2
682 867 3
683 867 3
685 867 1
688 867 2
689 867 1
691 867 2
695 867 2
698 867 2
705 867 2
710 867 1
711 867 3
715 867 3
723 867 3
727 867 2
728 867 2
736 867 2
740 867 1
743 867 1
744 867 3
748 867 2
751 867 3
753 867 3
755 867 2
757 867 1
759 867 2
760 867 3
763 867 3
766 867 2
770 867 2
774 867 1
775 867 1
778 867 1
779 867 2
780 867 1
781 867 1
782 867 2
783 867 3
788 867 1
789 867 2
790 867 3
797 867 1
798 867 1
807 867 1
808 867 3
809 867 1
810 867 2
813 867 2
815 867 3
817 867 1
820 867 2
821 867 2
823 867 3
824 867 2
831 867 1
834 867 2
835 867 1
837 867 3
840 867 1
841 867 3
848 867 3
856 867 2
857 867 2
860 867 1
861 867 1
866 867 2
870 867 3
871 867 2
874 867 3
875 867 3
879 867 2
880 867 2
882 867 1
883 867 2
887 867 3
888 867 1
890 867 2
891 867 3
894 867 2
901 867 3
902 867 1
903 867 2
904 867 2
905 867 3
907 867 2
909 867 3
910 867 1
912 867 3
915 867 1
916 867 3
918 867 2
919 867 3
923 867 3
926 867 1
928 867 2
934 867 2
935 867 3
936 867 2
937 867 1
945 867 1
949 867 1
950 867 1
951 867 2
952 867 2
955 867 1
958 867 3
960 867 2
962 867 1
964 867 1
968 867 3
970 867 3
974 867 1
975 867 3
977 867 3
981 867 3
982 867 3
986 867 3
988 867 3
2 868 1
3 868 1
5 868 1
10 868 2
13 868 1
17 868 3
18 868 2
19 868 1
20 868 2
21 868 2
23 868 2
24 868 2
32 868 1
33 868 1
35 868 1
39 868 3
42 868 2
45 868 1
46 868 3
47 868 1
48 868 1
49 868 1
51 868 1
52 868 2
53 868 3
57 868 1
65 868 1
66 868 2
67 868 1
70 868 2
71 868 1
75 868 2
80 868 3
82 868 2
84 868 3
85 868 3
86 868 3
92 868 3
95 868 2
96 868 1
98 868 2
99 868 1
102 868 1
103 868 2
105 868 2
107 868 1
109 868 1
111 868 1
113 868 3
118 868 2
122 868 2
126 868 2
127 868 3
129 868 1
135 868 2
137 868 1
138 868 3
140 868 2
141 868 3
142 868 1
145 868 2
148 868 2
152 868 1
153 868 2
154 868 3
161 868 3
165 868 3
168 868 3
170 868 3
173 868 2
179 868 2
181 868 1
182 868 3
185 868 2
186 868 1
187 868 1
190 868 3
195 868 1
197 868 1
199 868 2
205 868 3
208 868 2
210 868 3
212 868 1
217 868 2
225 868 2
230 868 1
234 868 2
241 868 3
242 868 3
246 868 3
247 868 3
253 868 2
257 868 3
263 868 3
269 868 3
270 868 2
271 868 3
276 868 1
287 868 3
288 868 2
293 868 1
297 868 2
307 868 1
310 868 1
311 868 1
312 868 1
313 868 1
316 868 2
322 868 3
327 868 2
331 868 3
335 868 1
337 868 2
338 868 2
339 868 2
342 868 2
343 868 2
351 868 2
352 868 1
355 868 1
358 868 3
359 868 2
360 868 3
361 868 3
364 868 2
365 868 1
366 868 1
368 868 2
371 868 1
372 868 3
375 868 3
376 868 3
377 868 2
379 868 3
385 868 2
386 868 3
389 868 1
391 868 2
392 868 3
393 868 1
394 868 1
395 868 1
399 868 3
400 868 2
402 868 1
403 868 2
405 868 1
407 868 2
411 868 1
412 868 2
419 868 2
420 868 3
421 868 1
427 868 2
429 868 3
430 868 1
434 868 1
435 868 3
442 868 1
453 868 3
