856 300 3
858 300 2
862 300 1
873 300 2
874 300 1
875 300 3
878 300 3
880 300 1
885 300 1
887 300 2
889 300 1
890 300 2
893 300 3
896 300 1
903 300 2
909 300 1
910 300 1
911 300 1
912 300 2
916 300 2
917 300 3
919 300 1
920 300 3
925 300 3
926 300 1
930 300 3
931 300 1
933 300 1
936 300 2
938 300 2
940 300 1
944 300 2
949 300 3
956 300 1
957 300 3
958 300 1
959 300 3
963 300 2
964 300 1
966 300 2
969 300 2
970 300 2
972 300 2
973 300 3
983 300 3
985 300 1
986 300 1
995 300 1
2 301 3
9 301 2
10 301 3
19 301 3
20 301 1
21 301 1
26 301 3
28 301 1
29 301 2
30 301 1
33 301 3
35 301 3
37 301 2
38 301 2
39 301 3
47 301 1
48 301 2
49 301 3
51 301 1
53 301 1
54 301 3
56 301 2
62 301 1
63 301 1
66 301 3
69 301 1
74 301 3
75 301 1
77 301 1
78 301 1
81 301 3
82 301 1
83 301 3
85 301 2
88 301 3
90 301 2
91 301 3
92 301 3
93 301 3
94 301 2
95 301 2
96 301 1
100 301 3
101 301 1
110 301 3
113 301 3
116 301 2
117 301 3
119 301 1
121 301 1
122 301 2
124 301 2
125 301 2
128 301 3
129 301 1
132 301 1
133 301 1
134 301 2
136 301 3
137 301 3
139 301 3
140 301 2
150 301 1
152 301 1
157 301 2
158 301 2
159 301 2
163 301 2
164 301 1
167 301 1
169 301 3
170 301 2
173 301 2
177 301 1
179 301 2
181 301 2
182 301 1
185 301 3
187 301 1
188 301 2
195 301 2
199 301 3
200 301 3
202 301 2
207 301 1
208 301 2
211 301 3
220 301 1
222 301 2
223 301 2
224 301 1
227 301 3
231 301 2
236 301 1
237 301 2
248 301 3
249 301 3
250 301 3
253 301 2
255 301 2
257 301 3
265 301 3
266 301 1
270 301 1
273 301 3
277 301 2
291 301 1
292 301 3
293 301 3
296 301 1
303 301 2
305 301 2
306 301 3
307 301 1
309 301 1
311 301 2
314 301 2
316 301 1
317 301 3
325 301 3
326 301 2
327 301 1
331 301 1
333 301 1
335 301 2
338 301 2
340 301 3
345 301 1
351 301 1
352 301 2
359 301 2
361 301 3
362 301 3
363 301 2
368 301 2
370 301 1
378 301 1
382 301 3
384 301 3
388 301 2
402 301 1
407 301 2
408 301 3
410 301 2
418 301 1
425 301 3
430 301 1
433 301 2
435 301 3
437 301 1
438 301 2
441 301 1
442 301 2
444 301 2
450 301 2
452 301 3
454 301 1
455 301 1
456 301 1
466 301 1
473 301 3
474 301 1
475 301 2
476 301 2
478 301 3
484 301 3
491 301 1
493 301 1
494 301 2
500 301 3
505 301 3
506 301 1
507 301 2
509 301 2
510 301 2
513 301 3
518 301 3
522 301 3
523 301 2
529 301 3
530 301 3
532 301 2
533 301 1
536 301 2
537 301 1
542 301 1
548 301 1
549 301 1
550 301 1
551 301 3
556 301 1
557 301 1
560 301 2
561 301 1
564 301 1
565 301 3
566 301 2
571 301 2
573 301 1
576 301 3
582 301 1
583 301 3
586 301 3
588 301 1
590 301 3
591 301 2
592 301 3
594 301 2
595 301 3
596 301 3
597 301 3
598 301 3
600 301 1
601 301 1
602 301 1
604 301 1
605 301 2
607 301 1
608 301 3
613 301 2
618 301 3
620 301 1
625 301 1
629 301 2
634 301 1
635 301 3
637 301 2
639 301 2
641 301 3
642 301 1
643 301 1
645 301 3
650 301 2
654 301 2
656 301 3
657 301 2
660 301 1
661 301 1
662 301 2
663 301 1
665 301 1
666 301 1
668 301 2
670 301 3
671 301 1
672 301 2
676 301 3
677 301 1
680 301 3
682 301 3
686 301 2
687 301 1
689 301 2
690 301 3
699 301 2
701 301 3
703 301 3
704 301 2
710 301 2
713 301 1
714 301 1
717 301 1
718 301 1
723 301 2
724 301 2
734 301 1
736 301 2
739 301 2
741 301 2
742 301 1
749 301 3
751 301 2
752 301 2
754 301 2
759 301 3
763 301 3
767 301 1
769 301 3
774 301 1
779 301 1
782 301 3
784 301 1
793 301 1
794 301 1
795 301 2
798 301 3
800 301 3
803 301 1
807 301 1
808 301 3
818 301 2
827 301 2
829 301 3
832 301 3
833 301 1
834 301 1
837 301 2
844 301 2
845 301 1
846 301 3
851 301 3
854 301 1
862 301 3
865 301 3
869 301 3
870 301 2
872 301 1
873 301 2
875 301 2
877 301 1
878 301 3
880 301 2
881 301 2
883 301 3
887 301 3
888 301 2
889 301 3
892 301 1
902 301 3
903 301 2
904 301 3
906 301 2
907 301 2
908 301 2
910 301 2
914 301 1
919 301 3
922 301 1
923 301 2
925 301 1
927 301 1
932 301 2
936 301 3
937 301 1
938 301 1
942 301 1
944 301 3
950 301 3
952 301 2
955 301 1
959 301 3
963 301 1
966 301 2
967 301 3
973 301 2
975 301 1
976 301 1
978 301 1
983 301 2
985 301 3
986 301 1
990 301 3
992 301 1
993 301 2
997 301 2
0 302 3
3 302 1
4 302 1
6 302 1
13 302 3
16 302 3
18 302 1
20 302 2
26 302 2
39 302 3
45 302 3
47 302 2
51 302 1
53 302 1
57 302 2
58 302 3
59 302 1
62 302 2
64 302 1
67 302 3
70 302 1
71 302 2
72 302 2
73 302 3
76 302 3
77 302 3
80 302 3
81 302 1
87 302 3
89 302 3
92 302 3
96 302 2
101 302 1
104 302 3
110 302 1
114 302 1
115 302 2
123 302 3
127 302 3
129 302 3
132 302 1
135 302 2
136 302 3
139 302 3
141 302 1
142 302 2
151 302 1
152 302 1
153 302 1
156 302 1
158 302 3
159 302 2
161 302 2
162 302 2
171 302 2
173 302 1
176 302 2
180 302 1
183 302 1
184 302 1
187 302 1
189 302 3
191 302 2
197 302 1
199 302 1
201 302 3
204 302 3
205 302 1
207 302 3
210 302 3
212 302 3
213 302 1
215 302 3
216 302 3
217 302 1
218 302 1
222 302 3
226 302 1
227 302 3
228 302 3
242 302 1
244 302 3
246 302 3
251 302 3
257 302 1
258 302 1
260 302 2
264 302 3
272 302 3
277 302 3
278 302 3
281 302 1
284 302 3
286 302 2
288 302 3
289 302 1
296 302 1
298 302 2
299 302 3
301 302 3
302 302 3
304 302 2
306 302 3
309 302 3
315 302 1
318 302 3
319 302 3
322 302 2
323 302 2
332 302 1
334 302 1
335 302 1
338 302 2
347 302 3
353 302 2
355 302 2
359 302 1
360 302 3
362 302 3
367 302 2
373 302 1
380 302 1
382 302 2
384 302 1
385 302 1
386 302 2
387 302 1
388 302 1
391 302 2
392 302 1
393 302 1
399 302 2
401 302 2
405 302 1
408 302 2
413 302 3
418 302 3
423 302 3
424 302 1
425 302 1
426 302 2
429 302 2
430 302 1
435 302 3
441 302 2
445 302 1
446 302 2
449 302 2
452 302 1
453 302 1
454 302 3
456 302 2
461 302 2
469 302 2
473 302 2
474 302 1
477 302 1
489 302 1
490 302 3
495 302 3
496 302 2
498 302 2
505 302 2
507 302 2
509 302 1
511 302 2
513 302 2
515 302 1
516 302 2
519 302 1
520 302 3
521 302 3
523 302 2
524 302 1
526 302 3
528 302 2
530 302 3
531 302 3
535 302 1
537 302 3
538 302 3
540 302 2
542 302 2
544 302 3
545 302 1
547 302 1
549 302 3
552 302 2
558 302 3
561 302 2
563 302 3
566 302 2
567 302 2
570 302 3
571 302 2
576 302 3
577 302 2
578 302 3
582 302 1
584 302 1
586 302 2
592 302 3
593 302 3
595 302 3
605 302 1
610 302 1
612 302 3
613 302 2
623 302 3
628 302 1
629 302 3
632 302 1
642 302 1
644 302 2
646 302 2
649 302 3
652 302 2
653 302 2
659 302 2
663 302 2
665 302 1
666 302 2
669 302 1
672 302 3
674 302 2
677 302 3
680 302 1
684 302 1
685 302 3
686 302 2
696 302 1
697 302 3
700 302 3
703 302 1
704 302 1
706 302 3
713 302 2
715 302 2
718 302 1
726 302 3
731 302 2
732 302 1
733 302 3
736 302 1
743 302 2
746 302 2
751 302 2
753 302 1
754 302 3
757 302 2
759 302 2
765 302 2
771 302 3
778 302 2
779 302 3
782 302 3
786 302 3
788 302 1
791 302 1
794 302 1
797 302 1
800 302 3
801 302 1
