651 362 2
652 362 1
653 362 1
654 362 3
656 362 2
657 362 3
658 362 2
662 362 2
663 362 3
664 362 1
666 362 2
668 362 3
673 362 1
675 362 1
683 362 3
687 362 2
688 362 1
691 362 3
702 362 3
705 362 1
712 362 2
714 362 3
716 362 3
717 362 2
720 362 3
723 362 1
724 362 2
727 362 2
729 362 3
732 362 2
740 362 2
746 362 1
750 362 1
751 362 3
753 362 1
760 362 2
770 362 2
771 362 2
777 362 1
782 362 3
783 362 3
785 362 1
787 362 1
788 362 1
789 362 1
791 362 3
792 362 2
793 362 1
796 362 2
797 362 2
799 362 3
800 362 3
801 362 2
806 362 3
809 362 3
818 362 1
819 362 3
820 362 2
821 362 3
822 362 3
836 362 3
837 362 3
841 362 3
842 362 2
850 362 3
855 362 1
861 362 3
864 362 2
868 362 1
873 362 1
874 362 2
876 362 1
878 362 2
883 362 3
886 362 2
890 362 2
892 362 1
893 362 2
904 362 2
908 362 2
912 362 3
913 362 1
925 362 3
926 362 2
927 362 2
929 362 3
934 362 2
935 362 3
946 362 3
947 362 1
951 362 3
954 362 1
962 362 1
964 362 2
973 362 3
974 362 3
978 362 3
984 362 1
988 362 2
992 362 3
1 363 3
3 363 1
6 363 1
7 363 3
15 363 1
16 363 2
18 363 1
22 363 1
30 363 2
33 363 3
34 363 2
37 363 3
44 363 1
47 363 1
66 363 3
70 363 2
71 363 1
76 363 3
77 363 3
80 363 3
82 363 2
88 363 1
94 363 2
100 363 3
101 363 1
103 363 1
107 363 2
108 363 1
111 363 3
119 363 2
120 363 1
122 363 2
126 363 2
127 363 2
128 363 3
136 363 2
138 363 3
140 363 2
141 363 3
143 363 2
145 363 2
149 363 1
153 363 1
154 363 2
155 363 2
156 363 2
161 363 1
163 363 1
171 363 1
174 363 3
177 363 2
181 363 3
187 363 1
188 363 1
190 363 3
198 363 3
199 363 3
200 363 1
203 363 3
205 363 3
211 363 3
212 363 1
214 363 1
215 363 1
216 363 1
219 363 2
223 363 2
224 363 2
226 363 3
228 363 2
230 363 2
231 363 1
233 363 2
234 363 2
235 363 1
240 363 3
241 363 1
243 363 2
244 363 3
246 363 1
249 363 2
251 363 1
253 363 1
254 363 1
255 363 1
258 363 3
259 363 3
260 363 3
263 363 2
265 363 2
269 363 1
271 363 2
273 363 3
276 363 2
279 363 3
280 363 1
284 363 1
295 363 1
298 363 2
307 363 3
308 363 2
310 363 3
314 363 2
317 363 1
321 363 2
324 363 2
325 363 3
327 363 3
328 363 1
330 363 3
338 363 3
342 363 2
343 363 3
345 363 2
347 363 3
350 363 2
351 363 3
353 363 1
354 363 2
357 363 3
360 363 1
361 363 2
363 363 1
365 363 3
367 363 1
376 363 2
378 363 3
380 363 1
384 363 3
387 363 1
388 363 3
390 363 3
391 363 2
395 363 3
396 363 1
400 363 2
406 363 2
407 363 1
408 363 3
412 363 2
419 363 1
420 363 2
421 363 3
424 363 1
440 363 1
444 363 2
447 363 2
448 363 3
453 363 1
454 363 1
456 363 1
460 363 3
467 363 3
468 363 3
469 363 3
477 363 2
479 363 3
482 363 2
483 363 1
485 363 2
487 363 1
489 363 1
494 363 2
495 363 2
497 363 2
498 363 2
503 363 3
506 363 2
507 363 2
508 363 2
511 363 3
515 363 3
519 363 2
520 363 2
521 363 2
522 363 2
523 363 1
524 363 3
528 363 3
536 363 2
541 363 2
543 363 3
546 363 3
548 363 2
551 363 1
555 363 3
562 363 1
565 363 2
566 363 3
567 363 2
568 363 1
575 363 2
576 363 2
577 363 1
578 363 1
588 363 3
589 363 2
594 363 3
596 363 1
598 363 1
600 363 1
601 363 3
609 363 1
612 363 3
613 363 1
614 363 3
616 363 3
619 363 1
621 363 1
622 363 1
624 363 3
626 363 3
629 363 2
630 363 2
639 363 3
640 363 2
641 363 1
642 363 3
643 363 1
646 363 3
649 363 1
650 363 2
651 363 1
654 363 1
657 363 1
660 363 2
663 363 3
667 363 3
673 363 3
684 363 2
686 363 2
687 363 2
688 363 1
691 363 3
694 363 1
699 363 2
700 363 2
709 363 1
711 363 1
714 363 2
719 363 2
720 363 1
724 363 2
729 363 2
731 363 3
743 363 2
747 363 3
750 363 2
751 363 1
752 363 2
755 363 3
761 363 2
763 363 3
764 363 2
766 363 3
775 363 2
781 363 1
782 363 2
783 363 1
785 363 1
788 363 1
789 363 1
790 363 3
791 363 1
794 363 2
799 363 2
800 363 1
801 363 3
804 363 1
806 363 3
808 363 3
812 363 2
813 363 3
818 363 3
819 363 3
830 363 2
837 363 2
838 363 2
839 363 2
840 363 2
843 363 3
849 363 1
852 363 2
853 363 3
856 363 3
859 363 2
861 363 1
871 363 3
876 363 3
877 363 1
880 363 1
882 363 1
883 363 3
889 363 1
893 363 3
897 363 2
898 363 2
899 363 1
904 363 3
905 363 3
910 363 2
911 363 3
913 363 2
916 363 3
920 363 3
923 363 2
927 363 2
928 363 3
935 363 2
936 363 2
937 363 2
939 363 3
942 363 3
943 363 3
944 363 3
946 363 1
950 363 1
953 363 2
957 363 3
965 363 3
976 363 2
977 363 1
978 363 3
980 363 2
982 363 3
993 363 3
997 363 1
998 363 3
0 364 2
2 364 1
4 364 1
6 364 2
7 364 2
15 364 3
17 364 2
21 364 1
22 364 1
30 364 2
31 364 1
33 364 2
38 364 3
39 364 3
40 364 2
41 364 2
43 364 3
45 364 3
47 364 3
50 364 3
60 364 2
62 364 2
69 364 1
73 364 2
81 364 2
87 364 1
88 364 3
92 364 3
97 364 1
99 364 2
100 364 3
104 364 3
105 364 1
106 364 1
109 364 3
110 364 1
111 364 2
114 364 2
115 364 2
119 364 2
124 364 3
127 364 2
129 364 1
139 364 1
140 364 3
142 364 3
143 364 1
144 364 1
148 364 2
152 364 3
156 364 3
160 364 3
161 364 2
162 364 2
164 364 3
165 364 1
169 364 1
172 364 2
176 364 1
177 364 1
178 364 1
179 364 1
183 364 2
184 364 1
186 364 3
193 364 3
196 364 1
197 364 3
198 364 2
206 364 1
212 364 1
213 364 3
215 364 3
216 364 1
219 364 2
222 364 1
223 364 1
225 364 3
226 364 3
234 364 2
235 364 3
236 364 2
239 364 2
247 364 1
248 364 1
257 364 2
262 364 3
264 364 2
267 364 3
270 364 2
281 364 2
292 364 2
294 364 2
295 364 1
297 364 3
298 364 3
301 364 1
303 364 3
304 364 1
305 364 1
306 364 1
314 364 2
318 364 3
320 364 1
326 364 2
328 364 2
331 364 3
333 364 1
334 364 2
337 364 2
339 364 2
340 364 3
341 364 3
343 364 1
345 364 2
346 364 3
348 364 2
350 364 2
352 364 2
353 364 3
354 364 2
355 364 3
364 364 2
366 364 3
369 364 1
374 364 3
381 364 1
385 364 3
389 364 3
397 364 1
404 364 3
411 364 3
412 364 3
415 364 1
419 364 2
420 364 1
422 364 1
423 364 2
424 364 3
429 364 3
430 364 1
431 364 2
446 364 2
450 364 1
451 364 3
455 364 3
457 364 1
458 364 2
462 364 2
463 364 1
466 364 2
470 364 2
480 364 2
490 364 1
497 364 1
498 364 1
499 364 1
503 364 1
505 364 2
513 364 1
514 364 1
516 364 1
518 364 2
520 364 1
522 364 3
528 364 3
531 364 1
532 364 1
534 364 2
536 364 1
537 364 3
541 364 2
543 364 3
545 364 3
548 364 1
549 364 1
555 364 3
559 364 3
560 364 3
561 364 1
563 364 1
564 364 1
565 364 2
570 364 1
572 364 3
574 364 3
578 364 2
580 364 3
584 364 3
586 364 2
591 364 2
594 364 1
595 364 3
596 364 3
597 364 1
599 364 2
601 364 3
605 364 1
606 364 1
608 364 2
609 364 1
614 364 1
617 364 1
618 364 3
621 364 3
623 364 3
625 364 1
627 364 3
629 364 1
630 364 3
632 364 2
636 364 1
645 364 2
648 364 2
649 364 1
651 364 1
652 364 1
659 364 3
660 364 2
663 364 1
666 364 2
673 364 1
675 364 3
676 364 1
678 364 2
679 364 1
681 364 1
683 364 3
686 364 2
689 364 3
692 364 1
693 364 1
694 364 3
695 364 2
696 364 1
697 364 2
701 364 3
702 364 1
