692 111 2
693 111 1
695 111 1
696 111 2
699 111 2
701 111 3
702 111 2
703 111 3
706 111 2
707 111 1
710 111 1
717 111 2
718 111 2
719 111 2
721 111 2
726 111 2
729 111 2
734 111 1
735 111 2
737 111 3
740 111 3
746 111 2
750 111 3
753 111 2
755 111 1
759 111 1
769 111 1
778 111 3
779 111 1
781 111 2
783 111 1
784 111 3
788 111 1
790 111 3
803 111 1
804 111 3
812 111 3
817 111 1
818 111 2
819 111 3
820 111 2
822 111 1
824 111 3
826 111 1
829 111 3
831 111 1
835 111 2
837 111 1
841 111 1
842 111 3
844 111 2
847 111 3
855 111 3
856 111 1
857 111 3
859 111 1
862 111 3
865 111 2
869 111 3
874 111 2
875 111 1
876 111 2
882 111 2
885 111 3
886 111 1
887 111 1
888 111 1
891 111 2
894 111 1
897 111 3
898 111 3
899 111 3
900 111 1
901 111 1
902 111 2
906 111 3
907 111 3
909 111 3
910 111 1
911 111 1
917 111 1
921 111 2
923 111 1
928 111 2
935 111 2
940 111 2
943 111 1
946 111 3
953 111 1
955 111 3
961 111 1
967 111 3
971 111 1
972 111 1
978 111 2
980 111 3
981 111 1
982 111 3
984 111 3
987 111 1
993 111 1
995 111 3
1 112 2
2 112 3
6 112 1
10 112 3
11 112 2
12 112 1
14 112 3
23 112 3
24 112 3
25 112 1
26 112 3
32 112 1
33 112 3
34 112 3
36 112 3
37 112 1
41 112 2
43 112 1
45 112 3
46 112 2
49 112 3
50 112 2
56 112 2
58 112 3
63 112 3
68 112 2
69 112 2
74 112 1
82 112 2
84 112 3
91 112 2
96 112 3
109 112 1
115 112 3
118 112 3
119 112 1
120 112 2
122 112 2
123 112 2
127 112 2
132 112 3
134 112 3
141 112 3
142 112 2
143 112 3
147 112 1
149 112 2
154 112 3
160 112 2
164 112 1
165 112 2
168 112 3
170 112 1
172 112 3
173 112 1
174 112 3
176 112 2
181 112 3
182 112 3
191 112 1
203 112 1
205 112 1
206 112 3
208 112 2
215 112 2
216 112 1
217 112 3
220 112 2
221 112 2
225 112 3
229 112 3
232 112 2
233 112 2
238 112 1
239 112 2
241 112 2
242 112 3
243 112 2
246 112 3
248 112 3
249 112 3
259 112 1
261 112 1
264 112 3
268 112 3
269 112 2
271 112 2
275 112 1
277 112 3
278 112 2
280 112 1
284 112 2
286 112 2
287 112 3
288 112 1
300 112 2
302 112 2
305 112 2
308 112 2
313 112 2
325 112 1
331 112 2
332 112 2
334 112 2
336 112 3
340 112 3
344 112 1
346 112 3
349 112 3
353 112 2
360 112 2
361 112 1
364 112 2
365 112 3
367 112 3
370 112 1
374 112 2
375 112 1
376 112 3
387 112 1
390 112 1
400 112 3
404 112 2
410 112 1
412 112 1
423 112 1
425 112 1
432 112 1
434 112 2
435 112 3
446 112 3
449 112 3
454 112 1
459 112 3
462 112 2
463 112 3
466 112 2
468 112 1
469 112 3
470 112 1
474 112 3
481 112 1
485 112 3
490 112 2
495 112 2
498 112 3
499 112 3
500 112 1
501 112 1
502 112 1
504 112 1
507 112 3
508 112 1
509 112 2
512 112 2
513 112 1
516 112 2
518 112 2
525 112 3
527 112 1
528 112 1
529 112 2
530 112 1
532 112 2
534 112 3
539 112 2
540 112 1
541 112 2
549 112 1
550 112 2
551 112 1
552 112 3
553 112 2
555 112 3
559 112 2
563 112 1
566 112 1
567 112 1
570 112 1
571 112 3
572 112 1
578 112 3
583 112 1
585 112 3
586 112 1
589 112 1
592 112 2
594 112 2
596 112 3
599 112 3
602 112 1
605 112 1
617 112 2
622 112 1
623 112 2
628 112 2
629 112 3
630 112 1
631 112 2
632 112 2
635 112 3
637 112 2
641 112 3
645 112 2
649 112 1
651 112 2
653 112 1
654 112 1
657 112 2
661 112 1
665 112 2
669 112 2
671 112 3
674 112 3
675 112 2
679 112 3
680 112 2
681 112 2
683 112 2
694 112 1
696 112 2
698 112 2
699 112 2
706 112 2
707 112 2
709 112 2
714 112 3
720 112 1
721 112 2
722 112 3
724 112 1
725 112 3
726 112 1
735 112 2
736 112 3
741 112 3
751 112 3
752 112 2
754 112 2
756 112 1
762 112 2
765 112 2
768 112 2
770 112 1
773 112 1
775 112 1
778 112 3
779 112 1
780 112 2
781 112 3
782 112 1
783 112 1
784 112 3
785 112 1
788 112 3
790 112 1
796 112 2
800 112 1
805 112 3
807 112 1
808 112 2
809 112 2
811 112 1
819 112 1
821 112 3
826 112 3
832 112 1
836 112 3
840 112 1
843 112 2
845 112 2
848 112 1
866 112 1
868 112 2
874 112 1
876 112 1
890 112 3
891 112 3
892 112 3
894 112 2
899 112 3
902 112 2
907 112 3
911 112 2
913 112 3
914 112 3
916 112 3
920 112 2
921 112 1
922 112 3
924 112 3
930 112 3
931 112 1
933 112 1
944 112 1
951 112 2
952 112 3
953 112 2
957 112 1
961 112 2
962 112 3
963 112 1
964 112 2
969 112 2
972 112 2
973 112 1
974 112 1
976 112 3
978 112 3
988 112 3
990 112 2
991 112 2
997 112 2
998 112 3
999 112 1
0 113 1
1 113 2
2 113 2
4 113 2
9 113 2
12 113 3
17 113 1
27 113 3
38 113 1
41 113 2
43 113 1
45 113 1
47 113 3
49 113 2
53 113 2
56 113 1
64 113 1
65 113 2
70 113 1
74 113 3
84 113 3
89 113 1
96 113 1
100 113 1
103 113 2
104 113 2
108 113 2
114 113 3
116 113 1
122 113 3
124 113 3
126 113 2
128 113 2
129 113 3
134 113 2
137 113 1
138 113 2
142 113 1
143 113 3
144 113 1
146 113 3
153 113 2
154 113 1
155 113 1
158 113 1
163 113 3
164 113 3
167 113 1
169 113 3
170 113 3
174 113 2
176 113 1
179 113 1
180 113 3
183 113 2
184 113 3
186 113 2
190 113 2
194 113 3
195 113 2
196 113 1
198 113 3
200 113 2
201 113 2
203 113 1
207 113 3
208 113 3
209 113 1
214 113 3
219 113 1
221 113 1
226 113 3
227 113 1
230 113 1
239 113 1
240 113 1
243 113 2
245 113 3
249 113 1
253 113 2
255 113 3
256 113 3
258 113 1
263 113 3
265 113 3
268 113 1
274 113 3
277 113 1
279 113 3
285 113 1
290 113 2
291 113 2
297 113 3
301 113 2
303 113 3
314 113 1
316 113 1
317 113 2
329 113 3
330 113 3
333 113 3
339 113 1
341 113 2
345 113 2
353 113 1
356 113 2
357 113 2
358 113 2
361 113 1
363 113 3
371 113 1
375 113 3
377 113 2
380 113 2
381 113 2
386 113 1
387 113 2
389 113 3
391 113 3
399 113 1
404 113 1
408 113 3
409 113 1
410 113 2
411 113 2
413 113 2
414 113 3
421 113 1
425 113 1
427 113 1
429 113 2
432 113 1
434 113 2
439 113 2
440 113 3
442 113 2
444 113 2
449 113 3
456 113 3
457 113 2
461 113 1
469 113 2
471 113 3
472 113 3
474 113 2
478 113 1
479 113 1
483 113 1
484 113 2
486 113 1
487 113 1
488 113 2
493 113 2
497 113 3
501 113 1
503 113 3
510 113 3
511 113 1
513 113 3
517 113 1
518 113 2
528 113 3
529 113 2
530 113 3
531 113 1
540 113 1
545 113 2
546 113 1
547 113 2
550 113 2
553 113 3
555 113 2
558 113 2
561 113 3
562 113 3
563 113 2
572 113 3
578 113 1
580 113 3
581 113 3
588 113 1
591 113 3
593 113 2
598 113 3
609 113 1
613 113 3
614 113 2
619 113 1
621 113 1
623 113 3
624 113 3
625 113 3
627 113 3
629 113 2
632 113 1
635 113 1
636 113 2
637 113 2
640 113 2
641 113 3
642 113 1
643 113 3
644 113 1
648 113 3
651 113 1
655 113 1
661 113 1
664 113 3
665 113 1
667 113 2
668 113 3
670 113 2
674 113 3
676 113 2
677 113 3
678 113 3
680 113 2
683 113 2
693 113 2
695 113 2
696 113 2
698 113 2
700 113 3
701 113 1
702 113 2
703 113 2
708 113 1
711 113 1
712 113 3
715 113 3
717 113 1
722 113 3
723 113 1
729 113 2
733 113 1
735 113 2
739 113 1
745 113 2
750 113 2
756 113 3
760 113 2
761 113 2
767 113 2
768 113 2
770 113 2
774 113 3
781 113 2
783 113 1
786 113 3
