477 870 1
482 870 3
485 870 1
486 870 2
488 870 1
493 870 2
496 870 1
497 870 1
502 870 1
512 870 2
516 870 2
519 870 3
522 870 2
523 870 3
524 870 1
525 870 1
528 870 1
529 870 1
531 870 2
535 870 3
540 870 3
543 870 3
546 870 3
547 870 2
548 870 3
551 870 3
554 870 1
556 870 1
559 870 1
560 870 1
567 870 2
569 870 3
577 870 3
580 870 1
583 870 1
585 870 1
588 870 2
589 870 3
592 870 1
596 870 2
598 870 1
599 870 1
601 870 3
602 870 1
608 870 2
613 870 1
617 870 3
620 870 1
623 870 3
634 870 1
641 870 3
642 870 1
646 870 2
648 870 1
650 870 1
652 870 1
653 870 2
661 870 2
662 870 1
664 870 1
667 870 3
672 870 2
674 870 3
678 870 3
682 870 3
683 870 1
685 870 3
688 870 2
689 870 3
690 870 2
693 870 3
694 870 1
701 870 1
705 870 2
711 870 2
712 870 2
714 870 1
716 870 2
717 870 3
720 870 2
728 870 1
730 870 1
735 870 1
738 870 3
740 870 2
742 870 2
752 870 2
753 870 2
758 870 3
759 870 2
760 870 1
761 870 1
762 870 1
765 870 1
767 870 3
769 870 3
772 870 2
775 870 3
776 870 2
777 870 3
778 870 2
779 870 2
784 870 3
785 870 1
787 870 3
797 870 3
798 870 3
801 870 2
803 870 1
805 870 3
807 870 1
817 870 3
818 870 1
821 870 2
823 870 2
829 870 3
830 870 3
831 870 2
833 870 3
834 870 2
842 870 2
848 870 3
849 870 1
851 870 3
852 870 1
853 870 1
855 870 3
856 870 1
858 870 1
859 870 3
860 870 3
862 870 1
863 870 3
866 870 3
871 870 1
875 870 3
879 870 3
883 870 1
886 870 2
887 870 2
899 870 1
901 870 3
903 870 1
906 870 1
907 870 2
909 870 2
912 870 1
915 870 2
918 870 3
920 870 1
923 870 3
926 870 2
930 870 1
934 870 3
937 870 1
939 870 3
942 870 1
944 870 3
947 870 3
949 870 2
951 870 2
957 870 2
960 870 3
964 870 3
969 870 2
973 870 2
974 870 3
976 870 1
978 870 2
979 870 2
987 870 1
997 870 3
998 870 2
1 871 3
3 871 2
6 871 1
7 871 1
10 871 1
12 871 1
13 871 3
15 871 3
21 871 2
23 871 2
28 871 3
29 871 3
31 871 3
32 871 3
37 871 3
38 871 2
39 871 2
42 871 1
44 871 1
47 871 2
49 871 1
52 871 3
57 871 2
78 871 3
81 871 3
82 871 1
83 871 2
87 871 1
95 871 2
98 871 1
99 871 1
107 871 2
117 871 2
120 871 2
122 871 3
126 871 3
131 871 3
132 871 1
136 871 1
139 871 3
141 871 2
142 871 2
144 871 1
147 871 2
149 871 2
153 871 1
154 871 2
157 871 2
161 871 2
162 871 1
164 871 3
173 871 2
176 871 2
177 871 3
178 871 3
182 871 2
184 871 1
186 871 1
187 871 2
194 871 2
195 871 3
199 871 2
201 871 2
213 871 3
221 871 3
223 871 1
227 871 3
228 871 1
232 871 3
235 871 2
239 871 1
245 871 3
247 871 2
251 871 3
252 871 2
264 871 1
267 871 2
272 871 2
281 871 1
290 871 1
292 871 1
296 871 3
298 871 1
299 871 3
301 871 2
302 871 1
305 871 3
306 871 2
308 871 1
314 871 1
320 871 2
321 871 1
322 871 2
326 871 1
328 871 2
330 871 3
333 871 3
335 871 3
336 871 2
337 871 3
345 871 3
347 871 1
349 871 3
351 871 1
352 871 1
354 871 3
356 871 3
358 871 1
360 871 1
361 871 1
363 871 3
371 871 1
372 871 3
377 871 2
379 871 2
382 871 2
383 871 1
385 871 1
389 871 2
390 871 2
393 871 2
406 871 2
409 871 3
411 871 3
413 871 2
420 871 3
424 871 3
425 871 3
430 871 3
433 871 3
435 871 1
436 871 3
437 871 2
440 871 3
446 871 2
448 871 1
452 871 1
459 871 1
466 871 1
469 871 2
471 871 2
475 871 2
476 871 3
481 871 1
482 871 3
484 871 1
489 871 2
495 871 3
496 871 1
501 871 2
503 871 1
504 871 3
506 871 1
512 871 3
517 871 3
519 871 1
520 871 3
524 871 1
527 871 2
529 871 3
530 871 1
531 871 3
532 871 3
538 871 2
539 871 1
543 871 3
544 871 2
548 871 2
552 871 1
554 871 1
556 871 1
557 871 2
564 871 1
565 871 3
567 871 3
570 871 2
571 871 3
574 871 1
575 871 3
578 871 2
579 871 2
581 871 2
584 871 2
587 871 2
588 871 3
590 871 1
598 871 2
600 871 1
609 871 1
610 871 2
615 871 1
619 871 3
620 871 2
621 871 3
630 871 2
631 871 2
632 871 1
634 871 1
635 871 2
642 871 1
644 871 2
647 871 1
648 871 1
650 871 1
653 871 1
658 871 3
659 871 3
661 871 2
662 871 1
665 871 1
667 871 3
668 871 2
669 871 3
673 871 3
675 871 3
677 871 3
683 871 1
685 871 2
686 871 3
688 871 3
692 871 1
695 871 3
700 871 3
702 871 1
703 871 2
704 871 3
710 871 2
712 871 2
713 871 3
717 871 2
720 871 2
721 871 1
722 871 2
723 871 1
724 871 1
725 871 3
732 871 1
735 871 3
736 871 3
738 871 2
739 871 2
744 871 3
748 871 3
754 871 1
757 871 2
758 871 3
759 871 2
761 871 3
764 871 3
765 871 1
766 871 2
768 871 3
769 871 2
774 871 1
775 871 2
776 871 2
779 871 2
785 871 3
789 871 2
793 871 1
801 871 2
803 871 2
806 871 3
812 871 3
813 871 3
826 871 1
827 871 3
828 871 1
833 871 2
834 871 3
838 871 2
840 871 2
843 871 2
844 871 1
847 871 3
849 871 3
852 871 1
855 871 2
857 871 2
859 871 3
864 871 1
865 871 2
869 871 1
872 871 1
874 871 3
877 871 3
879 871 1
880 871 3
884 871 3
888 871 2
890 871 1
891 871 1
893 871 2
897 871 1
901 871 2
911 871 2
913 871 3
918 871 2
919 871 2
920 871 1
922 871 3
928 871 2
929 871 2
930 871 1
932 871 1
933 871 2
935 871 2
937 871 1
940 871 2
942 871 3
943 871 1
954 871 1
955 871 1
960 871 1
963 871 1
965 871 2
966 871 2
968 871 1
969 871 2
975 871 1
976 871 3
977 871 3
979 871 3
981 871 3
983 871 3
984 871 3
985 871 3
986 871 1
993 871 2
996 871 1
997 871 2
999 871 2
2 872 1
3 872 2
4 872 3
23 872 3
28 872 2
29 872 1
30 872 1
41 872 2
45 872 3
46 872 2
47 872 3
49 872 3
50 872 3
54 872 1
62 872 3
66 872 1
68 872 3
70 872 2
71 872 2
72 872 2
77 872 1
78 872 2
81 872 1
84 872 1
87 872 2
90 872 1
91 872 2
98 872 2
99 872 2
104 872 1
106 872 3
108 872 3
110 872 2
112 872 1
113 872 1
114 872 1
116 872 3
122 872 3
127 872 1
129 872 2
131 872 3
138 872 3
139 872 1
145 872 2
150 872 3
152 872 3
155 872 3
160 872 2
162 872 2
165 872 3
166 872 3
167 872 1
168 872 2
171 872 2
174 872 3
176 872 3
178 872 1
181 872 2
182 872 3
184 872 1
194 872 3
196 872 1
198 872 2
207 872 1
208 872 1
212 872 1
213 872 2
214 872 3
215 872 3
220 872 3
225 872 2
228 872 1
232 872 1
233 872 3
234 872 2
235 872 3
238 872 1
242 872 1
244 872 2
252 872 2
255 872 2
257 872 2
258 872 2
259 872 2
260 872 2
267 872 2
269 872 3
271 872 3
274 872 1
277 872 1
279 872 2
281 872 1
292 872 2
293 872 3
294 872 2
295 872 2
298 872 2
299 872 1
314 872 3
315 872 3
318 872 3
322 872 2
326 872 2
335 872 2
336 872 1
350 872 1
351 872 2
352 872 2
355 872 1
358 872 3
364 872 1
369 872 2
370 872 3
371 872 1
372 872 3
375 872 3
376 872 2
377 872 1
391 872 3
393 872 2
401 872 2
404 872 2
405 872 1
411 872 1
415 872 1
417 872 2
420 872 3
422 872 2
423 872 3
427 872 1
428 872 2
429 872 2
437 872 3
438 872 1
439 872 2
441 872 2
444 872 3
450 872 1
452 872 2
456 872 1
457 872 1
460 872 1
467 872 1
471 872 2
473 872 2
479 872 1
482 872 1
485 872 2
487 872 3
492 872 3
494 872 3
496 872 3
500 872 2
502 872 2
506 872 2
507 872 1
508 872 1
509 872 2
510 872 3
511 872 3
513 872 2
