722 592 1
723 592 2
724 592 1
725 592 2
732 592 3
734 592 3
739 592 1
743 592 3
744 592 2
751 592 2
754 592 1
755 592 1
756 592 1
765 592 3
767 592 1
769 592 3
770 592 3
772 592 1
776 592 1
777 592 3
782 592 3
783 592 2
784 592 3
785 592 1
788 592 3
789 592 1
791 592 3
793 592 3
795 592 3
797 592 1
798 592 3
800 592 2
801 592 2
805 592 1
806 592 3
810 592 1
812 592 1
814 592 1
816 592 1
821 592 1
824 592 2
825 592 2
833 592 2
839 592 3
841 592 2
842 592 3
852 592 2
854 592 3
857 592 1
865 592 2
873 592 3
875 592 2
876 592 3
878 592 3
887 592 1
891 592 3
895 592 1
900 592 2
907 592 3
908 592 3
909 592 3
913 592 2
915 592 2
917 592 1
919 592 2
924 592 3
926 592 2
928 592 3
929 592 1
934 592 1
938 592 1
943 592 1
944 592 1
950 592 3
951 592 1
955 592 1
958 592 2
961 592 3
963 592 3
964 592 1
971 592 1
972 592 3
981 592 2
982 592 1
993 592 3
994 592 2
0 593 3
1 593 3
2 593 1
8 593 1
13 593 3
16 593 2
19 593 3
20 593 1
21 593 2
30 593 2
33 593 2
35 593 2
36 593 2
37 593 2
41 593 1
43 593 1
49 593 3
55 593 1
66 593 2
71 593 2
72 593 1
73 593 3
75 593 2
79 593 2
81 593 3
83 593 3
84 593 1
87 593 2
88 593 2
91 593 3
93 593 3
95 593 3
96 593 1
97 593 1
105 593 1
109 593 2
110 593 2
115 593 3
116 593 2
117 593 1
120 593 1
122 593 3
124 593 2
127 593 2
129 593 1
130 593 1
131 593 2
136 593 2
142 593 3
143 593 2
147 593 1
148 593 1
153 593 3
155 593 2
157 593 3
160 593 2
161 593 3
163 593 1
164 593 2
166 593 3
176 593 3
177 593 3
182 593 3
190 593 3
191 593 3
192 593 2
197 593 1
201 593 3
202 593 3
206 593 3
208 593 1
213 593 2
215 593 2
219 593 1
228 593 1
229 593 1
234 593 2
238 593 1
243 593 2
245 593 2
251 593 3
254 593 1
257 593 1
258 593 2
266 593 1
268 593 1
274 593 3
276 593 1
277 593 3
282 593 2
283 593 2
288 593 1
291 593 3
292 593 3
295 593 3
296 593 2
303 593 2
305 593 2
308 593 3
309 593 3
310 593 1
311 593 3
314 593 2
316 593 3
320 593 3
322 593 3
323 593 1
325 593 3
327 593 1
328 593 2
331 593 1
332 593 2
334 593 2
335 593 1
336 593 3
339 593 3
341 593 2
343 593 1
345 593 1
347 593 1
350 593 2
355 593 2
357 593 2
362 593 3
363 593 1
370 593 3
371 593 3
373 593 1
377 593 1
378 593 3
383 593 3
391 593 3
393 593 2
395 593 3
402 593 1
403 593 3
405 593 2
411 593 2
412 593 1
416 593 3
418 593 1
421 593 2
423 593 1
424 593 3
426 593 2
428 593 3
429 593 2
431 593 3
435 593 2
436 593 3
438 593 3
444 593 3
449 593 3
450 593 2
455 593 3
460 593 1
461 593 3
464 593 2
466 593 3
469 593 3
470 593 2
477 593 2
479 593 2
481 593 2
484 593 3
485 593 1
489 593 1
500 593 1
502 593 1
506 593 1
509 593 1
511 593 3
513 593 3
515 593 1
516 593 1
521 593 1
524 593 1
530 593 1
531 593 1
534 593 3
541 593 3
542 593 2
543 593 2
547 593 2
550 593 1
553 593 1
555 593 2
556 593 1
559 593 2
560 593 1
565 593 3
570 593 2
572 593 1
575 593 3
576 593 2
577 593 2
578 593 1
579 593 3
581 593 2
584 593 2
585 593 2
586 593 3
590 593 3
593 593 3
599 593 3
605 593 3
606 593 3
610 593 1
612 593 3
613 593 3
616 593 1
617 593 3
619 593 1
621 593 2
632 593 3
634 593 2
635 593 2
637 593 2
638 593 3
641 593 1
645 593 2
648 593 3
649 593 1
656 593 1
658 593 2
659 593 1
661 593 1
664 593 2
672 593 1
673 593 1
682 593 2
685 593 2
686 593 1
687 593 3
689 593 1
696 593 2
697 593 2
701 593 1
703 593 3
704 593 3
705 593 2
706 593 1
707 593 3
710 593 1
711 593 3
717 593 2
718 593 2
721 593 3
725 593 3
727 593 3
728 593 2
733 593 1
738 593 3
739 593 2
746 593 3
747 593 2
749 593 3
751 593 2
754 593 1
757 593 3
759 593 1
761 593 1
762 593 1
763 593 1
766 593 3
774 593 3
776 593 1
788 593 3
790 593 3
793 593 3
797 593 1
798 593 3
799 593 2
801 593 3
808 593 3
810 593 2
812 593 2
814 593 3
815 593 1
818 593 3
820 593 2
822 593 3
823 593 3
827 593 3
830 593 3
833 593 1
834 593 2
838 593 2
841 593 3
844 593 2
847 593 2
848 593 2
850 593 2
851 593 1
852 593 2
856 593 2
858 593 2
859 593 1
860 593 3
865 593 1
866 593 1
870 593 1
875 593 2
880 593 3
900 593 2
904 593 1
906 593 3
908 593 1
912 593 1
918 593 1
921 593 1
922 593 1
923 593 1
925 593 3
927 593 2
931 593 3
933 593 2
942 593 2
943 593 2
950 593 1
951 593 2
956 593 3
965 593 2
968 593 2
969 593 3
972 593 3
974 593 1
975 593 1
976 593 1
986 593 1
988 593 2
989 593 1
991 593 1
993 593 3
999 593 2
0 594 1
2 594 2
3 594 2
4 594 1
7 594 1
8 594 2
10 594 1
12 594 1
18 594 1
19 594 2
24 594 3
26 594 2
28 594 1
29 594 2
31 594 2
38 594 2
39 594 1
42 594 2
43 594 3
46 594 3
47 594 3
51 594 3
52 594 3
54 594 3
55 594 1
56 594 1
58 594 1
61 594 3
62 594 1
64 594 3
69 594 2
71 594 2
74 594 3
80 594 3
81 594 2
88 594 2
91 594 3
92 594 2
94 594 2
98 594 3
99 594 1
107 594 1
108 594 3
109 594 2
111 594 3
117 594 3
120 594 1
121 594 1
124 594 1
128 594 1
129 594 2
134 594 1
136 594 1
137 594 1
139 594 2
141 594 3
146 594 2
147 594 3
150 594 1
151 594 2
152 594 2
157 594 3
160 594 2
162 594 2
164 594 3
166 594 1
173 594 1
174 594 3
175 594 2
177 594 1
180 594 1
182 594 3
192 594 3
193 594 3
197 594 1
207 594 2
210 594 1
212 594 2
214 594 2
217 594 2
220 594 2
221 594 2
224 594 1
226 594 3
227 594 1
231 594 2
237 594 1
238 594 3
241 594 1
243 594 3
248 594 3
250 594 3
252 594 3
254 594 3
255 594 1
257 594 2
264 594 3
265 594 3
269 594 1
282 594 1
284 594 3
286 594 2
288 594 3
289 594 2
291 594 1
295 594 2
297 594 1
298 594 3
299 594 2
301 594 1
304 594 2
305 594 2
308 594 3
309 594 1
310 594 2
319 594 1
322 594 1
323 594 2
324 594 1
330 594 3
331 594 1
332 594 2
342 594 3
343 594 2
345 594 2
346 594 2
347 594 1
350 594 2
363 594 3
368 594 2
369 594 2
371 594 2
372 594 3
374 594 1
381 594 3
382 594 2
383 594 2
384 594 2
385 594 1
390 594 3
391 594 2
395 594 1
398 594 3
403 594 1
408 594 2
409 594 3
410 594 3
413 594 1
418 594 3
419 594 3
421 594 1
427 594 2
428 594 3
431 594 2
433 594 2
441 594 2
442 594 1
447 594 1
449 594 2
452 594 1
455 594 3
462 594 2
467 594 2
469 594 3
472 594 1
474 594 2
476 594 1
481 594 3
482 594 3
492 594 2
493 594 3
497 594 1
498 594 3
500 594 1
503 594 3
506 594 2
507 594 1
514 594 1
516 594 2
518 594 2
519 594 2
522 594 1
527 594 2
529 594 3
530 594 1
531 594 1
533 594 1
534 594 2
543 594 1
545 594 3
547 594 2
551 594 1
552 594 1
554 594 1
555 594 1
557 594 2
562 594 3
567 594 1
572 594 3
577 594 2
580 594 2
581 594 3
583 594 2
589 594 1
590 594 3
591 594 1
599 594 1
600 594 1
603 594 2
604 594 3
606 594 3
607 594 1
608 594 1
611 594 1
617 594 2
620 594 1
622 594 1
629 594 1
630 594 2
633 594 2
635 594 3
640 594 3
643 594 2
645 594 1
646 594 2
647 594 3
649 594 3
650 594 1
654 594 3
656 594 1
661 594 3
664 594 3
667 594 2
668 594 1
671 594 2
673 594 2
682 594 1
686 594 3
690 594 1
691 594 2
692 594 2
693 594 1
697 594 3
699 594 1
700 594 1
