492 670 3
493 670 2
495 670 1
500 670 3
502 670 2
503 670 1
506 670 1
507 670 3
508 670 1
511 670 1
513 670 2
516 670 2
522 670 1
525 670 2
527 670 1
529 670 1
530 670 3
534 670 2
541 670 3
549 670 3
550 670 3
551 670 1
552 670 3
555 670 1
562 670 3
564 670 1
568 670 3
569 670 1
572 670 1
573 670 1
574 670 2
578 670 3
586 670 1
598 670 3
599 670 1
601 670 1
604 670 2
609 670 2
622 670 2
629 670 1
635 670 2
643 670 3
649 670 3
650 670 1
652 670 2
653 670 3
654 670 1
656 670 3
660 670 1
661 670 1
665 670 2
675 670 2
676 670 2
677 670 1
678 670 2
679 670 1
683 670 2
684 670 3
687 670 1
689 670 3
698 670 3
699 670 1
708 670 2
709 670 1
710 670 2
713 670 1
722 670 2
725 670 1
726 670 1
727 670 2
728 670 3
730 670 2
732 670 2
733 670 3
734 670 1
737 670 1
738 670 3
742 670 2
748 670 3
752 670 3
755 670 3
756 670 3
757 670 3
760 670 1
761 670 3
768 670 3
771 670 1
775 670 3
776 670 2
780 670 2
786 670 3
790 670 1
791 670 3
792 670 3
797 670 2
805 670 3
808 670 3
811 670 2
813 670 2
819 670 3
820 670 3
822 670 3
827 670 1
828 670 2
833 670 2
834 670 3
835 670 1
836 670 2
839 670 3
849 670 2
850 670 2
854 670 3
855 670 3
857 670 1
860 670 2
861 670 2
867 670 1
868 670 2
871 670 2
874 670 2
883 670 3
887 670 2
888 670 1
891 670 1
899 670 2
901 670 2
903 670 3
906 670 2
911 670 1
915 670 2
917 670 1
918 670 2
919 670 1
920 670 2
921 670 3
925 670 3
929 670 2
930 670 3
931 670 2
937 670 2
939 670 1
942 670 2
948 670 3
952 670 2
955 670 2
960 670 2
962 670 1
964 670 2
966 670 1
970 670 3
971 670 3
972 670 3
973 670 3
979 670 1
981 670 1
990 670 3
991 670 1
993 670 1
995 670 1
996 670 3
999 670 3
3 671 2
4 671 1
5 671 3
9 671 3
12 671 3
13 671 1
15 671 3
16 671 1
17 671 2
19 671 2
28 671 2
31 671 2
34 671 1
35 671 1
39 671 3
48 671 2
49 671 2
51 671 3
52 671 2
54 671 2
57 671 3
60 671 3
61 671 3
62 671 2
67 671 3
68 671 3
71 671 2
72 671 2
74 671 3
76 671 2
77 671 1
78 671 3
81 671 1
83 671 2
85 671 2
88 671 3
93 671 1
95 671 1
96 671 1
98 671 1
99 671 2
100 671 2
101 671 2
105 671 1
112 671 2
113 671 3
114 671 3
116 671 1
117 671 3
119 671 3
121 671 3
124 671 1
125 671 1
128 671 3
133 671 2
135 671 3
137 671 2
140 671 3
145 671 2
147 671 2
149 671 2
152 671 3
155 671 2
157 671 2
161 671 2
162 671 1
167 671 1
168 671 3
172 671 2
173 671 3
179 671 1
182 671 1
184 671 1
189 671 3
190 671 2
193 671 3
195 671 3
196 671 1
197 671 1
199 671 1
201 671 1
207 671 2
208 671 3
211 671 1
212 671 2
215 671 3
217 671 1
218 671 2
220 671 3
221 671 3
225 671 3
226 671 2
231 671 1
232 671 3
242 671 3
243 671 3
246 671 2
248 671 1
254 671 2
255 671 1
256 671 2
262 671 3
265 671 1
266 671 2
272 671 1
273 671 2
278 671 1
279 671 2
286 671 1
290 671 3
291 671 1
292 671 3
293 671 3
297 671 2
298 671 2
300 671 1
301 671 3
302 671 2
303 671 2
306 671 3
308 671 2
311 671 1
315 671 2
317 671 3
320 671 2
321 671 3
323 671 3
329 671 1
330 671 3
334 671 3
337 671 3
338 671 1
339 671 3
341 671 1
342 671 2
343 671 3
345 671 2
346 671 3
352 671 1
353 671 2
354 671 2
356 671 1
365 671 2
370 671 1
373 671 1
376 671 1
381 671 2
391 671 2
393 671 2
395 671 1
397 671 1
398 671 3
405 671 1
409 671 2
410 671 3
412 671 1
413 671 2
414 671 3
415 671 2
416 671 2
421 671 3
427 671 2
428 671 1
430 671 1
437 671 3
439 671 3
440 671 3
441 671 1
447 671 1
449 671 3
450 671 2
451 671 1
452 671 1
454 671 2
456 671 1
458 671 2
459 671 2
462 671 3
464 671 2
467 671 3
468 671 2
470 671 3
471 671 2
475 671 1
478 671 3
479 671 1
484 671 1
486 671 2
489 671 2
490 671 1
492 671 3
502 671 2
504 671 1
505 671 2
508 671 3
510 671 1
512 671 2
518 671 3
524 671 3
525 671 3
530 671 3
533 671 2
534 671 2
535 671 3
540 671 1
541 671 2
543 671 3
544 671 3
547 671 1
550 671 1
559 671 2
561 671 1
567 671 1
571 671 2
573 671 1
577 671 1
578 671 2
588 671 2
590 671 3
600 671 1
603 671 3
607 671 3
610 671 2
612 671 3
613 671 1
615 671 2
616 671 2
621 671 2
626 671 2
628 671 2
631 671 2
634 671 2
636 671 3
637 671 1
643 671 1
644 671 3
648 671 1
651 671 3
655 671 2
657 671 2
662 671 2
663 671 1
667 671 3
669 671 2
671 671 3
673 671 3
682 671 1
683 671 1
691 671 3
693 671 1
696 671 1
697 671 2
700 671 1
702 671 1
709 671 1
716 671 2
725 671 1
727 671 3
730 671 1
738 671 3
740 671 1
741 671 1
746 671 1
749 671 1
750 671 3
751 671 1
758 671 3
760 671 2
762 671 1
763 671 2
764 671 1
771 671 3
772 671 2
773 671 3
774 671 2
777 671 1
780 671 3
783 671 2
787 671 3
790 671 3
792 671 1
794 671 2
795 671 3
796 671 2
799 671 2
801 671 2
805 671 3
807 671 2
808 671 3
810 671 3
811 671 1
821 671 2
823 671 2
824 671 3
829 671 2
834 671 1
837 671 3
842 671 1
844 671 2
845 671 3
848 671 1
850 671 2
851 671 3
852 671 3
854 671 1
855 671 2
857 671 2
861 671 1
863 671 1
867 671 1
869 671 3
873 671 1
877 671 1
878 671 1
879 671 2
880 671 2
883 671 1
886 671 1
887 671 2
888 671 1
889 671 3
890 671 3
891 671 1
893 671 3
894 671 3
899 671 3
904 671 3
914 671 1
915 671 3
916 671 2
919 671 1
920 671 1
921 671 2
926 671 1
927 671 1
930 671 2
934 671 3
936 671 1
938 671 1
940 671 3
944 671 3
956 671 1
958 671 2
960 671 3
966 671 2
968 671 1
972 671 3
978 671 3
979 671 3
986 671 1
988 671 1
998 671 1
0 672 2
1 672 3
3 672 3
7 672 2
9 672 1
13 672 3
14 672 2
19 672 2
20 672 1
24 672 3
25 672 1
27 672 2
28 672 2
30 672 2
31 672 2
33 672 3
36 672 3
39 672 1
41 672 1
43 672 2
55 672 1
56 672 3
57 672 3
61 672 2
62 672 1
63 672 2
64 672 3
68 672 2
79 672 1
82 672 3
83 672 2
85 672 1
87 672 2
89 672 3
90 672 1
94 672 3
97 672 3
98 672 2
99 672 3
100 672 2
103 672 3
110 672 3
114 672 2
116 672 2
118 672 1
121 672 1
125 672 3
139 672 2
142 672 3
145 672 2
148 672 3
151 672 3
153 672 2
154 672 3
155 672 2
160 672 3
162 672 2
166 672 2
170 672 3
171 672 2
173 672 1
175 672 1
176 672 1
177 672 1
179 672 3
181 672 3
182 672 1
183 672 1
187 672 3
190 672 2
191 672 1
199 672 2
200 672 3
201 672 3
204 672 1
206 672 1
212 672 1
218 672 2
226 672 1
229 672 2
231 672 1
232 672 1
234 672 2
238 672 2
241 672 1
252 672 3
253 672 2
258 672 3
259 672 2
269 672 3
270 672 1
277 672 3
278 672 1
280 672 1
289 672 1
290 672 3
296 672 2
297 672 3
302 672 3
303 672 1
308 672 3
310 672 2
312 672 3
315 672 1
317 672 3
324 672 2
325 672 2
326 672 1
329 672 1
330 672 3
331 672 2
332 672 2
333 672 3
334 672 3
335 672 1
337 672 2
342 672 1
347 672 2
352 672 1
353 672 3
354 672 3
367 672 3
371 672 3
379 672 3
389 672 2
397 672 1
398 672 2
399 672 2
407 672 2
409 672 3
410 672 3
412 672 3
413 672 2
414 672 3
415 672 2
416 672 1
418 672 1
420 672 1
432 672 2
433 672 3
436 672 1
437 672 1
441 672 1
442 672 2
443 672 3
447 672 1
448 672 2
449 672 1
452 672 2
455 672 2
456 672 3
459 672 1
463 672 3
