365 446 1
367 446 3
369 446 3
370 446 1
374 446 2
375 446 2
376 446 1
380 446 2
384 446 2
385 446 3
391 446 2
394 446 1
396 446 3
398 446 3
399 446 3
402 446 3
405 446 1
407 446 1
408 446 2
411 446 3
412 446 1
414 446 1
417 446 3
418 446 3
419 446 3
426 446 2
429 446 3
432 446 2
435 446 1
436 446 2
441 446 1
442 446 3
446 446 2
448 446 3
450 446 3
452 446 1
453 446 1
456 446 2
458 446 3
463 446 3
467 446 2
472 446 2
473 446 2
475 446 1
480 446 2
481 446 3
482 446 3
487 446 1
490 446 2
491 446 2
499 446 3
503 446 1
508 446 1
509 446 3
511 446 3
512 446 3
514 446 2
515 446 3
518 446 2
521 446 2
522 446 2
524 446 1
526 446 3
530 446 3
531 446 1
532 446 2
538 446 3
540 446 2
542 446 2
544 446 3
548 446 1
552 446 1
556 446 3
558 446 3
563 446 3
565 446 2
568 446 1
572 446 3
574 446 3
576 446 1
578 446 1
579 446 1
584 446 2
585 446 2
591 446 3
593 446 2
594 446 3
595 446 2
596 446 2
603 446 2
605 446 1
606 446 3
609 446 2
610 446 1
613 446 3
614 446 1
618 446 2
620 446 3
626 446 3
630 446 2
633 446 2
642 446 1
643 446 2
645 446 3
646 446 3
647 446 3
649 446 3
651 446 1
653 446 2
661 446 3
663 446 3
664 446 3
665 446 1
666 446 1
668 446 2
674 446 2
675 446 2
678 446 3
679 446 2
681 446 1
682 446 1
683 446 2
686 446 3
687 446 1
696 446 3
698 446 1
701 446 1
716 446 3
719 446 1
721 446 3
726 446 3
728 446 3
730 446 2
732 446 2
735 446 3
736 446 2
742 446 2
743 446 3
744 446 3
745 446 1
747 446 1
752 446 3
754 446 3
756 446 1
757 446 2
758 446 2
759 446 2
761 446 3
764 446 1
769 446 3
771 446 3
772 446 1
775 446 1
780 446 2
792 446 1
797 446 1
798 446 2
799 446 1
800 446 3
805 446 3
806 446 2
807 446 2
810 446 2
813 446 2
816 446 1
817 446 3
821 446 2
822 446 3
825 446 2
830 446 1
842 446 3
848 446 3
850 446 3
854 446 2
861 446 2
862 446 1
864 446 1
865 446 2
866 446 3
867 446 1
869 446 3
875 446 2
876 446 2
877 446 3
880 446 2
881 446 3
882 446 3
886 446 2
890 446 2
897 446 2
899 446 1
902 446 2
907 446 3
910 446 3
911 446 1
915 446 1
920 446 2
921 446 3
927 446 3
928 446 3
930 446 1
931 446 3
932 446 2
933 446 3
935 446 2
937 446 1
942 446 2
944 446 2
950 446 2
957 446 2
965 446 1
969 446 3
970 446 2
972 446 1
973 446 3
977 446 3
978 446 1
979 446 1
981 446 2
983 446 3
985 446 3
988 446 1
992 446 2
993 446 2
996 446 3
1 447 1
2 447 3
4 447 3
5 447 1
7 447 1
8 447 2
17 447 1
19 447 3
30 447 3
32 447 1
35 447 2
41 447 1
43 447 2
47 447 1
48 447 3
49 447 2
51 447 3
52 447 1
56 447 2
57 447 1
58 447 2
63 447 2
69 447 2
71 447 3
72 447 3
74 447 3
75 447 3
77 447 1
79 447 2
84 447 1
86 447 1
91 447 3
93 447 1
96 447 3
97 447 3
98 447 3
103 447 2
105 447 3
111 447 2
120 447 3
124 447 1
126 447 2
129 447 1
133 447 3
135 447 3
137 447 2
138 447 1
139 447 3
140 447 3
141 447 2
142 447 3
143 447 2
146 447 2
147 447 2
148 447 2
151 447 2
161 447 3
162 447 2
163 447 1
164 447 2
165 447 3
168 447 3
170 447 1
172 447 3
177 447 1
178 447 3
180 447 1
183 447 2
186 447 1
187 447 3
190 447 2
191 447 3
192 447 1
193 447 2
196 447 2
197 447 2
200 447 2
201 447 1
202 447 2
207 447 1
209 447 2
211 447 2
213 447 3
214 447 2
216 447 3
217 447 1
218 447 1
219 447 3
224 447 2
229 447 2
231 447 3
232 447 1
235 447 1
241 447 2
246 447 1
248 447 1
252 447 3
254 447 2
256 447 2
269 447 3
270 447 2
272 447 2
273 447 1
279 447 1
280 447 1
281 447 3
282 447 2
285 447 3
289 447 2
295 447 3
300 447 1
301 447 2
304 447 1
321 447 3
324 447 2
325 447 3
326 447 3
331 447 3
332 447 2
335 447 1
340 447 2
345 447 1
352 447 3
360 447 1
364 447 1
365 447 1
366 447 1
367 447 2
368 447 2
369 447 2
375 447 3
377 447 3
383 447 3
384 447 3
386 447 2
387 447 1
389 447 2
390 447 3
393 447 1
395 447 3
398 447 3
401 447 3
403 447 1
405 447 1
409 447 3
414 447 2
415 447 1
418 447 1
425 447 3
427 447 2
431 447 2
432 447 1
436 447 1
437 447 2
441 447 3
442 447 3
443 447 1
445 447 3
450 447 1
454 447 2
455 447 2
457 447 3
460 447 1
463 447 2
470 447 3
476 447 2
477 447 1
478 447 3
479 447 1
481 447 2
483 447 1
484 447 3
491 447 1
492 447 3
500 447 2
502 447 3
504 447 3
508 447 2
509 447 3
511 447 2
518 447 2
524 447 3
525 447 1
527 447 2
533 447 1
535 447 1
537 447 2
538 447 3
541 447 2
547 447 1
552 447 1
554 447 3
555 447 2
556 447 3
558 447 1
560 447 2
562 447 3
563 447 2
564 447 3
566 447 3
576 447 3
578 447 2
589 447 3
594 447 3
596 447 3
601 447 2
603 447 1
604 447 3
605 447 1
606 447 2
613 447 3
615 447 2
618 447 2
624 447 2
630 447 1
631 447 2
632 447 2
636 447 2
637 447 2
640 447 2
645 447 3
648 447 3
654 447 2
660 447 3
662 447 3
666 447 2
667 447 2
675 447 1
676 447 1
680 447 3
681 447 3
685 447 1
691 447 2
692 447 2
693 447 2
694 447 2
695 447 2
696 447 3
698 447 1
702 447 3
704 447 1
712 447 1
716 447 3
720 447 3
721 447 3
724 447 3
728 447 2
730 447 3
731 447 3
733 447 2
734 447 1
736 447 2
737 447 3
739 447 3
749 447 3
753 447 3
757 447 1
758 447 3
759 447 1
762 447 2
764 447 1
768 447 1
781 447 3
782 447 2
787 447 1
789 447 2
796 447 2
798 447 1
799 447 1
803 447 3
807 447 2
812 447 1
813 447 1
814 447 2
818 447 1
820 447 1
821 447 3
824 447 2
826 447 3
827 447 2
830 447 1
831 447 2
832 447 2
833 447 1
834 447 3
835 447 2
836 447 1
839 447 1
847 447 1
848 447 3
849 447 2
851 447 2
852 447 2
853 447 1
858 447 1
861 447 1
863 447 2
864 447 3
872 447 2
875 447 3
877 447 1
879 447 3
887 447 3
888 447 1
891 447 1
892 447 2
894 447 1
895 447 3
896 447 3
899 447 2
901 447 1
902 447 1
909 447 2
910 447 3
915 447 1
923 447 1
927 447 3
930 447 2
931 447 2
943 447 2
951 447 2
952 447 2
956 447 2
960 447 1
962 447 3
964 447 3
968 447 1
970 447 2
979 447 3
985 447 2
986 447 2
987 447 3
988 447 1
989 447 2
996 447 2
998 447 1
2 448 3
6 448 3
7 448 2
10 448 2
22 448 1
29 448 3
30 448 1
32 448 3
33 448 1
35 448 2
45 448 1
46 448 2
47 448 2
55 448 1
60 448 2
62 448 2
64 448 3
71 448 1
72 448 2
77 448 3
80 448 1
81 448 3
82 448 2
92 448 1
101 448 3
102 448 3
106 448 1
108 448 3
109 448 1
112 448 3
117 448 3
119 448 1
122 448 3
124 448 2
130 448 3
131 448 3
135 448 2
137 448 2
140 448 1
143 448 2
145 448 1
146 448 1
152 448 1
153 448 1
160 448 1
164 448 3
169 448 1
170 448 2
171 448 3
172 448 2
173 448 3
174 448 1
176 448 1
177 448 2
179 448 1
182 448 2
186 448 2
197 448 3
200 448 3
203 448 2
204 448 1
208 448 3
213 448 1
216 448 3
219 448 3
224 448 2
233 448 1
235 448 2
237 448 1
240 448 1
241 448 2
246 448 1
247 448 1
249 448 3
257 448 3
261 448 2
264 448 2
265 448 2
266 448 3
270 448 1
272 448 2
274 448 1
278 448 3
284 448 3
290 448 1
293 448 3
294 448 2
302 448 1
305 448 3
307 448 3
308 448 2
309 448 1
311 448 2
312 448 1
314 448 3
317 448 2
318 448 1
319 448 1
325 448 2
329 448 3
330 448 3
334 448 2
336 448 2
337 448 2
341 448 3
