684 400 1
685 400 1
686 400 1
688 400 1
690 400 3
691 400 2
692 400 1
693 400 3
701 400 3
705 400 2
708 400 3
710 400 3
712 400 1
713 400 3
715 400 2
717 400 3
723 400 3
725 400 2
729 400 2
731 400 2
732 400 3
735 400 2
739 400 1
742 400 1
745 400 1
746 400 3
749 400 2
759 400 1
760 400 2
766 400 2
767 400 1
771 400 1
775 400 2
777 400 2
780 400 2
788 400 3
789 400 3
793 400 3
798 400 1
799 400 3
801 400 3
802 400 3
816 400 2
818 400 2
822 400 1
823 400 1
827 400 1
829 400 1
830 400 1
831 400 1
834 400 1
836 400 3
841 400 1
843 400 2
845 400 1
847 400 2
853 400 1
855 400 1
856 400 2
857 400 1
858 400 1
861 400 2
863 400 2
864 400 2
866 400 2
868 400 2
872 400 2
873 400 3
874 400 1
875 400 1
876 400 3
885 400 1
900 400 3
905 400 3
906 400 1
907 400 3
908 400 3
911 400 3
920 400 3
921 400 3
922 400 3
923 400 2
926 400 3
933 400 3
937 400 2
938 400 1
941 400 2
943 400 2
948 400 3
949 400 3
953 400 2
959 400 1
961 400 3
964 400 3
965 400 3
967 400 2
968 400 3
970 400 1
971 400 3
974 400 1
979 400 3
981 400 1
984 400 3
986 400 3
987 400 2
988 400 2
992 400 2
994 400 1
995 400 2
2 401 3
10 401 3
11 401 2
12 401 1
15 401 1
16 401 1
20 401 1
30 401 3
36 401 2
37 401 1
40 401 3
42 401 1
43 401 3
45 401 1
47 401 1
48 401 1
51 401 3
52 401 3
53 401 3
55 401 3
60 401 3
63 401 3
64 401 3
69 401 3
74 401 1
76 401 2
79 401 2
82 401 2
84 401 2
85 401 3
87 401 1
90 401 1
91 401 2
97 401 2
100 401 1
104 401 3
105 401 1
106 401 1
108 401 1
111 401 2
112 401 2
117 401 1
120 401 1
121 401 2
124 401 2
127 401 1
128 401 1
129 401 3
133 401 3
137 401 1
140 401 1
141 401 1
143 401 1
145 401 3
147 401 2
154 401 3
156 401 1
167 401 2
170 401 3
176 401 3
184 401 2
186 401 1
187 401 1
189 401 2
190 401 2
192 401 3
195 401 1
196 401 3
199 401 2
204 401 2
207 401 3
208 401 2
210 401 2
211 401 2
215 401 1
218 401 3
224 401 3
225 401 3
226 401 1
228 401 3
229 401 3
241 401 2
242 401 2
249 401 2
250 401 3
251 401 1
255 401 1
266 401 2
275 401 3
278 401 3
285 401 3
294 401 3
298 401 3
299 401 1
300 401 3
302 401 1
308 401 1
309 401 3
313 401 2
316 401 1
319 401 3
323 401 1
325 401 3
331 401 1
332 401 3
334 401 2
336 401 3
338 401 3
344 401 3
345 401 3
347 401 1
349 401 1
351 401 3
353 401 2
355 401 2
356 401 3
359 401 1
361 401 1
362 401 1
363 401 2
364 401 1
366 401 2
369 401 3
370 401 2
371 401 2
372 401 1
380 401 3
383 401 2
384 401 3
387 401 3
388 401 3
390 401 3
391 401 2
393 401 2
396 401 1
401 401 1
406 401 1
410 401 1
414 401 2
415 401 2
423 401 2
424 401 3
426 401 3
430 401 3
433 401 3
436 401 3
438 401 2
440 401 2
442 401 2
443 401 1
444 401 3
446 401 3
449 401 1
450 401 2
451 401 3
456 401 2
458 401 2
459 401 1
460 401 1
464 401 2
465 401 2
467 401 3
471 401 2
472 401 1
473 401 3
477 401 2
478 401 3
479 401 2
480 401 3
481 401 2
485 401 3
486 401 3
487 401 3
493 401 1
499 401 3
500 401 2
506 401 1
508 401 1
511 401 3
515 401 1
519 401 1
521 401 1
524 401 3
527 401 1
529 401 3
530 401 3
532 401 2
539 401 1
542 401 1
547 401 1
551 401 1
552 401 1
555 401 2
556 401 3
557 401 3
562 401 1
563 401 1
565 401 1
568 401 1
572 401 3
574 401 1
576 401 1
582 401 1
583 401 3
584 401 1
585 401 1
587 401 3
588 401 3
590 401 3
592 401 1
593 401 2
600 401 3
609 401 1
611 401 3
612 401 1
616 401 3
618 401 1
624 401 3
625 401 3
626 401 2
627 401 3
633 401 1
634 401 1
638 401 2
640 401 1
642 401 1
647 401 1
651 401 3
653 401 3
657 401 2
659 401 1
663 401 3
669 401 1
670 401 1
671 401 2
677 401 3
678 401 2
679 401 1
680 401 3
684 401 1
687 401 2
688 401 1
690 401 2
694 401 2
699 401 1
703 401 2
706 401 1
709 401 1
713 401 2
715 401 1
716 401 3
719 401 3
723 401 3
731 401 2
732 401 3
734 401 3
737 401 1
739 401 1
743 401 2
746 401 3
749 401 1
750 401 1
753 401 1
754 401 1
755 401 2
757 401 1
758 401 3
760 401 1
763 401 2
764 401 3
767 401 3
770 401 3
771 401 1
777 401 2
778 401 1
788 401 2
792 401 3
795 401 1
796 401 3
799 401 3
800 401 2
802 401 1
803 401 2
804 401 3
805 401 1
807 401 3
811 401 3
814 401 3
816 401 2
823 401 1
825 401 1
826 401 3
827 401 1
832 401 1
834 401 3
836 401 3
837 401 3
838 401 3
840 401 1
845 401 2
846 401 3
849 401 2
854 401 2
855 401 1
858 401 3
861 401 3
863 401 3
866 401 3
867 401 3
868 401 2
869 401 1
871 401 1
873 401 3
877 401 3
885 401 3
889 401 1
893 401 2
894 401 3
902 401 3
904 401 2
908 401 3
912 401 2
917 401 2
920 401 1
928 401 3
929 401 1
931 401 3
933 401 3
939 401 1
940 401 2
942 401 3
944 401 1
945 401 2
946 401 1
949 401 1
950 401 3
951 401 2
953 401 2
955 401 2
956 401 1
958 401 1
959 401 1
966 401 3
967 401 2
968 401 3
970 401 2
971 401 3
975 401 3
976 401 3
979 401 1
980 401 3
983 401 3
988 401 2
992 401 2
999 401 1
2 402 2
4 402 2
11 402 1
17 402 1
21 402 2
24 402 1
25 402 2
26 402 2
27 402 2
34 402 2
36 402 2
42 402 1
43 402 3
45 402 1
46 402 3
47 402 2
56 402 2
57 402 2
59 402 3
61 402 3
65 402 3
66 402 2
68 402 3
69 402 1
73 402 3
78 402 2
80 402 3
83 402 3
85 402 1
86 402 1
87 402 3
88 402 2
89 402 2
91 402 2
94 402 3
97 402 1
111 402 2
117 402 2
123 402 2
130 402 1
131 402 1
134 402 3
135 402 2
136 402 3
140 402 3
146 402 1
153 402 3
156 402 3
159 402 1
163 402 1
169 402 2
174 402 3
177 402 3
179 402 2
182 402 3
183 402 2
185 402 2
191 402 2
204 402 2
205 402 3
210 402 3
212 402 3
213 402 1
214 402 2
224 402 2
225 402 1
227 402 1
230 402 1
233 402 1
238 402 1
239 402 1
240 402 3
241 402 3
243 402 2
252 402 2
253 402 1
254 402 1
255 402 2
257 402 1
260 402 3
261 402 3
262 402 1
264 402 3
266 402 1
267 402 1
270 402 2
273 402 2
274 402 2
275 402 2
277 402 2
279 402 3
280 402 2
281 402 1
283 402 2
285 402 2
287 402 3
291 402 2
295 402 1
298 402 3
304 402 3
305 402 3
310 402 1
322 402 2
323 402 3
329 402 3
331 402 1
333 402 3
339 402 1
340 402 2
343 402 2
344 402 2
346 402 1
351 402 3
352 402 2
353 402 1
355 402 3
356 402 2
357 402 1
358 402 3
360 402 2
366 402 3
371 402 3
375 402 1
377 402 3
380 402 3
385 402 1
386 402 3
387 402 1
389 402 1
391 402 2
394 402 3
395 402 2
407 402 3
418 402 2
427 402 1
429 402 3
434 402 3
435 402 3
438 402 1
439 402 3
442 402 1
443 402 3
447 402 2
448 402 3
449 402 3
451 402 2
474 402 2
475 402 2
477 402 3
479 402 1
483 402 2
484 402 1
485 402 2
486 402 1
488 402 1
490 402 2
493 402 3
495 402 1
498 402 1
500 402 1
502 402 1
504 402 2
507 402 3
508 402 2
509 402 1
510 402 2
513 402 2
514 402 2
516 402 1
519 402 2
521 402 3
523 402 1
529 402 1
531 402 1
537 402 2
538 402 1
541 402 1
545 402 1
546 402 3
548 402 1
551 402 3
554 402 1
559 402 3
566 402 1
568 402 2
570 402 2
571 402 3
573 402 3
574 402 3
575 402 3
579 402 2
581 402 2
584 402 1
590 402 2
591 402 1
592 402 2
594 402 3
595 402 1
596 402 2
599 402 1
600 402 2
602 402 1
