238 219 2
239 219 1
241 219 2
247 219 2
248 219 2
251 219 3
254 219 2
255 219 2
258 219 3
260 219 3
261 219 1
262 219 1
267 219 2
271 219 1
273 219 2
275 219 2
277 219 1
278 219 3
279 219 2
280 219 3
282 219 3
283 219 1
284 219 3
285 219 3
289 219 2
293 219 2
295 219 3
298 219 3
302 219 2
303 219 3
304 219 2
305 219 3
306 219 3
308 219 1
315 219 1
316 219 3
326 219 3
328 219 2
329 219 2
333 219 1
334 219 2
337 219 3
339 219 3
355 219 2
358 219 3
359 219 1
364 219 1
365 219 1
367 219 3
368 219 1
372 219 3
380 219 1
381 219 3
383 219 3
385 219 1
386 219 1
388 219 1
389 219 1
390 219 3
397 219 3
402 219 1
406 219 2
407 219 2
414 219 2
417 219 3
418 219 3
420 219 3
430 219 3
432 219 1
434 219 1
436 219 1
439 219 3
441 219 3
444 219 2
445 219 3
446 219 3
449 219 3
454 219 1
456 219 3
457 219 2
459 219 3
464 219 2
466 219 3
469 219 2
471 219 3
473 219 1
474 219 1
480 219 1
481 219 1
483 219 1
486 219 2
489 219 2
490 219 2
493 219 2
497 219 3
499 219 2
508 219 3
509 219 1
520 219 1
521 219 3
522 219 3
525 219 2
531 219 3
533 219 1
535 219 3
540 219 2
541 219 2
546 219 3
548 219 2
551 219 3
552 219 1
553 219 2
564 219 2
566 219 2
573 219 3
580 219 1
582 219 3
583 219 1
584 219 3
589 219 2
594 219 1
596 219 3
604 219 1
605 219 2
607 219 3
610 219 3
612 219 3
615 219 3
619 219 1
623 219 1
624 219 1
627 219 2
634 219 3
639 219 3
644 219 3
648 219 2
651 219 3
653 219 3
654 219 3
661 219 1
662 219 2
663 219 1
665 219 3
669 219 2
673 219 2
674 219 3
675 219 2
676 219 3
679 219 2
684 219 2
689 219 1
691 219 3
693 219 1
694 219 2
695 219 1
701 219 3
702 219 2
705 219 1
707 219 1
716 219 2
717 219 2
724 219 2
728 219 2
730 219 2
733 219 3
735 219 1
737 219 2
743 219 2
744 219 1
746 219 2
748 219 1
752 219 3
753 219 3
755 219 1
756 219 3
758 219 2
761 219 3
765 219 1
767 219 1
769 219 1
771 219 3
772 219 3
779 219 3
786 219 3
789 219 1
790 219 2
792 219 1
796 219 2
798 219 2
800 219 1
805 219 2
806 219 2
807 219 1
808 219 2
811 219 3
818 219 2
820 219 1
825 219 1
826 219 3
829 219 1
830 219 2
833 219 1
834 219 1
835 219 3
837 219 3
842 219 1
844 219 2
846 219 2
848 219 3
849 219 2
851 219 1
853 219 3
854 219 3
858 219 3
861 219 2
862 219 2
863 219 2
868 219 1
869 219 1
870 219 2
873 219 1
875 219 1
881 219 3
882 219 2
883 219 2
886 219 1
892 219 2
897 219 1
898 219 3
899 219 3
900 219 3
902 219 1
906 219 1
914 219 1
915 219 2
916 219 3
926 219 1
928 219 3
931 219 3
932 219 3
934 219 2
938 219 1
939 219 2
940 219 1
942 219 1
943 219 1
946 219 1
949 219 3
951 219 3
956 219 2
958 219 2
960 219 2
964 219 3
965 219 1
969 219 2
970 219 1
971 219 2
975 219 3
976 219 1
977 219 2
978 219 1
983 219 2
986 219 1
992 219 1
993 219 1
996 219 2
997 219 1
9 220 3
10 220 2
11 220 3
12 220 2
13 220 1
17 220 1
22 220 1
24 220 1
28 220 2
30 220 3
34 220 3
36 220 2
37 220 3
39 220 3
40 220 2
42 220 3
43 220 1
45 220 2
53 220 2
56 220 1
58 220 2
61 220 2
62 220 3
66 220 2
67 220 3
68 220 1
70 220 3
76 220 1
82 220 3
83 220 2
92 220 1
95 220 1
96 220 3
97 220 1
98 220 3
99 220 2
104 220 1
107 220 1
109 220 2
111 220 2
116 220 2
121 220 1
123 220 2
124 220 2
127 220 2
134 220 3
135 220 1
136 220 2
137 220 2
145 220 2
146 220 2
151 220 3
153 220 2
156 220 2
159 220 3
165 220 1
166 220 1
167 220 3
171 220 3
173 220 2
175 220 1
178 220 3
181 220 3
184 220 1
185 220 3
187 220 2
188 220 3
190 220 3
192 220 3
193 220 3
202 220 1
205 220 2
206 220 3
208 220 1
213 220 2
215 220 3
217 220 1
219 220 2
221 220 3
226 220 2
228 220 3
233 220 1
234 220 3
235 220 2
236 220 2
237 220 3
238 220 3
244 220 1
245 220 3
246 220 1
251 220 2
261 220 1
268 220 2
279 220 3
289 220 1
294 220 1
295 220 1
296 220 3
300 220 1
301 220 3
302 220 1
304 220 1
305 220 1
307 220 3
309 220 3
310 220 2
311 220 2
314 220 1
319 220 2
320 220 2
322 220 3
323 220 1
329 220 1
330 220 1
333 220 2
334 220 1
335 220 1
337 220 3
338 220 3
341 220 3
342 220 2
346 220 1
349 220 1
350 220 2
351 220 3
352 220 2
360 220 3
361 220 1
363 220 1
370 220 1
372 220 1
373 220 1
374 220 2
376 220 2
379 220 1
381 220 1
383 220 2
386 220 2
388 220 1
389 220 1
390 220 1
392 220 1
399 220 1
400 220 3
402 220 1
404 220 2
406 220 1
415 220 2
416 220 1
417 220 2
421 220 1
425 220 3
434 220 2
441 220 2
446 220 2
447 220 3
451 220 1
457 220 1
462 220 1
463 220 1
470 220 2
471 220 1
477 220 2
481 220 3
482 220 1
483 220 3
487 220 1
488 220 2
489 220 1
490 220 2
491 220 2
492 220 2
494 220 1
498 220 1
502 220 1
503 220 1
506 220 2
510 220 2
511 220 1
512 220 2
518 220 2
519 220 1
520 220 2
521 220 1
526 220 3
529 220 1
533 220 1
535 220 2
537 220 3
538 220 1
539 220 1
555 220 3
558 220 2
564 220 3
566 220 3
567 220 3
574 220 1
576 220 1
579 220 2
584 220 1
588 220 3
589 220 2
596 220 3
597 220 2
600 220 3
604 220 3
608 220 2
612 220 1
614 220 2
615 220 1
616 220 3
617 220 2
619 220 1
623 220 1
625 220 2
628 220 2
629 220 3
631 220 1
634 220 2
636 220 3
638 220 1
643 220 3
648 220 1
654 220 1
655 220 2
659 220 1
667 220 1
668 220 2
670 220 3
671 220 2
672 220 1
673 220 1
676 220 3
681 220 3
682 220 3
683 220 3
684 220 1
691 220 1
694 220 2
697 220 1
701 220 1
705 220 1
711 220 2
712 220 2
717 220 3
720 220 1
723 220 2
724 220 1
731 220 2
734 220 1
735 220 1
736 220 3
738 220 1
739 220 2
743 220 1
744 220 3
755 220 2
761 220 1
764 220 3
767 220 2
773 220 3
774 220 1
782 220 1
783 220 3
784 220 1
800 220 3
801 220 1
808 220 1
817 220 2
818 220 3
819 220 1
820 220 2
824 220 3
828 220 1
830 220 3
831 220 3
832 220 3
835 220 3
839 220 3
842 220 2
845 220 1
846 220 1
847 220 1
849 220 3
851 220 2
853 220 2
862 220 2
867 220 2
868 220 1
871 220 3
879 220 1
885 220 1
887 220 3
888 220 1
890 220 1
891 220 1
893 220 3
899 220 1
903 220 3
908 220 2
916 220 1
921 220 2
925 220 2
926 220 3
928 220 3
930 220 2
933 220 1
935 220 3
939 220 1
940 220 2
944 220 2
946 220 1
948 220 1
950 220 1
952 220 3
953 220 2
962 220 2
966 220 1
971 220 3
972 220 2
974 220 3
979 220 2
981 220 3
982 220 2
984 220 3
986 220 2
990 220 2
995 220 2
997 220 1
998 220 3
3 221 3
4 221 2
7 221 3
10 221 1
16 221 3
22 221 3
26 221 3
28 221 2
31 221 2
41 221 2
43 221 3
46 221 2
47 221 2
49 221 1
51 221 3
54 221 3
56 221 1
59 221 2
60 221 3
61 221 1
65 221 1
66 221 1
68 221 2
70 221 1
75 221 2
76 221 2
85 221 3
88 221 3
90 221 1
98 221 2
100 221 2
101 221 1
105 221 3
108 221 3
109 221 3
110 221 2
112 221 2
114 221 1
115 221 2
120 221 3
126 221 3
128 221 2
129 221 2
134 221 1
135 221 1
138 221 2
140 221 3
145 221 2
150 221 1
154 221 3
163 221 2
166 221 3
167 221 1
168 221 1
169 221 1
170 221 1
172 221 2
179 221 2
181 221 2
182 221 1
185 221 1
188 221 1
191 221 1
193 221 3
195 221 1
196 221 3
199 221 3
203 221 1
205 221 3
