743 832 1
744 832 3
745 832 2
750 832 3
751 832 2
752 832 3
753 832 1
763 832 3
771 832 2
772 832 2
773 832 1
776 832 2
777 832 2
784 832 2
785 832 1
787 832 3
788 832 1
791 832 3
795 832 2
797 832 2
807 832 3
810 832 1
814 832 3
816 832 2
817 832 2
826 832 2
828 832 2
830 832 2
833 832 1
837 832 1
839 832 3
850 832 1
852 832 1
854 832 2
859 832 1
862 832 1
864 832 1
866 832 2
868 832 2
875 832 1
882 832 1
888 832 2
889 832 2
890 832 3
895 832 3
897 832 1
898 832 1
899 832 3
902 832 3
905 832 3
906 832 2
910 832 2
912 832 1
915 832 1
923 832 3
928 832 3
929 832 2
934 832 3
937 832 1
940 832 2
943 832 3
945 832 1
948 832 2
949 832 1
957 832 1
958 832 1
963 832 1
964 832 1
965 832 2
968 832 2
973 832 3
975 832 3
980 832 1
982 832 1
983 832 1
984 832 3
986 832 3
989 832 1
994 832 1
996 832 2
997 832 2
999 832 3
0 833 3
1 833 1
8 833 3
12 833 2
19 833 1
20 833 3
22 833 1
28 833 2
31 833 1
32 833 3
43 833 1
46 833 2
53 833 1
54 833 1
56 833 3
58 833 1
61 833 1
63 833 1
64 833 1
66 833 1
70 833 2
73 833 2
74 833 2
75 833 2
78 833 2
83 833 2
84 833 2
85 833 2
88 833 1
95 833 2
99 833 1
100 833 2
101 833 1
115 833 1
118 833 1
119 833 1
121 833 1
127 833 1
128 833 3
132 833 3
134 833 3
138 833 3
139 833 2
140 833 3
148 833 1
153 833 3
155 833 2
160 833 3
163 833 1
164 833 1
166 833 1
168 833 3
174 833 1
177 833 2
178 833 3
180 833 1
181 833 3
182 833 1
183 833 1
190 833 3
192 833 3
198 833 1
200 833 3
201 833 1
204 833 3
209 833 2
211 833 2
212 833 1
214 833 1
216 833 1
217 833 1
219 833 1
222 833 2
226 833 3
228 833 3
230 833 2
234 833 1
235 833 1
236 833 2
237 833 2
240 833 1
245 833 3
246 833 2
250 833 1
255 833 2
257 833 1
258 833 3
261 833 1
262 833 1
265 833 2
273 833 1
280 833 2
282 833 2
285 833 2
295 833 1
299 833 2
300 833 1
303 833 3
307 833 3
311 833 1
313 833 1
315 833 2
316 833 1
320 833 2
322 833 1
323 833 2
329 833 3
337 833 3
339 833 2
348 833 3
350 833 1
352 833 1
355 833 3
356 833 1
357 833 2
359 833 2
361 833 3
365 833 2
368 833 2
369 833 2
372 833 1
377 833 2
382 833 3
385 833 1
386 833 3
398 833 3
399 833 1
422 833 2
423 833 3
427 833 1
428 833 3
430 833 2
431 833 3
434 833 2
439 833 3
441 833 3
442 833 1
444 833 2
448 833 3
451 833 2
453 833 2
454 833 2
456 833 3
458 833 1
459 833 2
461 833 1
463 833 1
470 833 2
481 833 1
487 833 2
489 833 3
493 833 2
494 833 3
498 833 2
501 833 3
502 833 3
503 833 1
504 833 1
506 833 3
516 833 2
521 833 2
525 833 1
526 833 3
529 833 3
536 833 3
537 833 3
540 833 3
550 833 2
551 833 1
553 833 2
558 833 1
562 833 3
563 833 1
564 833 2
566 833 2
569 833 3
573 833 2
574 833 1
575 833 3
581 833 3
582 833 1
588 833 1
590 833 3
591 833 1
594 833 3
596 833 3
598 833 2
605 833 3
607 833 1
609 833 3
612 833 2
614 833 2
617 833 2
618 833 2
619 833 1
621 833 1
622 833 2
623 833 2
625 833 1
626 833 1
627 833 3
628 833 3
630 833 1
632 833 3
634 833 2
636 833 2
638 833 3
640 833 1
648 833 2
652 833 1
653 833 3
654 833 1
657 833 2
661 833 1
662 833 3
663 833 2
666 833 1
667 833 1
668 833 3
669 833 3
670 833 2
671 833 3
672 833 3
681 833 3
682 833 3
683 833 3
685 833 3
687 833 3
688 833 3
691 833 3
695 833 1
699 833 3
706 833 2
709 833 2
711 833 1
713 833 1
715 833 1
717 833 3
722 833 3
723 833 3
724 833 3
725 833 3
727 833 2
729 833 3
738 833 2
739 833 1
740 833 3
742 833 2
749 833 3
751 833 1
753 833 2
755 833 2
760 833 1
762 833 2
766 833 1
771 833 2
772 833 3
776 833 1
783 833 2
784 833 1
787 833 3
791 833 2
792 833 1
794 833 3
803 833 3
808 833 3
809 833 1
815 833 2
816 833 1
825 833 1
830 833 1
834 833 1
842 833 3
843 833 1
844 833 2
848 833 3
849 833 3
850 833 3
855 833 3
857 833 2
858 833 1
859 833 2
863 833 1
868 833 3
870 833 3
871 833 2
872 833 2
873 833 3
874 833 3
875 833 1
879 833 1
880 833 1
881 833 3
884 833 2
885 833 1
886 833 2
887 833 3
893 833 1
895 833 1
899 833 2
901 833 3
902 833 3
903 833 2
904 833 3
915 833 2
916 833 3
917 833 3
920 833 1
928 833 2
931 833 3
933 833 1
936 833 2
939 833 3
945 833 1
951 833 3
952 833 1
954 833 3
958 833 3
960 833 3
961 833 1
962 833 1
966 833 3
976 833 3
981 833 1
983 833 1
984 833 1
985 833 2
989 833 1
994 833 1
996 833 1
999 833 2
2 834 3
3 834 2
5 834 3
6 834 3
10 834 2
11 834 2
14 834 1
15 834 1
16 834 2
18 834 3
21 834 1
26 834 1
29 834 1
31 834 2
34 834 3
35 834 2
39 834 2
41 834 2
45 834 3
48 834 3
53 834 2
55 834 3
61 834 1
65 834 2
67 834 1
70 834 3
71 834 2
72 834 2
73 834 1
78 834 1
82 834 1
84 834 1
88 834 1
97 834 1
101 834 3
107 834 2
110 834 3
111 834 3
112 834 2
114 834 3
116 834 2
123 834 1
128 834 3
133 834 3
134 834 3
136 834 3
137 834 1
140 834 2
142 834 1
143 834 3
158 834 1
161 834 3
166 834 2
167 834 3
168 834 1
169 834 3
172 834 1
174 834 2
176 834 1
178 834 2
180 834 2
184 834 3
187 834 3
188 834 3
189 834 2
193 834 2
195 834 2
198 834 1
205 834 2
207 834 3
209 834 1
212 834 3
213 834 1
214 834 3
215 834 3
216 834 2
217 834 3
218 834 2
220 834 2
221 834 1
223 834 3
225 834 1
228 834 3
231 834 2
232 834 3
233 834 3
234 834 2
235 834 2
238 834 2
247 834 1
249 834 1
255 834 1
258 834 1
268 834 2
276 834 2
277 834 1
278 834 1
279 834 2
280 834 2
282 834 3
289 834 2
294 834 2
296 834 3
297 834 1
298 834 3
301 834 3
303 834 1
306 834 3
307 834 1
312 834 1
313 834 3
317 834 2
318 834 2
324 834 1
330 834 1
337 834 2
340 834 2
341 834 2
343 834 2
344 834 2
351 834 2
352 834 2
353 834 3
359 834 1
362 834 2
370 834 2
376 834 3
378 834 2
381 834 2
384 834 1
386 834 1
387 834 1
388 834 2
390 834 1
392 834 3
394 834 3
400 834 3
403 834 3
404 834 1
405 834 1
409 834 1
414 834 2
418 834 1
421 834 2
428 834 2
431 834 3
434 834 1
435 834 3
437 834 3
439 834 1
440 834 1
441 834 3
447 834 2
448 834 2
451 834 3
452 834 1
456 834 1
458 834 3
464 834 1
465 834 2
470 834 2
471 834 3
472 834 1
480 834 2
483 834 3
484 834 3
485 834 2
490 834 1
491 834 1
495 834 1
496 834 1
500 834 1
501 834 2
503 834 2
507 834 1
508 834 1
511 834 1
513 834 2
514 834 3
515 834 2
519 834 3
521 834 2
523 834 3
524 834 2
529 834 2
532 834 1
535 834 2
537 834 3
538 834 1
546 834 1
561 834 1
562 834 1
564 834 1
566 834 3
570 834 2
573 834 3
575 834 1
578 834 2
580 834 3
581 834 2
582 834 1
584 834 2
585 834 3
589 834 2
593 834 2
595 834 3
597 834 1
598 834 3
599 834 1
600 834 1
607 834 2
609 834 2
611 834 1
616 834 3
619 834 1
624 834 3
628 834 1
631 834 1
634 834 1
636 834 3
640 834 3
648 834 2
649 834 1
651 834 3
658 834 1
661 834 3
663 834 2
665 834 1
668 834 3
670 834 2
672 834 3
675 834 1
680 834 1
682 834 2
685 834 1
687 834 1
688 834 3
690 834 2
693 834 1
694 834 1
695 834 3
701 834 3
705 834 2
708 834 2
709 834 1
710 834 2
712 834 1
713 834 1
714 834 2
722 834 1
725 834 2
731 834 1
733 834 3
