201 534 3
203 534 3
206 534 3
211 534 2
212 534 1
213 534 1
214 534 2
215 534 3
216 534 1
217 534 1
219 534 2
220 534 3
228 534 3
232 534 2
237 534 2
240 534 2
242 534 3
245 534 1
247 534 1
248 534 3
251 534 3
265 534 3
267 534 2
268 534 3
271 534 2
273 534 1
278 534 3
280 534 3
287 534 1
289 534 2
296 534 3
299 534 1
302 534 2
304 534 3
305 534 1
308 534 3
309 534 1
313 534 1
320 534 2
321 534 3
323 534 2
330 534 3
336 534 2
338 534 1
340 534 1
344 534 1
345 534 2
346 534 3
347 534 2
348 534 3
350 534 1
351 534 2
352 534 1
353 534 2
357 534 2
358 534 1
359 534 1
362 534 1
381 534 1
385 534 1
387 534 3
389 534 1
395 534 3
402 534 1
413 534 1
417 534 1
421 534 2
423 534 1
424 534 2
426 534 1
433 534 3
434 534 2
436 534 3
437 534 1
439 534 3
440 534 3
444 534 2
447 534 3
454 534 1
455 534 1
459 534 2
460 534 1
461 534 3
465 534 1
468 534 2
472 534 2
474 534 3
479 534 1
483 534 3
485 534 2
486 534 2
488 534 3
491 534 1
492 534 1
493 534 3
494 534 2
499 534 1
500 534 2
501 534 2
510 534 1
512 534 1
514 534 2
516 534 3
517 534 1
520 534 2
527 534 3
531 534 3
534 534 1
537 534 1
542 534 2
545 534 3
547 534 1
553 534 2
556 534 3
557 534 1
558 534 1
559 534 2
561 534 3
562 534 3
564 534 1
567 534 2
568 534 3
570 534 1
575 534 2
577 534 3
579 534 1
586 534 2
590 534 2
591 534 2
599 534 2
603 534 1
604 534 3
609 534 3
610 534 2
611 534 1
613 534 1
615 534 2
616 534 2
618 534 1
623 534 1
626 534 2
630 534 1
636 534 2
639 534 3
640 534 2
644 534 1
645 534 3
647 534 2
651 534 3
655 534 1
658 534 3
659 534 1
665 534 1
667 534 3
671 534 3
672 534 1
676 534 1
677 534 2
678 534 3
680 534 2
681 534 2
683 534 3
688 534 2
690 534 1
691 534 1
692 534 3
698 534 1
699 534 1
704 534 2
706 534 2
707 534 3
710 534 1
712 534 1
718 534 3
720 534 2
722 534 3
727 534 1
732 534 3
736 534 3
738 534 1
740 534 1
742 534 3
743 534 1
745 534 3
747 534 3
748 534 3
749 534 1
756 534 2
759 534 2
761 534 3
762 534 1
763 534 2
768 534 2
769 534 3
773 534 1
775 534 2
782 534 2
783 534 3
784 534 3
787 534 2
791 534 2
792 534 3
793 534 3
794 534 3
796 534 2
799 534 3
806 534 1
811 534 3
816 534 1
817 534 3
819 534 2
820 534 3
821 534 2
823 534 1
826 534 2
827 534 2
829 534 1
830 534 3
841 534 3
842 534 2
845 534 2
848 534 2
849 534 1
857 534 2
863 534 2
864 534 3
865 534 2
867 534 1
869 534 3
870 534 3
872 534 3
875 534 2
878 534 1
881 534 1
883 534 1
884 534 1
886 534 1
888 534 3
889 534 3
896 534 2
904 534 2
905 534 2
910 534 3
918 534 2
922 534 2
923 534 2
929 534 1
934 534 3
936 534 1
937 534 3
938 534 3
940 534 1
941 534 2
942 534 1
946 534 1
947 534 2
948 534 3
950 534 2
952 534 3
955 534 2
956 534 1
960 534 2
966 534 1
967 534 2
968 534 1
970 534 2
971 534 1
974 534 2
976 534 2
977 534 1
981 534 1
982 534 3
984 534 3
985 534 2
986 534 3
988 534 1
991 534 3
993 534 1
994 534 2
995 534 2
996 534 1
0 535 3
6 535 2
7 535 1
11 535 3
12 535 1
13 535 1
17 535 1
21 535 3
23 535 3
25 535 3
26 535 2
31 535 3
33 535 2
36 535 3
39 535 2
41 535 1
44 535 1
47 535 1
53 535 3
54 535 3
56 535 3
63 535 1
66 535 2
67 535 3
74 535 1
76 535 1
79 535 1
80 535 3
89 535 1
97 535 2
98 535 2
99 535 2
101 535 2
103 535 2
110 535 2
111 535 2
113 535 1
114 535 2
115 535 3
118 535 1
120 535 2
121 535 2
122 535 2
124 535 1
130 535 1
131 535 2
136 535 1
137 535 3
138 535 3
139 535 1
140 535 1
141 535 3
149 535 3
150 535 3
157 535 2
164 535 3
165 535 3
167 535 1
169 535 1
175 535 3
179 535 1
182 535 1
184 535 2
185 535 2
186 535 3
187 535 3
189 535 2
191 535 2
197 535 1
199 535 2
202 535 3
203 535 2
205 535 3
211 535 3
214 535 1
216 535 2
217 535 3
218 535 2
220 535 2
222 535 1
228 535 1
230 535 3
235 535 2
236 535 2
237 535 2
240 535 2
243 535 2
247 535 3
257 535 2
265 535 3
269 535 2
279 535 2
281 535 3
289 535 2
290 535 3
292 535 1
294 535 3
297 535 2
298 535 2
304 535 3
306 535 3
315 535 2
316 535 1
320 535 1
322 535 3
338 535 3
342 535 3
353 535 1
357 535 2
361 535 2
365 535 2
368 535 3
370 535 1
374 535 2
382 535 2
384 535 1
387 535 3
393 535 1
394 535 1
414 535 3
415 535 3
416 535 2
419 535 1
420 535 3
421 535 1
425 535 3
428 535 2
429 535 3
430 535 1
431 535 3
433 535 3
437 535 1
438 535 1
440 535 2
442 535 3
451 535 2
452 535 2
453 535 1
455 535 1
457 535 2
472 535 1
476 535 3
480 535 3
484 535 2
487 535 2
490 535 1
491 535 1
492 535 1
493 535 3
496 535 3
497 535 1
498 535 2
501 535 3
502 535 3
506 535 3
507 535 3
510 535 3
511 535 1
516 535 2
519 535 2
521 535 2
525 535 2
526 535 2
529 535 3
535 535 2
536 535 1
537 535 3
538 535 2
541 535 2
543 535 1
546 535 2
550 535 2
560 535 1
564 535 3
565 535 1
569 535 2
572 535 3
573 535 3
574 535 3
575 535 2
576 535 1
577 535 3
578 535 2
589 535 3
591 535 3
596 535 1
601 535 2
603 535 2
605 535 3
608 535 3
612 535 1
615 535 2
616 535 3
625 535 3
626 535 3
627 535 3
628 535 3
631 535 2
636 535 1
642 535 2
645 535 1
649 535 3
650 535 2
653 535 2
656 535 3
658 535 2
667 535 1
668 535 2
673 535 1
678 535 2
685 535 2
688 535 2
689 535 2
694 535 3
695 535 1
696 535 1
698 535 1
700 535 1
701 535 1
702 535 2
707 535 1
709 535 2
711 535 1
714 535 1
717 535 3
719 535 1
721 535 2
724 535 2
727 535 3
728 535 2
731 535 2
736 535 1
738 535 3
748 535 2
749 535 1
754 535 2
756 535 2
757 535 2
763 535 1
765 535 1
766 535 1
767 535 2
772 535 3
773 535 1
775 535 1
779 535 3
780 535 3
781 535 1
788 535 2
792 535 1
793 535 3
794 535 2
795 535 1
796 535 1
797 535 2
802 535 1
803 535 1
810 535 3
817 535 3
818 535 2
821 535 1
823 535 1
826 535 2
834 535 3
836 535 2
838 535 3
839 535 2
841 535 1
842 535 3
845 535 1
846 535 3
849 535 2
862 535 2
864 535 2
865 535 1
868 535 1
869 535 2
871 535 3
879 535 2
881 535 3
883 535 2
886 535 3
887 535 3
888 535 2
894 535 2
895 535 2
899 535 3
902 535 1
904 535 1
907 535 3
915 535 1
918 535 3
925 535 3
927 535 3
928 535 2
930 535 3
931 535 1
932 535 3
935 535 2
945 535 3
953 535 3
955 535 3
959 535 3
961 535 2
963 535 1
964 535 2
965 535 1
967 535 3
968 535 1
969 535 3
973 535 1
974 535 1
979 535 2
980 535 3
982 535 3
984 535 3
985 535 2
997 535 3
4 536 1
5 536 3
13 536 1
16 536 2
19 536 2
21 536 1
29 536 1
33 536 2
37 536 2
38 536 2
49 536 1
55 536 3
57 536 3
63 536 3
65 536 3
66 536 2
69 536 1
78 536 1
81 536 3
84 536 2
85 536 2
90 536 3
91 536 2
96 536 2
98 536 2
101 536 3
103 536 1
104 536 3
110 536 2
113 536 1
115 536 2
118 536 3
120 536 3
122 536 1
133 536 3
135 536 3
138 536 3
142 536 2
146 536 3
149 536 1
151 536 1
152 536 1
155 536 3
159 536 2
160 536 3
163 536 2
165 536 2
170 536 2
172 536 3
174 536 3
175 536 3
176 536 2
182 536 3
183 536 2
184 536 1
185 536 2
186 536 1
187 536 3
193 536 1
198 536 3
199 536 1
209 536 2
210 536 1
212 536 2
220 536 1
221 536 1
224 536 3
