582 658 3
583 658 1
584 658 1
590 658 2
591 658 2
597 658 3
600 658 3
608 658 3
611 658 3
614 658 2
615 658 2
619 658 3
621 658 2
622 658 1
627 658 2
628 658 2
630 658 2
633 658 2
635 658 2
638 658 2
640 658 1
643 658 1
649 658 2
652 658 1
654 658 1
658 658 1
660 658 2
664 658 2
665 658 1
669 658 2
676 658 2
680 658 3
682 658 3
684 658 1
686 658 3
690 658 1
692 658 3
693 658 3
694 658 3
699 658 2
700 658 2
701 658 3
703 658 3
704 658 3
706 658 3
711 658 1
713 658 3
717 658 1
718 658 2
721 658 1
723 658 2
724 658 3
725 658 1
726 658 2
727 658 1
730 658 1
746 658 3
752 658 1
754 658 1
755 658 3
756 658 3
759 658 3
764 658 1
767 658 2
769 658 3
772 658 3
774 658 1
777 658 3
779 658 3
781 658 2
785 658 3
787 658 3
791 658 3
795 658 3
798 658 3
802 658 3
803 658 2
804 658 1
806 658 2
807 658 3
815 658 1
816 658 2
817 658 2
818 658 2
821 658 3
824 658 2
825 658 1
826 658 3
828 658 3
830 658 2
833 658 3
834 658 2
835 658 3
839 658 2
840 658 3
843 658 3
844 658 2
845 658 2
850 658 1
851 658 2
856 658 2
859 658 2
867 658 2
873 658 3
874 658 2
881 658 3
883 658 1
885 658 3
889 658 1
890 658 2
892 658 1
895 658 2
896 658 2
897 658 2
901 658 2
902 658 1
916 658 2
918 658 3
919 658 2
921 658 2
922 658 2
925 658 3
933 658 2
934 658 3
935 658 3
936 658 2
942 658 3
945 658 3
947 658 1
952 658 3
953 658 1
955 658 2
958 658 2
960 658 1
961 658 2
969 658 2
978 658 1
980 658 1
984 658 2
988 658 3
989 658 2
990 658 1
998 658 3
0 659 2
2 659 1
14 659 2
19 659 3
20 659 1
22 659 1
31 659 3
34 659 1
36 659 3
49 659 3
51 659 2
54 659 3
56 659 3
70 659 3
71 659 3
74 659 2
76 659 1
78 659 1
79 659 2
85 659 2
86 659 3
88 659 2
93 659 1
98 659 2
99 659 1
105 659 1
106 659 2
111 659 3
113 659 2
118 659 2
119 659 1
120 659 2
122 659 2
125 659 2
128 659 2
131 659 1
135 659 2
136 659 2
140 659 1
143 659 3
145 659 1
146 659 1
147 659 2
148 659 2
150 659 3
151 659 1
152 659 1
153 659 1
159 659 1
163 659 3
175 659 1
182 659 3
183 659 2
184 659 1
188 659 3
189 659 3
191 659 3
195 659 2
198 659 2
199 659 1
203 659 2
205 659 2
206 659 2
207 659 1
208 659 1
211 659 3
213 659 2
216 659 3
218 659 1
220 659 2
222 659 3
224 659 1
226 659 2
227 659 2
228 659 1
235 659 2
236 659 3
239 659 2
240 659 3
241 659 3
242 659 3
245 659 3
249 659 3
250 659 2
251 659 2
253 659 1
255 659 1
256 659 3
257 659 2
259 659 3
260 659 1
266 659 1
267 659 1
268 659 2
269 659 2
275 659 2
277 659 2
279 659 1
280 659 2
285 659 2
288 659 2
289 659 1
291 659 2
292 659 2
293 659 2
300 659 3
305 659 1
308 659 3
318 659 1
321 659 1
324 659 1
326 659 3
327 659 1
347 659 3
350 659 3
351 659 1
355 659 1
357 659 1
359 659 1
363 659 2
366 659 2
369 659 1
370 659 2
371 659 2
373 659 3
375 659 1
378 659 1
379 659 2
381 659 3
386 659 3
388 659 3
391 659 2
392 659 2
393 659 3
394 659 3
395 659 2
396 659 1
401 659 1
403 659 2
406 659 2
407 659 1
413 659 2
418 659 1
421 659 2
427 659 2
429 659 3
431 659 3
432 659 3
433 659 1
437 659 1
439 659 1
450 659 1
453 659 2
456 659 1
463 659 2
464 659 2
467 659 1
468 659 3
469 659 1
470 659 3
473 659 1
474 659 3
477 659 2
479 659 3
482 659 2
484 659 2
485 659 3
486 659 2
487 659 1
488 659 1
493 659 3
495 659 2
501 659 1
503 659 1
508 659 2
510 659 1
512 659 3
514 659 3
516 659 2
524 659 2
526 659 3
527 659 2
528 659 3
529 659 1
530 659 3
531 659 2
533 659 1
537 659 2
538 659 2
547 659 2
551 659 2
556 659 2
557 659 1
558 659 3
561 659 2
562 659 1
563 659 3
565 659 1
566 659 1
569 659 3
574 659 2
580 659 1
585 659 1
587 659 3
589 659 3
590 659 3
596 659 1
601 659 2
604 659 1
606 659 2
607 659 2
610 659 3
611 659 1
617 659 2
620 659 3
621 659 3
622 659 1
623 659 2
624 659 2
633 659 1
638 659 3
641 659 3
644 659 3
649 659 2
650 659 3
652 659 3
658 659 1
659 659 2
666 659 1
668 659 2
669 659 2
671 659 2
672 659 2
675 659 1
676 659 3
680 659 2
681 659 3
682 659 1
684 659 2
688 659 3
691 659 1
696 659 1
697 659 2
701 659 1
704 659 3
705 659 3
707 659 3
708 659 2
710 659 1
711 659 2
712 659 2
713 659 1
714 659 2
715 659 3
717 659 3
719 659 3
721 659 2
723 659 3
725 659 3
726 659 3
727 659 3
732 659 2
736 659 1
742 659 1
744 659 1
747 659 1
755 659 1
756 659 3
761 659 1
764 659 1
765 659 1
769 659 3
773 659 1
777 659 3
779 659 1
780 659 1
783 659 1
792 659 2
793 659 1
797 659 1
799 659 2
800 659 2
803 659 1
805 659 1
809 659 2
810 659 3
811 659 3
813 659 2
814 659 3
824 659 1
826 659 2
827 659 3
829 659 1
831 659 2
836 659 1
840 659 2
841 659 1
843 659 1
848 659 2
850 659 3
853 659 3
854 659 1
858 659 2
860 659 1
861 659 1
863 659 2
864 659 2
865 659 2
868 659 2
870 659 1
874 659 1
877 659 3
879 659 1
881 659 1
882 659 3
884 659 1
888 659 3
891 659 2
898 659 1
901 659 3
903 659 2
906 659 3
912 659 2
915 659 3
916 659 3
919 659 1
920 659 2
922 659 2
923 659 2
925 659 1
926 659 2
927 659 1
928 659 1
931 659 2
932 659 1
937 659 3
938 659 1
941 659 3
944 659 1
947 659 3
948 659 3
950 659 3
952 659 3
953 659 3
961 659 3
963 659 2
970 659 2
974 659 2
976 659 1
979 659 2
980 659 2
982 659 3
990 659 1
994 659 3
995 659 2
999 659 3
1 660 2
2 660 3
3 660 3
5 660 1
8 660 3
9 660 2
13 660 3
16 660 1
24 660 3
26 660 2
27 660 1
29 660 2
31 660 2
32 660 2
37 660 2
39 660 2
43 660 2
47 660 2
48 660 3
49 660 2
52 660 2
54 660 2
56 660 3
57 660 1
58 660 3
59 660 3
62 660 3
65 660 1
66 660 1
71 660 3
73 660 2
76 660 2
77 660 3
85 660 1
89 660 2
91 660 1
92 660 3
94 660 2
96 660 2
102 660 1
103 660 2
104 660 3
105 660 2
111 660 2
113 660 1
114 660 1
115 660 1
118 660 2
119 660 3
121 660 1
122 660 1
127 660 2
133 660 1
134 660 2
135 660 3
136 660 3
137 660 1
139 660 3
140 660 2
141 660 1
144 660 1
147 660 3
153 660 3
158 660 1
159 660 3
162 660 2
163 660 2
165 660 1
167 660 3
172 660 2
176 660 1
177 660 1
179 660 3
180 660 1
184 660 2
188 660 2
189 660 3
202 660 3
203 660 3
204 660 2
206 660 1
208 660 3
210 660 3
212 660 3
213 660 1
218 660 3
227 660 2
235 660 2
236 660 1
240 660 1
243 660 3
244 660 3
252 660 2
254 660 1
258 660 2
261 660 2
262 660 3
264 660 2
265 660 3
266 660 3
267 660 1
270 660 1
274 660 3
275 660 3
278 660 3
279 660 3
280 660 2
281 660 1
282 660 3
284 660 3
287 660 3
297 660 2
298 660 2
300 660 3
303 660 2
305 660 1
309 660 2
310 660 1
311 660 3
318 660 2
319 660 2
320 660 1
324 660 2
333 660 2
335 660 1
339 660 1
344 660 2
348 660 1
350 660 3
352 660 3
353 660 1
357 660 2
359 660 3
360 660 2
363 660 2
364 660 1
366 660 3
368 660 1
369 660 2
372 660 1
381 660 2
383 660 1
391 660 2
393 660 1
402 660 1
406 660 3
418 660 3
421 660 3
425 660 3
426 660 3
432 660 3
438 660 3
440 660 2
442 660 2
443 660 3
444 660 2
445 660 3
446 660 1
447 660 3
451 660 2
456 660 2
457 660 3
462 660 1
463 660 2
467 660 1
473 660 1
478 660 2
