556 976 1
558 976 3
564 976 1
565 976 1
566 976 3
568 976 1
571 976 1
573 976 3
582 976 3
583 976 2
584 976 3
585 976 1
589 976 3
590 976 2
592 976 1
597 976 3
600 976 2
601 976 3
604 976 1
605 976 3
609 976 3
610 976 1
612 976 3
616 976 2
621 976 1
622 976 2
624 976 2
626 976 3
630 976 1
633 976 1
636 976 3
638 976 3
640 976 1
641 976 3
642 976 1
644 976 3
645 976 1
646 976 2
647 976 1
649 976 3
651 976 3
655 976 2
656 976 1
657 976 1
659 976 3
661 976 2
664 976 1
666 976 3
668 976 2
670 976 3
675 976 3
676 976 2
677 976 1
684 976 1
685 976 1
686 976 1
687 976 2
693 976 1
695 976 1
696 976 2
698 976 2
703 976 2
704 976 2
705 976 3
714 976 2
721 976 2
723 976 1
731 976 2
733 976 2
735 976 1
738 976 3
739 976 3
743 976 2
744 976 1
745 976 2
746 976 2
748 976 3
752 976 2
753 976 3
755 976 1
756 976 1
765 976 1
766 976 1
772 976 3
776 976 1
778 976 2
784 976 2
789 976 1
791 976 1
795 976 2
797 976 2
800 976 3
801 976 1
802 976 2
803 976 1
808 976 2
809 976 2
811 976 1
816 976 1
820 976 3
824 976 1
826 976 2
838 976 1
842 976 1
844 976 2
850 976 3
852 976 3
853 976 1
856 976 3
857 976 2
859 976 1
864 976 1
865 976 2
866 976 3
868 976 3
873 976 2
877 976 1
878 976 3
879 976 3
880 976 2
882 976 2
883 976 1
886 976 2
887 976 2
889 976 3
894 976 3
895 976 1
896 976 2
899 976 1
900 976 2
903 976 3
906 976 2
907 976 1
912 976 1
913 976 1
917 976 3
927 976 1
928 976 3
929 976 2
930 976 3
931 976 3
932 976 1
933 976 3
934 976 2
935 976 1
938 976 1
940 976 3
941 976 1
954 976 1
959 976 2
960 976 1
961 976 3
963 976 1
964 976 1
968 976 1
971 976 2
972 976 2
973 976 1
974 976 1
976 976 3
977 976 1
980 976 3
988 976 3
990 976 2
991 976 1
993 976 2
995 976 1
998 976 1
4 977 1
5 977 3
6 977 1
10 977 3
14 977 3
17 977 1
24 977 1
26 977 2
28 977 1
29 977 2
38 977 3
41 977 3
59 977 2
68 977 1
71 977 3
73 977 3
76 977 2
79 977 2
80 977 3
82 977 1
89 977 1
90 977 1
91 977 1
93 977 2
98 977 2
104 977 1
105 977 1
107 977 1
108 977 2
110 977 2
111 977 1
117 977 1
119 977 2
121 977 3
123 977 1
131 977 2
134 977 3
135 977 2
136 977 2
137 977 3
139 977 3
140 977 1
141 977 2
145 977 1
150 977 1
153 977 2
154 977 1
158 977 3
161 977 3
163 977 2
168 977 1
170 977 3
172 977 1
175 977 1
179 977 1
185 977 1
186 977 2
187 977 1
193 977 1
197 977 2
199 977 3
206 977 3
209 977 3
210 977 1
211 977 3
213 977 1
216 977 1
219 977 2
223 977 2
228 977 3
230 977 3
232 977 3
236 977 3
237 977 2
238 977 1
239 977 1
240 977 1
245 977 1
247 977 2
251 977 1
254 977 3
255 977 1
256 977 2
258 977 1
259 977 2
264 977 3
265 977 2
267 977 2
269 977 2
270 977 3
274 977 3
280 977 3
283 977 2
284 977 2
289 977 1
294 977 1
295 977 2
299 977 3
307 977 1
312 977 2
313 977 1
318 977 3
319 977 2
321 977 3
326 977 3
338 977 3
340 977 1
346 977 1
354 977 2
356 977 1
357 977 2
359 977 3
360 977 1
365 977 1
366 977 1
367 977 1
371 977 2
373 977 2
374 977 3
375 977 1
377 977 1
380 977 2
382 977 2
383 977 2
387 977 3
389 977 1
390 977 1
392 977 3
394 977 2
395 977 3
397 977 3
398 977 2
403 977 3
411 977 2
417 977 3
421 977 3
423 977 2
424 977 1
425 977 2
427 977 3
428 977 1
430 977 1
433 977 1
434 977 3
435 977 1
446 977 1
447 977 1
449 977 1
452 977 1
455 977 3
457 977 3
460 977 1
464 977 1
466 977 3
467 977 3
468 977 2
470 977 2
474 977 2
477 977 1
478 977 1
479 977 1
485 977 3
489 977 1
490 977 2
491 977 3
494 977 1
498 977 3
499 977 3
500 977 3
501 977 3
503 977 1
504 977 2
509 977 2
511 977 3
514 977 3
516 977 2
519 977 1
524 977 1
530 977 1
533 977 3
538 977 2
542 977 3
543 977 2
549 977 2
550 977 1
553 977 2
555 977 2
558 977 3
563 977 2
566 977 2
572 977 2
576 977 2
578 977 3
579 977 3
580 977 2
581 977 1
583 977 3
584 977 3
590 977 3
594 977 2
595 977 1
597 977 3
598 977 1
601 977 1
603 977 3
606 977 1
611 977 2
612 977 1
619 977 1
621 977 3
622 977 2
624 977 3
625 977 1
630 977 2
637 977 1
645 977 2
646 977 2
647 977 3
649 977 1
652 977 1
654 977 1
657 977 3
663 977 1
664 977 3
665 977 2
667 977 3
671 977 1
674 977 1
675 977 1
677 977 3
681 977 2
682 977 1
683 977 1
685 977 2
693 977 2
696 977 1
697 977 3
698 977 3
699 977 1
705 977 3
709 977 1
710 977 2
711 977 3
714 977 3
717 977 3
721 977 3
726 977 2
730 977 2
732 977 3
733 977 1
738 977 3
741 977 3
745 977 1
748 977 3
750 977 2
752 977 2
753 977 2
757 977 1
761 977 3
765 977 3
769 977 1
772 977 3
774 977 1
778 977 3
779 977 1
780 977 2
783 977 3
785 977 1
787 977 1
790 977 1
792 977 2
795 977 1
802 977 3
804 977 3
807 977 1
810 977 2
811 977 3
813 977 2
814 977 1
816 977 3
818 977 1
822 977 3
825 977 1
826 977 1
827 977 1
828 977 3
830 977 1
832 977 3
836 977 2
837 977 1
840 977 2
843 977 2
848 977 3
851 977 2
852 977 3
853 977 2
855 977 1
856 977 2
857 977 1
859 977 1
861 977 3
863 977 3
869 977 1
873 977 1
874 977 1
881 977 2
883 977 3
890 977 1
892 977 1
898 977 3
900 977 1
904 977 3
912 977 1
920 977 2
922 977 1
926 977 3
928 977 2
936 977 1
942 977 2
943 977 1
944 977 1
947 977 2
949 977 1
950 977 1
952 977 1
956 977 3
961 977 2
962 977 1
964 977 1
966 977 3
968 977 1
974 977 3
975 977 2
977 977 3
979 977 1
980 977 2
982 977 1
987 977 2
989 977 2
993 977 1
994 977 1
995 977 1
996 977 1
1 978 3
3 978 3
4 978 1
6 978 1
10 978 3
15 978 3
20 978 2
21 978 2
23 978 3
25 978 3
26 978 3
28 978 1
29 978 2
39 978 1
44 978 3
48 978 1
53 978 3
54 978 1
55 978 3
59 978 3
64 978 3
67 978 1
68 978 1
72 978 2
75 978 1
78 978 1
79 978 2
80 978 3
82 978 2
83 978 1
84 978 1
85 978 1
86 978 1
88 978 3
90 978 3
91 978 3
92 978 1
96 978 1
97 978 2
100 978 2
104 978 3
106 978 3
107 978 2
111 978 3
112 978 3
121 978 1
124 978 1
126 978 2
130 978 1
133 978 1
135 978 1
138 978 2
139 978 1
143 978 1
145 978 2
150 978 3
154 978 3
157 978 2
160 978 3
164 978 2
168 978 3
171 978 1
175 978 2
180 978 1
182 978 2
185 978 2
186 978 1
189 978 1
190 978 1
197 978 3
200 978 1
201 978 3
203 978 3
205 978 2
210 978 3
215 978 1
216 978 2
218 978 1
221 978 3
222 978 1
223 978 3
228 978 3
231 978 2
232 978 2
234 978 3
236 978 1
239 978 3
241 978 2
243 978 2
249 978 2
252 978 1
253 978 3
254 978 2
260 978 1
261 978 2
262 978 1
266 978 3
268 978 3
269 978 3
272 978 3
273 978 1
274 978 1
277 978 2
279 978 3
281 978 3
284 978 2
288 978 2
293 978 2
296 978 3
300 978 1
305 978 2
306 978 2
309 978 1
313 978 3
320 978 3
326 978 2
327 978 1
330 978 2
331 978 3
335 978 2
338 978 1
340 978 1
343 978 2
346 978 3
347 978 3
354 978 1
355 978 2
358 978 3
360 978 3
368 978 1
369 978 3
371 978 2
377 978 2
382 978 1
383 978 2
387 978 2
388 978 1
390 978 2
392 978 3
397 978 3
401 978 2
404 978 2
407 978 2
409 978 2
411 978 2
412 978 3
417 978 2
424 978 2
425 978 2
427 978 2
430 978 3
434 978 2
435 978 3
436 978 2
438 978 2
