311 530 3
313 530 2
317 530 3
319 530 3
320 530 1
321 530 1
322 530 3
323 530 1
325 530 3
327 530 2
328 530 2
333 530 2
337 530 1
338 530 2
342 530 1
343 530 1
344 530 3
346 530 2
347 530 2
349 530 3
350 530 3
352 530 3
360 530 3
361 530 2
363 530 3
364 530 1
365 530 1
368 530 2
372 530 2
379 530 1
381 530 1
383 530 3
386 530 1
387 530 2
392 530 1
394 530 3
399 530 1
403 530 3
404 530 2
412 530 3
417 530 2
418 530 1
421 530 1
423 530 2
433 530 2
436 530 3
441 530 2
449 530 2
452 530 2
454 530 1
457 530 3
459 530 1
462 530 2
467 530 1
470 530 3
474 530 2
475 530 2
476 530 3
477 530 2
478 530 1
480 530 2
481 530 1
484 530 2
485 530 3
486 530 2
488 530 2
494 530 2
499 530 1
502 530 2
509 530 1
510 530 2
512 530 3
516 530 2
519 530 3
520 530 1
521 530 2
523 530 2
524 530 2
525 530 3
527 530 1
528 530 2
529 530 1
530 530 2
531 530 3
533 530 3
534 530 1
537 530 1
541 530 3
542 530 2
543 530 3
546 530 1
547 530 3
550 530 3
559 530 3
562 530 2
569 530 3
571 530 2
575 530 3
580 530 3
588 530 1
592 530 2
598 530 1
599 530 2
602 530 2
606 530 1
609 530 3
611 530 2
613 530 1
614 530 2
615 530 1
616 530 2
621 530 1
622 530 2
623 530 1
624 530 3
625 530 2
626 530 2
627 530 3
633 530 2
636 530 2
637 530 3
639 530 2
642 530 3
643 530 1
644 530 1
647 530 3
648 530 2
651 530 2
653 530 1
654 530 3
655 530 1
657 530 3
663 530 2
673 530 2
679 530 1
685 530 3
687 530 3
688 530 1
689 530 2
693 530 3
694 530 1
696 530 2
698 530 2
699 530 1
706 530 2
707 530 2
711 530 1
714 530 2
717 530 3
719 530 2
721 530 2
725 530 3
729 530 3
730 530 1
731 530 2
732 530 1
734 530 2
743 530 3
744 530 1
752 530 2
755 530 2
757 530 1
758 530 3
761 530 1
762 530 3
763 530 2
764 530 3
767 530 1
769 530 2
772 530 2
773 530 3
777 530 1
778 530 3
783 530 1
785 530 1
786 530 1
790 530 2
792 530 2
794 530 2
796 530 2
804 530 1
805 530 1
808 530 3
809 530 2
810 530 1
812 530 3
813 530 1
819 530 1
820 530 1
821 530 2
825 530 1
827 530 1
831 530 3
834 530 3
835 530 2
836 530 1
837 530 2
839 530 1
845 530 1
846 530 3
850 530 1
855 530 3
862 530 3
864 530 2
872 530 2
876 530 1
877 530 2
879 530 3
884 530 3
889 530 1
891 530 3
892 530 2
895 530 2
899 530 2
908 530 1
909 530 1
910 530 1
916 530 3
918 530 3
920 530 3
922 530 1
924 530 2
930 530 2
934 530 3
936 530 2
937 530 2
940 530 2
941 530 1
943 530 2
945 530 3
950 530 1
956 530 3
958 530 3
959 530 1
961 530 3
963 530 3
965 530 2
970 530 1
977 530 3
978 530 3
980 530 3
981 530 3
982 530 1
983 530 1
987 530 1
989 530 3
990 530 3
993 530 2
997 530 1
0 531 1
2 531 3
9 531 1
11 531 2
12 531 3
13 531 1
17 531 2
18 531 1
20 531 3
24 531 1
25 531 3
32 531 2
35 531 2
37 531 3
51 531 1
55 531 2
57 531 3
58 531 3
59 531 2
61 531 2
63 531 3
64 531 2
66 531 1
68 531 3
70 531 2
72 531 2
73 531 3
79 531 3
80 531 3
82 531 2
84 531 2
85 531 2
91 531 2
92 531 2
93 531 2
94 531 3
95 531 3
97 531 1
102 531 3
103 531 2
106 531 2
107 531 2
109 531 2
110 531 3
113 531 1
116 531 2
122 531 3
123 531 2
125 531 3
128 531 3
131 531 3
133 531 3
135 531 2
136 531 2
139 531 2
140 531 3
141 531 1
144 531 3
149 531 2
150 531 1
153 531 2
154 531 1
157 531 2
159 531 2
161 531 1
165 531 2
173 531 2
177 531 1
182 531 1
186 531 2
191 531 2
194 531 1
195 531 3
199 531 2
202 531 1
211 531 3
212 531 3
219 531 2
223 531 2
234 531 3
237 531 3
238 531 2
242 531 1
252 531 3
262 531 3
263 531 2
268 531 2
269 531 1
275 531 2
279 531 3
281 531 2
283 531 3
284 531 2
286 531 1
292 531 1
296 531 3
303 531 2
305 531 3
307 531 1
314 531 2
315 531 3
317 531 2
319 531 3
321 531 2
325 531 2
330 531 1
331 531 2
333 531 1
336 531 2
339 531 2
340 531 2
345 531 2
351 531 2
361 531 3
366 531 1
367 531 2
369 531 1
373 531 2
375 531 2
380 531 2
385 531 1
387 531 3
389 531 2
392 531 1
394 531 1
397 531 3
400 531 1
401 531 1
403 531 2
404 531 3
411 531 3
412 531 3
420 531 2
422 531 3
423 531 1
425 531 1
429 531 1
431 531 2
432 531 3
433 531 1
434 531 3
443 531 3
446 531 1
451 531 3
453 531 3
456 531 3
457 531 3
460 531 2
461 531 1
467 531 1
470 531 1
473 531 1
476 531 3
477 531 1
478 531 1
480 531 3
484 531 1
485 531 3
487 531 1
490 531 3
498 531 3
499 531 3
501 531 1
504 531 3
507 531 2
510 531 1
511 531 2
513 531 1
521 531 3
522 531 3
524 531 3
530 531 2
531 531 1
532 531 3
535 531 1
539 531 2
540 531 2
541 531 1
543 531 1
545 531 3
550 531 2
554 531 2
555 531 1
557 531 2
561 531 3
564 531 1
566 531 3
567 531 1
568 531 2
569 531 3
572 531 3
574 531 3
575 531 2
583 531 1
584 531 3
585 531 1
592 531 2
598 531 1
604 531 2
611 531 1
612 531 2
613 531 2
614 531 2
615 531 2
619 531 1
620 531 1
622 531 3
623 531 1
626 531 1
630 531 2
631 531 2
634 531 3
638 531 3
640 531 2
647 531 2
648 531 3
651 531 3
654 531 2
659 531 1
660 531 2
661 531 3
662 531 2
663 531 2
665 531 2
668 531 1
672 531 3
675 531 3
676 531 1
678 531 2
679 531 2
683 531 1
684 531 2
691 531 1
696 531 2
701 531 3
702 531 2
703 531 3
705 531 2
709 531 1
712 531 3
716 531 1
717 531 3
723 531 3
726 531 3
727 531 3
729 531 3
730 531 1
731 531 3
733 531 3
734 531 1
735 531 1
737 531 1
738 531 2
742 531 3
743 531 3
746 531 3
748 531 1
749 531 3
754 531 2
757 531 1
765 531 2
767 531 2
768 531 3
770 531 2
771 531 3
773 531 3
774 531 1
778 531 3
781 531 1
787 531 3
790 531 1
794 531 2
795 531 1
799 531 2
801 531 2
802 531 3
803 531 3
804 531 1
808 531 1
809 531 3
810 531 3
822 531 3
824 531 2
827 531 1
831 531 1
832 531 1
834 531 1
835 531 3
836 531 3
838 531 1
842 531 2
844 531 1
845 531 1
853 531 3
854 531 1
859 531 1
862 531 1
863 531 1
866 531 1
870 531 2
873 531 1
878 531 2
879 531 3
881 531 2
885 531 2
890 531 1
891 531 2
892 531 1
893 531 1
894 531 1
896 531 2
897 531 1
899 531 1
904 531 2
907 531 3
908 531 2
910 531 1
915 531 2
919 531 2
922 531 2
925 531 1
928 531 2
931 531 3
942 531 1
945 531 2
949 531 2
951 531 1
954 531 3
957 531 3
958 531 2
961 531 3
962 531 2
963 531 2
964 531 1
968 531 1
969 531 3
972 531 3
973 531 1
975 531 3
977 531 3
978 531 3
980 531 2
982 531 3
984 531 2
985 531 3
987 531 2
988 531 1
992 531 1
994 531 1
995 531 1
997 531 2
3 532 2
11 532 1
12 532 1
16 532 1
17 532 1
19 532 3
20 532 2
22 532 1
26 532 1
27 532 2
29 532 1
34 532 3
35 532 3
37 532 2
40 532 2
41 532 2
51 532 2
52 532 2
56 532 3
58 532 2
61 532 3
65 532 3
74 532 2
78 532 3
82 532 1
85 532 1
87 532 3
89 532 3
91 532 3
94 532 2
97 532 2
98 532 2
103 532 1
105 532 3
106 532 3
107 532 1
109 532 3
115 532 3
122 532 1
125 532 3
130 532 3
132 532 1
133 532 2
137 532 3
138 532 2
141 532 1
142 532 1
146 532 3
147 532 2
148 532 2
155 532 3
157 532 2
161 532 2
168 532 3
176 532 1
177 532 1
179 532 1
181 532 3
182 532 1
184 532 1
188 532 1
192 532 3
198 532 2
201 532 3
208 532 1
213 532 1
