382 914 2
383 914 2
397 914 3
400 914 3
403 914 2
404 914 2
410 914 1
411 914 2
412 914 2
415 914 1
416 914 1
417 914 2
419 914 2
424 914 1
425 914 1
427 914 1
438 914 2
441 914 3
450 914 2
458 914 3
459 914 2
463 914 3
467 914 3
469 914 2
474 914 3
479 914 3
480 914 1
485 914 3
486 914 1
494 914 2
495 914 1
499 914 3
501 914 3
504 914 3
505 914 1
507 914 2
508 914 3
510 914 1
511 914 2
520 914 2
522 914 3
523 914 2
527 914 2
528 914 1
529 914 3
530 914 2
531 914 2
535 914 2
540 914 3
542 914 2
545 914 3
547 914 3
548 914 2
550 914 3
551 914 2
556 914 2
559 914 2
564 914 2
569 914 3
576 914 2
578 914 1
581 914 1
588 914 3
590 914 2
594 914 3
597 914 2
604 914 2
605 914 2
606 914 1
613 914 3
622 914 2
623 914 1
625 914 2
627 914 1
631 914 2
633 914 2
634 914 3
636 914 2
638 914 3
640 914 3
656 914 1
657 914 1
660 914 2
661 914 2
672 914 1
676 914 3
678 914 3
680 914 3
684 914 2
686 914 3
688 914 1
694 914 2
702 914 3
708 914 1
710 914 2
716 914 1
718 914 3
720 914 3
724 914 1
727 914 3
730 914 2
735 914 2
736 914 2
737 914 2
740 914 1
749 914 2
756 914 1
757 914 2
759 914 3
760 914 1
766 914 1
768 914 1
776 914 2
779 914 1
780 914 1
788 914 1
790 914 2
796 914 1
799 914 2
801 914 3
804 914 2
806 914 1
807 914 1
810 914 1
811 914 3
814 914 3
819 914 3
824 914 3
830 914 1
833 914 2
836 914 1
844 914 3
855 914 3
856 914 3
862 914 2
863 914 1
865 914 1
866 914 2
868 914 3
870 914 1
871 914 2
874 914 2
880 914 3
882 914 1
886 914 1
893 914 2
897 914 3
901 914 3
906 914 3
914 914 2
916 914 1
918 914 2
920 914 3
922 914 1
925 914 2
927 914 3
936 914 2
939 914 1
940 914 1
942 914 1
944 914 1
945 914 2
947 914 2
951 914 2
953 914 3
959 914 1
965 914 3
973 914 2
979 914 2
980 914 1
982 914 1
984 914 2
988 914 1
989 914 3
990 914 3
994 914 3
996 914 1
998 914 3
0 915 2
1 915 2
4 915 1
5 915 3
7 915 1
8 915 1
10 915 1
13 915 2
17 915 2
19 915 3
26 915 2
27 915 1
30 915 1
33 915 2
38 915 1
39 915 2
42 915 3
43 915 1
47 915 3
52 915 2
53 915 2
59 915 3
61 915 3
65 915 3
71 915 3
73 915 1
76 915 3
84 915 3
86 915 3
88 915 1
97 915 3
99 915 3
102 915 1
103 915 3
104 915 2
105 915 3
107 915 1
108 915 3
112 915 1
113 915 2
114 915 2
115 915 1
120 915 1
126 915 2
128 915 2
130 915 2
133 915 1
135 915 2
142 915 1
145 915 3
146 915 3
148 915 3
151 915 3
157 915 1
159 915 2
162 915 1
164 915 1
167 915 3
168 915 3
174 915 1
175 915 1
176 915 2
180 915 1
181 915 1
182 915 2
185 915 1
188 915 3
193 915 1
194 915 3
198 915 1
201 915 3
204 915 3
206 915 3
207 915 3
209 915 2
210 915 2
214 915 2
215 915 2
216 915 3
217 915 3
219 915 3
228 915 2
233 915 1
237 915 3
238 915 2
242 915 3
243 915 1
244 915 2
248 915 2
250 915 2
251 915 1
255 915 1
262 915 1
264 915 3
265 915 2
266 915 3
269 915 3
270 915 1
274 915 3
275 915 3
277 915 1
279 915 1
281 915 3
288 915 1
289 915 1
291 915 3
297 915 2
299 915 1
300 915 2
302 915 3
303 915 1
305 915 3
306 915 1
308 915 2
310 915 1
311 915 2
315 915 3
317 915 2
320 915 1
322 915 1
327 915 3
333 915 2
338 915 3
339 915 3
342 915 2
344 915 3
346 915 3
349 915 1
352 915 3
354 915 3
355 915 1
357 915 2
359 915 1
361 915 2
362 915 1
363 915 3
364 915 3
366 915 1
369 915 1
370 915 1
373 915 2
376 915 3
377 915 2
380 915 2
382 915 2
384 915 3
392 915 3
393 915 3
395 915 3
398 915 2
399 915 1
404 915 3
406 915 2
407 915 2
411 915 1
417 915 2
418 915 2
421 915 1
425 915 3
430 915 2
438 915 1
441 915 3
442 915 1
451 915 2
453 915 1
454 915 3
459 915 3
460 915 1
464 915 1
468 915 1
471 915 2
475 915 3
477 915 3
481 915 3
484 915 2
485 915 2
486 915 3
496 915 3
498 915 1
503 915 2
505 915 1
507 915 1
510 915 1
511 915 2
515 915 3
524 915 1
526 915 2
530 915 1
541 915 2
543 915 1
544 915 3
545 915 1
547 915 1
550 915 3
551 915 2
552 915 1
555 915 3
561 915 1
563 915 3
567 915 2
570 915 3
571 915 1
575 915 2
577 915 3
579 915 1
580 915 2
582 915 2
584 915 1
590 915 2
603 915 1
605 915 3
608 915 1
609 915 2
610 915 1
613 915 1
614 915 1
617 915 3
620 915 3
621 915 1
627 915 2
634 915 3
635 915 1
636 915 3
637 915 3
638 915 3
640 915 3
643 915 2
644 915 2
656 915 1
659 915 1
662 915 2
666 915 3
667 915 1
669 915 2
670 915 3
671 915 2
673 915 2
681 915 1
683 915 3
687 915 2
693 915 1
702 915 3
710 915 2
722 915 2
724 915 3
730 915 3
731 915 3
735 915 2
739 915 2
740 915 1
742 915 3
743 915 3
751 915 3
754 915 1
760 915 1
761 915 3
762 915 2
765 915 1
773 915 2
774 915 2
779 915 2
781 915 1
786 915 1
789 915 2
795 915 1
796 915 1
800 915 2
803 915 3
809 915 3
812 915 1
817 915 3
819 915 2
820 915 3
821 915 1
825 915 1
827 915 2
833 915 2
834 915 3
836 915 3
838 915 3
844 915 3
845 915 3
850 915 3
854 915 2
855 915 2
857 915 1
858 915 3
859 915 3
860 915 2
865 915 1
866 915 3
876 915 2
878 915 2
880 915 1
884 915 3
886 915 3
890 915 1
892 915 3
893 915 3
896 915 2
898 915 3
899 915 2
902 915 3
908 915 3
909 915 3
915 915 3
918 915 1
919 915 3
920 915 1
929 915 2
933 915 3
934 915 1
941 915 3
945 915 1
947 915 3
949 915 3
952 915 1
958 915 3
962 915 1
968 915 1
971 915 2
973 915 1
975 915 2
979 915 1
980 915 2
982 915 3
988 915 3
990 915 3
996 915 2
999 915 3
4 916 3
11 916 2
12 916 1
15 916 1
18 916 2
19 916 2
22 916 3
23 916 3
26 916 1
28 916 3
31 916 1
32 916 1
41 916 1
44 916 1
52 916 2
54 916 3
58 916 2
64 916 3
67 916 3
74 916 2
78 916 1
79 916 1
80 916 1
85 916 1
99 916 1
101 916 2
111 916 1
112 916 2
113 916 2
115 916 1
119 916 1
120 916 2
124 916 1
132 916 2
138 916 3
139 916 2
140 916 1
142 916 2
143 916 1
144 916 1
148 916 2
149 916 3
154 916 3
155 916 2
156 916 1
163 916 3
164 916 3
170 916 1
171 916 2
172 916 3
181 916 2
182 916 1
183 916 1
185 916 2
186 916 1
188 916 2
190 916 3
194 916 1
195 916 1
196 916 2
199 916 2
205 916 3
206 916 1
208 916 2
215 916 2
216 916 3
219 916 2
220 916 1
223 916 3
226 916 3
230 916 2
231 916 3
239 916 2
242 916 3
243 916 2
251 916 1
252 916 2
253 916 1
257 916 2
264 916 1
266 916 3
270 916 3
271 916 3
275 916 1
277 916 2
282 916 2
286 916 3
287 916 2
289 916 3
291 916 3
296 916 1
298 916 2
299 916 3
300 916 2
307 916 3
308 916 2
310 916 1
311 916 1
315 916 1
316 916 1
320 916 3
325 916 2
327 916 3
328 916 1
332 916 1
336 916 2
337 916 3
338 916 2
342 916 3
349 916 1
352 916 2
353 916 1
354 916 1
357 916 3
362 916 3
363 916 2
365 916 2
366 916 2
371 916 3
372 916 1
373 916 3
375 916 1
380 916 2
386 916 1
387 916 3
388 916 3
390 916 3
393 916 3
397 916 3
400 916 1
401 916 2
403 916 2
405 916 2
407 916 3
425 916 2
431 916 1
441 916 3
447 916 2
450 916 3
452 916 1
459 916 2
466 916 3
470 916 3
472 916 1
475 916 2
480 916 1
488 916 3
492 916 1
494 916 3
495 916 1
498 916 1
500 916 2
504 916 1
505 916 2
506 916 1
507 916 1
509 916 2
512 916 1
