443 970 1
447 970 3
452 970 3
454 970 1
460 970 3
464 970 3
465 970 2
469 970 1
470 970 2
473 970 1
479 970 2
480 970 3
484 970 1
487 970 2
488 970 3
490 970 3
491 970 1
495 970 1
496 970 2
499 970 2
503 970 2
505 970 3
509 970 1
511 970 3
514 970 3
520 970 1
524 970 1
527 970 1
531 970 2
532 970 2
538 970 1
539 970 1
543 970 3
551 970 2
559 970 1
561 970 3
567 970 2
573 970 1
580 970 2
581 970 1
586 970 1
590 970 3
591 970 2
592 970 2
597 970 3
598 970 3
599 970 2
606 970 3
608 970 1
609 970 3
614 970 3
617 970 3
618 970 1
620 970 2
621 970 3
622 970 3
624 970 1
630 970 1
631 970 2
632 970 2
633 970 3
638 970 1
639 970 3
643 970 3
644 970 3
645 970 3
648 970 1
649 970 2
650 970 1
651 970 1
652 970 1
654 970 1
659 970 3
661 970 2
663 970 2
664 970 2
665 970 3
667 970 2
668 970 2
669 970 1
672 970 2
679 970 1
682 970 3
688 970 3
689 970 3
710 970 3
713 970 1
715 970 1
717 970 1
719 970 2
721 970 1
723 970 3
726 970 2
729 970 2
739 970 1
740 970 2
742 970 3
743 970 1
746 970 1
747 970 1
749 970 2
750 970 3
751 970 1
753 970 2
755 970 2
756 970 2
758 970 1
760 970 1
765 970 1
767 970 3
768 970 1
771 970 3
772 970 2
774 970 2
775 970 2
777 970 1
778 970 1
781 970 2
782 970 3
784 970 3
785 970 2
791 970 3
793 970 3
799 970 1
800 970 2
801 970 3
805 970 3
813 970 1
816 970 1
818 970 2
821 970 3
825 970 1
826 970 2
827 970 1
828 970 3
832 970 2
835 970 2
838 970 1
839 970 2
840 970 1
841 970 2
842 970 1
845 970 2
848 970 2
850 970 2
851 970 3
854 970 2
856 970 1
858 970 1
859 970 1
862 970 2
863 970 1
868 970 2
869 970 2
874 970 3
875 970 1
876 970 2
883 970 3
885 970 1
888 970 3
893 970 2
896 970 2
899 970 1
900 970 1
904 970 3
905 970 1
907 970 2
916 970 1
917 970 3
925 970 2
927 970 3
928 970 1
929 970 2
932 970 3
935 970 3
937 970 2
938 970 3
945 970 2
952 970 3
953 970 1
954 970 3
955 970 3
956 970 2
958 970 1
959 970 3
962 970 1
963 970 3
973 970 1
978 970 1
982 970 1
984 970 2
987 970 1
989 970 1
992 970 3
994 970 2
995 970 2
997 970 1
6 971 2
10 971 3
11 971 3
14 971 3
16 971 3
19 971 2
23 971 3
28 971 2
31 971 1
32 971 3
34 971 1
36 971 3
39 971 3
42 971 3
44 971 2
45 971 2
46 971 2
49 971 2
52 971 1
59 971 2
62 971 3
64 971 2
66 971 1
71 971 3
77 971 1
81 971 1
85 971 3
88 971 1
93 971 3
96 971 1
108 971 3
110 971 2
113 971 1
116 971 2
123 971 3
127 971 2
129 971 1
130 971 2
131 971 1
132 971 1
133 971 3
136 971 2
140 971 2
143 971 1
144 971 1
148 971 3
151 971 3
152 971 2
153 971 2
158 971 1
160 971 3
164 971 3
166 971 2
168 971 1
171 971 1
174 971 1
176 971 2
178 971 1
181 971 3
182 971 3
184 971 3
188 971 3
191 971 2
205 971 1
211 971 3
212 971 3
213 971 2
214 971 2
218 971 3
222 971 2
224 971 2
225 971 1
229 971 2
233 971 3
243 971 2
246 971 3
247 971 1
257 971 3
258 971 2
265 971 1
269 971 3
273 971 1
275 971 2
285 971 2
287 971 1
293 971 2
294 971 2
295 971 3
296 971 2
300 971 1
306 971 3
307 971 3
309 971 1
312 971 1
315 971 2
326 971 3
327 971 2
328 971 3
329 971 3
333 971 3
334 971 2
339 971 2
346 971 3
352 971 2
353 971 2
354 971 3
355 971 2
365 971 3
370 971 2
371 971 1
376 971 3
377 971 2
378 971 1
380 971 2
381 971 3
385 971 1
388 971 3
389 971 2
391 971 2
392 971 2
395 971 1
397 971 2
401 971 2
402 971 1
403 971 2
404 971 3
407 971 3
408 971 1
415 971 1
420 971 2
425 971 1
430 971 3
434 971 2
440 971 2
441 971 2
443 971 2
449 971 2
450 971 3
451 971 1
452 971 1
455 971 1
456 971 1
459 971 3
471 971 2
482 971 2
485 971 2
490 971 3
493 971 2
495 971 1
496 971 2
498 971 1
499 971 3
500 971 1
504 971 3
505 971 3
508 971 3
512 971 3
523 971 2
524 971 2
526 971 1
527 971 1
528 971 2
529 971 3
531 971 3
537 971 3
538 971 3
540 971 2
543 971 3
545 971 2
550 971 2
551 971 1
552 971 1
553 971 3
554 971 1
555 971 2
560 971 1
562 971 1
564 971 1
565 971 3
573 971 2
578 971 2
588 971 2
590 971 2
593 971 2
596 971 2
600 971 2
601 971 3
602 971 3
603 971 1
604 971 2
605 971 1
607 971 1
617 971 2
618 971 2
620 971 2
628 971 1
630 971 1
632 971 1
634 971 2
635 971 2
636 971 2
639 971 3
640 971 1
646 971 1
649 971 3
655 971 1
658 971 1
662 971 1
669 971 2
671 971 3
675 971 1
680 971 1
682 971 3
691 971 1
696 971 3
702 971 2
704 971 3
713 971 3
714 971 1
723 971 1
726 971 3
729 971 2
733 971 2
734 971 3
740 971 2
742 971 3
744 971 3
745 971 2
746 971 2
747 971 2
748 971 3
751 971 1
754 971 3
757 971 2
759 971 3
760 971 2
761 971 1
762 971 3
767 971 2
775 971 2
778 971 1
780 971 1
781 971 3
785 971 1
790 971 2
791 971 1
792 971 3
810 971 1
811 971 3
813 971 3
814 971 2
816 971 1
818 971 2
821 971 3
822 971 2
825 971 2
826 971 2
828 971 1
832 971 1
834 971 2
835 971 2
838 971 1
846 971 1
848 971 1
849 971 1
850 971 1
853 971 2
858 971 1
859 971 1
862 971 1
863 971 1
864 971 3
865 971 1
869 971 2
873 971 3
878 971 2
879 971 1
884 971 1
886 971 1
890 971 1
891 971 2
893 971 1
895 971 3
899 971 3
900 971 3
901 971 1
902 971 2
906 971 1
913 971 1
915 971 1
916 971 2
920 971 2
922 971 3
925 971 3
926 971 3
927 971 3
928 971 3
929 971 3
932 971 2
934 971 2
935 971 1
937 971 1
945 971 2
947 971 1
948 971 1
950 971 1
951 971 3
953 971 1
959 971 2
960 971 3
961 971 1
967 971 1
968 971 1
973 971 3
974 971 2
977 971 1
982 971 1
985 971 3
988 971 3
989 971 3
991 971 2
992 971 3
994 971 2
995 971 1
998 971 3
999 971 3
1 972 2
3 972 2
18 972 1
33 972 1
37 972 1
38 972 1
40 972 2
41 972 2
45 972 1
50 972 1
51 972 1
52 972 2
55 972 2
57 972 2
60 972 1
68 972 1
70 972 1
73 972 1
75 972 3
79 972 1
85 972 3
86 972 2
89 972 2
99 972 2
107 972 2
109 972 1
114 972 3
115 972 1
118 972 3
119 972 3
120 972 1
124 972 3
125 972 3
129 972 3
133 972 2
134 972 3
135 972 1
140 972 2
144 972 1
145 972 2
148 972 3
149 972 2
153 972 3
155 972 2
156 972 2
157 972 3
163 972 2
164 972 2
165 972 3
173 972 1
174 972 3
179 972 2
181 972 3
183 972 1
184 972 2
190 972 2
199 972 3
200 972 3
203 972 2
204 972 1
206 972 1
214 972 3
215 972 3
217 972 2
218 972 1
220 972 2
224 972 2
232 972 2
233 972 1
235 972 1
236 972 2
237 972 2
238 972 1
240 972 1
244 972 2
249 972 2
250 972 2
251 972 3
256 972 2
258 972 2
260 972 1
261 972 3
270 972 1
275 972 1
278 972 2
279 972 3
281 972 3
284 972 3
288 972 3
289 972 1
293 972 2
294 972 1
296 972 2
297 972 1
310 972 1
312 972 2
314 972 1
315 972 2
336 972 3
337 972 3
341 972 1
342 972 2
345 972 2
346 972 1
348 972 1
350 972 1
355 972 2
359 972 2
360 972 2
363 972 1
364 972 2
365 972 3
370 972 1
371 972 1
373 972 2
376 972 3
377 972 3
381 972 2
382 972 1
383 972 3
386 972 1
391 972 2
398 972 2
407 972 3
409 972 1
411 972 3
412 972 1
414 972 2
417 972 2
418 972 3
426 972 2
429 972 3
431 972 1
432 972 2
434 972 2
439 972 2
440 972 3
441 972 1
442 972 2
446 972 1
452 972 3
455 972 2
456 972 1
