216 708 2
220 708 2
221 708 1
228 708 1
230 708 1
232 708 3
239 708 2
241 708 3
242 708 3
244 708 2
245 708 1
246 708 3
252 708 2
253 708 2
256 708 1
261 708 2
268 708 1
272 708 1
274 708 3
280 708 1
283 708 2
284 708 2
285 708 1
287 708 2
292 708 2
294 708 2
299 708 1
300 708 3
304 708 1
305 708 3
306 708 2
307 708 2
309 708 2
310 708 1
313 708 1
314 708 2
318 708 2
319 708 2
320 708 1
322 708 2
324 708 3
325 708 2
331 708 3
338 708 3
340 708 1
341 708 1
345 708 1
346 708 2
351 708 2
352 708 3
354 708 1
355 708 1
356 708 2
358 708 2
361 708 1
364 708 3
366 708 2
367 708 3
369 708 1
371 708 3
373 708 1
381 708 2
388 708 3
390 708 2
391 708 1
392 708 2
393 708 3
394 708 1
396 708 1
400 708 2
405 708 3
406 708 3
408 708 3
409 708 2
412 708 2
413 708 3
420 708 1
421 708 3
423 708 3
424 708 3
426 708 2
428 708 2
429 708 2
430 708 2
434 708 1
436 708 3
437 708 1
439 708 1
441 708 1
442 708 1
443 708 2
445 708 1
448 708 3
451 708 2
453 708 2
458 708 1
462 708 2
463 708 1
467 708 2
468 708 1
477 708 1
480 708 3
481 708 1
483 708 1
484 708 1
487 708 2
490 708 1
491 708 3
497 708 2
501 708 2
503 708 2
510 708 2
511 708 2
514 708 3
516 708 1
517 708 3
519 708 3
521 708 1
522 708 2
523 708 3
528 708 1
529 708 1
530 708 1
532 708 1
533 708 1
536 708 1
539 708 3
548 708 2
558 708 3
560 708 3
563 708 1
565 708 2
566 708 2
567 708 2
571 708 1
574 708 1
575 708 1
582 708 3
583 708 3
584 708 1
593 708 2
595 708 2
598 708 2
599 708 2
601 708 2
602 708 3
606 708 1
607 708 1
610 708 1
617 708 2
621 708 3
622 708 1
623 708 1
624 708 2
628 708 2
630 708 1
631 708 3
635 708 1
636 708 2
637 708 1
646 708 2
650 708 2
655 708 2
656 708 1
670 708 1
671 708 3
674 708 3
675 708 3
677 708 2
679 708 1
680 708 3
682 708 3
685 708 2
688 708 1
689 708 2
690 708 1
693 708 2
694 708 2
696 708 2
697 708 1
699 708 3
700 708 2
703 708 3
704 708 2
705 708 3
707 708 1
711 708 3
715 708 3
723 708 2
729 708 2
734 708 1
735 708 3
737 708 1
740 708 3
744 708 2
746 708 3
748 708 3
749 708 3
750 708 2
756 708 2
757 708 3
758 708 2
761 708 2
764 708 2
766 708 3
769 708 1
771 708 1
776 708 2
780 708 3
788 708 3
791 708 2
798 708 2
799 708 3
800 708 2
801 708 3
804 708 3
805 708 1
809 708 3
811 708 3
812 708 3
814 708 3
820 708 3
824 708 2
825 708 3
826 708 2
829 708 3
831 708 3
832 708 1
833 708 1
834 708 1
841 708 3
845 708 3
846 708 2
855 708 2
856 708 1
858 708 2
862 708 3
864 708 2
875 708 1
877 708 3
880 708 2
886 708 3
890 708 3
893 708 1
894 708 1
899 708 3
902 708 1
908 708 2
914 708 3
915 708 1
917 708 1
926 708 2
927 708 2
929 708 3
930 708 1
932 708 1
934 708 2
941 708 2
942 708 2
949 708 3
954 708 1
956 708 1
959 708 2
968 708 2
969 708 2
970 708 1
972 708 3
974 708 3
981 708 2
990 708 2
995 708 3
0 709 3
3 709 2
4 709 2
6 709 2
7 709 1
8 709 1
13 709 2
15 709 1
16 709 3
17 709 1
19 709 2
27 709 2
28 709 1
31 709 2
32 709 2
33 709 1
35 709 3
36 709 3
37 709 2
40 709 2
41 709 3
42 709 1
43 709 3
44 709 2
56 709 3
58 709 3
61 709 1
78 709 2
79 709 2
80 709 1
83 709 2
86 709 3
91 709 1
93 709 1
96 709 1
97 709 3
98 709 2
102 709 2
104 709 3
105 709 1
109 709 2
110 709 1
114 709 1
117 709 2
121 709 1
124 709 3
134 709 2
136 709 1
137 709 2
158 709 2
161 709 3
165 709 3
166 709 1
171 709 1
174 709 2
175 709 1
177 709 2
178 709 3
182 709 2
183 709 2
190 709 2
192 709 3
193 709 3
194 709 3
195 709 3
196 709 1
198 709 2
202 709 2
207 709 3
209 709 2
215 709 2
218 709 3
223 709 2
227 709 1
228 709 1
230 709 3
238 709 2
239 709 2
240 709 2
242 709 3
243 709 3
249 709 2
250 709 3
255 709 2
258 709 2
261 709 1
263 709 1
265 709 2
268 709 1
275 709 2
281 709 2
282 709 2
286 709 2
287 709 2
288 709 1
290 709 3
293 709 2
296 709 1
298 709 2
306 709 2
308 709 2
310 709 2
316 709 1
320 709 3
321 709 3
323 709 3
325 709 3
326 709 2
327 709 2
328 709 1
332 709 1
333 709 3
336 709 2
338 709 3
339 709 1
343 709 1
344 709 2
345 709 2
346 709 2
347 709 2
349 709 3
354 709 3
355 709 2
357 709 1
362 709 1
370 709 3
376 709 2
377 709 2
378 709 3
380 709 1
392 709 1
396 709 1
397 709 3
401 709 3
402 709 3
403 709 2
405 709 1
406 709 2
410 709 3
414 709 3
415 709 3
418 709 3
419 709 2
422 709 2
424 709 3
425 709 1
429 709 3
430 709 3
431 709 3
434 709 1
435 709 1
438 709 3
441 709 1
442 709 3
449 709 3
453 709 1
455 709 1
456 709 1
457 709 1
460 709 2
461 709 1
463 709 2
464 709 3
466 709 2
467 709 3
468 709 2
469 709 1
471 709 1
475 709 1
476 709 3
478 709 2
479 709 3
482 709 1
483 709 3
485 709 1
487 709 1
491 709 3
492 709 2
495 709 2
501 709 2
503 709 2
505 709 1
508 709 2
509 709 3
512 709 1
516 709 1
517 709 3
519 709 1
524 709 1
526 709 3
527 709 3
529 709 1
530 709 1
531 709 1
532 709 3
535 709 2
539 709 1
548 709 3
549 709 3
553 709 2
554 709 2
564 709 1
569 709 2
571 709 1
572 709 1
573 709 1
574 709 3
575 709 3
576 709 1
580 709 3
581 709 2
583 709 2
586 709 2
587 709 2
589 709 2
590 709 2
592 709 3
593 709 3
598 709 2
599 709 3
603 709 2
604 709 1
605 709 1
607 709 3
609 709 1
612 709 3
616 709 1
617 709 1
619 709 3
621 709 2
626 709 1
630 709 2
631 709 3
633 709 3
635 709 3
637 709 1
647 709 2
649 709 2
650 709 1
651 709 2
653 709 2
654 709 2
656 709 3
660 709 3
666 709 2
668 709 2
675 709 2
677 709 3
679 709 1
681 709 2
687 709 1
688 709 2
689 709 1
690 709 2
695 709 2
696 709 3
698 709 3
704 709 3
705 709 3
710 709 1
713 709 1
714 709 1
715 709 3
717 709 3
721 709 2
726 709 1
727 709 2
729 709 3
733 709 3
735 709 3
742 709 1
749 709 2
751 709 2
754 709 2
757 709 3
758 709 2
761 709 3
762 709 3
765 709 3
766 709 3
768 709 3
772 709 1
778 709 1
786 709 1
788 709 2
791 709 3
792 709 2
793 709 2
794 709 1
805 709 3
806 709 1
809 709 2
810 709 3
812 709 1
819 709 2
823 709 2
827 709 3
833 709 1
841 709 1
842 709 3
843 709 3
846 709 2
848 709 3
863 709 2
864 709 2
870 709 2
872 709 1
874 709 2
875 709 2
876 709 1
879 709 1
883 709 1
884 709 2
891 709 3
892 709 3
894 709 2
896 709 1
906 709 1
909 709 2
912 709 2
913 709 3
921 709 2
923 709 1
924 709 1
925 709 1
927 709 3
928 709 2
931 709 1
935 709 3
937 709 2
940 709 2
942 709 1
943 709 1
945 709 3
950 709 3
953 709 2
958 709 2
959 709 3
961 709 2
979 709 3
980 709 2
981 709 2
983 709 2
984 709 3
986 709 3
988 709 3
991 709 3
993 709 2
994 709 1
1 710 2
2 710 1
17 710 2
19 710 1
23 710 1
27 710 3
28 710 2
32 710 2
33 710 1
44 710 2
50 710 1
51 710 3
53 710 2
58 710 1
61 710 1
62 710 3
64 710 1
65 710 3
67 710 1
69 710 1
74 710 3
75 710 2
76 710 2
77 710 3
79 710 1
83 710 2
85 710 2
92 710 2
99 710 1
100 710 2
101 710 2
102 710 3
106 710 3
107 710 2
109 710 3
112 710 1
115 710 1
122 710 3
123 710 2
124 710 1
129 710 1
135 710 2
143 710 1
147 710 3
152 710 3
153 710 2
