197 22 2
199 22 3
205 22 3
207 22 3
209 22 2
211 22 3
214 22 3
217 22 2
228 22 1
229 22 3
230 22 1
231 22 3
232 22 2
233 22 2
234 22 3
235 22 2
237 22 3
239 22 1
241 22 1
243 22 3
245 22 1
246 22 3
247 22 2
249 22 1
250 22 1
258 22 3
259 22 3
261 22 2
262 22 1
264 22 3
266 22 1
271 22 1
281 22 2
287 22 3
292 22 2
298 22 2
299 22 3
302 22 1
308 22 3
310 22 2
311 22 1
315 22 3
317 22 1
318 22 1
324 22 1
328 22 2
331 22 2
336 22 2
337 22 3
340 22 3
352 22 3
353 22 3
356 22 2
359 22 2
363 22 1
364 22 2
365 22 2
367 22 3
368 22 2
370 22 1
373 22 2
376 22 1
377 22 1
379 22 1
380 22 1
384 22 2
385 22 3
389 22 3
390 22 1
392 22 2
394 22 2
397 22 1
404 22 2
405 22 2
406 22 2
407 22 1
413 22 2
414 22 3
426 22 3
430 22 3
431 22 2
435 22 2
436 22 2
438 22 2
440 22 2
442 22 1
446 22 2
449 22 1
461 22 3
462 22 2
463 22 3
464 22 3
468 22 2
469 22 1
473 22 1
475 22 1
479 22 3
481 22 3
484 22 3
487 22 2
502 22 2
503 22 2
505 22 3
506 22 2
508 22 3
510 22 1
514 22 1
516 22 1
521 22 2
525 22 2
529 22 3
530 22 1
532 22 3
534 22 1
536 22 3
544 22 2
546 22 1
550 22 3
557 22 2
562 22 2
571 22 1
573 22 3
575 22 2
582 22 2
586 22 3
588 22 2
589 22 1
591 22 3
595 22 3
597 22 2
599 22 2
605 22 1
607 22 2
608 22 2
609 22 2
611 22 3
619 22 1
622 22 1
623 22 2
630 22 3
632 22 2
634 22 2
638 22 1
640 22 2
642 22 2
644 22 3
645 22 2
647 22 3
650 22 2
651 22 2
657 22 3
660 22 2
663 22 3
666 22 1
670 22 1
671 22 1
672 22 3
674 22 1
680 22 2
683 22 1
690 22 2
698 22 3
700 22 2
701 22 1
702 22 3
704 22 3
708 22 2
710 22 3
714 22 2
721 22 1
727 22 3
732 22 1
733 22 3
735 22 1
736 22 3
740 22 3
741 22 1
748 22 3
754 22 1
758 22 2
759 22 1
765 22 2
766 22 1
770 22 1
771 22 2
772 22 3
777 22 1
779 22 3
780 22 1
787 22 2
793 22 1
794 22 3
795 22 2
806 22 3
807 22 3
808 22 3
811 22 2
813 22 2
816 22 3
819 22 2
825 22 3
830 22 3
832 22 2
839 22 3
840 22 1
842 22 3
845 22 1
851 22 3
853 22 3
863 22 3
868 22 2
874 22 2
884 22 2
892 22 2
893 22 1
895 22 3
896 22 1
903 22 1
905 22 2
911 22 3
913 22 2
914 22 1
916 22 1
918 22 2
919 22 3
920 22 3
922 22 2
926 22 3
933 22 2
934 22 1
935 22 3
939 22 3
941 22 2
944 22 1
946 22 3
949 22 3
953 22 3
957 22 2
960 22 3
965 22 3
966 22 2
968 22 1
969 22 3
974 22 3
977 22 3
978 22 2
982 22 2
983 22 1
985 22 1
986 22 3
987 22 1
988 22 1
991 22 2
992 22 1
994 22 3
6 23 1
10 23 3
11 23 1
15 23 2
18 23 1
19 23 3
24 23 3
27 23 2
34 23 3
36 23 1
37 23 3
39 23 1
42 23 2
54 23 2
55 23 2
56 23 1
58 23 3
63 23 1
67 23 1
69 23 3
73 23 2
75 23 1
78 23 3
81 23 3
83 23 2
90 23 3
91 23 1
94 23 3
95 23 2
96 23 2
99 23 1
108 23 2
112 23 2
115 23 1
116 23 3
118 23 3
119 23 3
122 23 2
133 23 2
135 23 3
136 23 2
137 23 1
141 23 2
142 23 3
146 23 3
147 23 3
148 23 3
155 23 1
158 23 3
161 23 2
163 23 1
173 23 2
182 23 2
184 23 3
185 23 3
188 23 2
193 23 3
194 23 1
196 23 3
197 23 3
202 23 1
203 23 1
205 23 3
207 23 3
208 23 3
209 23 1
217 23 1
220 23 1
224 23 2
225 23 1
228 23 2
232 23 3
235 23 2
236 23 2
237 23 3
240 23 3
246 23 3
248 23 3
249 23 3
251 23 2
252 23 2
253 23 3
260 23 2
266 23 1
267 23 2
270 23 2
275 23 2
278 23 3
281 23 3
289 23 3
292 23 1
293 23 2
295 23 3
298 23 3
299 23 1
304 23 3
308 23 3
315 23 3
316 23 3
318 23 3
320 23 2
321 23 3
323 23 3
329 23 3
330 23 3
331 23 1
333 23 3
334 23 1
347 23 3
369 23 2
371 23 1
381 23 2
382 23 2
384 23 3
385 23 3
386 23 3
390 23 2
391 23 2
392 23 2
400 23 3
403 23 3
406 23 2
412 23 1
413 23 1
416 23 1
421 23 1
422 23 2
424 23 1
428 23 2
431 23 2
433 23 1
439 23 2
441 23 3
446 23 3
458 23 2
460 23 3
461 23 2
462 23 3
464 23 2
471 23 2
473 23 1
475 23 3
477 23 1
479 23 2
480 23 2
484 23 2
485 23 2
487 23 1
489 23 1
490 23 2
492 23 2
493 23 3
513 23 3
514 23 3
516 23 1
517 23 2
518 23 1
519 23 3
525 23 3
528 23 1
532 23 2
534 23 3
535 23 1
536 23 3
539 23 3
545 23 3
546 23 3
549 23 1
552 23 3
554 23 3
556 23 3
557 23 3
558 23 2
559 23 3
567 23 1
568 23 2
569 23 3
571 23 3
574 23 1
575 23 1
580 23 2
581 23 2
582 23 3
585 23 2
589 23 3
590 23 3
592 23 1
593 23 1
594 23 3
595 23 2
600 23 1
602 23 1
616 23 2
617 23 2
618 23 2
621 23 2
624 23 3
626 23 3
629 23 2
637 23 1
638 23 1
640 23 2
642 23 3
648 23 3
649 23 3
659 23 1
665 23 3
668 23 2
670 23 3
678 23 3
679 23 1
683 23 1
685 23 3
686 23 3
688 23 2
693 23 2
694 23 2
697 23 2
698 23 2
700 23 1
701 23 3
702 23 2
718 23 2
721 23 3
724 23 2
727 23 3
731 23 2
734 23 2
735 23 1
737 23 2
740 23 2
741 23 3
745 23 3
750 23 3
752 23 2
755 23 2
758 23 1
765 23 1
778 23 2
785 23 3
790 23 2
794 23 1
804 23 1
807 23 1
808 23 1
809 23 2
815 23 1
816 23 2
817 23 1
820 23 2
822 23 2
829 23 2
831 23 3
839 23 3
841 23 2
842 23 1
843 23 2
845 23 2
847 23 3
848 23 2
854 23 1
855 23 3
856 23 1
860 23 3
863 23 3
869 23 1
870 23 3
873 23 3
874 23 2
876 23 2
879 23 1
880 23 2
886 23 1
888 23 1
890 23 1
891 23 1
892 23 3
899 23 1
902 23 1
905 23 2
911 23 3
914 23 2
917 23 2
920 23 2
924 23 1
928 23 2
929 23 3
930 23 2
931 23 2
932 23 2
933 23 1
934 23 2
935 23 3
943 23 2
945 23 2
947 23 2
950 23 2
951 23 3
955 23 3
958 23 1
959 23 2
964 23 1
965 23 1
969 23 3
975 23 2
976 23 1
977 23 1
979 23 2
980 23 3
982 23 3
998 23 2
1 24 3
5 24 1
8 24 2
12 24 3
14 24 3
17 24 2
19 24 1
24 24 1
25 24 2
27 24 2
29 24 2
32 24 2
39 24 1
46 24 2
48 24 1
51 24 2
54 24 1
58 24 3
59 24 2
60 24 3
62 24 3
63 24 1
69 24 3
71 24 3
74 24 2
77 24 3
81 24 3
83 24 3
87 24 1
89 24 1
92 24 1
93 24 2
97 24 1
100 24 2
102 24 2
104 24 1
106 24 3
110 24 3
111 24 2
114 24 3
118 24 1
119 24 2
123 24 3
128 24 2
130 24 1
131 24 1
132 24 1
143 24 3
144 24 2
146 24 3
148 24 1
159 24 2
160 24 2
161 24 2
162 24 3
165 24 1
168 24 2
170 24 3
171 24 3
172 24 1
173 24 2
174 24 3
176 24 1
179 24 3
183 24 3
184 24 3
186 24 1
189 24 3
191 24 3
193 24 1
195 24 3
199 24 2
207 24 1
210 24 1
215 24 3
218 24 2
219 24 3
220 24 3
221 24 3
223 24 2
224 24 3
225 24 3
227 24 1
232 24 3
233 24 3
234 24 3
235 24 2
237 24 2
238 24 1
239 24 1
242 24 3
243 24 1
247 24 1
248 24 2
249 24 3
250 24 3
259 24 1
260 24 1
261 24 1
262 24 1
