330 468 3
335 468 2
336 468 1
338 468 1
343 468 3
346 468 3
350 468 1
361 468 2
362 468 2
367 468 1
371 468 1
376 468 2
377 468 1
378 468 2
382 468 3
384 468 2
389 468 1
390 468 1
399 468 3
400 468 3
401 468 2
402 468 1
404 468 2
405 468 2
409 468 3
415 468 1
416 468 3
424 468 3
425 468 1
427 468 2
430 468 3
434 468 2
436 468 2
444 468 1
445 468 1
450 468 2
458 468 1
462 468 1
464 468 2
465 468 3
471 468 2
473 468 2
475 468 3
478 468 2
482 468 2
483 468 3
485 468 1
486 468 3
487 468 1
488 468 2
491 468 3
492 468 2
498 468 2
500 468 3
506 468 1
508 468 2
517 468 3
518 468 2
527 468 1
529 468 1
531 468 3
532 468 2
541 468 1
543 468 3
553 468 2
554 468 2
556 468 1
558 468 3
562 468 2
566 468 1
567 468 1
572 468 2
573 468 1
574 468 1
575 468 3
577 468 2
579 468 2
584 468 3
587 468 2
589 468 2
590 468 2
594 468 3
596 468 3
597 468 3
598 468 3
600 468 1
604 468 3
612 468 2
623 468 1
626 468 1
629 468 2
630 468 3
636 468 2
639 468 2
644 468 1
647 468 3
648 468 2
650 468 1
653 468 3
657 468 3
658 468 3
662 468 1
663 468 1
669 468 1
671 468 2
672 468 1
673 468 1
676 468 1
677 468 2
678 468 1
681 468 1
682 468 1
683 468 2
684 468 1
686 468 2
687 468 2
690 468 3
691 468 3
692 468 2
694 468 3
696 468 3
701 468 1
702 468 1
704 468 2
706 468 2
707 468 2
710 468 3
711 468 2
712 468 1
714 468 3
717 468 2
724 468 2
727 468 3
728 468 3
731 468 1
734 468 1
735 468 2
736 468 3
737 468 3
740 468 3
747 468 1
750 468 2
753 468 2
757 468 1
760 468 2
762 468 1
764 468 2
770 468 3
772 468 3
774 468 1
777 468 2
782 468 1
786 468 1
790 468 3
791 468 2
794 468 3
797 468 1
805 468 3
814 468 1
816 468 2
818 468 2
823 468 1
826 468 1
836 468 1
840 468 1
841 468 3
843 468 2
844 468 3
846 468 1
856 468 3
859 468 2
860 468 3
862 468 2
865 468 2
867 468 1
868 468 3
875 468 1
876 468 2
877 468 1
882 468 3
884 468 2
886 468 2
887 468 1
893 468 2
894 468 1
899 468 1
903 468 1
904 468 2
908 468 2
909 468 3
914 468 3
915 468 1
921 468 1
930 468 3
933 468 1
935 468 1
946 468 3
947 468 1
949 468 3
950 468 2
953 468 2
958 468 3
959 468 2
960 468 1
969 468 2
971 468 2
977 468 1
978 468 2
979 468 3
980 468 2
984 468 3
987 468 3
988 468 3
989 468 2
991 468 2
992 468 3
998 468 3
4 469 3
5 469 3
7 469 1
9 469 3
20 469 1
24 469 3
28 469 1
32 469 1
33 469 1
34 469 2
40 469 3
42 469 3
45 469 2
49 469 3
50 469 3
52 469 3
56 469 1
57 469 2
60 469 3
68 469 1
71 469 2
72 469 3
80 469 1
83 469 2
84 469 3
86 469 3
89 469 3
93 469 1
94 469 3
97 469 2
99 469 1
100 469 2
101 469 1
102 469 1
103 469 1
105 469 2
112 469 2
113 469 3
117 469 3
119 469 1
126 469 2
128 469 3
129 469 1
133 469 1
137 469 3
138 469 3
139 469 2
142 469 3
143 469 3
152 469 1
153 469 2
155 469 2
157 469 2
158 469 1
159 469 2
162 469 1
163 469 2
169 469 3
171 469 3
173 469 1
175 469 2
176 469 3
180 469 1
186 469 2
188 469 1
190 469 3
200 469 2
201 469 2
202 469 3
208 469 2
213 469 1
214 469 1
216 469 1
217 469 1
224 469 3
225 469 2
227 469 1
229 469 1
231 469 1
232 469 1
234 469 3
235 469 1
239 469 1
241 469 2
243 469 1
244 469 1
247 469 2
248 469 3
249 469 1
254 469 2
256 469 1
257 469 3
260 469 2
262 469 3
263 469 2
264 469 3
266 469 2
275 469 3
277 469 3
279 469 1
284 469 3
286 469 2
288 469 3
294 469 3
295 469 1
299 469 3
304 469 2
308 469 1
310 469 3
311 469 3
317 469 2
320 469 3
322 469 1
324 469 2
326 469 2
328 469 3
331 469 2
334 469 3
336 469 3
342 469 2
345 469 1
348 469 2
350 469 2
351 469 1
354 469 2
355 469 3
356 469 1
358 469 2
359 469 1
361 469 1
362 469 1
364 469 2
366 469 1
367 469 3
368 469 3
372 469 3
373 469 3
377 469 2
378 469 3
380 469 2
381 469 3
384 469 3
385 469 3
386 469 2
387 469 1
388 469 1
389 469 2
394 469 3
396 469 2
397 469 3
399 469 3
403 469 1
405 469 3
408 469 2
410 469 1
412 469 3
416 469 2
417 469 2
420 469 3
421 469 3
436 469 1
443 469 3
446 469 2
448 469 1
450 469 3
454 469 2
456 469 1
457 469 2
458 469 1
460 469 3
462 469 2
465 469 1
466 469 2
471 469 2
474 469 2
477 469 3
480 469 2
486 469 2
487 469 2
489 469 2
502 469 1
507 469 3
508 469 2
509 469 3
518 469 2
523 469 3
524 469 2
530 469 1
531 469 2
537 469 2
544 469 1
545 469 3
546 469 2
547 469 2
548 469 2
549 469 1
552 469 3
564 469 2
566 469 2
567 469 3
568 469 2
572 469 3
577 469 1
581 469 3
585 469 2
594 469 2
596 469 1
597 469 3
599 469 2
600 469 2
606 469 2
612 469 3
613 469 3
616 469 2
621 469 3
623 469 2
626 469 3
631 469 2
634 469 3
635 469 1
637 469 3
642 469 1
644 469 1
646 469 2
647 469 1
648 469 3
649 469 2
650 469 1
654 469 2
659 469 1
660 469 2
662 469 3
663 469 2
665 469 3
677 469 3
679 469 2
682 469 3
683 469 1
685 469 1
686 469 3
689 469 3
692 469 3
700 469 1
701 469 2
703 469 3
704 469 1
706 469 2
708 469 3
709 469 1
711 469 3
712 469 1
716 469 2
720 469 1
723 469 2
726 469 3
727 469 1
728 469 2
729 469 3
730 469 3
735 469 1
736 469 1
738 469 3
739 469 1
747 469 3
748 469 3
753 469 1
754 469 3
755 469 2
758 469 3
769 469 1
771 469 2
772 469 2
774 469 1
775 469 2
776 469 1
781 469 1
783 469 2
789 469 2
795 469 1
796 469 2
797 469 3
799 469 3
802 469 3
806 469 1
810 469 2
811 469 1
814 469 2
815 469 1
817 469 3
822 469 3
823 469 1
826 469 2
830 469 1
831 469 3
833 469 2
836 469 1
838 469 3
841 469 3
845 469 1
847 469 3
858 469 2
859 469 3
867 469 2
869 469 1
871 469 3
872 469 3
880 469 2
882 469 1
888 469 1
889 469 1
893 469 3
895 469 1
896 469 3
899 469 3
905 469 3
907 469 1
908 469 1
912 469 1
913 469 1
914 469 1
918 469 2
924 469 2
927 469 2
928 469 3
932 469 2
933 469 1
935 469 1
936 469 3
937 469 1
938 469 1
946 469 3
947 469 3
952 469 3
953 469 2
955 469 2
958 469 3
966 469 1
969 469 3
970 469 3
971 469 2
978 469 3
979 469 3
983 469 1
984 469 3
989 469 2
990 469 1
991 469 2
994 469 2
997 469 1
5 470 1
9 470 1
11 470 1
14 470 2
25 470 1
27 470 3
33 470 2
36 470 2
37 470 1
38 470 2
49 470 1
50 470 2
51 470 2
55 470 3
59 470 2
62 470 3
68 470 3
69 470 2
70 470 2
75 470 2
87 470 2
96 470 2
100 470 3
105 470 2
112 470 2
115 470 2
116 470 3
120 470 1
121 470 2
122 470 3
123 470 3
129 470 3
130 470 2
132 470 2
135 470 1
137 470 2
138 470 2
140 470 2
148 470 2
155 470 2
156 470 3
158 470 1
163 470 2
164 470 3
167 470 1
168 470 1
171 470 1
172 470 1
173 470 1
178 470 3
179 470 2
182 470 3
183 470 1
185 470 2
186 470 1
192 470 1
193 470 3
194 470 3
203 470 2
208 470 2
213 470 1
215 470 1
216 470 3
222 470 3
230 470 3
238 470 3
239 470 3
244 470 2
247 470 1
248 470 1
249 470 2
252 470 2
255 470 1
257 470 2
259 470 1
260 470 1
262 470 2
266 470 3
275 470 2
278 470 3
286 470 3
288 470 2
291 470 1
294 470 1
300 470 2
302 470 1
303 470 2
305 470 3
316 470 2
319 470 3
320 470 1
323 470 3
325 470 3
326 470 2
327 470 2
329 470 1
331 470 1
333 470 2
339 470 3
340 470 1
