99 724 1
102 724 3
104 724 2
105 724 2
106 724 1
111 724 1
112 724 2
121 724 2
122 724 3
123 724 1
127 724 2
129 724 2
136 724 1
138 724 3
139 724 3
143 724 3
145 724 1
146 724 3
149 724 3
150 724 3
151 724 3
157 724 2
158 724 3
159 724 1
161 724 2
162 724 1
163 724 3
167 724 1
174 724 2
178 724 3
182 724 1
183 724 1
194 724 2
195 724 2
197 724 3
198 724 3
200 724 3
206 724 3
213 724 2
215 724 2
221 724 3
226 724 1
229 724 3
231 724 2
233 724 2
237 724 2
238 724 2
239 724 2
245 724 1
247 724 3
250 724 2
255 724 1
256 724 1
257 724 2
264 724 3
266 724 2
267 724 2
270 724 1
271 724 3
272 724 3
275 724 1
277 724 1
282 724 3
287 724 2
290 724 2
292 724 1
293 724 1
295 724 1
301 724 1
304 724 2
307 724 1
309 724 3
310 724 3
314 724 1
319 724 1
321 724 2
323 724 3
324 724 3
327 724 1
331 724 3
340 724 3
346 724 2
347 724 1
350 724 2
351 724 3
352 724 3
355 724 2
357 724 3
367 724 2
372 724 1
379 724 3
380 724 1
381 724 1
384 724 2
387 724 3
388 724 3
390 724 3
391 724 2
392 724 3
402 724 3
404 724 3
410 724 3
426 724 3
430 724 1
432 724 1
438 724 1
446 724 2
453 724 2
455 724 2
465 724 3
467 724 3
469 724 2
471 724 3
484 724 2
486 724 2
489 724 2
492 724 2
498 724 2
499 724 1
502 724 1
503 724 2
504 724 2
507 724 3
508 724 1
509 724 2
511 724 1
514 724 2
515 724 1
516 724 2
518 724 1
521 724 1
524 724 1
525 724 3
526 724 1
532 724 3
536 724 2
544 724 1
545 724 3
548 724 3
550 724 3
556 724 1
561 724 3
563 724 3
569 724 3
570 724 1
580 724 3
583 724 2
587 724 2
593 724 3
596 724 3
599 724 1
603 724 2
616 724 3
617 724 1
619 724 1
620 724 3
625 724 1
627 724 1
629 724 2
631 724 1
634 724 3
635 724 2
639 724 1
643 724 1
645 724 1
647 724 2
648 724 1
649 724 2
651 724 3
652 724 2
653 724 2
656 724 2
663 724 1
664 724 1
665 724 1
668 724 2
673 724 1
674 724 3
678 724 3
679 724 2
681 724 1
682 724 2
684 724 3
686 724 2
688 724 1
690 724 1
691 724 2
694 724 2
696 724 3
697 724 3
699 724 3
704 724 1
705 724 2
710 724 2
718 724 1
721 724 2
724 724 3
732 724 2
734 724 3
736 724 3
739 724 2
740 724 1
741 724 2
744 724 3
745 724 3
749 724 3
750 724 3
754 724 2
757 724 3
766 724 3
772 724 2
779 724 1
781 724 1
782 724 1
783 724 3
784 724 1
786 724 3
791 724 1
792 724 1
809 724 2
811 724 2
812 724 3
816 724 1
820 724 1
821 724 2
828 724 2
834 724 3
835 724 2
837 724 1
838 724 3
844 724 1
845 724 3
848 724 2
849 724 1
850 724 2
851 724 3
852 724 3
854 724 2
861 724 3
868 724 3
874 724 1
880 724 1
883 724 2
885 724 2
887 724 3
888 724 3
891 724 2
898 724 3
899 724 2
901 724 3
905 724 3
910 724 2
911 724 2
912 724 1
916 724 1
917 724 2
918 724 2
927 724 3
929 724 3
931 724 2
932 724 1
935 724 1
936 724 2
937 724 3
942 724 2
947 724 2
948 724 3
950 724 1
959 724 3
960 724 3
961 724 1
964 724 1
965 724 3
972 724 3
973 724 2
980 724 1
987 724 3
988 724 3
991 724 3
993 724 2
997 724 3
5 725 2
6 725 3
9 725 2
11 725 2
13 725 3
18 725 2
21 725 1
22 725 1
24 725 2
25 725 2
26 725 1
27 725 2
31 725 1
32 725 1
34 725 1
40 725 3
44 725 1
53 725 1
54 725 1
55 725 2
56 725 2
60 725 1
65 725 3
67 725 1
70 725 2
74 725 1
76 725 2
85 725 3
90 725 2
92 725 3
93 725 1
95 725 1
99 725 1
103 725 1
104 725 3
114 725 3
115 725 1
119 725 1
120 725 3
123 725 3
126 725 3
128 725 3
129 725 3
131 725 3
132 725 3
141 725 2
142 725 3
143 725 2
146 725 3
150 725 1
154 725 2
161 725 3
162 725 1
163 725 3
164 725 1
167 725 1
168 725 2
171 725 2
172 725 1
175 725 3
177 725 2
178 725 3
180 725 2
183 725 2
185 725 3
186 725 2
191 725 3
194 725 2
198 725 3
199 725 2
200 725 1
205 725 3
208 725 2
211 725 2
214 725 1
215 725 3
216 725 2
217 725 2
218 725 1
225 725 3
228 725 2
231 725 1
234 725 2
242 725 3
245 725 1
253 725 2
254 725 3
261 725 3
265 725 1
274 725 3
275 725 3
280 725 3
281 725 3
289 725 3
303 725 3
305 725 2
309 725 1
312 725 3
316 725 1
320 725 2
323 725 1
324 725 3
326 725 1
328 725 3
330 725 1
331 725 3
333 725 3
334 725 2
335 725 2
336 725 2
340 725 3
347 725 3
348 725 1
350 725 2
358 725 2
362 725 1
366 725 2
367 725 3
369 725 2
370 725 3
373 725 1
375 725 3
376 725 1
383 725 3
388 725 1
390 725 2
396 725 3
400 725 2
405 725 3
406 725 2
407 725 1
408 725 1
410 725 3
412 725 3
415 725 3
417 725 1
419 725 3
423 725 2
425 725 1
426 725 2
427 725 1
429 725 1
430 725 3
436 725 2
442 725 3
448 725 2
449 725 2
451 725 1
453 725 3
454 725 2
464 725 2
466 725 3
467 725 2
469 725 3
471 725 1
472 725 1
474 725 1
477 725 1
478 725 2
483 725 3
486 725 2
491 725 3
492 725 1
500 725 2
505 725 3
506 725 3
511 725 1
514 725 1
530 725 2
539 725 2
542 725 1
544 725 2
545 725 1
547 725 2
548 725 3
560 725 3
568 725 2
570 725 3
575 725 2
576 725 2
579 725 3
593 725 3
599 725 1
604 725 3
606 725 3
607 725 3
609 725 3
612 725 1
613 725 1
614 725 3
616 725 3
617 725 2
618 725 3
621 725 2
630 725 1
631 725 2
635 725 3
641 725 1
646 725 1
649 725 1
651 725 1
658 725 1
659 725 3
660 725 1
661 725 3
662 725 2
663 725 1
667 725 2
668 725 2
672 725 3
675 725 3
676 725 2
685 725 2
687 725 3
688 725 1
690 725 1
692 725 1
697 725 2
708 725 1
710 725 2
713 725 2
718 725 1
724 725 2
729 725 1
733 725 2
734 725 2
737 725 3
739 725 1
741 725 3
745 725 1
746 725 3
747 725 3
749 725 3
752 725 3
753 725 2
754 725 3
756 725 3
762 725 2
763 725 2
769 725 3
770 725 1
772 725 3
774 725 3
777 725 3
779 725 3
781 725 3
782 725 1
783 725 2
784 725 1
786 725 2
787 725 1
788 725 3
792 725 1
794 725 1
795 725 3
799 725 2
800 725 2
808 725 3
811 725 2
813 725 2
817 725 2
823 725 1
828 725 2
829 725 3
833 725 2
842 725 3
847 725 2
848 725 2
851 725 2
853 725 1
854 725 2
857 725 3
860 725 1
861 725 2
862 725 3
863 725 1
864 725 1
867 725 1
868 725 1
872 725 3
875 725 1
877 725 3
879 725 2
880 725 3
881 725 3
885 725 2
886 725 2
888 725 3
894 725 1
895 725 2
897 725 2
900 725 1
903 725 2
904 725 1
906 725 3
907 725 3
910 725 3
919 725 3
920 725 3
921 725 2
924 725 1
928 725 2
929 725 1
930 725 3
931 725 2
935 725 3
936 725 2
938 725 3
939 725 2
940 725 1
945 725 1
946 725 2
950 725 1
951 725 1
954 725 2
955 725 2
960 725 1
965 725 3
967 725 3
968 725 2
978 725 1
979 725 2
983 725 2
984 725 3
985 725 3
989 725 2
991 725 3
992 725 3
994 725 1
995 725 3
0 726 3
1 726 2
15 726 3
17 726 1
24 726 3
25 726 1
26 726 2
27 726 1
28 726 3
30 726 3
33 726 1
35 726 1
36 726 3
38 726 3
40 726 3
41 726 1
42 726 1
43 726 2
44 726 1
45 726 1
46 726 3
48 726 1
49 726 3
54 726 1
55 726 2
56 726 2
57 726 2
62 726 1
64 726 1
67 726 2
68 726 3
69 726 2
73 726 1
75 726 3
80 726 1
81 726 2
83 726 2
86 726 3
87 726 2
88 726 2
89 726 2
90 726 1
93 726 2
96 726 3
99 726 3
102 726 2
105 726 1
108 726 2
111 726 3
114 726 1
115 726 3
117 726 1
118 726 3
120 726 1
122 726 3
