401 502 2
403 502 2
405 502 3
409 502 2
410 502 3
415 502 3
416 502 2
417 502 3
418 502 1
419 502 1
423 502 3
425 502 2
432 502 3
435 502 3
437 502 2
439 502 1
444 502 2
451 502 1
452 502 1
453 502 1
454 502 2
456 502 2
457 502 2
460 502 2
462 502 2
463 502 1
464 502 2
468 502 1
469 502 2
470 502 1
471 502 2
475 502 1
478 502 3
480 502 2
484 502 1
485 502 3
486 502 2
489 502 1
492 502 3
494 502 2
496 502 2
502 502 3
503 502 3
505 502 2
507 502 3
517 502 3
520 502 2
523 502 3
530 502 1
531 502 1
543 502 2
544 502 1
546 502 3
547 502 1
548 502 1
554 502 2
555 502 3
556 502 3
557 502 1
564 502 3
567 502 3
573 502 1
574 502 2
575 502 1
576 502 2
578 502 1
582 502 3
584 502 1
587 502 1
588 502 1
591 502 2
595 502 1
605 502 1
609 502 1
611 502 1
615 502 1
616 502 1
618 502 3
620 502 2
624 502 3
629 502 3
632 502 2
633 502 3
637 502 3
642 502 1
643 502 3
644 502 3
646 502 2
651 502 1
656 502 3
659 502 1
661 502 2
665 502 2
666 502 2
670 502 1
672 502 1
673 502 1
674 502 1
675 502 3
677 502 2
679 502 2
680 502 2
681 502 1
683 502 2
685 502 1
686 502 2
687 502 3
691 502 2
692 502 2
695 502 1
699 502 1
703 502 1
710 502 1
715 502 2
716 502 2
718 502 1
719 502 1
721 502 1
722 502 2
724 502 1
726 502 2
731 502 2
732 502 2
740 502 2
747 502 3
748 502 2
755 502 1
761 502 3
763 502 2
765 502 3
767 502 2
768 502 3
770 502 3
773 502 2
776 502 2
777 502 2
781 502 3
784 502 1
786 502 2
787 502 1
788 502 2
795 502 3
802 502 3
805 502 3
806 502 3
810 502 2
815 502 1
818 502 2
821 502 2
825 502 2
830 502 3
837 502 1
840 502 2
842 502 1
844 502 1
850 502 1
853 502 1
856 502 2
857 502 2
859 502 1
861 502 1
862 502 1
868 502 3
870 502 1
871 502 3
876 502 3
878 502 1
883 502 1
890 502 2
891 502 3
892 502 3
893 502 1
896 502 1
899 502 1
900 502 3
905 502 3
909 502 2
915 502 2
916 502 1
919 502 1
922 502 1
925 502 1
928 502 2
929 502 1
932 502 3
935 502 2
936 502 2
939 502 2
943 502 3
944 502 1
945 502 1
947 502 2
948 502 1
949 502 1
956 502 3
957 502 2
961 502 1
967 502 2
970 502 3
974 502 2
978 502 3
980 502 1
987 502 2
989 502 1
995 502 2
7 503 2
11 503 1
17 503 1
19 503 1
20 503 1
24 503 2
25 503 2
26 503 3
29 503 3
32 503 2
33 503 1
49 503 1
50 503 1
52 503 1
55 503 1
56 503 3
61 503 1
63 503 1
64 503 2
66 503 1
67 503 3
73 503 1
76 503 3
77 503 1
83 503 1
86 503 3
87 503 1
91 503 3
97 503 2
104 503 1
106 503 3
111 503 1
120 503 3
129 503 2
131 503 2
135 503 3
138 503 2
148 503 3
149 503 3
151 503 1
153 503 3
157 503 3
159 503 2
161 503 3
163 503 1
164 503 1
165 503 3
168 503 3
169 503 1
173 503 1
174 503 2
175 503 2
177 503 3
179 503 3
185 503 1
187 503 3
192 503 2
193 503 2
195 503 3
198 503 3
201 503 3
202 503 3
209 503 1
213 503 3
214 503 3
226 503 2
231 503 3
234 503 2
238 503 3
245 503 2
247 503 1
250 503 3
253 503 3
255 503 1
257 503 2
264 503 3
265 503 1
270 503 1
272 503 2
276 503 3
277 503 1
283 503 1
285 503 3
287 503 3
288 503 3
289 503 3
292 503 3
296 503 3
297 503 2
298 503 1
299 503 2
300 503 2
301 503 2
302 503 1
308 503 3
311 503 1
313 503 3
314 503 3
315 503 1
326 503 1
328 503 3
330 503 2
333 503 1
335 503 2
336 503 2
337 503 2
339 503 1
345 503 3
346 503 1
348 503 1
349 503 2
354 503 2
360 503 1
363 503 1
366 503 1
371 503 2
373 503 1
376 503 3
377 503 1
378 503 2
379 503 3
380 503 3
382 503 1
385 503 2
386 503 3
388 503 1
389 503 3
390 503 3
392 503 3
393 503 3
396 503 1
397 503 3
403 503 3
413 503 3
414 503 1
415 503 1
426 503 1
429 503 3
433 503 1
434 503 1
438 503 3
445 503 1
447 503 2
452 503 2
459 503 3
460 503 3
467 503 3
468 503 1
469 503 2
472 503 2
473 503 1
475 503 3
477 503 1
488 503 2
496 503 2
499 503 2
501 503 2
503 503 1
504 503 2
509 503 3
510 503 2
512 503 3
525 503 1
526 503 1
527 503 1
529 503 2
531 503 2
533 503 1
535 503 1
536 503 3
537 503 2
539 503 3
540 503 2
543 503 1
549 503 2
561 503 1
565 503 2
567 503 3
570 503 1
572 503 2
580 503 3
582 503 1
583 503 3
587 503 3
588 503 3
589 503 1
590 503 1
591 503 3
592 503 2
593 503 2
596 503 3
597 503 1
600 503 2
601 503 3
607 503 1
610 503 1
611 503 2
614 503 2
628 503 2
637 503 2
638 503 2
640 503 2
641 503 2
647 503 3
655 503 3
663 503 1
671 503 2
677 503 1
682 503 2
683 503 2
684 503 2
686 503 2
696 503 1
697 503 2
704 503 1
705 503 3
708 503 3
709 503 1
710 503 1
714 503 1
715 503 1
717 503 3
718 503 2
719 503 3
720 503 1
722 503 3
724 503 1
725 503 2
726 503 1
727 503 1
731 503 2
735 503 3
737 503 1
739 503 3
741 503 2
742 503 3
744 503 2
745 503 2
748 503 1
750 503 2
752 503 1
754 503 1
761 503 3
763 503 3
764 503 2
766 503 3
769 503 1
770 503 2
775 503 2
779 503 1
780 503 3
781 503 3
782 503 3
786 503 3
788 503 2
791 503 3
795 503 1
796 503 3
798 503 2
799 503 3
800 503 2
810 503 1
812 503 1
815 503 1
817 503 1
818 503 3
819 503 2
824 503 1
825 503 2
827 503 3
828 503 3
831 503 3
832 503 3
834 503 2
837 503 2
838 503 3
841 503 1
845 503 1
846 503 3
847 503 1
851 503 3
854 503 2
858 503 1
859 503 3
860 503 3
863 503 3
864 503 2
868 503 3
873 503 3
874 503 1
876 503 1
879 503 3
883 503 1
885 503 3
888 503 1
889 503 3
890 503 1
891 503 1
893 503 3
894 503 3
895 503 3
902 503 1
903 503 1
906 503 2
907 503 1
908 503 1
915 503 2
917 503 3
919 503 2
921 503 2
924 503 1
925 503 2
932 503 3
934 503 2
936 503 3
938 503 3
941 503 2
948 503 3
949 503 1
951 503 2
953 503 2
956 503 3
957 503 3
977 503 3
979 503 1
981 503 1
986 503 3
988 503 3
990 503 1
991 503 1
992 503 2
993 503 1
994 503 3
998 503 2
999 503 3
0 504 3
2 504 2
3 504 2
4 504 1
8 504 3
11 504 3
16 504 2
18 504 2
21 504 2
22 504 2
23 504 1
27 504 2
29 504 1
30 504 3
32 504 3
34 504 3
40 504 1
42 504 3
48 504 1
51 504 3
52 504 2
53 504 2
55 504 2
56 504 3
57 504 2
58 504 1
69 504 1
72 504 2
73 504 2
77 504 3
86 504 3
87 504 1
90 504 1
92 504 3
94 504 2
95 504 2
96 504 2
99 504 3
101 504 1
104 504 3
106 504 3
107 504 1
110 504 1
116 504 1
118 504 2
120 504 1
121 504 1
122 504 2
123 504 2
124 504 1
125 504 3
127 504 3
128 504 1
129 504 2
130 504 1
134 504 2
137 504 2
143 504 3
146 504 3
151 504 1
153 504 2
155 504 1
156 504 3
164 504 1
165 504 2
170 504 3
171 504 3
175 504 2
180 504 2
181 504 2
185 504 3
186 504 2
192 504 3
194 504 2
199 504 1
203 504 3
205 504 2
206 504 3
209 504 3
210 504 2
213 504 1
215 504 1
216 504 2
220 504 3
222 504 2
223 504 2
224 504 2
225 504 3
235 504 1
236 504 2
238 504 1
240 504 3
241 504 2
244 504 1
245 504 1
246 504 3
247 504 2
250 504 1
255 504 1
261 504 3
263 504 2
272 504 1
273 504 1
274 504 1
278 504 3
282 504 2
286 504 2
289 504 3
291 504 2
292 504 1
298 504 2
303 504 1
305 504 3
306 504 1
308 504 3
310 504 2
313 504 2
316 504 2
317 504 2
320 504 3
323 504 3
329 504 2
330 504 2
334 504 2
335 504 2
337 504 3
