374 644 2
376 644 1
377 644 2
380 644 1
381 644 3
389 644 3
390 644 1
391 644 1
394 644 2
395 644 2
396 644 3
397 644 2
398 644 3
400 644 2
402 644 2
407 644 2
408 644 1
409 644 2
411 644 3
416 644 2
422 644 1
423 644 1
427 644 3
428 644 1
429 644 3
430 644 2
431 644 2
443 644 2
444 644 3
447 644 3
448 644 3
449 644 3
450 644 1
452 644 2
455 644 1
456 644 1
457 644 3
458 644 2
459 644 1
463 644 1
464 644 1
466 644 3
469 644 2
471 644 1
477 644 1
478 644 2
479 644 3
481 644 1
482 644 2
484 644 2
486 644 1
488 644 1
491 644 3
495 644 2
496 644 3
499 644 1
502 644 1
503 644 3
506 644 2
512 644 1
515 644 1
516 644 2
520 644 2
521 644 3
522 644 3
523 644 3
524 644 1
529 644 3
530 644 1
536 644 3
538 644 3
542 644 3
543 644 2
546 644 3
549 644 2
552 644 1
557 644 2
558 644 1
561 644 2
563 644 1
565 644 2
567 644 1
569 644 3
571 644 3
576 644 2
579 644 3
580 644 3
596 644 2
597 644 2
599 644 2
603 644 2
604 644 3
605 644 2
606 644 2
607 644 3
615 644 2
618 644 1
619 644 3
621 644 1
622 644 3
626 644 2
627 644 3
629 644 2
630 644 3
631 644 1
632 644 2
635 644 3
637 644 1
640 644 1
643 644 3
647 644 2
653 644 2
659 644 1
660 644 1
668 644 1
670 644 1
678 644 2
680 644 3
682 644 2
690 644 2
694 644 2
699 644 2
702 644 2
704 644 1
705 644 1
706 644 3
708 644 3
709 644 3
713 644 3
717 644 1
725 644 3
727 644 3
729 644 3
731 644 1
738 644 2
740 644 3
742 644 3
756 644 1
758 644 1
762 644 3
764 644 2
766 644 1
773 644 2
782 644 1
786 644 3
789 644 3
791 644 2
792 644 3
796 644 3
799 644 3
803 644 2
806 644 3
810 644 2
812 644 1
813 644 1
816 644 1
819 644 3
820 644 3
822 644 1
823 644 2
826 644 3
830 644 1
834 644 1
838 644 3
841 644 1
843 644 1
851 644 2
852 644 2
858 644 1
859 644 2
863 644 1
869 644 1
870 644 1
871 644 3
876 644 2
879 644 1
881 644 1
884 644 1
889 644 2
893 644 1
894 644 2
900 644 1
902 644 2
912 644 3
923 644 1
925 644 2
926 644 3
928 644 1
936 644 3
939 644 3
941 644 2
942 644 2
948 644 3
952 644 3
957 644 3
960 644 1
964 644 3
965 644 2
969 644 1
973 644 1
975 644 3
976 644 1
982 644 2
985 644 1
986 644 1
991 644 2
992 644 1
994 644 1
996 644 1
998 644 3
0 645 1
4 645 2
7 645 2
14 645 3
18 645 3
22 645 3
26 645 2
27 645 2
31 645 1
32 645 2
37 645 2
41 645 2
47 645 3
48 645 3
52 645 1
54 645 1
55 645 1
58 645 3
68 645 3
70 645 3
71 645 2
73 645 1
74 645 3
75 645 3
77 645 1
78 645 3
80 645 3
83 645 1
85 645 1
86 645 1
87 645 2
89 645 1
91 645 1
93 645 3
94 645 1
96 645 2
97 645 2
104 645 3
107 645 2
112 645 2
114 645 3
128 645 2
132 645 1
137 645 3
147 645 2
149 645 2
160 645 2
161 645 2
162 645 2
165 645 2
170 645 2
173 645 2
174 645 1
177 645 3
178 645 2
181 645 2
182 645 3
183 645 3
184 645 1
186 645 3
188 645 1
189 645 3
191 645 3
192 645 1
199 645 3
200 645 3
208 645 1
210 645 1
221 645 3
226 645 1
232 645 3
233 645 1
234 645 2
235 645 3
236 645 1
237 645 1
241 645 1
243 645 1
245 645 2
246 645 3
252 645 2
261 645 2
264 645 3
266 645 1
268 645 1
278 645 3
279 645 1
287 645 3
291 645 1
293 645 1
294 645 1
297 645 1
301 645 3
304 645 1
306 645 2
309 645 1
311 645 2
319 645 1
326 645 2
330 645 3
336 645 2
337 645 3
341 645 3
345 645 1
347 645 2
349 645 2
351 645 2
359 645 1
363 645 2
364 645 3
366 645 2
367 645 3
368 645 3
373 645 3
378 645 2
382 645 3
385 645 2
386 645 1
396 645 1
398 645 2
400 645 1
402 645 1
403 645 3
404 645 2
405 645 1
406 645 1
407 645 1
410 645 2
416 645 2
417 645 3
418 645 1
419 645 2
420 645 3
428 645 2
434 645 3
443 645 3
445 645 1
447 645 3
452 645 1
453 645 1
455 645 1
471 645 3
475 645 3
477 645 1
479 645 1
482 645 2
485 645 3
495 645 2
497 645 1
498 645 1
501 645 3
502 645 2
504 645 2
513 645 3
519 645 2
523 645 1
524 645 2
528 645 2
532 645 2
533 645 2
537 645 2
546 645 3
547 645 3
553 645 2
556 645 1
558 645 1
560 645 2
569 645 1
571 645 3
572 645 1
573 645 1
578 645 3
582 645 3
585 645 2
586 645 2
588 645 1
589 645 2
599 645 2
601 645 1
604 645 2
605 645 3
609 645 3
610 645 1
618 645 1
624 645 3
625 645 3
628 645 2
629 645 2
634 645 2
639 645 3
640 645 3
642 645 1
643 645 3
644 645 3
654 645 1
655 645 2
657 645 3
660 645 2
667 645 3
670 645 3
674 645 3
675 645 2
680 645 1
684 645 2
685 645 2
688 645 3
691 645 1
692 645 3
693 645 3
696 645 3
699 645 1
706 645 1
708 645 3
712 645 1
713 645 3
722 645 3
723 645 2
724 645 1
726 645 2
732 645 2
736 645 3
737 645 2
738 645 3
741 645 1
743 645 3
745 645 1
747 645 2
748 645 1
749 645 2
758 645 2
761 645 3
765 645 3
772 645 1
785 645 1
787 645 2
788 645 1
791 645 2
792 645 2
793 645 3
796 645 1
798 645 1
799 645 2
803 645 3
804 645 3
808 645 2
811 645 2
813 645 3
815 645 3
821 645 3
823 645 1
824 645 2
830 645 3
831 645 2
834 645 2
836 645 3
838 645 1
840 645 1
841 645 3
842 645 1
844 645 2
845 645 1
847 645 2
852 645 1
854 645 3
860 645 2
863 645 3
865 645 2
866 645 1
867 645 2
869 645 1
872 645 3
875 645 1
876 645 1
878 645 2
882 645 3
887 645 3
895 645 1
898 645 3
902 645 2
907 645 1
914 645 1
919 645 3
924 645 3
925 645 3
928 645 3
929 645 1
930 645 2
931 645 3
938 645 2
939 645 3
941 645 1
946 645 3
948 645 1
950 645 1
951 645 1
958 645 2
966 645 2
968 645 1
971 645 2
974 645 1
985 645 3
986 645 3
987 645 1
989 645 1
992 645 2
993 645 3
997 645 1
999 645 1
2 646 2
13 646 2
17 646 1
20 646 3
21 646 2
22 646 1
25 646 1
29 646 3
31 646 1
32 646 2
33 646 2
38 646 1
43 646 1
45 646 1
49 646 2
50 646 1
51 646 2
52 646 3
54 646 3
55 646 1
60 646 1
61 646 1
62 646 1
63 646 2
64 646 2
65 646 1
76 646 3
82 646 3
85 646 3
87 646 3
89 646 1
90 646 3
94 646 3
97 646 2
99 646 2
103 646 1
108 646 3
112 646 2
115 646 3
116 646 1
118 646 1
119 646 2
125 646 2
133 646 3
134 646 3
135 646 2
136 646 1
138 646 3
139 646 1
141 646 1
144 646 2
145 646 2
147 646 2
150 646 3
151 646 1
154 646 1
155 646 2
161 646 3
162 646 2
167 646 1
168 646 3
173 646 3
174 646 3
185 646 2
187 646 1
193 646 2
195 646 2
197 646 2
204 646 3
205 646 1
211 646 1
212 646 1
213 646 1
216 646 2
217 646 2
219 646 2
225 646 1
226 646 2
233 646 2
236 646 1
238 646 3
242 646 1
244 646 1
245 646 3
248 646 3
254 646 3
256 646 3
257 646 1
259 646 1
280 646 3
282 646 1
284 646 3
286 646 3
289 646 3
290 646 2
292 646 1
295 646 1
297 646 1
304 646 3
305 646 2
308 646 1
311 646 1
312 646 3
316 646 1
317 646 1
322 646 1
328 646 3
336 646 1
337 646 3
339 646 2
340 646 3
348 646 1
354 646 2
355 646 2
356 646 2
359 646 1
362 646 2
363 646 1
366 646 1
367 646 1
369 646 3
375 646 1
378 646 3
379 646 2
381 646 2
382 646 2
386 646 1
387 646 3
388 646 1
391 646 3
392 646 3
393 646 1
395 646 1
396 646 2
397 646 2
398 646 1
401 646 1
402 646 3
407 646 2
412 646 2
414 646 3
424 646 3
425 646 3
426 646 2
428 646 3
430 646 3
431 646 1
441 646 2
