45 6 2
47 6 2
49 6 1
50 6 3
52 6 1
55 6 3
56 6 2
58 6 2
59 6 3
63 6 2
65 6 3
66 6 3
72 6 2
75 6 1
78 6 3
79 6 3
82 6 2
89 6 1
90 6 3
98 6 1
99 6 3
100 6 2
101 6 3
105 6 2
111 6 1
112 6 3
113 6 1
117 6 2
118 6 1
120 6 1
121 6 2
125 6 3
128 6 1
129 6 3
132 6 3
133 6 1
136 6 3
137 6 1
138 6 1
145 6 2
146 6 2
153 6 1
157 6 3
158 6 2
161 6 3
163 6 1
164 6 2
165 6 2
166 6 2
167 6 3
170 6 1
173 6 1
174 6 3
180 6 1
181 6 3
183 6 1
192 6 2
193 6 1
200 6 3
203 6 2
205 6 2
208 6 1
209 6 3
221 6 2
222 6 3
225 6 1
227 6 2
228 6 2
229 6 1
231 6 1
234 6 1
235 6 1
236 6 1
239 6 1
243 6 3
251 6 1
252 6 2
254 6 3
255 6 3
258 6 1
268 6 2
269 6 3
270 6 2
271 6 1
277 6 1
278 6 1
279 6 1
280 6 1
292 6 1
295 6 3
298 6 3
299 6 3
302 6 3
306 6 2
310 6 1
313 6 2
316 6 1
317 6 1
318 6 2
323 6 3
325 6 1
329 6 1
332 6 1
338 6 1
342 6 2
344 6 3
353 6 2
359 6 3
362 6 3
367 6 2
369 6 2
371 6 2
376 6 1
380 6 1
381 6 2
390 6 1
393 6 3
396 6 3
397 6 3
399 6 3
400 6 3
403 6 2
410 6 3
414 6 2
417 6 3
418 6 3
429 6 2
431 6 1
432 6 3
433 6 2
434 6 1
435 6 2
445 6 1
447 6 2
452 6 3
453 6 2
458 6 1
459 6 2
462 6 3
464 6 1
466 6 2
467 6 1
472 6 2
474 6 1
475 6 3
477 6 3
482 6 1
489 6 1
493 6 1
498 6 2
500 6 2
502 6 2
503 6 2
504 6 3
506 6 3
509 6 3
511 6 1
514 6 1
515 6 1
516 6 3
517 6 2
521 6 2
524 6 2
525 6 1
527 6 2
530 6 1
532 6 1
537 6 3
540 6 2
541 6 2
542 6 1
545 6 2
548 6 3
552 6 2
558 6 1
564 6 3
566 6 3
581 6 1
585 6 3
586 6 1
589 6 1
593 6 3
594 6 2
597 6 3
598 6 2
600 6 1
604 6 1
605 6 2
607 6 2
608 6 1
611 6 3
612 6 1
615 6 2
618 6 3
619 6 3
620 6 3
622 6 3
628 6 1
629 6 3
631 6 3
638 6 2
640 6 2
641 6 2
644 6 1
646 6 3
648 6 1
649 6 3
654 6 2
657 6 2
659 6 1
664 6 1
665 6 2
668 6 3
669 6 1
674 6 3
680 6 3
682 6 1
685 6 2
688 6 2
690 6 2
691 6 3
693 6 2
694 6 2
696 6 1
701 6 1
702 6 1
703 6 2
705 6 1
706 6 2
712 6 3
713 6 3
718 6 2
719 6 1
721 6 2
722 6 3
723 6 2
724 6 1
726 6 3
730 6 1
732 6 2
742 6 1
747 6 3
751 6 3
753 6 3
755 6 1
756 6 1
758 6 1
761 6 2
764 6 1
766 6 2
770 6 2
771 6 1
772 6 2
774 6 3
776 6 1
777 6 3
778 6 3
780 6 2
782 6 2
786 6 1
787 6 1
790 6 1
791 6 3
797 6 1
798 6 3
800 6 2
802 6 1
804 6 1
805 6 3
806 6 3
809 6 3
812 6 1
814 6 1
818 6 2
822 6 1
824 6 1
829 6 1
832 6 3
842 6 1
843 6 2
846 6 1
849 6 1
851 6 1
854 6 2
855 6 1
856 6 2
860 6 2
862 6 1
863 6 2
864 6 1
873 6 2
875 6 1
881 6 1
882 6 3
883 6 3
886 6 1
888 6 2
889 6 1
899 6 1
900 6 3
901 6 3
902 6 3
908 6 3
909 6 3
916 6 1
922 6 3
929 6 1
930 6 1
931 6 2
937 6 2
943 6 3
944 6 3
946 6 1
952 6 1
957 6 2
958 6 1
964 6 2
965 6 1
967 6 2
971 6 3
974 6 2
976 6 3
979 6 3
980 6 2
983 6 1
986 6 2
987 6 3
989 6 2
990 6 3
994 6 1
996 6 1
997 6 3
999 6 2
1 7 1
3 7 3
5 7 1
10 7 3
16 7 1
17 7 3
24 7 2
25 7 2
26 7 2
39 7 1
40 7 2
43 7 2
45 7 2
50 7 1
51 7 1
54 7 1
58 7 3
60 7 2
61 7 2
62 7 2
63 7 3
65 7 3
66 7 2
67 7 3
68 7 3
71 7 2
73 7 3
75 7 1
77 7 1
78 7 2
80 7 3
83 7 1
88 7 1
90 7 2
92 7 3
95 7 1
97 7 2
98 7 1
100 7 3
102 7 3
103 7 2
106 7 2
107 7 2
108 7 2
110 7 1
111 7 3
115 7 3
119 7 1
123 7 1
128 7 2
130 7 1
131 7 2
134 7 2
135 7 3
136 7 2
137 7 3
139 7 3
140 7 1
142 7 2
152 7 1
158 7 3
166 7 3
170 7 2
175 7 3
178 7 1
182 7 1
183 7 1
186 7 3
191 7 2
193 7 3
195 7 2
196 7 1
198 7 2
199 7 3
213 7 3
215 7 1
218 7 2
224 7 3
227 7 1
236 7 3
237 7 1
239 7 3
243 7 1
245 7 1
246 7 3
250 7 2
252 7 1
256 7 1
259 7 1
262 7 1
264 7 3
265 7 2
267 7 3
272 7 2
277 7 2
280 7 3
282 7 1
284 7 2
287 7 3
290 7 1
291 7 1
306 7 3
307 7 3
308 7 2
310 7 2
313 7 1
315 7 1
317 7 2
318 7 1
320 7 3
322 7 2
324 7 1
325 7 3
330 7 3
331 7 3
333 7 3
336 7 3
339 7 3
342 7 2
347 7 3
350 7 2
355 7 1
363 7 2
365 7 3
370 7 2
371 7 1
372 7 2
373 7 3
374 7 1
375 7 1
377 7 3
387 7 3
391 7 2
395 7 3
396 7 3
403 7 1
407 7 2
409 7 1
413 7 3
419 7 3
420 7 1
422 7 2
423 7 2
424 7 1
425 7 1
427 7 1
431 7 3
434 7 1
437 7 3
438 7 3
439 7 2
440 7 1
449 7 2
450 7 3
453 7 2
461 7 3
462 7 1
466 7 1
467 7 3
468 7 1
469 7 1
473 7 2
476 7 1
477 7 3
479 7 2
481 7 1
484 7 2
486 7 1
490 7 2
492 7 3
497 7 1
498 7 2
499 7 3
501 7 1
507 7 2
510 7 3
522 7 1
523 7 2
525 7 3
527 7 2
538 7 3
540 7 3
542 7 1
546 7 1
547 7 3
558 7 3
562 7 1
564 7 1
571 7 1
572 7 2
580 7 2
582 7 3
583 7 3
595 7 2
596 7 3
603 7 1
608 7 1
611 7 2
612 7 3
615 7 3
616 7 2
617 7 2
618 7 3
620 7 3
621 7 1
623 7 2
627 7 3
630 7 2
631 7 2
634 7 3
636 7 2
637 7 1
638 7 2
644 7 3
645 7 3
646 7 2
647 7 1
651 7 2
654 7 3
662 7 1
663 7 2
676 7 1
677 7 1
680 7 1
682 7 1
695 7 1
702 7 2
703 7 2
706 7 1
707 7 3
708 7 3
710 7 3
711 7 1
712 7 1
713 7 1
714 7 2
718 7 2
727 7 3
730 7 2
733 7 3
735 7 2
742 7 1
752 7 2
754 7 1
765 7 1
768 7 2
769 7 2
770 7 2
771 7 1
772 7 2
775 7 2
776 7 2
780 7 1
781 7 2
785 7 2
786 7 3
789 7 1
791 7 2
792 7 3
796 7 3
799 7 2
806 7 2
813 7 2
816 7 3
818 7 2
819 7 3
822 7 2
824 7 3
828 7 2
829 7 1
833 7 2
836 7 2
838 7 3
839 7 2
842 7 3
844 7 3
845 7 3
847 7 2
853 7 2
860 7 3
870 7 1
872 7 1
876 7 2
877 7 2
884 7 2
885 7 3
886 7 3
890 7 2
892 7 2
893 7 2
895 7 2
897 7 1
901 7 1
904 7 2
905 7 3
906 7 1
908 7 2
910 7 1
914 7 2
917 7 3
918 7 2
925 7 1
926 7 2
927 7 3
931 7 3
932 7 1
934 7 1
940 7 3
945 7 3
946 7 2
947 7 1
954 7 2
956 7 2
957 7 2
958 7 1
961 7 1
962 7 2
968 7 1
972 7 2
974 7 2
976 7 1
981 7 3
984 7 1
989 7 3
993 7 3
995 7 1
997 7 3
2 8 3
5 8 1
7 8 3
8 8 3
10 8 1
11 8 1
