591 572 3
595 572 1
602 572 1
604 572 1
606 572 2
607 572 1
609 572 1
611 572 2
615 572 2
616 572 2
617 572 1
622 572 2
624 572 2
626 572 3
629 572 3
631 572 3
632 572 2
633 572 3
636 572 1
638 572 1
662 572 2
663 572 1
664 572 1
667 572 1
670 572 3
675 572 1
678 572 1
680 572 1
682 572 1
688 572 3
691 572 2
694 572 1
696 572 2
697 572 3
698 572 2
699 572 2
700 572 3
701 572 1
706 572 2
707 572 1
708 572 1
709 572 3
711 572 2
721 572 3
723 572 3
724 572 3
725 572 2
726 572 2
728 572 3
730 572 2
734 572 3
735 572 1
736 572 2
737 572 1
739 572 2
746 572 3
749 572 3
752 572 2
753 572 2
754 572 1
760 572 3
764 572 3
770 572 2
771 572 1
774 572 2
775 572 2
780 572 1
781 572 3
788 572 2
789 572 2
790 572 3
793 572 2
795 572 3
798 572 3
801 572 3
808 572 3
815 572 1
818 572 3
825 572 1
830 572 2
832 572 1
835 572 3
838 572 2
843 572 3
847 572 2
849 572 2
850 572 2
851 572 2
857 572 1
859 572 3
863 572 2
872 572 1
878 572 3
879 572 1
881 572 2
888 572 1
889 572 3
890 572 1
893 572 2
898 572 2
899 572 2
900 572 3
903 572 1
905 572 1
907 572 3
908 572 1
915 572 2
916 572 3
919 572 2
920 572 2
921 572 3
922 572 3
924 572 2
926 572 1
927 572 1
929 572 2
931 572 2
933 572 2
936 572 3
940 572 2
945 572 1
948 572 1
950 572 2
954 572 1
955 572 3
957 572 3
963 572 1
965 572 3
966 572 1
967 572 1
969 572 1
970 572 2
974 572 1
977 572 1
978 572 1
980 572 3
983 572 2
984 572 3
988 572 1
992 572 2
993 572 3
994 572 1
1 573 2
2 573 1
7 573 1
8 573 3
14 573 2
24 573 1
26 573 1
29 573 2
33 573 2
35 573 3
39 573 1
40 573 1
43 573 1
45 573 1
49 573 1
51 573 3
54 573 3
58 573 1
60 573 3
62 573 3
64 573 3
67 573 2
69 573 1
74 573 3
76 573 2
79 573 3
80 573 2
81 573 1
82 573 2
83 573 3
88 573 1
90 573 3
91 573 1
92 573 2
95 573 2
98 573 1
99 573 3
100 573 2
104 573 3
105 573 2
106 573 1
109 573 2
113 573 3
114 573 3
118 573 3
119 573 2
120 573 1
126 573 1
129 573 2
135 573 3
136 573 2
137 573 2
139 573 2
140 573 3
143 573 1
145 573 1
146 573 3
147 573 1
151 573 2
155 573 1
157 573 3
163 573 2
167 573 2
168 573 2
173 573 1
174 573 3
176 573 1
180 573 1
181 573 1
187 573 3
189 573 2
190 573 3
192 573 3
195 573 3
197 573 1
206 573 2
220 573 3
225 573 2
230 573 1
232 573 1
233 573 2
237 573 1
239 573 2
242 573 2
243 573 1
248 573 1
252 573 1
255 573 1
256 573 1
259 573 2
265 573 3
267 573 2
268 573 2
269 573 2
271 573 1
272 573 3
274 573 3
277 573 1
278 573 2
280 573 1
287 573 3
288 573 2
289 573 3
293 573 1
294 573 2
295 573 2
297 573 3
298 573 1
308 573 1
314 573 1
316 573 1
327 573 2
329 573 3
330 573 1
331 573 1
333 573 3
340 573 1
344 573 1
348 573 3
353 573 1
357 573 2
361 573 1
370 573 3
371 573 2
373 573 2
377 573 2
380 573 3
385 573 3
386 573 2
387 573 1
391 573 3
392 573 2
393 573 1
394 573 3
395 573 1
396 573 2
397 573 2
401 573 2
402 573 1
404 573 2
409 573 1
418 573 3
419 573 3
423 573 3
432 573 3
433 573 3
435 573 3
436 573 3
440 573 2
442 573 1
446 573 1
451 573 2
453 573 1
454 573 2
455 573 3
456 573 2
457 573 2
458 573 3
459 573 3
460 573 3
461 573 3
462 573 1
464 573 2
465 573 1
470 573 3
472 573 3
473 573 1
476 573 2
477 573 2
480 573 3
482 573 1
485 573 2
486 573 2
491 573 2
493 573 2
497 573 3
499 573 3
501 573 2
504 573 2
508 573 3
512 573 3
515 573 2
516 573 2
520 573 2
521 573 2
531 573 3
534 573 1
539 573 2
540 573 1
542 573 3
543 573 2
550 573 1
551 573 2
562 573 2
564 573 1
565 573 3
567 573 1
568 573 1
569 573 2
575 573 3
577 573 2
579 573 2
584 573 3
585 573 3
590 573 2
593 573 1
594 573 2
595 573 1
599 573 3
617 573 1
619 573 2
620 573 1
630 573 2
633 573 3
634 573 2
638 573 3
639 573 1
640 573 1
643 573 3
644 573 1
645 573 3
655 573 2
656 573 3
658 573 1
663 573 2
667 573 2
669 573 3
673 573 1
674 573 2
675 573 3
676 573 1
680 573 3
681 573 3
683 573 2
691 573 1
693 573 1
695 573 3
699 573 1
700 573 3
703 573 1
707 573 1
708 573 1
709 573 1
711 573 2
712 573 3
714 573 3
719 573 1
721 573 1
727 573 3
734 573 1
743 573 2
744 573 2
748 573 3
751 573 3
752 573 3
753 573 1
759 573 2
760 573 1
761 573 2
766 573 3
775 573 2
777 573 3
778 573 3
784 573 3
787 573 2
793 573 1
796 573 1
803 573 1
807 573 3
811 573 1
814 573 2
824 573 3
830 573 2
832 573 1
833 573 2
835 573 1
837 573 1
839 573 3
842 573 3
843 573 1
846 573 2
847 573 2
848 573 1
860 573 1
863 573 1
869 573 2
876 573 2
878 573 1
880 573 1
884 573 3
888 573 3
894 573 2
895 573 2
897 573 2
905 573 3
907 573 2
909 573 2
914 573 3
919 573 3
926 573 3
934 573 2
936 573 2
939 573 1
941 573 2
943 573 1
948 573 1
952 573 1
955 573 2
956 573 3
961 573 3
966 573 1
972 573 2
974 573 1
977 573 2
981 573 2
983 573 2
986 573 1
990 573 1
994 573 3
2 574 2
7 574 3
9 574 3
10 574 2
13 574 1
14 574 2
20 574 3
26 574 1
28 574 1
31 574 3
32 574 2
35 574 2
36 574 2
46 574 3
53 574 3
58 574 2
63 574 3
67 574 2
70 574 3
75 574 3
76 574 2
77 574 1
78 574 3
83 574 3
87 574 2
90 574 1
93 574 1
94 574 1
98 574 2
99 574 3
100 574 2
107 574 3
108 574 1
109 574 3
110 574 3
111 574 1
113 574 1
115 574 3
118 574 3
120 574 3
123 574 3
124 574 1
125 574 1
128 574 2
129 574 2
131 574 2
135 574 2
137 574 3
142 574 2
143 574 1
145 574 1
149 574 2
153 574 1
154 574 2
155 574 2
156 574 2
158 574 2
170 574 2
176 574 3
177 574 3
178 574 1
179 574 1
181 574 3
182 574 1
184 574 1
190 574 1
191 574 3
192 574 1
195 574 3
200 574 2
201 574 1
203 574 2
207 574 1
208 574 2
209 574 1
211 574 3
212 574 3
214 574 3
219 574 2
223 574 2
224 574 3
228 574 2
230 574 2
232 574 1
234 574 2
239 574 3
240 574 2
241 574 3
242 574 1
244 574 2
248 574 1
252 574 2
259 574 1
261 574 2
265 574 2
266 574 1
269 574 1
270 574 2
274 574 3
275 574 2
276 574 3
278 574 1
279 574 3
282 574 1
286 574 3
291 574 2
292 574 2
295 574 3
309 574 2
317 574 3
318 574 3
320 574 3
327 574 2
330 574 1
331 574 1
334 574 3
335 574 3
337 574 2
338 574 3
339 574 1
341 574 1
348 574 2
351 574 2
355 574 1
356 574 2
358 574 3
359 574 1
360 574 3
361 574 3
367 574 1
368 574 2
370 574 1
371 574 1
374 574 1
377 574 2
379 574 2
386 574 3
388 574 2
393 574 1
397 574 1
398 574 1
399 574 1
401 574 3
405 574 3
406 574 1
409 574 3
411 574 3
414 574 3
418 574 3
424 574 2
425 574 3
437 574 2
440 574 2
442 574 1
444 574 2
445 574 3
447 574 3
449 574 2
450 574 2
459 574 2
464 574 1
466 574 2
469 574 1
471 574 1
472 574 2
474 574 1
478 574 1
479 574 3
480 574 1
483 574 2
486 574 2
490 574 3
492 574 3
499 574 1
502 574 3
504 574 1
505 574 1
511 574 2
519 574 1
522 574 2
523 574 2
524 574 1
525 574 2
527 574 2
528 574 1
529 574 2
530 574 2
532 574 3
534 574 2
535 574 1
541 574 1
545 574 1
546 574 2
547 574 2
548 574 2
549 574 2
551 574 2
557 574 3
558 574 1
567 574 2
572 574 1
577 574 1
580 574 3
582 574 2
588 574 3
