557 682 1
559 682 1
567 682 1
571 682 3
573 682 3
574 682 3
579 682 3
582 682 2
588 682 2
589 682 3
592 682 2
596 682 1
598 682 1
601 682 1
603 682 3
605 682 1
607 682 2
608 682 3
613 682 2
614 682 3
616 682 1
618 682 1
625 682 1
627 682 1
630 682 1
632 682 1
635 682 2
648 682 2
649 682 1
652 682 2
658 682 2
664 682 2
669 682 1
673 682 2
678 682 1
681 682 1
684 682 1
688 682 3
691 682 3
693 682 1
701 682 1
708 682 3
709 682 1
712 682 1
713 682 2
723 682 3
724 682 3
725 682 2
735 682 3
737 682 2
738 682 3
739 682 1
745 682 1
747 682 1
750 682 1
751 682 2
754 682 3
756 682 3
757 682 1
758 682 3
759 682 1
760 682 2
761 682 2
764 682 1
765 682 3
766 682 3
767 682 1
770 682 2
771 682 3
776 682 1
777 682 2
782 682 2
785 682 1
790 682 1
794 682 1
806 682 1
813 682 3
816 682 3
817 682 1
820 682 3
822 682 2
825 682 3
830 682 1
832 682 3
833 682 1
834 682 3
837 682 2
838 682 1
840 682 2
843 682 1
844 682 2
847 682 3
850 682 2
854 682 3
855 682 2
858 682 2
862 682 3
868 682 1
872 682 2
879 682 3
881 682 3
883 682 1
884 682 3
886 682 2
887 682 3
891 682 3
894 682 1
896 682 1
900 682 2
907 682 1
910 682 2
911 682 3
913 682 2
915 682 1
918 682 2
919 682 3
924 682 2
926 682 3
936 682 2
939 682 1
940 682 3
943 682 2
944 682 2
945 682 3
951 682 1
969 682 2
970 682 2
972 682 2
973 682 2
974 682 2
975 682 3
979 682 3
984 682 1
986 682 2
989 682 1
990 682 1
995 682 3
0 683 1
4 683 1
5 683 2
6 683 2
7 683 1
8 683 3
11 683 1
15 683 2
18 683 3
19 683 2
21 683 2
23 683 2
25 683 1
27 683 3
30 683 2
34 683 3
37 683 3
41 683 2
43 683 2
44 683 3
48 683 3
49 683 1
52 683 2
53 683 3
57 683 3
66 683 3
68 683 2
70 683 1
71 683 1
74 683 2
76 683 3
77 683 1
80 683 2
82 683 3
83 683 1
84 683 3
86 683 2
87 683 1
88 683 2
89 683 3
93 683 3
95 683 1
97 683 1
99 683 1
100 683 1
101 683 1
105 683 2
107 683 1
112 683 3
113 683 1
115 683 2
117 683 2
120 683 3
121 683 3
122 683 3
123 683 1
126 683 1
131 683 1
135 683 1
137 683 2
138 683 1
146 683 3
147 683 1
148 683 1
149 683 3
152 683 2
155 683 2
163 683 2
164 683 1
167 683 3
168 683 2
170 683 1
177 683 1
178 683 2
184 683 1
188 683 2
194 683 3
197 683 1
198 683 2
206 683 2
211 683 3
212 683 1
213 683 1
215 683 3
216 683 3
222 683 3
223 683 1
224 683 1
230 683 2
231 683 1
233 683 2
236 683 1
237 683 1
241 683 2
244 683 2
245 683 2
253 683 1
260 683 3
261 683 3
264 683 2
267 683 1
268 683 3
281 683 3
283 683 1
284 683 1
286 683 1
287 683 2
292 683 3
296 683 2
297 683 1
307 683 2
310 683 2
313 683 1
314 683 3
316 683 3
319 683 1
323 683 2
330 683 2
332 683 2
333 683 3
335 683 3
338 683 1
339 683 2
340 683 2
342 683 2
345 683 1
347 683 2
352 683 2
353 683 3
354 683 1
357 683 2
362 683 3
364 683 1
365 683 3
369 683 2
370 683 2
374 683 1
378 683 3
379 683 1
383 683 1
386 683 2
387 683 2
388 683 2
400 683 1
404 683 3
405 683 1
406 683 2
409 683 2
410 683 1
413 683 3
415 683 2
418 683 1
425 683 1
429 683 1
431 683 1
432 683 1
439 683 3
441 683 3
442 683 2
445 683 3
447 683 3
449 683 2
454 683 1
456 683 3
461 683 1
467 683 2
468 683 2
469 683 2
473 683 3
477 683 2
480 683 1
481 683 3
488 683 2
489 683 2
491 683 1
493 683 1
495 683 1
498 683 3
501 683 1
505 683 2
506 683 3
514 683 3
515 683 3
529 683 1
530 683 3
538 683 2
542 683 3
545 683 3
549 683 3
552 683 3
554 683 3
556 683 2
558 683 3
561 683 1
566 683 1
572 683 2
573 683 2
594 683 1
597 683 2
598 683 3
599 683 2
601 683 3
603 683 1
604 683 1
606 683 3
607 683 3
612 683 3
613 683 2
614 683 2
617 683 3
618 683 3
626 683 1
627 683 1
629 683 1
630 683 3
632 683 1
633 683 2
641 683 3
643 683 1
644 683 3
645 683 2
647 683 3
650 683 3
654 683 3
655 683 1
664 683 2
666 683 3
667 683 1
669 683 3
671 683 3
672 683 2
677 683 3
678 683 1
679 683 2
680 683 2
685 683 3
689 683 2
691 683 1
692 683 2
693 683 1
701 683 2
716 683 1
718 683 2
731 683 3
732 683 1
733 683 2
735 683 2
736 683 1
741 683 3
742 683 2
748 683 2
753 683 1
755 683 2
761 683 2
763 683 3
765 683 3
766 683 3
767 683 2
771 683 3
773 683 1
774 683 1
783 683 1
784 683 1
785 683 3
789 683 2
790 683 1
791 683 2
793 683 1
794 683 2
799 683 1
801 683 3
806 683 1
807 683 1
808 683 3
809 683 1
812 683 2
816 683 1
818 683 1
821 683 3
822 683 1
823 683 2
825 683 2
826 683 1
831 683 3
837 683 1
844 683 3
850 683 2
852 683 1
856 683 2
860 683 1
862 683 2
863 683 2
864 683 1
869 683 2
870 683 2
872 683 2
878 683 3
882 683 2
883 683 3
886 683 2
887 683 2
890 683 1
893 683 3
899 683 1
901 683 2
902 683 1
906 683 3
913 683 2
919 683 2
924 683 1
925 683 1
927 683 1
928 683 2
942 683 2
943 683 3
945 683 2
947 683 3
954 683 2
956 683 1
958 683 1
960 683 3
966 683 2
967 683 2
969 683 3
970 683 3
971 683 3
972 683 1
977 683 1
978 683 3
985 683 3
986 683 3
987 683 2
996 683 1
2 684 3
4 684 2
5 684 1
6 684 3
12 684 3
13 684 3
15 684 2
17 684 2
18 684 2
21 684 2
24 684 1
28 684 2
29 684 3
33 684 3
34 684 3
35 684 3
36 684 2
38 684 1
39 684 3
42 684 2
46 684 2
48 684 3
51 684 2
53 684 1
56 684 2
61 684 3
62 684 3
63 684 2
66 684 1
72 684 3
74 684 1
77 684 3
78 684 1
82 684 1
86 684 3
90 684 2
93 684 1
94 684 3
96 684 2
97 684 2
103 684 2
105 684 1
107 684 1
109 684 1
110 684 1
111 684 1
130 684 2
133 684 3
142 684 1
145 684 2
148 684 1
153 684 2
156 684 2
162 684 2
168 684 2
174 684 3
175 684 1
176 684 1
178 684 2
183 684 1
186 684 2
189 684 2
192 684 3
193 684 2
199 684 1
200 684 3
201 684 2
202 684 1
203 684 2
204 684 1
206 684 3
212 684 1
216 684 1
217 684 3
218 684 3
223 684 3
224 684 1
226 684 3
227 684 1
228 684 2
230 684 2
231 684 2
233 684 2
245 684 2
250 684 1
251 684 3
254 684 2
255 684 3
258 684 1
262 684 3
264 684 2
265 684 3
268 684 3
270 684 2
273 684 1
277 684 3
279 684 2
280 684 3
282 684 3
285 684 1
288 684 2
291 684 2
292 684 2
293 684 1
299 684 2
301 684 3
306 684 3
308 684 1
309 684 3
314 684 1
316 684 1
318 684 3
319 684 1
320 684 1
326 684 3
327 684 1
332 684 1
334 684 1
342 684 2
343 684 3
345 684 1
350 684 1
356 684 1
360 684 3
363 684 3
364 684 3
367 684 1
368 684 3
370 684 3
375 684 3
377 684 1
381 684 1
384 684 1
385 684 1
387 684 3
388 684 1
389 684 1
391 684 2
395 684 3
399 684 3
400 684 1
409 684 2
411 684 1
414 684 3
417 684 3
418 684 3
421 684 2
429 684 1
430 684 3
437 684 2
438 684 1
443 684 3
449 684 3
450 684 3
453 684 3
455 684 1
456 684 2
459 684 2
460 684 2
461 684 1
462 684 2
465 684 3
480 684 2
487 684 1
490 684 2
493 684 2
494 684 3
495 684 3
496 684 2
503 684 1
505 684 2
510 684 1
511 684 2
512 684 1
513 684 2
517 684 2
518 684 2
521 684 2
527 684 2
528 684 3
529 684 3
530 684 2
531 684 3
532 684 3
534 684 3
536 684 1
540 684 3
542 684 3
544 684 2
550 684 2
555 684 3
557 684 2
565 684 3
575 684 3
576 684 1
582 684 1
