418 804 3
421 804 1
428 804 3
431 804 3
432 804 2
433 804 3
437 804 2
444 804 2
451 804 1
453 804 2
455 804 1
457 804 1
459 804 2
462 804 2
463 804 2
464 804 2
467 804 2
469 804 3
470 804 1
472 804 3
473 804 2
475 804 3
478 804 3
479 804 3
480 804 1
483 804 3
490 804 2
493 804 2
494 804 2
496 804 2
497 804 1
502 804 3
503 804 2
504 804 1
511 804 3
512 804 2
514 804 3
515 804 2
517 804 1
520 804 1
523 804 3
526 804 3
527 804 3
528 804 3
529 804 1
533 804 3
534 804 3
535 804 2
540 804 3
547 804 2
553 804 3
554 804 2
555 804 3
556 804 2
557 804 2
560 804 2
566 804 3
569 804 2
570 804 3
573 804 3
576 804 2
579 804 1
581 804 3
584 804 2
585 804 2
587 804 2
588 804 1
592 804 1
593 804 1
595 804 2
599 804 1
600 804 3
601 804 1
603 804 3
604 804 2
612 804 2
614 804 3
616 804 2
618 804 2
632 804 3
634 804 3
639 804 1
640 804 2
644 804 2
648 804 3
650 804 2
653 804 1
655 804 2
656 804 2
657 804 3
662 804 3
667 804 2
669 804 2
671 804 1
677 804 2
679 804 1
680 804 2
681 804 2
684 804 3
689 804 3
691 804 1
693 804 1
694 804 3
698 804 3
699 804 2
702 804 1
703 804 2
708 804 1
709 804 2
712 804 1
713 804 2
720 804 1
721 804 3
722 804 2
723 804 2
726 804 2
729 804 2
730 804 3
733 804 1
740 804 3
741 804 3
742 804 2
746 804 1
750 804 3
751 804 2
753 804 2
755 804 3
758 804 3
759 804 3
760 804 2
762 804 1
763 804 2
769 804 1
772 804 1
776 804 2
777 804 1
778 804 2
780 804 3
782 804 1
786 804 2
790 804 3
792 804 3
796 804 2
797 804 1
800 804 3
803 804 3
809 804 3
813 804 3
814 804 2
815 804 1
816 804 2
819 804 3
821 804 1
823 804 3
824 804 1
825 804 3
827 804 3
828 804 2
834 804 1
835 804 2
836 804 1
838 804 1
839 804 1
843 804 2
844 804 1
845 804 2
847 804 3
849 804 1
851 804 2
854 804 1
861 804 3
862 804 2
864 804 2
865 804 2
869 804 1
872 804 3
873 804 3
875 804 2
878 804 1
879 804 2
880 804 1
882 804 3
886 804 2
888 804 2
890 804 3
894 804 1
898 804 1
903 804 2
906 804 1
907 804 2
909 804 2
911 804 3
913 804 3
914 804 1
915 804 3
920 804 3
921 804 3
924 804 3
927 804 1
928 804 2
932 804 3
933 804 2
935 804 3
936 804 1
943 804 3
945 804 3
947 804 2
958 804 3
962 804 1
968 804 3
972 804 3
979 804 2
982 804 2
984 804 3
985 804 1
993 804 3
994 804 1
1 805 1
3 805 1
7 805 2
8 805 2
11 805 2
17 805 3
18 805 1
20 805 1
22 805 2
23 805 3
24 805 1
25 805 3
27 805 1
34 805 3
35 805 2
36 805 2
38 805 3
39 805 2
40 805 1
44 805 2
45 805 2
46 805 3
47 805 2
48 805 2
49 805 2
50 805 1
53 805 2
55 805 2
60 805 1
61 805 2
62 805 3
65 805 1
66 805 3
67 805 2
79 805 3
82 805 1
85 805 2
87 805 1
88 805 3
89 805 1
95 805 2
99 805 2
101 805 1
105 805 1
106 805 3
107 805 2
114 805 1
116 805 1
117 805 2
122 805 1
128 805 1
131 805 1
134 805 1
137 805 3
138 805 2
143 805 3
148 805 3
150 805 2
152 805 3
154 805 1
155 805 2
160 805 1
162 805 3
164 805 1
167 805 3
169 805 2
170 805 3
171 805 2
172 805 1
173 805 2
182 805 1
186 805 1
190 805 1
192 805 3
193 805 3
194 805 2
206 805 2
209 805 3
214 805 3
216 805 1
224 805 1
225 805 1
229 805 2
236 805 2
238 805 3
239 805 1
245 805 3
249 805 3
250 805 3
254 805 3
255 805 1
257 805 2
266 805 1
272 805 1
273 805 3
274 805 2
277 805 1
278 805 1
280 805 2
283 805 2
284 805 1
287 805 3
288 805 2
291 805 2
295 805 3
296 805 2
297 805 2
300 805 1
302 805 3
312 805 2
316 805 1
318 805 2
320 805 2
324 805 1
325 805 2
327 805 1
330 805 1
338 805 3
339 805 3
341 805 3
353 805 2
359 805 1
362 805 3
365 805 1
366 805 1
367 805 1
369 805 2
371 805 3
375 805 3
377 805 1
380 805 2
381 805 3
394 805 3
396 805 3
401 805 2
407 805 3
408 805 2
415 805 1
419 805 1
421 805 3
424 805 2
428 805 1
431 805 2
438 805 2
439 805 3
441 805 3
445 805 1
449 805 3
455 805 1
456 805 1
460 805 1
462 805 1
463 805 1
465 805 1
466 805 2
470 805 2
474 805 1
475 805 2
482 805 1
484 805 2
493 805 1
495 805 3
497 805 1
498 805 3
509 805 1
513 805 2
517 805 2
519 805 1
521 805 3
523 805 2
525 805 1
526 805 1
527 805 2
528 805 3
530 805 1
532 805 1
535 805 1
540 805 1
542 805 2
548 805 1
550 805 2
552 805 3
554 805 1
555 805 2
557 805 2
558 805 1
559 805 2
561 805 1
563 805 3
564 805 1
566 805 2
576 805 3
584 805 3
588 805 1
589 805 2
593 805 2
598 805 1
610 805 1
614 805 2
615 805 2
616 805 1
620 805 3
621 805 1
629 805 2
631 805 1
633 805 3
634 805 1
635 805 2
640 805 2
641 805 1
643 805 1
646 805 2
649 805 1
658 805 3
659 805 2
664 805 2
665 805 3
667 805 3
668 805 1
670 805 2
677 805 2
680 805 2
681 805 3
686 805 3
690 805 2
694 805 1
695 805 2
697 805 3
701 805 2
702 805 2
703 805 3
711 805 3
713 805 3
720 805 2
724 805 3
725 805 3
729 805 2
730 805 3
732 805 3
734 805 2
738 805 1
740 805 3
741 805 1
743 805 2
746 805 3
747 805 3
748 805 2
749 805 3
752 805 1
753 805 3
758 805 1
763 805 3
767 805 2
768 805 2
769 805 1
771 805 3
773 805 1
777 805 2
783 805 3
784 805 3
786 805 2
787 805 3
789 805 1
791 805 2
799 805 3
802 805 3
805 805 2
806 805 2
807 805 3
813 805 1
815 805 1
822 805 2
823 805 2
824 805 2
828 805 2
831 805 3
838 805 3
846 805 2
848 805 3
849 805 1
851 805 3
855 805 1
857 805 1
865 805 2
866 805 1
869 805 1
874 805 1
878 805 1
880 805 1
881 805 1
882 805 3
883 805 2
884 805 3
889 805 3
890 805 2
893 805 3
894 805 1
905 805 1
915 805 3
918 805 2
923 805 2
924 805 1
926 805 1
927 805 3
930 805 1
931 805 2
933 805 2
943 805 2
946 805 1
949 805 2
950 805 2
951 805 1
952 805 3
953 805 1
956 805 1
958 805 3
963 805 2
964 805 2
965 805 1
970 805 3
971 805 1
980 805 3
981 805 2
982 805 1
986 805 3
988 805 2
989 805 1
990 805 2
991 805 3
993 805 3
995 805 2
997 805 1
999 805 2
0 806 3
2 806 2
5 806 3
8 806 1
9 806 2
11 806 1
12 806 1
16 806 2
17 806 1
20 806 1
23 806 3
24 806 3
26 806 1
31 806 2
32 806 1
37 806 1
48 806 2
49 806 2
50 806 2
55 806 1
57 806 2
58 806 3
60 806 2
62 806 1
65 806 2
67 806 2
70 806 1
73 806 3
74 806 1
76 806 2
79 806 2
80 806 2
86 806 1
89 806 1
91 806 2
92 806 3
93 806 3
96 806 2
97 806 2
98 806 2
102 806 1
107 806 1
113 806 1
118 806 1
120 806 1
123 806 2
129 806 2
130 806 1
132 806 2
134 806 2
140 806 1
143 806 2
145 806 3
151 806 2
153 806 3
158 806 3
163 806 3
168 806 1
172 806 3
173 806 2
179 806 2
183 806 2
186 806 3
187 806 3
190 806 1
191 806 3
193 806 3
195 806 2
197 806 2
198 806 2
200 806 2
210 806 3
213 806 1
215 806 1
217 806 3
218 806 2
219 806 3
220 806 3
226 806 3
230 806 3
231 806 3
233 806 3
234 806 2
236 806 3
237 806 1
239 806 2
245 806 3
246 806 1
247 806 2
250 806 2
258 806 1
260 806 1
263 806 2
266 806 2
268 806 2
269 806 3
273 806 2
280 806 2
281 806 1
282 806 3
286 806 2
287 806 1
289 806 1
298 806 2
299 806 1
300 806 2
301 806 2
303 806 1
306 806 1
308 806 1
313 806 2
315 806 3
316 806 2
319 806 3
320 806 1
326 806 2
