707 604 1
708 604 2
709 604 1
710 604 2
711 604 2
713 604 1
717 604 2
720 604 2
723 604 3
724 604 2
726 604 3
731 604 1
736 604 2
742 604 3
749 604 2
751 604 1
762 604 3
763 604 1
774 604 1
776 604 2
779 604 3
792 604 1
793 604 2
794 604 1
795 604 3
797 604 2
799 604 3
800 604 1
801 604 3
804 604 3
805 604 2
807 604 1
810 604 1
813 604 2
814 604 2
815 604 1
816 604 1
821 604 3
823 604 3
824 604 2
825 604 3
829 604 2
835 604 1
839 604 2
841 604 1
844 604 3
846 604 2
850 604 2
851 604 1
854 604 3
858 604 3
860 604 3
862 604 2
867 604 1
870 604 1
872 604 3
873 604 1
875 604 2
877 604 2
878 604 3
880 604 1
885 604 2
887 604 1
890 604 2
893 604 3
894 604 1
899 604 2
900 604 1
901 604 2
902 604 3
906 604 1
913 604 3
917 604 2
918 604 3
919 604 3
921 604 2
923 604 1
926 604 1
928 604 1
930 604 2
933 604 3
934 604 3
942 604 1
943 604 2
945 604 2
949 604 3
954 604 2
955 604 2
961 604 3
962 604 1
963 604 3
969 604 2
972 604 3
973 604 3
974 604 2
975 604 3
977 604 3
982 604 2
983 604 2
986 604 3
987 604 3
989 604 1
992 604 3
993 604 2
997 604 1
0 605 2
1 605 2
2 605 3
3 605 1
4 605 2
5 605 1
9 605 1
10 605 2
13 605 3
14 605 2
16 605 2
21 605 1
27 605 1
28 605 1
31 605 1
32 605 2
39 605 1
47 605 3
50 605 2
52 605 2
57 605 1
58 605 1
60 605 2
61 605 3
63 605 2
64 605 2
67 605 1
68 605 1
69 605 2
72 605 2
79 605 3
80 605 2
82 605 3
84 605 1
85 605 3
91 605 1
93 605 2
98 605 3
99 605 1
101 605 3
102 605 3
103 605 1
106 605 3
111 605 1
112 605 3
113 605 3
115 605 3
116 605 1
117 605 3
119 605 2
120 605 3
121 605 1
123 605 3
125 605 2
127 605 1
130 605 1
136 605 2
139 605 1
140 605 1
141 605 2
142 605 3
143 605 1
144 605 2
145 605 1
148 605 1
151 605 1
155 605 2
158 605 3
162 605 3
164 605 1
165 605 3
168 605 3
170 605 1
171 605 3
173 605 3
179 605 1
183 605 3
184 605 3
185 605 2
186 605 2
188 605 1
190 605 3
194 605 3
195 605 1
199 605 3
200 605 1
201 605 1
203 605 3
206 605 2
207 605 1
213 605 3
214 605 3
215 605 2
217 605 1
219 605 2
220 605 1
221 605 1
228 605 2
236 605 1
239 605 3
249 605 2
253 605 2
256 605 1
260 605 2
262 605 1
263 605 3
266 605 3
270 605 1
271 605 3
272 605 2
273 605 2
278 605 1
283 605 1
287 605 1
289 605 2
291 605 3
292 605 3
294 605 2
297 605 2
298 605 2
299 605 3
301 605 3
304 605 2
308 605 1
312 605 3
316 605 1
320 605 2
321 605 2
324 605 2
325 605 2
334 605 1
335 605 2
339 605 1
345 605 1
347 605 2
350 605 2
352 605 3
355 605 3
362 605 1
363 605 2
365 605 1
367 605 2
371 605 3
375 605 1
378 605 3
383 605 1
384 605 1
385 605 1
386 605 2
389 605 1
395 605 3
402 605 2
406 605 1
408 605 3
410 605 3
414 605 1
420 605 2
425 605 2
426 605 3
429 605 1
432 605 1
437 605 2
438 605 1
440 605 2
444 605 3
448 605 2
453 605 3
454 605 3
455 605 2
457 605 3
458 605 3
463 605 3
464 605 1
467 605 2
480 605 1
488 605 2
490 605 2
492 605 1
493 605 1
495 605 3
500 605 1
506 605 3
511 605 3
513 605 3
516 605 3
520 605 2
521 605 3
527 605 3
529 605 1
531 605 1
533 605 3
534 605 2
535 605 2
537 605 1
546 605 1
548 605 1
553 605 3
554 605 3
555 605 2
558 605 2
563 605 2
571 605 3
579 605 3
581 605 1
582 605 1
583 605 2
587 605 2
588 605 3
589 605 1
591 605 3
598 605 3
604 605 1
608 605 1
610 605 2
612 605 1
613 605 1
614 605 2
616 605 2
618 605 3
620 605 2
621 605 3
622 605 1
625 605 2
627 605 3
629 605 3
630 605 1
632 605 2
633 605 2
634 605 3
635 605 3
637 605 3
638 605 2
639 605 3
646 605 2
647 605 3
649 605 1
653 605 3
659 605 2
664 605 1
669 605 1
670 605 1
671 605 2
672 605 3
676 605 1
677 605 1
685 605 1
687 605 1
688 605 3
689 605 3
690 605 2
697 605 2
700 605 2
705 605 3
707 605 3
711 605 1
712 605 1
715 605 1
719 605 2
720 605 3
721 605 2
724 605 2
726 605 1
733 605 2
738 605 1
743 605 1
746 605 1
748 605 3
750 605 3
751 605 2
753 605 1
758 605 1
759 605 2
760 605 3
762 605 1
763 605 1
764 605 3
765 605 1
771 605 2
776 605 1
777 605 1
779 605 3
781 605 1
789 605 2
792 605 1
793 605 3
796 605 2
799 605 2
800 605 1
806 605 3
808 605 2
812 605 2
816 605 3
817 605 2
819 605 3
820 605 1
821 605 3
822 605 3
825 605 2
835 605 3
836 605 3
839 605 2
841 605 1
848 605 3
853 605 2
855 605 2
856 605 1
858 605 3
868 605 3
870 605 3
874 605 2
883 605 3
887 605 3
889 605 1
891 605 2
892 605 2
900 605 2
901 605 3
909 605 3
911 605 2
914 605 3
916 605 2
919 605 1
930 605 2
931 605 3
932 605 1
942 605 3
950 605 2
951 605 1
953 605 1
954 605 2
956 605 1
961 605 1
962 605 2
963 605 3
965 605 3
966 605 2
967 605 3
971 605 3
972 605 1
975 605 2
976 605 3
980 605 1
982 605 2
984 605 1
986 605 3
988 605 3
989 605 1
990 605 3
994 605 3
995 605 2
996 605 3
997 605 1
999 605 2
0 606 1
4 606 1
5 606 3
7 606 3
11 606 2
12 606 2
19 606 2
27 606 3
28 606 3
30 606 1
31 606 3
33 606 3
40 606 2
42 606 2
45 606 1
50 606 1
63 606 1
64 606 2
66 606 1
67 606 2
69 606 1
74 606 3
75 606 2
76 606 3
77 606 2
79 606 3
83 606 3
84 606 3
93 606 1
96 606 1
98 606 3
99 606 3
100 606 3
107 606 2
108 606 3
111 606 2
118 606 3
120 606 2
121 606 1
123 606 1
132 606 3
137 606 3
141 606 2
142 606 2
151 606 1
152 606 1
153 606 1
156 606 1
158 606 1
159 606 2
161 606 1
164 606 3
168 606 1
174 606 1
177 606 2
178 606 2
181 606 1
183 606 3
186 606 1
187 606 1
188 606 2
189 606 1
192 606 3
193 606 3
195 606 1
200 606 1
202 606 2
207 606 3
212 606 1
213 606 2
214 606 1
215 606 3
216 606 1
218 606 1
219 606 2
220 606 1
223 606 2
224 606 2
228 606 2
232 606 2
234 606 2
237 606 1
240 606 3
241 606 3
244 606 1
245 606 2
247 606 2
249 606 1
257 606 1
259 606 3
261 606 3
268 606 3
269 606 1
272 606 3
275 606 3
276 606 2
277 606 3
284 606 2
285 606 3
287 606 1
291 606 2
292 606 3
295 606 2
297 606 3
307 606 3
316 606 3
317 606 3
320 606 2
322 606 3
325 606 1
327 606 1
328 606 3
334 606 1
337 606 3
343 606 1
344 606 1
345 606 3
346 606 1
347 606 3
353 606 3
356 606 2
372 606 2
374 606 1
380 606 1
381 606 2
382 606 1
383 606 1
385 606 2
394 606 2
395 606 2
396 606 1
398 606 3
401 606 3
402 606 1
407 606 2
408 606 2
411 606 2
412 606 2
414 606 1
415 606 2
416 606 3
419 606 2
421 606 2
429 606 1
431 606 1
436 606 3
438 606 3
440 606 3
442 606 1
445 606 2
454 606 2
455 606 2
457 606 3
462 606 2
465 606 2
468 606 2
469 606 1
472 606 1
476 606 3
477 606 2
487 606 2
488 606 2
489 606 1
492 606 1
495 606 2
497 606 1
501 606 2
502 606 1
503 606 3
504 606 2
507 606 3
508 606 3
509 606 3
512 606 1
515 606 2
521 606 1
522 606 2
526 606 2
533 606 2
535 606 3
538 606 2
541 606 1
542 606 3
546 606 3
547 606 1
548 606 3
549 606 2
550 606 3
556 606 2
560 606 1
566 606 3
567 606 2
568 606 2
569 606 2
570 606 1
573 606 3
574 606 2
577 606 3
579 606 1
581 606 2
586 606 1
591 606 1
594 606 2
598 606 1
600 606 2
602 606 3
604 606 1
608 606 2
