343 930 3
344 930 2
346 930 1
347 930 2
348 930 1
349 930 3
360 930 2
361 930 1
363 930 2
365 930 1
371 930 1
374 930 1
376 930 3
386 930 1
390 930 3
392 930 2
394 930 2
400 930 1
402 930 3
404 930 2
405 930 3
409 930 3
411 930 1
412 930 1
413 930 1
416 930 2
417 930 1
427 930 3
428 930 1
429 930 2
430 930 2
432 930 3
435 930 3
438 930 3
441 930 1
443 930 2
446 930 2
451 930 2
453 930 3
456 930 2
459 930 3
461 930 2
462 930 1
467 930 1
468 930 1
469 930 1
470 930 2
471 930 1
472 930 2
481 930 1
482 930 3
487 930 2
488 930 3
489 930 3
493 930 2
499 930 3
502 930 3
505 930 1
506 930 3
508 930 1
511 930 3
512 930 3
515 930 2
518 930 3
519 930 3
520 930 3
521 930 3
523 930 1
526 930 3
528 930 3
535 930 2
536 930 2
537 930 1
538 930 1
543 930 2
547 930 2
548 930 3
550 930 2
552 930 3
564 930 2
565 930 2
566 930 1
568 930 3
573 930 3
575 930 3
576 930 3
578 930 2
579 930 1
584 930 2
585 930 1
586 930 2
589 930 1
590 930 3
593 930 2
597 930 1
599 930 3
607 930 3
615 930 2
618 930 3
624 930 2
625 930 1
627 930 1
631 930 1
632 930 3
637 930 1
640 930 2
642 930 3
645 930 3
647 930 1
649 930 1
650 930 1
651 930 1
652 930 2
655 930 1
656 930 1
657 930 3
659 930 2
666 930 3
667 930 1
668 930 1
669 930 3
670 930 1
672 930 3
676 930 1
677 930 3
678 930 2
681 930 1
682 930 1
684 930 2
685 930 1
687 930 3
691 930 2
696 930 2
699 930 3
700 930 3
704 930 2
705 930 2
706 930 1
708 930 2
709 930 1
710 930 2
713 930 3
717 930 2
719 930 3
721 930 2
722 930 3
724 930 1
730 930 2
732 930 2
739 930 3
745 930 1
746 930 1
748 930 1
749 930 2
753 930 2
755 930 1
757 930 2
761 930 1
762 930 3
763 930 3
769 930 1
770 930 2
771 930 2
774 930 3
775 930 3
777 930 1
779 930 3
783 930 1
785 930 1
786 930 1
796 930 3
800 930 2
802 930 3
803 930 1
804 930 3
810 930 2
817 930 3
819 930 1
823 930 3
824 930 1
826 930 2
827 930 3
830 930 3
832 930 2
842 930 1
843 930 1
851 930 1
859 930 3
861 930 2
862 930 3
866 930 3
869 930 1
873 930 3
875 930 3
876 930 3
879 930 3
884 930 2
887 930 2
888 930 1
890 930 2
891 930 1
896 930 3
897 930 3
900 930 3
901 930 3
902 930 2
904 930 2
905 930 3
912 930 3
919 930 1
920 930 3
925 930 1
931 930 3
933 930 3
934 930 3
938 930 2
939 930 2
941 930 2
943 930 1
947 930 2
949 930 1
954 930 1
968 930 3
972 930 3
977 930 2
982 930 3
983 930 1
988 930 1
989 930 2
990 930 1
995 930 2
996 930 2
997 930 2
2 931 2
3 931 1
5 931 3
6 931 2
11 931 1
19 931 2
20 931 3
26 931 3
32 931 1
34 931 2
42 931 2
43 931 2
44 931 1
47 931 3
50 931 1
51 931 2
53 931 3
58 931 2
59 931 1
61 931 2
63 931 3
64 931 3
66 931 3
67 931 3
68 931 3
69 931 1
71 931 2
72 931 1
74 931 3
79 931 3
80 931 1
81 931 3
83 931 3
84 931 3
85 931 2
87 931 1
88 931 2
90 931 1
92 931 1
94 931 1
111 931 3
114 931 1
117 931 2
119 931 2
121 931 3
124 931 3
126 931 3
132 931 1
134 931 1
136 931 2
139 931 3
140 931 1
144 931 3
150 931 3
153 931 2
155 931 3
156 931 1
161 931 2
163 931 2
168 931 1
169 931 2
172 931 2
173 931 1
176 931 3
177 931 2
185 931 2
186 931 1
188 931 1
195 931 3
197 931 1
203 931 3
206 931 1
209 931 2
210 931 3
211 931 2
212 931 3
213 931 1
217 931 3
224 931 1
225 931 1
227 931 1
230 931 1
235 931 2
236 931 2
239 931 2
241 931 1
249 931 2
254 931 2
255 931 3
256 931 2
257 931 3
258 931 3
261 931 3
266 931 1
277 931 3
278 931 3
283 931 2
284 931 1
289 931 1
290 931 1
302 931 3
307 931 2
310 931 1
312 931 1
314 931 1
315 931 1
316 931 3
317 931 1
318 931 1
326 931 1
329 931 3
331 931 1
337 931 1
339 931 3
341 931 1
345 931 3
346 931 2
350 931 1
353 931 2
355 931 2
356 931 3
360 931 1
364 931 2
367 931 1
371 931 3
372 931 1
374 931 1
375 931 2
378 931 2
379 931 1
383 931 2
385 931 3
391 931 3
392 931 2
396 931 1
397 931 3
399 931 3
400 931 3
401 931 1
405 931 2
408 931 1
417 931 2
427 931 3
432 931 3
433 931 1
441 931 1
444 931 1
449 931 3
452 931 1
457 931 2
462 931 2
467 931 1
471 931 1
473 931 1
474 931 3
476 931 3
477 931 3
481 931 3
484 931 2
489 931 2
497 931 3
513 931 2
516 931 1
517 931 3
519 931 3
521 931 1
522 931 2
526 931 2
528 931 1
529 931 3
538 931 1
540 931 3
541 931 1
544 931 1
545 931 3
553 931 1
554 931 3
556 931 3
569 931 1
572 931 1
575 931 1
577 931 3
579 931 2
587 931 1
592 931 1
593 931 3
596 931 1
597 931 2
598 931 3
599 931 2
600 931 3
604 931 1
606 931 1
607 931 2
616 931 1
617 931 3
618 931 1
624 931 1
626 931 1
631 931 1
637 931 2
639 931 3
651 931 1
671 931 2
674 931 1
676 931 2
677 931 3
680 931 2
682 931 2
687 931 2
688 931 2
689 931 3
693 931 2
694 931 1
698 931 3
703 931 3
705 931 3
708 931 3
712 931 3
713 931 1
714 931 3
716 931 3
724 931 2
726 931 3
733 931 2
736 931 1
737 931 1
747 931 2
754 931 1
755 931 2
756 931 1
764 931 1
765 931 3
772 931 3
775 931 3
777 931 3
778 931 2
780 931 1
783 931 3
785 931 2
786 931 2
787 931 1
790 931 2
796 931 2
802 931 3
807 931 2
810 931 3
811 931 3
812 931 2
814 931 2
815 931 2
820 931 2
822 931 3
824 931 3
825 931 2
826 931 2
829 931 1
831 931 1
834 931 3
841 931 3
842 931 1
843 931 1
845 931 2
846 931 1
851 931 2
852 931 2
856 931 2
858 931 2
862 931 2
863 931 1
866 931 2
871 931 3
873 931 3
876 931 2
877 931 3
881 931 1
883 931 3
885 931 3
890 931 3
893 931 2
896 931 3
897 931 1
902 931 2
904 931 3
905 931 1
914 931 1
916 931 1
920 931 1
922 931 1
924 931 3
929 931 3
932 931 3
934 931 1
936 931 3
939 931 1
941 931 2
943 931 2
944 931 2
945 931 1
946 931 1
948 931 1
950 931 2
952 931 1
954 931 2
955 931 1
959 931 2
962 931 1
964 931 1
966 931 2
968 931 1
973 931 3
974 931 3
979 931 2
981 931 2
982 931 3
984 931 3
985 931 3
986 931 2
987 931 3
990 931 1
1 932 1
2 932 3
5 932 3
7 932 1
8 932 2
10 932 2
12 932 1
16 932 1
19 932 3
24 932 3
25 932 2
26 932 1
29 932 1
32 932 1
33 932 2
34 932 3
41 932 3
42 932 3
44 932 1
46 932 2
47 932 1
50 932 2
51 932 2
56 932 1
63 932 2
66 932 3
67 932 2
71 932 2
76 932 3
78 932 2
79 932 1
81 932 1
84 932 2
102 932 3
109 932 3
111 932 1
112 932 3
124 932 1
125 932 1
130 932 1
131 932 3
132 932 3
133 932 2
134 932 2
141 932 1
142 932 2
143 932 1
157 932 1
158 932 3
168 932 1
169 932 2
170 932 2
171 932 1
174 932 3
175 932 3
178 932 2
181 932 2
182 932 2
183 932 2
189 932 1
190 932 1
193 932 1
195 932 3
197 932 3
199 932 2
200 932 1
201 932 2
202 932 3
207 932 2
208 932 3
209 932 1
212 932 3
213 932 2
215 932 1
216 932 2
217 932 2
218 932 2
219 932 1
221 932 1
235 932 3
236 932 3
239 932 1
240 932 1
241 932 1
242 932 1
246 932 3
247 932 3
249 932 1
250 932 3
251 932 1
253 932 3
257 932 1
262 932 1
263 932 1
271 932 2
277 932 2
278 932 1
282 932 3
283 932 3
284 932 3
285 932 2
287 932 3
291 932 1
292 932 2
294 932 3
303 932 1
306 932 2
310 932 2
316 932 2
319 932 2
320 932 2
321 932 2
322 932 2
