143 712 2
144 712 1
151 712 3
159 712 3
161 712 1
177 712 2
179 712 1
181 712 3
185 712 1
186 712 2
187 712 1
188 712 2
191 712 3
194 712 1
197 712 3
198 712 2
201 712 1
202 712 2
214 712 2
218 712 2
224 712 2
227 712 1
233 712 2
235 712 1
237 712 2
238 712 1
239 712 2
240 712 1
241 712 3
243 712 2
248 712 1
249 712 2
250 712 3
253 712 2
255 712 1
256 712 1
257 712 2
262 712 2
263 712 2
264 712 3
265 712 1
266 712 1
267 712 3
268 712 2
271 712 1
276 712 1
284 712 1
288 712 2
293 712 3
294 712 3
298 712 3
300 712 2
302 712 3
303 712 2
308 712 2
309 712 3
312 712 2
314 712 1
322 712 2
323 712 2
324 712 3
325 712 1
327 712 2
328 712 1
329 712 3
332 712 2
336 712 3
338 712 1
339 712 3
340 712 3
342 712 2
344 712 2
346 712 3
349 712 3
351 712 2
352 712 2
354 712 1
361 712 3
365 712 3
379 712 1
383 712 2
384 712 3
391 712 3
395 712 1
397 712 2
405 712 2
406 712 2
414 712 1
418 712 2
422 712 3
423 712 1
425 712 1
428 712 1
429 712 3
430 712 3
432 712 1
437 712 2
439 712 3
440 712 2
443 712 1
447 712 1
448 712 1
455 712 3
457 712 1
458 712 2
460 712 1
463 712 2
468 712 1
469 712 3
474 712 2
475 712 2
478 712 2
479 712 1
480 712 3
483 712 2
487 712 3
488 712 2
489 712 1
493 712 3
494 712 2
498 712 3
501 712 2
503 712 3
507 712 1
513 712 2
517 712 1
519 712 3
520 712 1
529 712 1
533 712 2
537 712 1
540 712 3
541 712 3
543 712 1
547 712 3
559 712 1
560 712 3
563 712 3
567 712 1
572 712 2
576 712 1
581 712 1
583 712 1
584 712 3
590 712 2
595 712 2
596 712 1
597 712 2
599 712 2
600 712 3
601 712 3
602 712 3
604 712 1
606 712 2
607 712 3
608 712 1
609 712 1
614 712 1
615 712 3
620 712 1
621 712 1
624 712 2
632 712 2
634 712 3
637 712 3
639 712 3
641 712 2
643 712 2
649 712 2
651 712 2
656 712 2
660 712 3
661 712 2
662 712 1
666 712 3
667 712 3
671 712 3
673 712 2
674 712 3
678 712 3
679 712 1
683 712 1
686 712 1
688 712 1
696 712 3
698 712 2
699 712 1
710 712 3
715 712 3
716 712 3
717 712 2
721 712 1
731 712 2
732 712 3
735 712 1
738 712 2
740 712 1
747 712 2
748 712 1
750 712 3
752 712 1
756 712 3
759 712 3
761 712 2
762 712 2
765 712 3
767 712 3
768 712 1
770 712 2
771 712 2
778 712 3
783 712 3
786 712 1
787 712 1
788 712 2
789 712 2
792 712 3
794 712 2
796 712 3
797 712 1
803 712 2
808 712 1
825 712 3
828 712 1
829 712 2
832 712 3
834 712 1
836 712 1
841 712 1
842 712 2
844 712 1
848 712 1
851 712 2
854 712 1
859 712 1
861 712 2
863 712 3
864 712 3
869 712 1
870 712 2
872 712 1
875 712 2
885 712 1
888 712 1
889 712 1
890 712 2
894 712 3
895 712 3
898 712 3
900 712 1
906 712 1
907 712 1
908 712 2
909 712 1
911 712 2
914 712 1
920 712 3
921 712 3
922 712 1
923 712 2
927 712 2
929 712 1
932 712 1
934 712 2
938 712 1
939 712 1
940 712 2
942 712 1
943 712 1
945 712 3
949 712 2
958 712 3
960 712 1
962 712 3
963 712 3
966 712 1
969 712 3
973 712 3
975 712 2
976 712 1
977 712 2
984 712 2
985 712 2
988 712 3
990 712 1
993 712 2
996 712 1
998 712 3
6 713 3
20 713 1
21 713 1
22 713 2
24 713 2
28 713 3
30 713 1
37 713 2
41 713 3
42 713 2
47 713 2
48 713 2
53 713 3
58 713 2
62 713 1
64 713 3
66 713 3
67 713 3
71 713 3
72 713 1
75 713 2
79 713 1
81 713 2
84 713 3
85 713 3
89 713 2
95 713 2
98 713 2
99 713 3
108 713 3
110 713 2
111 713 2
121 713 1
124 713 1
125 713 2
129 713 2
136 713 3
145 713 3
150 713 3
153 713 2
154 713 2
164 713 2
167 713 3
169 713 2
170 713 3
172 713 3
173 713 1
177 713 1
181 713 1
184 713 3
186 713 2
188 713 2
189 713 1
190 713 2
192 713 1
193 713 1
195 713 3
196 713 1
199 713 1
202 713 2
203 713 3
206 713 3
207 713 3
210 713 1
214 713 3
216 713 1
220 713 3
233 713 1
234 713 2
235 713 2
240 713 2
242 713 2
246 713 2
247 713 1
249 713 2
255 713 3
259 713 1
262 713 2
266 713 2
267 713 1
268 713 3
269 713 1
272 713 1
273 713 2
275 713 3
288 713 3
290 713 2
291 713 3
292 713 2
293 713 1
295 713 1
296 713 2
298 713 1
301 713 3
302 713 2
310 713 2
313 713 2
314 713 1
318 713 1
320 713 3
324 713 2
325 713 3
328 713 1
332 713 1
333 713 3
334 713 2
341 713 3
349 713 3
350 713 2
353 713 3
354 713 2
357 713 2
358 713 2
363 713 1
364 713 1
365 713 3
366 713 1
368 713 2
376 713 2
377 713 3
379 713 2
383 713 1
387 713 2
393 713 2
400 713 3
405 713 3
406 713 1
407 713 2
410 713 2
411 713 1
414 713 2
415 713 3
416 713 1
417 713 2
418 713 2
419 713 2
420 713 3
424 713 1
425 713 1
429 713 3
431 713 1
433 713 1
434 713 1
435 713 1
441 713 1
443 713 3
445 713 1
447 713 3
448 713 3
449 713 3
451 713 1
452 713 3
462 713 3
467 713 3
470 713 1
473 713 3
474 713 3
478 713 2
481 713 1
489 713 2
492 713 1
493 713 2
494 713 3
495 713 2
496 713 2
497 713 3
499 713 3
500 713 3
501 713 3
502 713 3
505 713 1
506 713 3
507 713 3
509 713 1
511 713 3
515 713 2
525 713 2
527 713 2
528 713 2
529 713 2
532 713 1
534 713 3
538 713 2
541 713 1
543 713 3
544 713 3
547 713 1
549 713 3
552 713 3
554 713 1
561 713 2
562 713 1
564 713 1
574 713 2
580 713 1
581 713 1
582 713 3
589 713 1
594 713 2
595 713 1
598 713 3
600 713 1
603 713 3
605 713 3
608 713 2
611 713 3
620 713 3
622 713 3
627 713 3
631 713 2
638 713 1
639 713 3
643 713 2
648 713 1
650 713 3
664 713 1
666 713 3
667 713 2
671 713 1
673 713 1
676 713 3
678 713 3
681 713 1
685 713 2
686 713 1
700 713 1
703 713 2
704 713 1
705 713 2
711 713 3
714 713 3
718 713 2
719 713 3
724 713 3
728 713 2
732 713 1
733 713 1
734 713 2
735 713 2
736 713 1
738 713 1
744 713 2
747 713 3
750 713 2
753 713 3
757 713 2
763 713 3
765 713 2
774 713 3
778 713 2
779 713 1
781 713 2
783 713 2
785 713 1
786 713 2
788 713 1
791 713 2
794 713 1
795 713 2
802 713 1
803 713 2
806 713 2
809 713 3
811 713 3
812 713 3
813 713 1
814 713 3
815 713 2
816 713 2
818 713 1
821 713 2
822 713 2
833 713 3
836 713 1
837 713 1
844 713 1
845 713 1
848 713 1
858 713 3
860 713 1
861 713 2
862 713 2
863 713 3
864 713 3
865 713 3
866 713 1
867 713 1
869 713 3
871 713 3
872 713 1
874 713 2
876 713 3
879 713 2
880 713 3
883 713 1
891 713 1
895 713 1
902 713 3
906 713 1
908 713 3
909 713 3
912 713 1
913 713 3
918 713 3
923 713 1
925 713 2
932 713 1
933 713 1
936 713 1
937 713 1
938 713 3
946 713 3
951 713 1
954 713 2
955 713 1
961 713 3
962 713 3
963 713 1
964 713 1
968 713 3
970 713 1
971 713 2
973 713 3
977 713 3
978 713 3
979 713 3
983 713 3
985 713 1
990 713 1
993 713 3
994 713 2
997 713 2
11 714 2
17 714 1
19 714 3
20 714 3
22 714 1
28 714 1
32 714 1
34 714 3
39 714 2
49 714 2
55 714 3
60 714 3
61 714 1
67 714 3
72 714 2
74 714 1
79 714 3
92 714 1
96 714 1
99 714 1
102 714 2
103 714 2
104 714 1
107 714 3
108 714 3
109 714 2
110 714 3
112 714 3
120 714 1
128 714 3
131 714 1
134 714 3
137 714 3
143 714 1
145 714 3
149 714 3
150 714 3
152 714 2
154 714 2
155 714 1
158 714 3
161 714 1
163 714 3
164 714 2
165 714 3
167 714 3
