438 462 1
440 462 1
441 462 1
444 462 2
446 462 1
449 462 3
451 462 3
455 462 2
456 462 1
460 462 3
461 462 1
462 462 2
467 462 2
471 462 2
473 462 1
474 462 2
475 462 2
480 462 2
481 462 2
484 462 2
487 462 1
490 462 1
495 462 3
497 462 3
500 462 2
502 462 2
505 462 1
512 462 1
513 462 2
515 462 3
516 462 2
517 462 3
519 462 3
523 462 2
526 462 3
531 462 3
533 462 3
538 462 1
544 462 2
548 462 2
550 462 1
554 462 1
556 462 3
564 462 1
567 462 1
578 462 1
579 462 3
587 462 1
592 462 1
593 462 2
594 462 2
595 462 3
599 462 1
600 462 1
604 462 2
606 462 2
611 462 2
612 462 3
613 462 3
615 462 2
618 462 2
620 462 2
621 462 1
622 462 2
624 462 3
631 462 1
634 462 3
637 462 3
638 462 2
639 462 2
641 462 1
643 462 2
644 462 2
645 462 2
651 462 3
657 462 2
660 462 2
667 462 3
669 462 1
671 462 2
672 462 2
674 462 2
679 462 2
681 462 3
682 462 3
688 462 2
689 462 3
692 462 1
693 462 1
695 462 3
696 462 2
699 462 3
701 462 1
708 462 2
709 462 2
715 462 3
716 462 2
718 462 2
721 462 1
724 462 2
728 462 1
731 462 2
735 462 3
737 462 1
738 462 3
741 462 1
744 462 2
747 462 3
752 462 2
755 462 1
756 462 3
757 462 2
758 462 2
761 462 1
762 462 2
764 462 3
765 462 1
766 462 2
769 462 2
776 462 1
779 462 3
780 462 3
783 462 3
785 462 2
787 462 1
788 462 3
792 462 3
803 462 3
804 462 1
806 462 1
807 462 2
810 462 3
811 462 1
812 462 2
816 462 1
821 462 2
824 462 2
836 462 3
838 462 1
843 462 2
844 462 1
847 462 1
848 462 3
849 462 3
850 462 3
851 462 3
852 462 1
856 462 2
861 462 1
863 462 2
866 462 2
869 462 2
870 462 3
874 462 1
882 462 3
883 462 1
884 462 2
885 462 2
886 462 2
891 462 1
894 462 3
895 462 1
896 462 1
901 462 1
904 462 2
909 462 3
911 462 1
913 462 3
915 462 3
916 462 1
917 462 2
918 462 1
921 462 2
925 462 3
927 462 3
928 462 2
929 462 1
932 462 3
938 462 1
940 462 3
943 462 2
947 462 1
948 462 3
958 462 3
959 462 2
967 462 2
973 462 3
976 462 2
977 462 1
978 462 3
980 462 3
983 462 3
986 462 3
987 462 2
988 462 2
989 462 3
991 462 2
996 462 2
997 462 1
1 463 3
3 463 3
7 463 2
10 463 1
12 463 1
14 463 1
17 463 3
21 463 3
23 463 2
24 463 1
25 463 2
28 463 3
32 463 1
34 463 1
38 463 2
39 463 3
40 463 3
53 463 2
54 463 2
60 463 3
61 463 1
66 463 3
68 463 2
69 463 3
71 463 3
72 463 3
74 463 2
80 463 1
81 463 3
88 463 1
94 463 1
98 463 2
102 463 3
105 463 2
109 463 3
113 463 2
114 463 3
116 463 3
120 463 3
122 463 1
127 463 3
128 463 1
129 463 3
130 463 1
132 463 2
134 463 2
137 463 2
138 463 3
146 463 3
148 463 1
149 463 3
150 463 2
156 463 1
157 463 2
162 463 2
163 463 2
165 463 2
166 463 2
168 463 1
169 463 1
175 463 1
176 463 3
178 463 2
180 463 3
186 463 2
190 463 2
191 463 2
192 463 1
193 463 2
196 463 3
198 463 2
199 463 2
200 463 3
202 463 1
207 463 3
209 463 1
210 463 3
211 463 3
213 463 1
215 463 3
219 463 1
227 463 3
228 463 2
230 463 2
234 463 2
236 463 1
237 463 3
240 463 1
245 463 2
246 463 1
249 463 3
250 463 1
251 463 3
252 463 3
253 463 2
254 463 3
255 463 1
263 463 3
264 463 2
269 463 3
271 463 2
272 463 3
274 463 1
277 463 2
278 463 2
280 463 1
282 463 2
286 463 2
288 463 1
293 463 3
294 463 2
303 463 2
305 463 2
307 463 2
311 463 2
315 463 2
320 463 1
321 463 2
328 463 1
329 463 1
331 463 1
333 463 3
335 463 1
336 463 2
337 463 3
338 463 1
339 463 1
344 463 2
347 463 1
349 463 1
351 463 3
353 463 3
354 463 2
357 463 2
358 463 1
359 463 1
365 463 3
367 463 1
368 463 2
375 463 3
377 463 3
379 463 2
384 463 3
385 463 3
389 463 2
391 463 2
394 463 3
395 463 3
399 463 3
400 463 1
401 463 3
404 463 2
406 463 2
410 463 3
412 463 2
419 463 2
426 463 3
430 463 3
432 463 1
433 463 3
434 463 3
437 463 3
439 463 1
443 463 1
447 463 3
448 463 1
451 463 2
453 463 3
454 463 1
456 463 1
457 463 3
461 463 1
469 463 2
471 463 3
472 463 1
473 463 3
474 463 2
477 463 1
478 463 1
483 463 1
484 463 2
494 463 3
496 463 3
507 463 3
511 463 3
516 463 3
524 463 2
526 463 1
527 463 3
529 463 1
531 463 1
533 463 2
534 463 1
535 463 3
536 463 1
537 463 3
548 463 1
549 463 3
551 463 3
552 463 1
554 463 3
556 463 2
557 463 2
558 463 1
564 463 2
567 463 3
571 463 1
572 463 2
575 463 1
578 463 3
587 463 3
594 463 2
597 463 3
598 463 3
600 463 2
603 463 2
604 463 2
607 463 1
609 463 3
619 463 1
620 463 2
621 463 1
627 463 2
630 463 2
631 463 3
633 463 2
638 463 2
642 463 3
650 463 2
651 463 2
652 463 1
655 463 2
665 463 2
668 463 2
670 463 3
674 463 3
675 463 2
677 463 1
678 463 1
682 463 3
683 463 3
684 463 1
686 463 3
699 463 3
704 463 1
707 463 1
709 463 1
710 463 1
711 463 1
712 463 3
714 463 2
721 463 2
722 463 2
724 463 2
727 463 1
741 463 3
743 463 1
746 463 3
747 463 2
748 463 2
749 463 3
751 463 1
753 463 1
756 463 3
759 463 2
760 463 2
761 463 2
764 463 3
769 463 3
770 463 1
771 463 1
773 463 1
774 463 2
779 463 3
781 463 2
790 463 2
793 463 1
798 463 2
799 463 3
800 463 1
802 463 1
806 463 1
810 463 2
812 463 3
813 463 3
814 463 2
817 463 1
822 463 3
824 463 3
826 463 2
827 463 3
829 463 3
833 463 2
846 463 2
848 463 2
855 463 2
856 463 1
857 463 3
861 463 1
864 463 3
873 463 3
874 463 2
875 463 1
876 463 2
892 463 3
894 463 2
896 463 1
897 463 3
901 463 3
907 463 2
917 463 3
920 463 1
923 463 3
924 463 3
930 463 3
931 463 1
934 463 1
944 463 1
949 463 2
950 463 3
953 463 3
958 463 3
960 463 3
962 463 2
963 463 3
974 463 1
975 463 2
982 463 2
991 463 3
994 463 1
997 463 2
0 464 1
1 464 3
3 464 3
5 464 3
10 464 1
13 464 3
19 464 1
23 464 3
25 464 3
26 464 3
27 464 2
29 464 2
30 464 2
31 464 2
32 464 2
33 464 1
35 464 2
41 464 2
42 464 3
45 464 1
47 464 2
59 464 1
64 464 2
65 464 2
68 464 3
69 464 1
70 464 2
71 464 1
72 464 1
76 464 3
86 464 1
87 464 2
90 464 3
94 464 3
98 464 1
102 464 3
105 464 1
110 464 2
111 464 1
115 464 2
118 464 2
121 464 1
125 464 1
134 464 3
136 464 1
148 464 2
153 464 1
160 464 3
161 464 2
162 464 2
163 464 3
164 464 3
165 464 2
169 464 2
172 464 1
175 464 3
180 464 3
185 464 1
186 464 1
187 464 3
191 464 3
195 464 1
197 464 2
202 464 3
205 464 3
209 464 2
211 464 3
217 464 1
219 464 3
221 464 1
224 464 1
225 464 1
227 464 2
240 464 3
242 464 1
244 464 3
248 464 1
249 464 2
252 464 2
253 464 3
257 464 2
260 464 3
266 464 2
268 464 2
269 464 3
270 464 3
271 464 3
272 464 3
274 464 2
276 464 3
280 464 1
281 464 2
287 464 3
288 464 2
290 464 1
292 464 1
293 464 3
297 464 1
299 464 2
304 464 3
311 464 2
313 464 1
315 464 2
318 464 2
319 464 1
324 464 1
327 464 3
332 464 1
333 464 1
335 464 2
336 464 3
337 464 2
338 464 2
344 464 3
347 464 3
351 464 1
355 464 1
356 464 2
357 464 1
365 464 3
371 464 3
372 464 1
375 464 1
376 464 1
378 464 1
380 464 3
381 464 1
394 464 3
397 464 2
398 464 2
401 464 3
403 464 2
415 464 2
416 464 2
418 464 3
422 464 1
