267 514 3
268 514 3
269 514 2
273 514 1
274 514 2
276 514 1
277 514 3
278 514 2
280 514 1
282 514 3
284 514 2
285 514 3
289 514 1
291 514 3
293 514 1
305 514 3
309 514 2
310 514 1
313 514 2
314 514 2
315 514 2
323 514 1
324 514 1
325 514 2
326 514 3
327 514 2
335 514 1
339 514 3
342 514 1
343 514 3
346 514 1
351 514 1
352 514 2
354 514 3
357 514 1
362 514 3
363 514 3
367 514 2
370 514 2
372 514 2
373 514 3
377 514 3
379 514 2
380 514 3
388 514 1
389 514 2
390 514 1
391 514 3
393 514 2
394 514 1
395 514 3
397 514 1
400 514 1
405 514 1
417 514 1
420 514 1
428 514 3
429 514 2
431 514 1
433 514 1
436 514 2
437 514 2
442 514 1
450 514 1
453 514 2
462 514 1
464 514 1
465 514 1
466 514 1
469 514 1
470 514 1
474 514 3
478 514 2
485 514 1
487 514 2
489 514 2
490 514 3
492 514 1
495 514 1
496 514 1
499 514 2
501 514 2
502 514 2
505 514 1
506 514 1
507 514 2
508 514 1
511 514 1
513 514 3
516 514 1
520 514 3
521 514 2
523 514 1
528 514 2
531 514 1
534 514 2
536 514 2
538 514 3
539 514 1
544 514 2
546 514 2
547 514 1
552 514 1
553 514 3
556 514 3
558 514 2
559 514 1
560 514 1
562 514 1
563 514 2
570 514 2
573 514 2
574 514 1
575 514 1
577 514 1
587 514 3
590 514 2
594 514 3
600 514 2
608 514 3
609 514 3
614 514 3
618 514 1
619 514 3
622 514 2
626 514 3
627 514 3
628 514 2
629 514 2
634 514 3
635 514 3
636 514 2
638 514 1
642 514 3
645 514 2
650 514 3
651 514 3
652 514 3
656 514 2
665 514 2
667 514 1
672 514 1
675 514 3
681 514 3
683 514 2
684 514 3
691 514 2
693 514 1
698 514 2
700 514 2
702 514 2
703 514 1
704 514 2
705 514 3
707 514 1
708 514 3
711 514 3
712 514 2
714 514 3
715 514 2
717 514 2
718 514 3
720 514 3
722 514 2
723 514 1
727 514 1
730 514 3
733 514 2
736 514 1
738 514 1
740 514 1
743 514 2
744 514 3
747 514 3
749 514 2
764 514 1
765 514 1
767 514 3
772 514 1
776 514 3
778 514 1
781 514 1
784 514 3
785 514 2
789 514 2
795 514 1
797 514 3
799 514 1
804 514 3
808 514 2
810 514 2
811 514 3
812 514 2
814 514 2
817 514 1
821 514 2
824 514 3
826 514 3
836 514 1
838 514 3
840 514 1
841 514 3
842 514 3
845 514 1
848 514 3
849 514 3
850 514 3
851 514 3
857 514 1
859 514 2
867 514 3
869 514 1
870 514 3
873 514 3
881 514 3
886 514 3
887 514 3
889 514 3
891 514 3
892 514 2
894 514 2
896 514 1
901 514 3
904 514 2
907 514 2
910 514 2
913 514 1
916 514 1
924 514 1
925 514 3
927 514 3
929 514 1
933 514 1
935 514 1
941 514 2
943 514 1
944 514 1
947 514 3
948 514 3
952 514 1
954 514 3
956 514 1
957 514 2
966 514 1
967 514 1
968 514 3
969 514 1
972 514 1
974 514 1
978 514 3
981 514 1
984 514 3
985 514 2
987 514 3
991 514 2
992 514 1
994 514 1
995 514 3
997 514 3
998 514 3
0 515 2
6 515 3
9 515 2
13 515 1
19 515 3
23 515 3
29 515 1
31 515 3
34 515 3
35 515 2
38 515 2
39 515 2
45 515 3
47 515 3
51 515 1
52 515 3
53 515 1
54 515 1
55 515 3
57 515 2
60 515 2
61 515 3
63 515 1
64 515 3
66 515 2
68 515 3
70 515 2
73 515 3
74 515 2
81 515 2
83 515 1
90 515 3
91 515 2
92 515 2
94 515 1
96 515 1
101 515 1
102 515 2
107 515 2
110 515 2
121 515 2
123 515 1
127 515 3
129 515 3
130 515 3
132 515 3
133 515 2
137 515 3
139 515 3
140 515 1
144 515 3
147 515 3
149 515 1
156 515 3
158 515 2
159 515 2
164 515 3
165 515 2
167 515 3
168 515 1
170 515 1
172 515 3
174 515 2
176 515 3
179 515 2
183 515 3
186 515 3
187 515 2
188 515 1
192 515 1
193 515 1
194 515 2
196 515 1
206 515 3
209 515 1
210 515 2
213 515 1
219 515 3
222 515 3
224 515 2
229 515 2
231 515 2
235 515 2
239 515 3
245 515 1
247 515 3
249 515 1
250 515 1
254 515 1
255 515 2
256 515 1
259 515 2
261 515 2
262 515 3
263 515 2
264 515 3
267 515 3
268 515 2
269 515 3
286 515 3
289 515 2
291 515 3
298 515 2
305 515 2
306 515 3
311 515 1
315 515 2
317 515 3
324 515 3
330 515 3
331 515 1
332 515 1
336 515 2
338 515 2
346 515 2
347 515 1
350 515 2
351 515 2
355 515 1
361 515 2
365 515 2
368 515 2
382 515 2
384 515 3
388 515 1
390 515 1
396 515 3
400 515 3
401 515 1
408 515 1
409 515 2
426 515 2
427 515 2
429 515 3
437 515 3
438 515 1
439 515 1
440 515 3
445 515 2
447 515 2
449 515 3
451 515 1
452 515 3
456 515 1
458 515 3
461 515 1
462 515 2
467 515 2
468 515 3
471 515 2
473 515 3
474 515 3
477 515 3
479 515 1
481 515 1
483 515 2
484 515 2
486 515 2
488 515 1
492 515 3
497 515 2
506 515 3
512 515 2
513 515 2
514 515 2
530 515 2
532 515 2
537 515 1
544 515 2
546 515 2
554 515 3
555 515 1
556 515 3
557 515 3
560 515 3
568 515 2
569 515 3
570 515 2
572 515 3
573 515 2
576 515 3
577 515 3
580 515 1
589 515 1
590 515 3
599 515 2
603 515 1
608 515 3
610 515 1
611 515 1
615 515 2
616 515 3
619 515 1
621 515 2
626 515 3
630 515 3
631 515 2
633 515 1
634 515 3
636 515 3
637 515 1
639 515 2
645 515 3
646 515 2
652 515 2
656 515 2
657 515 1
659 515 1
660 515 3
662 515 2
666 515 2
668 515 2
673 515 2
683 515 2
690 515 2
691 515 2
692 515 3
693 515 3
698 515 1
708 515 2
709 515 1
710 515 1
713 515 1
716 515 2
717 515 2
718 515 1
722 515 1
727 515 2
728 515 2
731 515 1
732 515 1
740 515 3
742 515 1
743 515 3
751 515 2
753 515 3
756 515 2
757 515 3
768 515 2
770 515 2
773 515 3
774 515 2
775 515 3
780 515 2
782 515 1
784 515 3
789 515 2
790 515 2
793 515 3
804 515 3
808 515 2
816 515 1
819 515 3
820 515 2
823 515 2
825 515 1
829 515 2
843 515 3
848 515 1
851 515 3
855 515 1
856 515 2
865 515 3
868 515 3
869 515 2
871 515 3
872 515 3
880 515 2
885 515 1
886 515 2
889 515 3
890 515 3
892 515 3
893 515 2
896 515 2
903 515 2
905 515 2
908 515 1
909 515 3
912 515 3
917 515 2
918 515 1
929 515 2
937 515 1
938 515 1
940 515 1
942 515 2
943 515 1
948 515 2
951 515 3
959 515 2
961 515 2
962 515 2
966 515 2
968 515 3
969 515 2
971 515 2
974 515 3
979 515 2
982 515 1
988 515 2
990 515 2
995 515 2
998 515 3
999 515 3
1 516 2
3 516 2
5 516 3
15 516 1
18 516 1
19 516 1
22 516 2
25 516 2
30 516 2
33 516 3
34 516 2
38 516 3
40 516 2
43 516 3
46 516 2
47 516 1
49 516 3
50 516 2
51 516 3
53 516 1
56 516 3
57 516 3
61 516 2
64 516 3
65 516 3
67 516 3
70 516 1
73 516 1
74 516 2
75 516 3
76 516 2
78 516 1
82 516 2
86 516 2
87 516 1
88 516 1
94 516 3
99 516 1
105 516 3
106 516 1
108 516 1
109 516 3
111 516 3
115 516 2
116 516 1
124 516 1
126 516 3
132 516 1
134 516 1
135 516 3
137 516 3
138 516 2
142 516 3
147 516 1
149 516 2
150 516 2
152 516 3
163 516 3
166 516 2
176 516 2
179 516 2
182 516 3
184 516 1
186 516 1
187 516 1
188 516 1
190 516 1
192 516 1
198 516 1
203 516 1
205 516 2
207 516 3
208 516 2
209 516 2
214 516 2
215 516 3
216 516 2
219 516 1
221 516 2
225 516 2
228 516 1
229 516 1
232 516 2
233 516 2
236 516 1
237 516 1
243 516 1
245 516 2
247 516 2
248 516 3
250 516 1
253 516 1
257 516 1
264 516 2
267 516 2
268 516 2
269 516 3
270 516 1
272 516 3
273 516 2
275 516 1
