33 56 2
39 56 2
47 56 3
48 56 3
53 56 3
55 56 2
58 56 2
61 56 1
66 56 2
69 56 1
75 56 3
76 56 1
78 56 2
82 56 1
83 56 2
84 56 1
85 56 1
86 56 3
87 56 1
89 56 1
94 56 1
95 56 2
98 56 1
99 56 1
102 56 2
106 56 3
111 56 1
112 56 1
115 56 1
116 56 1
119 56 3
122 56 3
124 56 1
125 56 2
136 56 3
144 56 1
145 56 2
146 56 2
148 56 2
152 56 1
153 56 3
159 56 1
163 56 2
164 56 3
172 56 3
182 56 2
183 56 3
185 56 1
186 56 3
188 56 3
190 56 3
191 56 2
192 56 1
196 56 1
198 56 1
203 56 2
205 56 3
218 56 1
222 56 3
231 56 1
234 56 1
235 56 2
237 56 2
240 56 2
246 56 1
251 56 3
252 56 1
254 56 3
260 56 3
262 56 2
263 56 3
264 56 2
267 56 3
269 56 2
273 56 3
274 56 1
275 56 2
276 56 3
278 56 3
279 56 3
285 56 1
286 56 3
287 56 2
289 56 2
292 56 1
295 56 3
296 56 2
297 56 1
298 56 1
303 56 2
306 56 1
308 56 1
310 56 2
316 56 1
317 56 2
321 56 1
323 56 1
324 56 2
325 56 2
328 56 3
334 56 1
335 56 1
337 56 3
340 56 3
341 56 2
344 56 2
345 56 3
349 56 2
357 56 3
359 56 1
365 56 3
366 56 3
372 56 3
373 56 2
375 56 2
377 56 2
378 56 2
381 56 3
382 56 3
387 56 2
389 56 1
390 56 1
392 56 3
400 56 1
406 56 3
407 56 3
408 56 3
412 56 2
415 56 2
420 56 2
421 56 3
422 56 1
424 56 1
425 56 2
430 56 1
434 56 1
435 56 3
437 56 3
440 56 1
441 56 3
442 56 1
448 56 3
449 56 2
451 56 3
452 56 3
453 56 3
459 56 1
460 56 1
463 56 1
466 56 1
467 56 1
468 56 3
481 56 1
487 56 3
489 56 1
490 56 3
492 56 2
495 56 3
497 56 3
502 56 2
509 56 1
510 56 3
514 56 1
515 56 2
516 56 3
517 56 1
520 56 1
522 56 1
523 56 1
524 56 1
525 56 1
528 56 2
530 56 2
532 56 3
533 56 2
536 56 2
538 56 3
541 56 1
542 56 2
545 56 2
549 56 3
552 56 1
561 56 2
565 56 1
566 56 2
568 56 3
570 56 3
571 56 1
573 56 1
578 56 1
583 56 3
589 56 2
590 56 1
592 56 1
600 56 2
603 56 3
607 56 3
608 56 3
611 56 2
614 56 2
619 56 3
622 56 3
623 56 2
624 56 3
626 56 1
631 56 1
636 56 1
638 56 1
645 56 2
649 56 1
651 56 2
657 56 2
658 56 1
660 56 3
662 56 2
664 56 2
665 56 2
666 56 2
671 56 2
679 56 3
683 56 2
688 56 3
695 56 2
697 56 2
701 56 3
702 56 3
703 56 2
704 56 2
707 56 1
708 56 2
712 56 1
713 56 3
716 56 1
719 56 1
722 56 3
725 56 3
726 56 2
728 56 1
737 56 3
741 56 1
747 56 3
748 56 1
751 56 2
753 56 2
754 56 3
755 56 2
760 56 1
764 56 2
768 56 3
770 56 2
771 56 3
773 56 2
775 56 2
778 56 1
780 56 2
782 56 1
784 56 2
787 56 2
791 56 3
799 56 1
801 56 3
803 56 2
805 56 1
810 56 2
812 56 3
813 56 2
818 56 1
819 56 3
821 56 2
830 56 2
836 56 3
837 56 2
838 56 3
839 56 1
840 56 3
850 56 2
856 56 3
857 56 3
860 56 1
864 56 2
866 56 1
871 56 3
873 56 1
883 56 3
889 56 1
890 56 2
895 56 1
896 56 1
900 56 2
901 56 2
906 56 3
909 56 3
910 56 1
913 56 2
917 56 3
919 56 1
927 56 3
928 56 3
929 56 3
933 56 3
937 56 3
943 56 1
945 56 2
955 56 1
956 56 3
957 56 2
960 56 3
962 56 3
963 56 1
964 56 3
970 56 3
973 56 1
974 56 2
975 56 1
981 56 3
983 56 2
986 56 1
987 56 2
988 56 2
989 56 1
990 56 2
991 56 1
992 56 2
995 56 3
0 57 2
5 57 1
7 57 3
10 57 2
16 57 1
20 57 1
23 57 2
24 57 1
35 57 1
37 57 3
39 57 2
47 57 1
48 57 2
49 57 3
50 57 2
54 57 1
56 57 1
58 57 2
59 57 1
60 57 3
61 57 1
66 57 2
72 57 2
78 57 3
79 57 1
81 57 2
82 57 3
85 57 3
94 57 3
96 57 2
97 57 1
98 57 2
102 57 3
105 57 2
110 57 2
112 57 1
117 57 1
118 57 2
121 57 3
122 57 1
124 57 1
126 57 1
131 57 3
132 57 1
137 57 3
146 57 2
149 57 2
151 57 2
153 57 2
156 57 1
158 57 1
159 57 1
162 57 3
166 57 2
168 57 1
176 57 2
177 57 3
180 57 3
181 57 2
185 57 1
189 57 2
191 57 1
192 57 1
193 57 2
194 57 2
197 57 2
198 57 1
206 57 2
210 57 2
211 57 3
213 57 1
215 57 1
222 57 2
223 57 1
225 57 3
226 57 1
227 57 2
229 57 3
232 57 3
233 57 2
236 57 2
237 57 2
238 57 2
239 57 1
240 57 3
243 57 2
244 57 3
252 57 3
254 57 2
255 57 1
263 57 3
264 57 3
265 57 2
267 57 2
273 57 3
274 57 3
278 57 1
279 57 2
281 57 1
288 57 1
289 57 1
292 57 3
297 57 1
300 57 2
305 57 3
310 57 1
315 57 3
316 57 2
318 57 1
319 57 2
321 57 2
323 57 1
324 57 1
331 57 3
343 57 2
346 57 1
355 57 3
359 57 3
361 57 1
364 57 3
367 57 1
372 57 2
374 57 1
375 57 3
380 57 3
381 57 1
383 57 2
384 57 3
386 57 3
391 57 3
392 57 2
394 57 1
397 57 1
398 57 1
401 57 2
405 57 1
408 57 3
412 57 3
421 57 1
426 57 3
428 57 2
429 57 3
431 57 1
438 57 3
440 57 2
444 57 1
445 57 3
450 57 2
451 57 3
452 57 1
453 57 3
455 57 1
457 57 2
461 57 2
465 57 2
471 57 1
477 57 3
479 57 3
482 57 2
483 57 2
484 57 1
494 57 1
498 57 1
500 57 1
503 57 3
504 57 2
510 57 1
512 57 3
514 57 2
516 57 3
518 57 2
519 57 3
520 57 3
524 57 1
527 57 1
530 57 2
532 57 1
533 57 2
536 57 3
541 57 3
556 57 2
558 57 1
560 57 2
561 57 1
563 57 3
564 57 1
566 57 2
568 57 2
569 57 1
570 57 2
575 57 2
580 57 1
582 57 1
586 57 1
596 57 1
597 57 2
604 57 2
608 57 1
618 57 1
621 57 1
624 57 1
629 57 1
630 57 1
633 57 3
634 57 2
636 57 2
638 57 2
639 57 3
645 57 2
646 57 2
647 57 1
649 57 3
654 57 3
658 57 1
670 57 3
672 57 1
678 57 1
679 57 2
680 57 1
681 57 1
685 57 1
690 57 1
692 57 2
693 57 3
696 57 2
697 57 1
700 57 1
705 57 2
711 57 3
713 57 2
715 57 2
718 57 3
719 57 3
724 57 3
733 57 1
734 57 2
736 57 3
738 57 2
742 57 1
743 57 2
745 57 3
746 57 1
750 57 3
754 57 1
755 57 2
760 57 3
762 57 2
764 57 3
767 57 1
769 57 3
771 57 1
772 57 1
774 57 2
775 57 3
779 57 1
781 57 1
782 57 2
793 57 3
795 57 3
797 57 1
799 57 1
805 57 1
809 57 1
810 57 3
817 57 3
821 57 3
822 57 1
827 57 3
829 57 1
831 57 2
832 57 2
836 57 3
837 57 2
841 57 2
844 57 2
845 57 3
846 57 3
847 57 3
849 57 1
851 57 1
853 57 2
854 57 3
859 57 1
860 57 3
863 57 2
866 57 2
872 57 2
874 57 3
876 57 3
880 57 2
883 57 1
885 57 3
886 57 2
888 57 3
889 57 3
892 57 3
894 57 2
899 57 1
900 57 3
902 57 3
903 57 2
904 57 3
906 57 2
910 57 3
913 57 3
915 57 2
916 57 3
918 57 3
919 57 1
920 57 2
921 57 1
923 57 1
925 57 1
928 57 1
941 57 3
943 57 1
944 57 2
945 57 1
946 57 3
947 57 3
948 57 1
949 57 3
951 57 3
953 57 1
955 57 2
956 57 2
957 57 3
964 57 1
965 57 1
966 57 3
967 57 2
970 57 2
971 57 3
972 57 3
976 57 1
977 57 3
978 57 1
980 57 1
981 57 2
983 57 3
984 57 1
988 57 1
