267 546 3
269 546 2
271 546 1
280 546 2
284 546 2
285 546 3
291 546 1
293 546 3
296 546 3
298 546 3
302 546 1
305 546 1
306 546 1
311 546 1
314 546 3
317 546 3
318 546 1
319 546 2
321 546 2
333 546 3
334 546 1
338 546 1
344 546 1
345 546 3
346 546 3
352 546 1
353 546 1
354 546 1
356 546 2
362 546 2
365 546 1
368 546 2
369 546 3
375 546 2
380 546 1
383 546 2
386 546 2
388 546 2
389 546 1
390 546 2
398 546 3
403 546 2
405 546 3
411 546 3
414 546 3
417 546 3
420 546 2
424 546 2
427 546 3
429 546 2
430 546 1
433 546 3
437 546 2
439 546 3
440 546 3
443 546 2
444 546 3
445 546 3
446 546 1
449 546 2
453 546 3
454 546 3
456 546 3
457 546 1
461 546 1
466 546 2
470 546 2
472 546 1
474 546 1
483 546 2
486 546 2
489 546 2
490 546 1
491 546 1
500 546 2
503 546 3
504 546 3
506 546 1
509 546 2
513 546 3
514 546 2
519 546 1
520 546 3
524 546 1
525 546 1
526 546 2
529 546 2
533 546 2
534 546 3
536 546 1
537 546 1
538 546 1
540 546 3
544 546 2
545 546 1
546 546 2
551 546 3
552 546 2
553 546 3
557 546 1
560 546 2
561 546 1
564 546 1
568 546 3
570 546 2
574 546 2
577 546 3
581 546 2
584 546 2
586 546 3
587 546 3
590 546 3
592 546 2
595 546 2
598 546 3
602 546 2
603 546 2
604 546 1
607 546 1
608 546 2
611 546 3
620 546 1
622 546 3
627 546 2
632 546 3
635 546 1
637 546 1
643 546 2
649 546 3
650 546 2
651 546 2
664 546 2
666 546 3
669 546 3
670 546 3
671 546 1
675 546 2
676 546 1
677 546 3
687 546 2
688 546 2
689 546 3
692 546 1
699 546 3
700 546 3
708 546 1
712 546 2
713 546 2
718 546 2
720 546 2
723 546 3
735 546 3
737 546 3
739 546 3
741 546 2
742 546 2
744 546 2
745 546 1
747 546 3
753 546 3
761 546 3
767 546 1
768 546 1
769 546 2
774 546 1
775 546 2
777 546 3
778 546 3
781 546 1
786 546 3
789 546 3
790 546 2
791 546 3
792 546 2
793 546 3
794 546 1
796 546 1
801 546 2
804 546 1
806 546 2
808 546 1
819 546 1
820 546 2
825 546 2
828 546 2
830 546 2
831 546 2
835 546 1
836 546 2
838 546 1
841 546 2
843 546 1
844 546 3
848 546 2
850 546 3
852 546 3
854 546 2
855 546 1
859 546 3
860 546 3
864 546 3
866 546 1
868 546 3
869 546 3
871 546 3
872 546 3
876 546 2
896 546 1
897 546 2
908 546 1
909 546 1
910 546 1
912 546 3
917 546 1
918 546 1
920 546 1
921 546 1
925 546 3
927 546 3
928 546 1
934 546 3
935 546 2
943 546 2
944 546 2
948 546 1
952 546 1
953 546 3
955 546 2
958 546 1
964 546 2
965 546 3
968 546 2
971 546 2
972 546 1
975 546 2
980 546 2
983 546 2
985 546 1
990 546 3
995 546 1
1 547 1
2 547 1
12 547 3
19 547 2
23 547 3
24 547 3
26 547 2
33 547 2
38 547 1
45 547 3
46 547 3
50 547 3
51 547 2
52 547 2
54 547 1
55 547 2
57 547 2
59 547 2
61 547 1
62 547 3
63 547 3
65 547 3
67 547 3
69 547 3
71 547 1
73 547 3
76 547 1
77 547 3
83 547 2
87 547 2
88 547 2
89 547 2
94 547 1
96 547 2
101 547 1
105 547 1
106 547 1
107 547 2
112 547 2
117 547 2
120 547 3
122 547 3
123 547 2
125 547 3
128 547 2
130 547 3
132 547 3
134 547 3
135 547 2
136 547 1
141 547 2
146 547 1
147 547 3
151 547 3
153 547 1
156 547 3
159 547 3
162 547 3
166 547 1
172 547 3
173 547 2
177 547 1
179 547 2
184 547 1
185 547 2
190 547 1
194 547 2
195 547 3
198 547 1
202 547 1
204 547 3
207 547 2
208 547 1
209 547 3
213 547 1
217 547 1
229 547 1
232 547 1
236 547 2
237 547 3
238 547 3
240 547 3
250 547 2
254 547 2
255 547 2
258 547 2
260 547 1
261 547 3
263 547 1
267 547 3
269 547 2
270 547 1
271 547 3
273 547 2
276 547 2
281 547 3
285 547 1
286 547 2
295 547 1
298 547 3
306 547 2
310 547 1
312 547 2
313 547 2
331 547 2
335 547 2
338 547 1
339 547 3
341 547 1
349 547 2
350 547 3
356 547 3
357 547 3
360 547 1
362 547 3
363 547 1
364 547 3
366 547 3
371 547 1
374 547 2
377 547 2
378 547 2
391 547 2
393 547 3
395 547 2
401 547 2
405 547 3
415 547 3
419 547 1
420 547 1
421 547 1
422 547 3
424 547 2
427 547 1
430 547 2
431 547 3
432 547 3
435 547 2
436 547 3
438 547 1
439 547 2
442 547 1
445 547 2
448 547 1
449 547 2
451 547 3
452 547 2
453 547 1
457 547 1
458 547 2
462 547 2
464 547 3
467 547 1
468 547 3
483 547 3
487 547 1
489 547 2
492 547 3
496 547 2
497 547 1
499 547 3
500 547 1
501 547 3
505 547 2
506 547 1
507 547 2
509 547 2
511 547 1
512 547 2
515 547 3
517 547 1
519 547 2
525 547 1
529 547 1
531 547 3
533 547 1
538 547 3
542 547 1
544 547 2
545 547 3
546 547 3
551 547 2
552 547 1
553 547 1
555 547 2
559 547 1
564 547 1
566 547 3
568 547 1
572 547 3
573 547 2
574 547 3
575 547 1
580 547 2
582 547 1
583 547 3
588 547 2
595 547 3
598 547 1
600 547 1
606 547 3
607 547 1
609 547 1
610 547 1
611 547 1
612 547 3
613 547 1
618 547 1
619 547 2
623 547 2
624 547 3
626 547 1
627 547 2
630 547 3
631 547 2
634 547 2
639 547 1
641 547 2
643 547 1
646 547 1
650 547 1
652 547 2
653 547 3
654 547 3
656 547 3
662 547 1
665 547 3
667 547 3
670 547 1
674 547 3
675 547 1
676 547 1
679 547 3
682 547 3
683 547 2
687 547 2
693 547 1
694 547 2
696 547 3
701 547 2
703 547 3
705 547 1
706 547 3
707 547 1
708 547 2
709 547 1
710 547 1
713 547 1
716 547 3
717 547 2
719 547 3
721 547 3
724 547 2
726 547 3
727 547 2
732 547 1
734 547 3
740 547 1
741 547 2
745 547 1
746 547 1
747 547 2
749 547 2
750 547 3
755 547 3
759 547 2
761 547 1
763 547 3
767 547 1
771 547 1
778 547 1
779 547 2
783 547 2
785 547 2
794 547 1
796 547 2
801 547 3
810 547 2
815 547 3
816 547 1
818 547 2
821 547 1
823 547 3
828 547 1
830 547 3
832 547 3
839 547 3
843 547 1
845 547 3
846 547 2
850 547 1
851 547 3
854 547 3
859 547 3
867 547 3
874 547 2
877 547 1
878 547 3
879 547 1
887 547 1
888 547 1
892 547 2
893 547 3
896 547 1
900 547 1
902 547 3
904 547 2
908 547 1
913 547 2
914 547 2
919 547 1
920 547 2
921 547 2
926 547 1
928 547 3
934 547 1
935 547 2
936 547 3
940 547 2
941 547 3
944 547 3
949 547 3
950 547 1
951 547 2
954 547 3
957 547 2
961 547 2
962 547 1
964 547 3
966 547 2
974 547 3
977 547 3
985 547 2
987 547 3
991 547 3
995 547 1
996 547 3
0 548 2
1 548 3
2 548 2
3 548 3
5 548 3
8 548 3
13 548 3
16 548 3
21 548 3
22 548 3
23 548 2
24 548 2
25 548 3
29 548 3
30 548 1
31 548 1
34 548 3
37 548 3
41 548 2
47 548 3
49 548 2
52 548 1
60 548 3
61 548 2
73 548 3
74 548 1
78 548 1
81 548 1
84 548 3
85 548 2
86 548 1
89 548 3
90 548 2
95 548 3
96 548 1
98 548 3
102 548 3
108 548 2
110 548 2
114 548 2
116 548 1
117 548 2
121 548 1
122 548 2
128 548 2
130 548 3
132 548 1
136 548 1
140 548 1
141 548 2
146 548 1
149 548 3
153 548 1
155 548 2
156 548 1
158 548 3
163 548 1
169 548 1
172 548 2
174 548 3
175 548 2
176 548 1
177 548 2
178 548 2
179 548 1
181 548 2
185 548 3
192 548 3
194 548 1
195 548 3
196 548 2
197 548 3
201 548 3
211 548 1
212 548 1
214 548 3
215 548 3
217 548 3
220 548 2
221 548 1
228 548 3
230 548 1
234 548 1
235 548 1
240 548 3
242 548 2
243 548 2
247 548 2
257 548 3
