695 614 1
696 614 1
697 614 3
700 614 2
701 614 1
702 614 3
708 614 3
709 614 3
714 614 2
715 614 3
716 614 2
721 614 3
722 614 2
728 614 1
737 614 3
740 614 2
742 614 1
746 614 2
748 614 2
753 614 1
754 614 2
758 614 1
759 614 1
761 614 3
769 614 2
770 614 2
772 614 3
776 614 3
778 614 1
782 614 3
783 614 1
785 614 2
786 614 2
790 614 2
795 614 2
796 614 3
801 614 3
805 614 2
811 614 1
812 614 3
814 614 1
816 614 2
821 614 3
826 614 3
829 614 2
833 614 1
835 614 3
837 614 2
841 614 1
843 614 3
848 614 1
858 614 1
860 614 2
870 614 3
871 614 1
879 614 1
882 614 3
884 614 1
889 614 2
890 614 2
893 614 3
896 614 2
904 614 2
913 614 3
920 614 1
921 614 1
922 614 3
923 614 3
928 614 3
930 614 3
931 614 3
937 614 1
938 614 1
940 614 3
943 614 1
944 614 2
945 614 1
949 614 3
953 614 3
954 614 1
958 614 2
962 614 1
964 614 2
966 614 2
967 614 1
968 614 1
970 614 3
976 614 3
978 614 3
983 614 2
991 614 1
994 614 3
995 614 3
998 614 3
999 614 3
9 615 2
13 615 2
15 615 1
16 615 2
23 615 3
28 615 1
29 615 2
31 615 3
32 615 1
34 615 3
36 615 3
38 615 2
41 615 2
43 615 1
47 615 2
49 615 3
53 615 3
56 615 1
57 615 3
59 615 1
60 615 2
64 615 2
65 615 2
67 615 2
68 615 1
70 615 3
74 615 3
79 615 3
80 615 2
91 615 2
92 615 1
97 615 3
99 615 2
101 615 2
105 615 3
108 615 1
110 615 3
113 615 3
119 615 3
120 615 2
124 615 1
128 615 3
130 615 1
131 615 3
137 615 3
140 615 2
145 615 1
148 615 2
151 615 2
152 615 3
157 615 3
158 615 3
159 615 3
166 615 2
168 615 1
169 615 2
171 615 3
172 615 1
173 615 1
179 615 1
181 615 3
183 615 2
189 615 1
190 615 2
192 615 3
204 615 1
205 615 2
207 615 1
210 615 2
221 615 3
222 615 3
226 615 1
230 615 2
232 615 3
234 615 2
238 615 3
242 615 1
244 615 1
252 615 3
253 615 2
255 615 3
259 615 3
260 615 3
263 615 3
266 615 2
268 615 1
270 615 2
272 615 3
273 615 3
274 615 3
275 615 1
284 615 3
288 615 3
291 615 3
293 615 3
296 615 3
301 615 1
307 615 2
309 615 3
310 615 1
314 615 3
315 615 2
318 615 1
320 615 1
322 615 3
323 615 2
326 615 3
328 615 3
329 615 1
334 615 1
339 615 1
344 615 3
346 615 2
348 615 1
350 615 3
355 615 2
362 615 2
366 615 1
368 615 3
370 615 3
374 615 3
381 615 2
382 615 1
387 615 1
388 615 2
389 615 1
393 615 2
395 615 3
396 615 1
397 615 1
398 615 2
399 615 2
407 615 1
408 615 2
409 615 3
411 615 1
422 615 1
423 615 1
424 615 3
427 615 2
437 615 2
439 615 1
442 615 2
448 615 2
451 615 2
454 615 2
455 615 2
456 615 1
458 615 2
459 615 2
461 615 1
462 615 3
470 615 3
471 615 2
475 615 1
481 615 3
487 615 3
488 615 3
491 615 1
493 615 3
494 615 3
499 615 1
504 615 3
505 615 3
506 615 1
510 615 2
512 615 3
513 615 1
517 615 3
520 615 2
521 615 3
530 615 3
532 615 2
534 615 2
535 615 3
543 615 3
544 615 2
548 615 1
552 615 2
554 615 1
564 615 2
565 615 2
566 615 2
567 615 1
574 615 2
575 615 2
576 615 3
578 615 3
583 615 1
586 615 2
589 615 3
591 615 2
596 615 2
603 615 3
606 615 2
607 615 2
608 615 3
610 615 3
611 615 2
613 615 3
615 615 1
616 615 3
619 615 2
620 615 1
621 615 3
622 615 3
623 615 1
631 615 1
634 615 1
636 615 3
638 615 2
645 615 3
646 615 3
653 615 2
661 615 1
667 615 3
668 615 1
673 615 2
682 615 2
685 615 1
686 615 3
689 615 3
690 615 3
700 615 1
707 615 1
708 615 3
709 615 3
725 615 1
727 615 2
730 615 3
739 615 1
745 615 2
746 615 1
748 615 2
750 615 3
751 615 2
755 615 2
756 615 2
759 615 3
765 615 3
769 615 1
771 615 3
776 615 3
786 615 3
788 615 3
794 615 2
795 615 3
796 615 2
804 615 2
805 615 1
806 615 3
807 615 3
812 615 3
813 615 3
816 615 3
817 615 1
819 615 2
824 615 2
825 615 2
830 615 3
835 615 2
836 615 3
840 615 3
841 615 1
842 615 3
843 615 3
852 615 1
856 615 1
861 615 3
863 615 2
869 615 1
870 615 3
871 615 2
874 615 2
875 615 3
876 615 1
878 615 2
881 615 2
888 615 2
890 615 1
893 615 3
897 615 2
898 615 1
899 615 1
900 615 2
901 615 2
905 615 2
907 615 3
912 615 3
919 615 1
921 615 2
923 615 3
928 615 2
931 615 2
938 615 2
940 615 3
942 615 1
950 615 3
951 615 1
956 615 1
959 615 3
961 615 1
963 615 2
967 615 3
972 615 1
975 615 1
977 615 1
983 615 1
985 615 1
989 615 1
996 615 2
999 615 1
1 616 3
5 616 2
6 616 2
7 616 3
8 616 1
11 616 2
12 616 1
14 616 1
19 616 3
20 616 1
24 616 1
26 616 3
29 616 3
33 616 1
41 616 1
43 616 3
44 616 3
45 616 1
48 616 3
49 616 3
52 616 1
60 616 1
62 616 3
66 616 3
69 616 3
72 616 3
78 616 2
81 616 3
85 616 1
87 616 3
91 616 3
92 616 1
93 616 3
105 616 1
107 616 1
115 616 2
116 616 3
123 616 3
125 616 2
126 616 2
127 616 2
129 616 3
130 616 3
132 616 1
134 616 2
135 616 3
137 616 1
139 616 3
140 616 1
141 616 1
146 616 2
148 616 2
152 616 3
154 616 2
163 616 2
164 616 1
166 616 1
172 616 3
182 616 3
183 616 2
185 616 2
188 616 1
191 616 1
194 616 3
195 616 1
196 616 1
199 616 1
204 616 2
207 616 2
209 616 3
211 616 3
214 616 2
215 616 1
220 616 3
224 616 3
227 616 1
228 616 2
230 616 3
233 616 1
234 616 1
235 616 1
240 616 1
243 616 2
244 616 2
248 616 1
253 616 1
256 616 3
257 616 3
259 616 2
267 616 2
274 616 3
277 616 3
279 616 1
281 616 3
282 616 3
284 616 3
290 616 2
291 616 3
300 616 1
301 616 2
308 616 2
316 616 1
317 616 2
319 616 1
321 616 2
322 616 1
325 616 3
327 616 2
328 616 2
331 616 1
336 616 2
337 616 1
338 616 2
339 616 2
340 616 2
344 616 2
350 616 2
351 616 1
352 616 2
354 616 2
355 616 1
358 616 2
362 616 1
365 616 2
367 616 3
368 616 3
370 616 2
372 616 1
375 616 3
390 616 3
391 616 2
392 616 3
395 616 1
396 616 2
400 616 1
402 616 1
403 616 1
405 616 1
407 616 1
408 616 1
411 616 2
413 616 1
418 616 3
421 616 1
423 616 2
442 616 3
445 616 3
447 616 3
448 616 3
455 616 1
459 616 2
464 616 2
468 616 2
475 616 3
480 616 2
485 616 1
486 616 2
489 616 3
492 616 1
494 616 2
496 616 2
497 616 2
498 616 1
499 616 1
504 616 3
505 616 3
507 616 1
510 616 1
511 616 2
512 616 3
517 616 2
518 616 1
532 616 1
540 616 3
541 616 3
542 616 3
545 616 2
551 616 2
552 616 2
555 616 1
557 616 2
558 616 3
559 616 2
560 616 1
561 616 2
564 616 1
565 616 1
568 616 1
570 616 3
572 616 2
577 616 1
578 616 1
585 616 1
591 616 2
593 616 1
599 616 3
601 616 1
603 616 2
607 616 3
608 616 3
609 616 1
611 616 1
613 616 3
615 616 3
617 616 1
618 616 3
620 616 2
626 616 3
628 616 2
629 616 1
644 616 1
647 616 3
648 616 3
652 616 3
656 616 2
657 616 3
658 616 2
659 616 2
665 616 3
666 616 3
668 616 1
672 616 3
674 616 2
679 616 1
681 616 2
684 616 1
687 616 1
688 616 3
692 616 3
695 616 2
696 616 3
699 616 3
700 616 3
701 616 3
703 616 2
708 616 1
712 616 1
714 616 1
715 616 3
718 616 1
721 616 2
728 616 2
729 616 1
730 616 2
734 616 2
735 616 3
749 616 1
752 616 1
757 616 3
760 616 1
761 616 2
762 616 1
768 616 2
769 616 2
774 616 2
777 616 1
785 616 3
786 616 3
794 616 3
