363 528 2
364 528 3
367 528 3
370 528 3
377 528 2
378 528 3
380 528 2
381 528 3
385 528 2
388 528 1
391 528 3
393 528 1
396 528 3
397 528 3
398 528 1
399 528 3
403 528 2
410 528 1
413 528 2
416 528 3
418 528 2
420 528 1
428 528 3
429 528 1
443 528 1
444 528 1
446 528 1
448 528 1
449 528 1
450 528 2
454 528 3
455 528 1
456 528 3
463 528 2
464 528 2
471 528 2
472 528 2
477 528 1
480 528 1
484 528 1
485 528 1
488 528 3
489 528 3
491 528 1
493 528 2
496 528 1
497 528 1
510 528 3
511 528 2
517 528 2
518 528 2
522 528 3
524 528 1
530 528 2
532 528 3
537 528 2
539 528 1
540 528 3
543 528 2
549 528 2
553 528 1
555 528 1
559 528 2
560 528 1
562 528 3
563 528 2
564 528 2
567 528 1
568 528 1
569 528 3
576 528 3
577 528 1
578 528 1
584 528 3
585 528 2
587 528 1
589 528 2
594 528 2
603 528 3
607 528 2
609 528 2
611 528 1
615 528 1
619 528 2
621 528 1
622 528 2
628 528 3
630 528 1
631 528 3
632 528 1
637 528 2
638 528 3
639 528 1
642 528 3
643 528 2
644 528 3
648 528 2
650 528 3
651 528 1
652 528 2
661 528 3
662 528 1
663 528 1
664 528 3
665 528 2
667 528 1
671 528 1
679 528 2
683 528 3
684 528 1
687 528 2
689 528 2
690 528 1
693 528 1
706 528 3
707 528 3
708 528 3
711 528 2
712 528 3
713 528 3
716 528 3
720 528 2
721 528 1
722 528 2
723 528 1
731 528 2
732 528 3
733 528 3
734 528 1
735 528 1
741 528 3
742 528 3
744 528 2
746 528 1
753 528 3
762 528 3
763 528 3
764 528 2
765 528 3
769 528 2
770 528 1
771 528 2
773 528 2
775 528 2
777 528 2
778 528 3
781 528 2
783 528 3
784 528 3
786 528 2
788 528 1
789 528 3
790 528 1
794 528 1
797 528 2
805 528 1
806 528 3
807 528 1
811 528 1
812 528 2
816 528 3
819 528 1
824 528 1
825 528 3
826 528 2
827 528 3
829 528 2
833 528 3
837 528 3
838 528 3
840 528 1
843 528 1
844 528 1
845 528 1
847 528 1
848 528 1
849 528 1
852 528 2
854 528 3
866 528 3
867 528 2
869 528 3
872 528 3
873 528 2
876 528 1
877 528 3
883 528 3
888 528 2
892 528 1
894 528 2
895 528 2
897 528 3
903 528 1
910 528 3
914 528 2
915 528 3
917 528 3
918 528 3
921 528 2
923 528 2
925 528 1
928 528 3
931 528 3
937 528 2
939 528 2
940 528 2
942 528 1
947 528 2
955 528 2
958 528 2
970 528 2
977 528 3
979 528 2
980 528 3
981 528 1
985 528 1
986 528 2
992 528 3
993 528 3
994 528 3
995 528 3
997 528 2
998 528 3
999 528 1
2 529 2
3 529 3
13 529 2
15 529 2
18 529 2
22 529 3
23 529 3
27 529 1
31 529 1
32 529 2
35 529 3
37 529 2
38 529 3
41 529 1
42 529 3
47 529 2
50 529 1
55 529 2
56 529 2
57 529 2
59 529 3
61 529 3
63 529 2
66 529 3
68 529 1
71 529 2
75 529 3
81 529 1
84 529 3
87 529 1
88 529 2
90 529 2
92 529 3
94 529 2
95 529 3
96 529 1
97 529 2
102 529 2
107 529 1
108 529 1
116 529 3
119 529 2
124 529 2
126 529 2
127 529 3
130 529 2
131 529 1
132 529 2
138 529 3
142 529 2
143 529 3
150 529 2
151 529 1
153 529 1
154 529 3
155 529 2
165 529 1
167 529 3
169 529 1
170 529 2
171 529 3
173 529 1
174 529 1
177 529 3
178 529 3
188 529 3
189 529 1
195 529 1
197 529 3
203 529 2
205 529 3
211 529 1
217 529 2
218 529 3
219 529 1
223 529 3
227 529 2
230 529 1
233 529 1
235 529 1
236 529 3
238 529 1
240 529 2
241 529 1
243 529 3
248 529 2
252 529 2
254 529 3
257 529 3
258 529 2
263 529 3
265 529 2
268 529 1
269 529 2
273 529 1
276 529 1
281 529 3
284 529 3
285 529 1
287 529 3
291 529 1
293 529 3
298 529 3
299 529 1
301 529 3
303 529 1
311 529 3
314 529 3
320 529 1
326 529 3
329 529 1
332 529 1
335 529 2
336 529 1
337 529 2
338 529 2
341 529 2
347 529 2
350 529 1
352 529 2
354 529 3
359 529 1
361 529 2
363 529 1
366 529 1
369 529 1
370 529 1
373 529 2
376 529 1
392 529 1
394 529 3
396 529 2
398 529 1
399 529 2
400 529 1
401 529 3
403 529 2
411 529 3
412 529 1
413 529 3
417 529 1
420 529 2
422 529 3
423 529 2
430 529 2
432 529 1
433 529 1
438 529 1
439 529 3
441 529 3
442 529 1
443 529 1
445 529 2
449 529 1
452 529 3
454 529 1
455 529 1
462 529 2
463 529 1
468 529 2
473 529 2
475 529 2
478 529 3
480 529 2
487 529 2
489 529 2
494 529 2
499 529 3
502 529 2
508 529 3
510 529 3
513 529 3
517 529 1
522 529 2
523 529 2
525 529 1
527 529 1
529 529 2
530 529 3
532 529 2
533 529 1
538 529 1
545 529 2
546 529 3
553 529 1
555 529 1
556 529 3
559 529 3
562 529 1
564 529 1
565 529 1
568 529 1
569 529 3
571 529 1
573 529 1
575 529 1
577 529 3
580 529 2
581 529 3
582 529 2
584 529 3
589 529 2
592 529 3
600 529 2
601 529 3
603 529 1
605 529 2
606 529 1
607 529 1
609 529 3
610 529 2
613 529 2
614 529 2
623 529 1
627 529 3
632 529 2
633 529 3
635 529 1
636 529 3
637 529 1
638 529 2
650 529 1
655 529 2
663 529 1
666 529 1
668 529 1
671 529 3
672 529 1
674 529 2
678 529 1
679 529 1
682 529 1
685 529 2
687 529 1
688 529 2
690 529 3
691 529 2
697 529 3
698 529 1
701 529 2
703 529 3
704 529 1
707 529 2
708 529 2
710 529 1
711 529 1
713 529 2
714 529 1
716 529 2
718 529 1
722 529 3
726 529 1
729 529 2
731 529 2
733 529 1
735 529 3
736 529 1
737 529 1
738 529 1
742 529 1
747 529 2
749 529 2
754 529 2
756 529 1
758 529 3
759 529 3
760 529 3
767 529 2
769 529 3
774 529 3
777 529 1
781 529 3
788 529 2
791 529 1
792 529 3
794 529 3
800 529 2
805 529 1
808 529 2
809 529 3
813 529 1
818 529 2
821 529 2
824 529 1
827 529 3
830 529 1
839 529 3
846 529 3
855 529 2
856 529 2
858 529 3
860 529 3
861 529 2
864 529 1
866 529 2
870 529 2
876 529 2
880 529 3
882 529 3
883 529 1
885 529 2
891 529 3
895 529 1
900 529 1
901 529 3
902 529 2
903 529 2
904 529 1
909 529 3
914 529 1
918 529 1
919 529 2
925 529 3
927 529 1
928 529 2
932 529 2
935 529 2
936 529 1
938 529 2
943 529 1
944 529 2
946 529 2
953 529 3
957 529 1
960 529 3
962 529 2
971 529 1
978 529 3
979 529 2
983 529 3
985 529 3
992 529 2
996 529 3
997 529 3
1 530 2
3 530 1
5 530 1
12 530 3
14 530 3
17 530 3
24 530 1
28 530 3
29 530 1
33 530 3
40 530 2
41 530 1
42 530 2
44 530 1
47 530 1
49 530 3
50 530 1
55 530 2
57 530 3
58 530 3
60 530 2
61 530 2
63 530 2
64 530 3
66 530 1
68 530 1
69 530 2
72 530 2
77 530 2
82 530 2
83 530 1
86 530 1
90 530 2
91 530 2
95 530 1
96 530 1
98 530 3
102 530 3
103 530 3
104 530 3
106 530 3
109 530 3
117 530 3
120 530 1
128 530 2
129 530 1
130 530 2
131 530 3
133 530 1
137 530 2
138 530 2
140 530 1
141 530 3
148 530 3
151 530 1
157 530 3
160 530 2
163 530 2
167 530 2
168 530 1
169 530 2
170 530 1
172 530 3
176 530 2
178 530 2
181 530 1
183 530 2
184 530 1
185 530 2
186 530 2
187 530 1
188 530 2
192 530 2
199 530 1
201 530 2
207 530 3
213 530 1
216 530 2
217 530 2
219 530 1
225 530 2
226 530 1
234 530 3
237 530 1
241 530 1
242 530 2
248 530 3
251 530 3
255 530 1
257 530 1
261 530 3
263 530 2
266 530 3
267 530 3
270 530 1
271 530 3
273 530 1
274 530 1
276 530 1
287 530 3
290 530 2
293 530 2
294 530 1
297 530 2
298 530 2
303 530 3
308 530 2
309 530 3
