188 20 3
190 20 3
194 20 2
200 20 3
202 20 2
212 20 3
214 20 2
217 20 1
218 20 2
221 20 1
222 20 2
227 20 2
229 20 2
240 20 2
241 20 3
242 20 3
246 20 2
252 20 3
255 20 3
256 20 3
259 20 3
261 20 3
263 20 2
264 20 3
267 20 3
268 20 2
273 20 3
274 20 2
278 20 3
279 20 2
280 20 3
291 20 3
295 20 3
307 20 2
308 20 3
310 20 2
311 20 1
312 20 1
313 20 1
314 20 1
315 20 3
321 20 3
331 20 2
332 20 3
333 20 3
336 20 3
337 20 1
341 20 1
342 20 3
343 20 1
347 20 2
352 20 3
356 20 2
357 20 2
362 20 1
367 20 3
368 20 1
370 20 1
372 20 1
374 20 3
375 20 1
378 20 2
379 20 3
382 20 2
386 20 1
390 20 3
395 20 2
397 20 2
401 20 2
402 20 2
414 20 3
416 20 3
419 20 3
424 20 2
427 20 3
431 20 3
434 20 1
438 20 3
440 20 1
449 20 2
451 20 3
452 20 2
453 20 1
455 20 3
458 20 3
463 20 1
465 20 3
466 20 2
469 20 3
470 20 1
480 20 2
481 20 3
487 20 3
490 20 3
493 20 2
497 20 3
500 20 1
506 20 3
508 20 3
511 20 1
515 20 3
516 20 3
518 20 3
519 20 1
531 20 3
535 20 1
537 20 3
538 20 1
542 20 2
544 20 1
546 20 1
548 20 2
550 20 3
554 20 2
563 20 3
565 20 2
566 20 1
567 20 1
568 20 2
573 20 1
574 20 2
575 20 2
576 20 1
578 20 3
579 20 1
580 20 2
583 20 3
585 20 2
588 20 3
594 20 1
598 20 1
599 20 2
606 20 1
608 20 2
611 20 1
618 20 1
619 20 3
621 20 2
622 20 3
626 20 2
627 20 2
628 20 1
636 20 1
637 20 3
641 20 1
644 20 3
645 20 3
646 20 1
648 20 2
652 20 3
653 20 2
656 20 3
663 20 3
664 20 3
672 20 1
673 20 2
674 20 1
677 20 2
678 20 1
679 20 1
682 20 2
684 20 2
686 20 3
688 20 3
689 20 2
691 20 1
693 20 2
701 20 1
704 20 1
708 20 2
710 20 1
712 20 2
713 20 3
715 20 3
717 20 3
721 20 3
724 20 1
727 20 1
729 20 3
730 20 2
737 20 1
740 20 3
744 20 2
748 20 2
752 20 3
755 20 2
756 20 3
759 20 2
761 20 1
763 20 2
771 20 1
784 20 3
787 20 1
788 20 1
790 20 1
796 20 1
799 20 3
802 20 2
805 20 1
806 20 3
808 20 2
809 20 3
813 20 3
815 20 3
818 20 2
821 20 3
828 20 1
833 20 2
837 20 1
840 20 2
842 20 1
843 20 1
848 20 2
849 20 3
850 20 2
853 20 1
855 20 2
859 20 2
862 20 1
864 20 1
865 20 2
867 20 2
869 20 3
872 20 3
873 20 3
875 20 1
877 20 3
879 20 3
890 20 2
893 20 1
899 20 1
901 20 2
904 20 2
905 20 2
907 20 1
908 20 2
912 20 1
917 20 1
919 20 2
920 20 1
921 20 1
927 20 1
929 20 1
932 20 1
939 20 2
943 20 1
947 20 2
951 20 2
954 20 2
955 20 2
960 20 3
963 20 3
966 20 1
968 20 2
976 20 2
982 20 2
983 20 1
984 20 3
988 20 1
989 20 2
992 20 2
994 20 3
995 20 1
2 21 1
5 21 3
7 21 2
10 21 3
13 21 3
14 21 3
16 21 2
18 21 2
21 21 2
27 21 3
30 21 3
34 21 1
35 21 1
37 21 1
38 21 3
49 21 2
62 21 3
65 21 2
66 21 2
69 21 3
76 21 3
77 21 3
78 21 3
79 21 2
80 21 2
82 21 1
90 21 1
93 21 2
94 21 2
98 21 1
99 21 2
101 21 2
105 21 3
110 21 2
112 21 1
114 21 2
115 21 3
117 21 1
123 21 3
133 21 3
135 21 3
139 21 2
140 21 2
142 21 3
147 21 3
150 21 3
152 21 1
155 21 1
159 21 3
165 21 2
167 21 2
171 21 2
172 21 2
174 21 1
175 21 2
176 21 2
181 21 3
184 21 2
186 21 3
187 21 1
189 21 2
194 21 1
195 21 2
197 21 1
199 21 3
202 21 2
207 21 2
208 21 2
209 21 1
210 21 1
211 21 3
212 21 1
220 21 2
221 21 1
223 21 1
225 21 2
231 21 1
234 21 1
238 21 2
240 21 1
242 21 1
244 21 2
248 21 2
249 21 1
255 21 2
256 21 1
258 21 1
266 21 2
267 21 3
271 21 2
272 21 3
274 21 2
276 21 2
279 21 3
284 21 1
285 21 2
286 21 3
288 21 1
301 21 3
305 21 1
308 21 1
311 21 3
312 21 1
314 21 2
317 21 3
319 21 2
323 21 3
324 21 2
325 21 1
327 21 2
329 21 3
330 21 1
333 21 1
334 21 1
335 21 2
338 21 3
342 21 2
345 21 3
346 21 2
349 21 1
353 21 3
356 21 1
357 21 1
359 21 3
362 21 3
363 21 3
365 21 3
367 21 2
368 21 1
369 21 2
374 21 1
379 21 1
380 21 1
382 21 2
385 21 3
386 21 2
391 21 1
394 21 3
395 21 3
397 21 2
398 21 1
401 21 1
402 21 3
404 21 3
405 21 3
406 21 1
409 21 2
413 21 3
414 21 2
416 21 3
417 21 3
422 21 2
428 21 2
429 21 3
433 21 3
436 21 2
437 21 3
438 21 2
439 21 3
440 21 3
444 21 2
445 21 1
446 21 3
448 21 1
453 21 1
455 21 2
464 21 1
469 21 3
471 21 1
474 21 1
477 21 2
478 21 1
483 21 2
489 21 3
492 21 3
497 21 2
498 21 3
507 21 3
511 21 1
513 21 1
518 21 1
521 21 2
524 21 3
525 21 1
529 21 2
534 21 1
536 21 2
540 21 1
547 21 3
548 21 2
549 21 2
556 21 2
560 21 3
561 21 1
565 21 1
566 21 1
573 21 2
574 21 1
575 21 3
576 21 2
581 21 3
583 21 1
585 21 1
586 21 3
587 21 2
589 21 2
590 21 1
605 21 2
606 21 3
609 21 2
610 21 1
615 21 1
617 21 3
624 21 2
628 21 1
629 21 2
630 21 1
633 21 2
634 21 2
640 21 1
654 21 1
659 21 3
662 21 3
664 21 1
673 21 1
677 21 1
684 21 1
685 21 2
687 21 1
689 21 3
692 21 2
696 21 3
697 21 1
701 21 2
706 21 2
707 21 1
709 21 2
711 21 3
712 21 3
718 21 3
721 21 1
729 21 3
730 21 3
737 21 3
739 21 1
741 21 2
744 21 2
745 21 1
746 21 2
748 21 1
749 21 2
750 21 3
751 21 3
754 21 1
756 21 1
757 21 1
762 21 1
765 21 3
767 21 2
768 21 1
775 21 2
776 21 2
779 21 3
780 21 1
783 21 1
786 21 3
787 21 2
793 21 2
795 21 3
797 21 2
799 21 3
800 21 2
813 21 1
815 21 3
818 21 2
824 21 3
830 21 3
832 21 3
834 21 3
835 21 2
839 21 1
840 21 1
850 21 2
852 21 3
853 21 3
858 21 2
861 21 3
862 21 2
867 21 3
868 21 1
869 21 1
870 21 1
874 21 3
875 21 1
879 21 2
883 21 1
887 21 2
890 21 1
891 21 1
892 21 3
894 21 3
901 21 3
902 21 1
904 21 1
905 21 1
907 21 3
909 21 2
914 21 2
915 21 3
918 21 1
919 21 3
920 21 3
921 21 1
923 21 1
925 21 3
928 21 1
929 21 3
938 21 3
942 21 3
945 21 1
946 21 2
949 21 1
951 21 2
955 21 1
956 21 3
957 21 3
961 21 3
963 21 3
969 21 3
975 21 2
976 21 2
977 21 3
978 21 3
980 21 2
981 21 3
982 21 2
988 21 3
1 22 2
2 22 2
6 22 1
13 22 1
16 22 3
18 22 3
20 22 1
23 22 2
25 22 3
27 22 1
29 22 3
32 22 2
33 22 1
37 22 2
41 22 1
50 22 3
55 22 3
67 22 1
69 22 3
70 22 3
73 22 2
76 22 2
80 22 1
85 22 1
87 22 1
89 22 2
91 22 2
94 22 2
95 22 2
97 22 3
99 22 3
100 22 2
103 22 1
105 22 3
106 22 3
107 22 3
109 22 1
114 22 2
118 22 2
121 22 1
123 22 1
132 22 3
134 22 3
136 22 2
140 22 2
141 22 2
149 22 1
150 22 1
152 22 2
153 22 1
156 22 3
157 22 2
158 22 1
162 22 3
163 22 2
167 22 2
168 22 1
169 22 1
170 22 1
172 22 3
173 22 1
184 22 1
186 22 2
190 22 2
192 22 2
196 22 1
