734 85 2
735 85 3
740 85 3
745 85 2
749 85 1
750 85 1
751 85 1
756 85 3
758 85 1
762 85 3
764 85 3
768 85 3
770 85 1
771 85 1
776 85 1
777 85 2
782 85 2
785 85 1
789 85 3
790 85 2
792 85 2
800 85 2
803 85 3
804 85 1
809 85 3
811 85 1
817 85 2
819 85 3
820 85 2
826 85 2
829 85 3
831 85 2
836 85 2
842 85 2
847 85 2
858 85 2
860 85 2
863 85 3
865 85 2
867 85 3
869 85 3
870 85 2
871 85 2
876 85 3
879 85 2
889 85 3
891 85 3
892 85 1
896 85 2
900 85 1
901 85 3
902 85 2
906 85 1
907 85 3
908 85 3
909 85 3
912 85 2
916 85 1
919 85 2
920 85 2
924 85 2
931 85 3
934 85 2
937 85 1
938 85 3
940 85 3
941 85 2
942 85 1
945 85 2
946 85 1
947 85 1
954 85 3
960 85 2
966 85 2
968 85 1
970 85 2
971 85 3
976 85 2
980 85 3
982 85 2
984 85 2
986 85 3
989 85 2
990 85 1
992 85 3
994 85 3
996 85 3
997 85 1
999 85 3
1 86 2
4 86 3
5 86 3
6 86 1
11 86 3
21 86 1
23 86 3
34 86 2
35 86 1
40 86 1
41 86 2
42 86 2
51 86 1
57 86 3
58 86 3
59 86 3
62 86 3
64 86 1
65 86 2
76 86 2
78 86 2
83 86 1
85 86 1
86 86 3
88 86 2
93 86 3
99 86 3
101 86 3
103 86 1
107 86 1
117 86 2
123 86 2
124 86 1
125 86 2
128 86 1
129 86 3
131 86 2
135 86 3
137 86 1
140 86 2
141 86 3
142 86 1
144 86 2
146 86 2
155 86 1
156 86 1
157 86 3
163 86 2
169 86 3
170 86 3
171 86 1
174 86 3
176 86 1
179 86 3
184 86 1
186 86 1
188 86 1
196 86 2
201 86 2
202 86 2
206 86 1
208 86 1
209 86 3
210 86 1
214 86 1
218 86 1
221 86 2
222 86 1
223 86 1
228 86 3
232 86 1
235 86 1
236 86 3
247 86 3
250 86 2
257 86 1
260 86 3
261 86 1
263 86 2
264 86 3
265 86 1
267 86 1
268 86 3
277 86 3
278 86 3
284 86 2
285 86 3
289 86 2
291 86 2
292 86 3
303 86 2
304 86 2
305 86 2
306 86 2
308 86 3
311 86 1
316 86 2
317 86 2
320 86 2
321 86 1
327 86 3
328 86 1
331 86 3
335 86 3
337 86 2
346 86 2
350 86 3
351 86 1
354 86 2
355 86 2
360 86 3
365 86 2
368 86 1
369 86 3
372 86 1
373 86 1
374 86 2
379 86 3
383 86 2
384 86 1
387 86 2
388 86 3
389 86 2
391 86 3
394 86 1
396 86 3
398 86 1
399 86 3
403 86 3
404 86 2
405 86 3
406 86 1
411 86 1
414 86 1
416 86 1
419 86 3
425 86 1
426 86 1
429 86 1
430 86 3
432 86 1
434 86 1
435 86 1
436 86 2
438 86 1
440 86 3
444 86 3
445 86 2
448 86 3
451 86 1
454 86 2
455 86 2
457 86 2
458 86 2
459 86 2
460 86 2
462 86 2
467 86 3
468 86 1
471 86 1
475 86 2
484 86 2
485 86 2
486 86 2
489 86 3
490 86 3
491 86 1
494 86 3
496 86 2
500 86 3
504 86 1
507 86 2
508 86 1
510 86 1
512 86 2
513 86 2
517 86 2
524 86 1
526 86 3
527 86 3
530 86 1
533 86 3
534 86 1
535 86 3
537 86 2
539 86 1
542 86 3
547 86 1
550 86 1
557 86 3
566 86 1
569 86 1
572 86 1
573 86 3
575 86 3
576 86 1
587 86 3
588 86 2
591 86 1
593 86 1
598 86 1
599 86 2
600 86 1
610 86 1
611 86 2
613 86 3
616 86 3
619 86 2
621 86 3
623 86 1
629 86 1
631 86 3
632 86 2
633 86 2
634 86 2
636 86 1
637 86 3
638 86 3
640 86 3
641 86 3
643 86 1
651 86 2
652 86 1
656 86 3
657 86 1
659 86 3
662 86 2
663 86 3
664 86 3
666 86 2
667 86 2
669 86 1
670 86 1
674 86 1
676 86 3
680 86 1
684 86 3
694 86 2
698 86 3
703 86 3
707 86 2
712 86 3
724 86 3
725 86 2
727 86 2
728 86 1
732 86 2
734 86 2
737 86 2
738 86 1
739 86 3
742 86 1
744 86 3
747 86 1
753 86 1
754 86 1
756 86 2
760 86 3
766 86 2
768 86 3
777 86 3
778 86 3
781 86 2
783 86 1
785 86 2
786 86 3
790 86 2
799 86 3
800 86 2
801 86 1
802 86 1
807 86 2
809 86 3
822 86 1
823 86 1
824 86 3
827 86 1
828 86 1
829 86 2
831 86 1
833 86 2
839 86 3
843 86 3
844 86 1
845 86 3
846 86 2
848 86 2
852 86 2
853 86 3
857 86 2
858 86 2
862 86 2
865 86 2
868 86 2
870 86 1
873 86 3
875 86 1
879 86 3
880 86 1
888 86 2
889 86 2
893 86 2
897 86 3
900 86 2
902 86 1
903 86 1
907 86 2
908 86 2
911 86 3
912 86 3
913 86 2
915 86 2
917 86 3
919 86 1
920 86 1
931 86 2
936 86 2
938 86 1
941 86 1
945 86 3
949 86 2
951 86 1
959 86 3
960 86 3
963 86 1
964 86 3
965 86 1
970 86 3
972 86 2
981 86 3
983 86 2
985 86 1
991 86 3
993 86 3
999 86 3
2 87 3
3 87 3
7 87 2
8 87 2
10 87 2
11 87 3
13 87 1
14 87 1
16 87 3
21 87 3
26 87 2
30 87 2
31 87 2
33 87 3
36 87 2
37 87 3
39 87 1
42 87 3
44 87 3
48 87 1
49 87 1
52 87 1
57 87 2
60 87 1
63 87 1
64 87 2
65 87 3
69 87 1
77 87 2
84 87 2
85 87 2
86 87 1
88 87 3
91 87 1
94 87 2
96 87 2
100 87 1
103 87 1
104 87 1
106 87 3
109 87 3
119 87 1
123 87 1
124 87 2
135 87 2
137 87 1
139 87 2
141 87 3
143 87 3
144 87 2
146 87 2
148 87 1
150 87 3
151 87 1
155 87 2
160 87 3
165 87 2
170 87 3
172 87 3
173 87 3
174 87 2
175 87 2
187 87 2
194 87 3
198 87 3
200 87 1
205 87 1
206 87 1
210 87 3
216 87 1
219 87 1
221 87 1
223 87 2
224 87 3
226 87 2
227 87 2
229 87 2
232 87 3
233 87 1
234 87 3
243 87 2
249 87 1
251 87 2
253 87 1
259 87 3
261 87 1
264 87 3
267 87 3
268 87 1
269 87 3
272 87 3
273 87 1
283 87 2
292 87 3
297 87 3
299 87 1
301 87 1
304 87 3
307 87 1
311 87 2
312 87 2
321 87 3
322 87 1
324 87 2
325 87 1
331 87 3
343 87 3
353 87 3
355 87 1
356 87 2
363 87 3
365 87 2
367 87 2
370 87 3
376 87 1
377 87 1
378 87 3
379 87 3
383 87 3
384 87 3
386 87 1
387 87 1
389 87 3
390 87 2
395 87 3
397 87 2
398 87 3
399 87 1
401 87 1
402 87 2
406 87 1
408 87 1
411 87 1
432 87 2
435 87 3
442 87 3
445 87 1
447 87 1
448 87 3
456 87 1
457 87 3
462 87 3
464 87 3
466 87 2
467 87 2
469 87 2
472 87 2
476 87 3
477 87 1
479 87 1
481 87 1
482 87 1
483 87 2
484 87 1
485 87 2
491 87 3
501 87 3
504 87 3
505 87 1
506 87 3
507 87 1
508 87 3
509 87 2
512 87 1
517 87 2
519 87 1
521 87 2
522 87 3
523 87 1
525 87 2
527 87 2
529 87 2
531 87 1
532 87 3
534 87 1
538 87 2
544 87 2
547 87 1
555 87 1
557 87 3
559 87 3
564 87 2
568 87 2
571 87 2
572 87 3
573 87 3
574 87 1
584 87 2
595 87 1
602 87 2
606 87 2
612 87 3
614 87 3
615 87 2
617 87 2
618 87 1
619 87 2
620 87 1
622 87 1
624 87 3
629 87 2
630 87 2
632 87 3
635 87 3
639 87 1
643 87 3
644 87 1
651 87 3
652 87 2
653 87 3
654 87 3
656 87 2
659 87 2
660 87 3
661 87 2
662 87 3
663 87 1
664 87 2
665 87 1
666 87 1
669 87 3
682 87 3
685 87 3
687 87 3
691 87 3
695 87 1
696 87 3
697 87 3
699 87 3
700 87 1
701 87 2
704 87 1
706 87 1
711 87 2
712 87 3
714 87 1
717 87 3
718 87 1
720 87 2
723 87 3
727 87 2
738 87 2
