305 275 1
306 275 1
310 275 1
311 275 3
314 275 1
316 275 1
323 275 1
326 275 3
334 275 3
335 275 1
339 275 1
343 275 3
344 275 3
345 275 3
351 275 3
352 275 3
362 275 2
366 275 2
376 275 3
377 275 1
378 275 2
379 275 1
382 275 2
383 275 1
385 275 3
386 275 1
387 275 1
389 275 2
395 275 3
408 275 3
411 275 1
412 275 2
415 275 1
416 275 2
418 275 1
423 275 1
424 275 3
426 275 2
427 275 3
433 275 3
435 275 1
436 275 2
439 275 1
444 275 1
449 275 2
453 275 2
454 275 1
455 275 3
456 275 1
460 275 1
462 275 2
466 275 1
468 275 3
480 275 3
481 275 2
485 275 1
486 275 1
488 275 2
489 275 3
490 275 3
501 275 3
515 275 1
518 275 2
519 275 1
526 275 1
529 275 1
530 275 2
531 275 2
532 275 2
533 275 2
535 275 2
539 275 1
540 275 2
542 275 1
544 275 3
545 275 3
549 275 2
550 275 2
556 275 3
557 275 2
558 275 2
561 275 3
562 275 3
563 275 2
564 275 3
566 275 2
570 275 2
573 275 1
577 275 3
582 275 1
585 275 3
587 275 3
588 275 1
593 275 2
594 275 2
597 275 1
601 275 3
603 275 2
606 275 3
607 275 2
608 275 2
614 275 2
617 275 1
618 275 1
619 275 3
621 275 2
626 275 2
637 275 3
639 275 1
640 275 3
645 275 2
654 275 1
657 275 3
659 275 2
662 275 1
663 275 2
666 275 1
667 275 1
675 275 3
677 275 3
681 275 1
686 275 2
689 275 2
694 275 1
695 275 2
697 275 3
698 275 3
699 275 2
701 275 2
708 275 2
710 275 1
711 275 1
712 275 3
715 275 1
717 275 2
719 275 1
722 275 1
728 275 3
730 275 1
732 275 1
733 275 3
738 275 2
741 275 3
746 275 3
748 275 3
751 275 1
760 275 3
762 275 2
765 275 1
766 275 3
774 275 1
776 275 2
779 275 3
782 275 1
783 275 3
785 275 1
787 275 1
789 275 1
790 275 2
792 275 3
794 275 3
795 275 2
796 275 2
800 275 2
803 275 2
805 275 3
808 275 1
809 275 2
810 275 1
812 275 3
814 275 1
815 275 2
816 275 3
817 275 3
818 275 3
824 275 2
829 275 2
830 275 1
838 275 1
839 275 3
844 275 2
845 275 2
846 275 1
847 275 1
849 275 1
851 275 1
854 275 1
856 275 3
857 275 2
859 275 3
860 275 1
869 275 1
877 275 1
886 275 3
887 275 3
894 275 1
897 275 2
898 275 1
900 275 1
901 275 2
903 275 2
904 275 1
905 275 2
907 275 2
910 275 3
919 275 2
920 275 1
923 275 2
924 275 1
925 275 3
926 275 3
929 275 1
930 275 2
931 275 1
932 275 1
934 275 3
937 275 1
940 275 3
943 275 2
945 275 3
946 275 3
958 275 3
959 275 3
968 275 3
970 275 3
974 275 2
975 275 3
985 275 3
989 275 2
994 275 3
996 275 2
997 275 2
999 275 3
4 276 1
11 276 3
12 276 2
13 276 1
16 276 1
19 276 1
20 276 1
21 276 2
25 276 3
26 276 2
27 276 1
35 276 2
37 276 1
42 276 2
45 276 1
51 276 2
52 276 3
53 276 2
54 276 3
55 276 2
56 276 3
68 276 2
69 276 2
70 276 2
71 276 2
77 276 1
78 276 3
81 276 3
96 276 1
98 276 2
102 276 3
105 276 1
110 276 3
113 276 1
114 276 1
115 276 2
116 276 2
117 276 3
118 276 1
120 276 1
121 276 2
123 276 1
125 276 2
128 276 2
130 276 1
135 276 2
138 276 2
140 276 2
143 276 1
145 276 3
150 276 3
152 276 1
153 276 2
154 276 1
157 276 3
159 276 2
164 276 2
165 276 3
166 276 2
172 276 3
173 276 2
179 276 3
184 276 1
188 276 2
189 276 1
196 276 3
199 276 1
203 276 1
206 276 2
208 276 3
209 276 2
210 276 3
215 276 3
217 276 3
218 276 1
226 276 3
227 276 3
232 276 1
233 276 2
234 276 1
236 276 1
244 276 3
245 276 3
253 276 3
257 276 2
261 276 2
264 276 2
267 276 3
271 276 3
273 276 1
276 276 3
277 276 1
281 276 3
284 276 1
285 276 2
287 276 3
288 276 2
289 276 1
290 276 1
293 276 3
295 276 2
296 276 3
298 276 3
302 276 1
309 276 3
312 276 3
317 276 2
319 276 1
323 276 3
325 276 3
326 276 1
334 276 3
335 276 2
336 276 1
337 276 2
340 276 2
343 276 2
344 276 1
350 276 1
353 276 2
354 276 1
356 276 1
359 276 1
361 276 3
366 276 1
367 276 1
369 276 3
370 276 1
371 276 3
373 276 2
374 276 1
381 276 2
382 276 1
388 276 2
392 276 1
400 276 3
406 276 1
410 276 2
411 276 2
415 276 2
417 276 2
418 276 1
421 276 1
424 276 2
425 276 3
427 276 1
428 276 2
437 276 3
439 276 3
441 276 1
445 276 3
446 276 2
451 276 3
453 276 1
454 276 2
456 276 3
457 276 3
458 276 2
461 276 2
464 276 1
465 276 3
466 276 3
469 276 1
476 276 2
483 276 3
485 276 3
486 276 2
487 276 3
491 276 2
493 276 3
499 276 1
501 276 1
503 276 3
506 276 1
510 276 2
523 276 1
525 276 1
526 276 1
534 276 3
536 276 2
537 276 3
541 276 1
544 276 3
545 276 2
554 276 2
557 276 1
558 276 1
561 276 1
563 276 2
568 276 1
570 276 1
572 276 2
573 276 3
585 276 1
592 276 1
597 276 1
606 276 3
612 276 2
613 276 1
618 276 3
621 276 1
624 276 1
627 276 2
634 276 2
637 276 3
639 276 1
640 276 2
645 276 3
648 276 1
650 276 2
651 276 2
653 276 3
655 276 1
656 276 3
659 276 3
660 276 1
662 276 3
670 276 2
671 276 2
673 276 3
675 276 2
678 276 1
679 276 1
680 276 3
682 276 1
684 276 2
692 276 3
693 276 2
700 276 1
705 276 2
707 276 3
710 276 3
714 276 3
716 276 2
721 276 2
731 276 2
733 276 1
735 276 2
746 276 1
747 276 3
749 276 2
756 276 1
766 276 3
767 276 3
770 276 1
773 276 1
782 276 3
785 276 1
789 276 1
796 276 3
797 276 2
800 276 1
801 276 2
802 276 2
808 276 2
812 276 1
813 276 2
816 276 2
818 276 2
822 276 1
826 276 2
827 276 2
828 276 3
834 276 2
835 276 1
837 276 3
840 276 2
842 276 3
848 276 2
852 276 1
854 276 2
855 276 3
856 276 1
858 276 3
860 276 3
865 276 3
868 276 1
869 276 2
871 276 2
873 276 3
874 276 1
875 276 2
876 276 1
879 276 1
884 276 1
887 276 2
889 276 3
893 276 3
894 276 1
895 276 2
903 276 2
908 276 2
911 276 2
912 276 2
914 276 3
916 276 3
919 276 1
925 276 2
926 276 3
929 276 3
930 276 3
936 276 2
937 276 2
939 276 2
942 276 2
943 276 3
951 276 1
952 276 2
956 276 2
969 276 3
971 276 2
978 276 3
982 276 2
987 276 1
989 276 1
993 276 1
994 276 3
996 276 1
0 277 2
2 277 3
7 277 1
9 277 1
15 277 1
18 277 2
19 277 2
20 277 2
24 277 2
29 277 1
31 277 3
32 277 2
35 277 1
36 277 1
37 277 3
43 277 2
45 277 1
51 277 3
53 277 3
57 277 3
58 277 3
59 277 2
60 277 2
61 277 1
62 277 1
63 277 1
64 277 2
66 277 1
67 277 1
68 277 3
72 277 1
74 277 2
76 277 2
77 277 3
78 277 3
79 277 2
82 277 2
83 277 2
85 277 3
86 277 2
89 277 1
100 277 2
101 277 3
102 277 2
103 277 2
115 277 1
122 277 1
128 277 2
130 277 3
132 277 2
137 277 1
140 277 3
143 277 1
145 277 1
147 277 2
149 277 3
156 277 1
157 277 3
158 277 1
162 277 2
164 277 1
168 277 2
170 277 1
171 277 1
175 277 3
182 277 2
183 277 3
186 277 3
191 277 1
195 277 3
199 277 2
200 277 1
204 277 3
207 277 3
222 277 3
224 277 2
226 277 1
229 277 2
230 277 3
231 277 1
232 277 3
235 277 2
238 277 2
240 277 2
247 277 1
251 277 2
255 277 2
257 277 2
260 277 1
264 277 1
266 277 3
272 277 1
275 277 1
279 277 1
281 277 1
283 277 2
284 277 3
289 277 2
296 277 1
299 277 1
300 277 1
302 277 2
305 277 2
314 277 1
317 277 2
318 277 3
325 277 1
327 277 1
329 277 3
334 277 1
337 277 1
338 277 2
340 277 1
342 277 1
345 277 3
