591 854 3
592 854 3
593 854 3
595 854 1
600 854 1
601 854 3
603 854 3
606 854 2
607 854 2
608 854 1
609 854 2
613 854 3
617 854 3
619 854 2
620 854 3
622 854 1
625 854 2
636 854 2
637 854 2
638 854 2
639 854 2
643 854 3
645 854 1
648 854 3
650 854 2
654 854 1
656 854 1
660 854 3
661 854 1
667 854 1
670 854 1
673 854 3
675 854 2
678 854 3
679 854 2
686 854 1
687 854 2
688 854 1
690 854 1
693 854 3
698 854 2
702 854 3
703 854 3
706 854 1
708 854 2
709 854 1
713 854 3
714 854 2
715 854 2
716 854 1
717 854 2
720 854 1
721 854 1
726 854 3
730 854 1
733 854 1
734 854 1
736 854 3
738 854 2
740 854 1
752 854 1
753 854 1
755 854 2
756 854 3
757 854 2
760 854 2
766 854 2
771 854 1
772 854 2
773 854 2
785 854 1
791 854 2
792 854 1
796 854 1
799 854 1
808 854 1
812 854 1
822 854 2
823 854 1
825 854 2
826 854 3
829 854 3
830 854 2
831 854 1
833 854 2
837 854 3
838 854 1
839 854 1
841 854 2
847 854 2
849 854 1
854 854 3
863 854 3
865 854 1
866 854 1
873 854 1
874 854 3
878 854 2
880 854 3
881 854 3
882 854 2
885 854 2
887 854 3
890 854 2
897 854 3
898 854 3
899 854 1
900 854 1
901 854 1
906 854 1
907 854 2
909 854 2
913 854 2
919 854 3
920 854 3
924 854 2
925 854 2
928 854 2
930 854 2
932 854 1
936 854 3
943 854 3
947 854 3
949 854 3
951 854 1
953 854 3
962 854 2
965 854 3
974 854 1
976 854 1
980 854 2
981 854 1
984 854 1
985 854 3
987 854 1
989 854 2
991 854 1
993 854 1
996 854 1
999 854 3
1 855 3
2 855 2
4 855 3
6 855 2
7 855 1
13 855 2
16 855 2
17 855 1
18 855 2
23 855 1
30 855 2
31 855 2
34 855 3
39 855 2
41 855 3
44 855 3
50 855 3
53 855 2
61 855 3
63 855 3
64 855 3
65 855 3
69 855 2
75 855 3
76 855 1
77 855 1
78 855 1
84 855 1
87 855 3
88 855 3
92 855 1
93 855 1
98 855 1
105 855 1
108 855 2
109 855 1
110 855 3
120 855 2
121 855 3
122 855 3
125 855 2
127 855 1
131 855 1
132 855 1
134 855 3
137 855 1
141 855 2
143 855 3
144 855 2
148 855 3
155 855 1
156 855 2
158 855 2
162 855 1
163 855 3
165 855 3
166 855 1
170 855 2
177 855 3
178 855 1
179 855 1
185 855 2
192 855 3
193 855 1
195 855 2
196 855 3
203 855 1
207 855 2
208 855 3
209 855 2
211 855 2
212 855 2
213 855 3
216 855 3
224 855 3
232 855 2
233 855 2
237 855 3
238 855 3
242 855 3
245 855 2
247 855 2
249 855 1
251 855 2
255 855 1
258 855 2
261 855 2
264 855 2
266 855 1
267 855 3
268 855 1
269 855 2
272 855 1
274 855 3
277 855 1
281 855 3
285 855 2
291 855 3
297 855 2
300 855 2
305 855 1
306 855 3
307 855 2
311 855 2
312 855 1
317 855 2
321 855 2
322 855 1
323 855 3
324 855 3
328 855 3
338 855 3
341 855 3
342 855 3
343 855 3
349 855 1
350 855 2
352 855 3
358 855 1
362 855 1
364 855 2
365 855 3
366 855 3
368 855 1
371 855 1
372 855 3
373 855 2
375 855 3
376 855 2
380 855 3
384 855 3
386 855 1
392 855 3
396 855 2
397 855 2
413 855 2
418 855 3
421 855 1
422 855 2
424 855 2
425 855 3
428 855 1
431 855 2
433 855 1
434 855 1
435 855 3
436 855 1
437 855 2
441 855 2
442 855 1
450 855 1
453 855 3
458 855 2
463 855 3
464 855 2
467 855 2
471 855 3
479 855 2
480 855 3
481 855 1
484 855 1
487 855 1
488 855 2
492 855 1
493 855 2
494 855 2
499 855 3
507 855 3
508 855 3
512 855 3
516 855 3
517 855 3
519 855 1
525 855 3
527 855 2
537 855 3
538 855 3
539 855 3
541 855 3
542 855 2
543 855 1
545 855 2
548 855 1
558 855 2
559 855 2
560 855 1
562 855 2
569 855 3
573 855 2
574 855 2
579 855 1
581 855 1
582 855 3
583 855 2
585 855 1
588 855 2
589 855 2
591 855 1
592 855 2
594 855 2
595 855 2
599 855 3
604 855 3
606 855 1
614 855 3
615 855 1
621 855 2
623 855 2
628 855 3
631 855 1
634 855 2
642 855 2
650 855 3
654 855 1
655 855 3
661 855 2
663 855 1
667 855 2
669 855 1
675 855 1
676 855 3
677 855 1
678 855 3
681 855 1
683 855 3
684 855 2
685 855 1
687 855 2
688 855 3
690 855 3
700 855 3
702 855 2
703 855 3
704 855 1
708 855 3
711 855 3
712 855 2
717 855 1
725 855 2
726 855 3
730 855 3
734 855 3
738 855 3
740 855 3
745 855 1
746 855 2
749 855 1
751 855 3
754 855 2
756 855 2
757 855 1
760 855 3
764 855 2
765 855 2
775 855 2
776 855 3
777 855 2
782 855 1
783 855 1
784 855 2
787 855 2
789 855 2
792 855 1
796 855 2
797 855 3
798 855 3
800 855 3
801 855 1
804 855 2
807 855 1
812 855 1
819 855 1
822 855 1
824 855 2
826 855 1
834 855 2
842 855 2
847 855 1
851 855 3
853 855 3
854 855 3
855 855 1
866 855 2
874 855 3
875 855 3
880 855 2
883 855 2
884 855 1
888 855 3
889 855 3
892 855 2
893 855 1
895 855 3
896 855 1
899 855 3
902 855 2
903 855 3
910 855 1
914 855 3
918 855 1
919 855 3
920 855 3
921 855 1
927 855 1
929 855 1
931 855 2
932 855 2
935 855 1
936 855 3
938 855 2
947 855 2
954 855 1
958 855 1
959 855 3
961 855 3
963 855 1
967 855 3
969 855 2
978 855 1
980 855 2
981 855 1
983 855 2
986 855 3
987 855 2
989 855 1
992 855 2
995 855 1
4 856 1
6 856 3
7 856 2
14 856 3
22 856 3
23 856 1
24 856 2
25 856 3
26 856 2
29 856 3
33 856 2
34 856 3
35 856 3
36 856 3
38 856 3
45 856 1
48 856 3
52 856 3
54 856 3
55 856 1
58 856 3
60 856 3
62 856 3
65 856 1
77 856 1
81 856 2
82 856 1
83 856 1
86 856 3
87 856 3
88 856 1
90 856 2
92 856 1
96 856 1
97 856 1
103 856 3
109 856 3
111 856 1
112 856 1
120 856 2
123 856 1
124 856 2
126 856 3
128 856 3
130 856 1
135 856 1
139 856 1
141 856 1
143 856 2
144 856 3
148 856 3
149 856 1
152 856 2
153 856 2
154 856 3
155 856 3
158 856 1
161 856 1
162 856 3
163 856 3
166 856 1
178 856 2
180 856 3
182 856 3
183 856 1
184 856 1
186 856 1
187 856 3
189 856 1
193 856 3
194 856 3
195 856 3
196 856 2
198 856 1
203 856 3
204 856 2
207 856 2
208 856 2
211 856 3
214 856 2
218 856 2
220 856 3
223 856 2
227 856 1
231 856 3
232 856 3
234 856 2
245 856 1
251 856 3
253 856 2
260 856 1
266 856 3
273 856 2
278 856 1
279 856 1
283 856 3
287 856 3
290 856 1
296 856 3
298 856 1
300 856 3
301 856 2
304 856 1
311 856 1
312 856 2
313 856 1
320 856 1
326 856 2
327 856 1
328 856 2
330 856 3
335 856 1
336 856 3
337 856 1
340 856 1
342 856 2
343 856 2
347 856 1
348 856 1
353 856 1
354 856 2
356 856 2
357 856 1
361 856 2
364 856 3
366 856 2
367 856 2
368 856 3
370 856 3
373 856 2
375 856 1
381 856 3
382 856 1
383 856 3
384 856 2
386 856 1
391 856 3
392 856 3
398 856 2
399 856 2
401 856 2
403 856 2
409 856 2
410 856 3
411 856 2
413 856 2
416 856 1
420 856 2
422 856 3
426 856 3
427 856 1
429 856 2
430 856 1
439 856 3
444 856 3
446 856 1
455 856 3
460 856 3
462 856 1
467 856 1
474 856 2
475 856 1
478 856 3
479 856 3
482 856 3
492 856 2
497 856 1
507 856 1
515 856 2
520 856 1
522 856 3
525 856 3
526 856 1
530 856 2
532 856 1
534 856 3
536 856 3
546 856 2
548 856 1
549 856 3
552 856 2
556 856 2
564 856 1
565 856 1
569 856 3
571 856 2
572 856 3
573 856 1
580 856 3
582 856 1
584 856 1
585 856 3
589 856 2
591 856 2
592 856 1
593 856 3
594 856 1
595 856 1
600 856 1
