484 688 3
490 688 3
491 688 2
492 688 1
493 688 3
494 688 1
500 688 3
501 688 3
502 688 1
506 688 1
507 688 2
508 688 1
517 688 1
519 688 2
524 688 3
531 688 3
532 688 2
536 688 3
537 688 3
539 688 1
540 688 3
542 688 2
544 688 3
546 688 2
549 688 2
551 688 3
555 688 2
558 688 3
570 688 2
572 688 3
578 688 3
581 688 3
585 688 2
587 688 3
588 688 2
596 688 1
598 688 1
599 688 2
603 688 3
604 688 2
607 688 2
611 688 3
616 688 2
619 688 2
627 688 3
629 688 3
630 688 3
631 688 2
634 688 1
635 688 3
642 688 3
643 688 1
647 688 1
651 688 1
652 688 2
654 688 1
656 688 1
661 688 1
666 688 3
673 688 3
679 688 1
682 688 2
687 688 3
689 688 3
690 688 2
693 688 3
698 688 3
702 688 2
703 688 1
713 688 3
717 688 2
720 688 2
721 688 3
722 688 2
726 688 1
728 688 1
733 688 2
738 688 3
744 688 2
748 688 1
753 688 1
756 688 1
762 688 1
765 688 3
769 688 1
771 688 2
772 688 2
775 688 1
779 688 3
785 688 2
793 688 1
798 688 2
807 688 1
814 688 1
815 688 2
819 688 1
821 688 3
822 688 3
825 688 3
836 688 3
840 688 3
844 688 1
848 688 2
854 688 1
857 688 2
860 688 3
861 688 2
869 688 2
870 688 1
872 688 1
873 688 2
874 688 3
880 688 2
882 688 1
887 688 2
900 688 3
905 688 3
909 688 2
914 688 2
916 688 3
917 688 3
922 688 3
926 688 3
927 688 2
931 688 2
936 688 1
940 688 3
945 688 2
946 688 2
956 688 3
959 688 2
960 688 2
962 688 1
963 688 1
967 688 1
969 688 1
974 688 2
987 688 2
990 688 1
994 688 1
997 688 1
1 689 2
3 689 3
4 689 1
11 689 1
12 689 2
13 689 2
17 689 3
21 689 1
23 689 2
30 689 2
31 689 1
34 689 1
35 689 2
37 689 1
38 689 1
45 689 3
53 689 2
55 689 2
57 689 3
59 689 2
60 689 1
61 689 3
62 689 1
64 689 1
74 689 2
75 689 1
77 689 1
84 689 2
86 689 3
87 689 3
91 689 1
95 689 2
97 689 3
98 689 1
102 689 3
103 689 1
105 689 1
106 689 1
110 689 1
111 689 2
112 689 1
115 689 2
116 689 2
117 689 2
118 689 2
130 689 1
134 689 1
138 689 3
140 689 1
143 689 2
144 689 3
146 689 2
148 689 1
150 689 3
151 689 3
154 689 2
158 689 2
162 689 3
168 689 2
173 689 1
174 689 2
175 689 3
177 689 2
178 689 1
179 689 2
181 689 1
184 689 1
187 689 2
190 689 2
191 689 2
196 689 3
203 689 2
204 689 1
205 689 3
214 689 1
217 689 2
218 689 3
221 689 3
224 689 3
230 689 3
236 689 2
245 689 2
250 689 3
251 689 2
256 689 2
260 689 2
261 689 2
263 689 3
270 689 2
271 689 1
274 689 2
275 689 1
278 689 1
283 689 1
285 689 2
287 689 3
289 689 1
293 689 1
296 689 1
297 689 2
299 689 2
302 689 3
303 689 2
304 689 2
306 689 2
307 689 3
308 689 1
311 689 2
318 689 2
320 689 2
322 689 2
326 689 3
332 689 2
339 689 3
340 689 2
341 689 3
342 689 1
345 689 2
346 689 1
351 689 1
352 689 3
353 689 2
354 689 3
355 689 2
357 689 3
358 689 2
367 689 1
372 689 1
373 689 1
375 689 1
378 689 3
387 689 1
389 689 2
390 689 3
391 689 1
395 689 3
397 689 2
401 689 2
402 689 3
405 689 2
409 689 2
411 689 2
412 689 1
416 689 1
419 689 3
420 689 1
423 689 1
428 689 2
433 689 2
435 689 3
441 689 1
442 689 2
448 689 1
451 689 2
455 689 2
457 689 1
459 689 2
461 689 3
462 689 1
468 689 3
470 689 2
471 689 1
474 689 2
478 689 3
480 689 1
481 689 3
483 689 2
489 689 2
496 689 1
499 689 3
501 689 1
502 689 1
504 689 3
507 689 3
510 689 2
513 689 1
514 689 1
517 689 2
523 689 3
525 689 3
527 689 1
528 689 2
532 689 1
533 689 3
535 689 1
536 689 2
539 689 2
541 689 1
543 689 2
546 689 2
547 689 3
548 689 2
549 689 3
551 689 1
552 689 2
553 689 2
554 689 3
557 689 1
568 689 1
569 689 3
571 689 1
581 689 1
591 689 3
593 689 3
594 689 2
596 689 2
601 689 1
603 689 3
607 689 2
610 689 3
612 689 3
615 689 3
618 689 2
620 689 3
621 689 3
622 689 2
626 689 3
628 689 3
630 689 2
634 689 3
635 689 3
638 689 1
640 689 2
641 689 3
647 689 3
651 689 2
652 689 3
653 689 3
654 689 1
661 689 2
665 689 1
666 689 2
667 689 2
671 689 2
672 689 2
682 689 3
683 689 2
684 689 3
686 689 2
687 689 2
689 689 2
691 689 1
694 689 1
696 689 3
699 689 1
700 689 1
705 689 1
708 689 3
709 689 2
711 689 1
717 689 3
719 689 3
720 689 2
726 689 1
736 689 2
740 689 2
741 689 1
744 689 1
747 689 1
758 689 1
765 689 3
777 689 3
778 689 3
779 689 2
782 689 2
784 689 2
786 689 1
787 689 2
788 689 1
791 689 1
793 689 1
795 689 3
802 689 3
803 689 2
806 689 2
808 689 2
809 689 1
811 689 3
813 689 3
815 689 1
817 689 3
818 689 3
831 689 2
832 689 2
835 689 2
837 689 1
845 689 1
847 689 1
854 689 3
857 689 2
862 689 3
866 689 3
869 689 3
875 689 3
883 689 2
885 689 1
887 689 1
889 689 2
896 689 3
898 689 3
899 689 1
900 689 1
906 689 1
907 689 2
912 689 2
913 689 1
920 689 2
922 689 2
926 689 2
932 689 3
941 689 3
946 689 2
948 689 1
952 689 1
953 689 3
955 689 2
958 689 2
959 689 3
966 689 1
969 689 1
975 689 3
978 689 1
980 689 2
981 689 3
987 689 1
988 689 2
990 689 2
995 689 3
998 689 3
9 690 3
14 690 1
25 690 3
28 690 1
29 690 3
34 690 3
37 690 1
39 690 1
42 690 3
44 690 2
51 690 1
56 690 2
59 690 2
61 690 3
64 690 3
65 690 1
68 690 1
69 690 2
70 690 2
73 690 3
74 690 3
75 690 2
78 690 3
79 690 1
83 690 3
84 690 3
85 690 2
89 690 1
91 690 3
93 690 2
94 690 3
95 690 1
97 690 1
98 690 2
102 690 2
104 690 1
107 690 2
110 690 1
112 690 1
116 690 2
117 690 1
121 690 3
122 690 2
123 690 1
126 690 3
139 690 2
140 690 1
143 690 2
146 690 1
152 690 1
153 690 3
154 690 1
166 690 1
172 690 2
173 690 1
175 690 1
179 690 3
180 690 2
189 690 3
193 690 2
194 690 2
206 690 2
208 690 3
210 690 2
211 690 1
215 690 3
218 690 3
219 690 2
220 690 1
227 690 2
228 690 1
232 690 1
238 690 1
239 690 3
240 690 3
242 690 1
244 690 3
245 690 1
248 690 2
254 690 1
260 690 3
261 690 1
263 690 3
265 690 2
269 690 2
271 690 3
272 690 1
276 690 1
278 690 2
279 690 1
281 690 1
286 690 2
292 690 1
295 690 3
297 690 3
300 690 3
302 690 2
306 690 3
308 690 3
311 690 1
313 690 3
316 690 2
319 690 2
336 690 1
338 690 2
340 690 2
343 690 1
346 690 1
348 690 2
349 690 2
351 690 1
353 690 3
357 690 3
361 690 1
362 690 3
364 690 2
369 690 2
372 690 1
373 690 2
376 690 3
377 690 2
378 690 2
382 690 2
387 690 3
391 690 3
392 690 2
395 690 3
399 690 2
403 690 3
405 690 2
407 690 3
412 690 2
414 690 2
416 690 2
421 690 3
424 690 3
426 690 2
428 690 3
433 690 2
434 690 2
439 690 2
442 690 1
450 690 2
452 690 3
459 690 1
460 690 3
461 690 1
464 690 1
465 690 2
466 690 2
467 690 1
468 690 2
472 690 1
478 690 2
479 690 1
480 690 2
483 690 2
486 690 3
490 690 2
491 690 1
495 690 1
498 690 2
500 690 2
501 690 3
504 690 2
506 690 1
509 690 3
511 690 3
513 690 2
517 690 2
518 690 2
520 690 2
521 690 3
523 690 1
525 690 2
535 690 1
543 690 2
544 690 1
548 690 2
550 690 3
552 690 1
553 690 3
554 690 1
555 690 1
556 690 1
559 690 2
561 690 2
563 690 3
568 690 3
572 690 2
574 690 3
575 690 2
576 690 1
577 690 3
584 690 1
585 690 3
