641 159 2
655 159 2
658 159 1
662 159 2
668 159 3
673 159 1
676 159 1
677 159 2
678 159 1
679 159 1
680 159 3
683 159 1
686 159 3
691 159 2
693 159 1
696 159 3
698 159 3
700 159 2
701 159 2
704 159 3
709 159 3
711 159 3
718 159 3
721 159 3
722 159 3
723 159 1
724 159 2
728 159 1
732 159 1
734 159 1
735 159 1
736 159 3
738 159 3
740 159 3
743 159 1
746 159 3
748 159 1
751 159 2
755 159 3
756 159 3
759 159 2
760 159 3
764 159 3
772 159 3
781 159 1
782 159 3
783 159 3
786 159 3
789 159 2
799 159 1
800 159 3
802 159 3
804 159 2
805 159 3
807 159 3
810 159 1
812 159 1
814 159 1
815 159 1
819 159 2
821 159 2
823 159 1
825 159 1
826 159 3
832 159 2
836 159 2
837 159 1
844 159 1
845 159 2
848 159 3
852 159 1
857 159 2
859 159 2
861 159 2
869 159 2
874 159 2
877 159 1
878 159 2
879 159 3
886 159 3
887 159 3
889 159 2
898 159 3
901 159 3
902 159 2
904 159 2
908 159 2
912 159 3
917 159 2
918 159 2
921 159 1
926 159 3
932 159 2
933 159 2
934 159 3
938 159 2
940 159 2
949 159 3
952 159 2
954 159 2
955 159 2
956 159 3
957 159 1
958 159 2
972 159 2
973 159 1
975 159 2
977 159 3
981 159 3
984 159 2
986 159 1
989 159 3
992 159 1
997 159 1
999 159 3
0 160 1
4 160 1
7 160 3
11 160 2
12 160 2
13 160 3
18 160 2
19 160 3
22 160 3
24 160 2
32 160 2
35 160 1
41 160 3
42 160 1
46 160 2
48 160 3
51 160 1
54 160 3
62 160 1
63 160 1
64 160 2
68 160 1
72 160 3
73 160 3
79 160 2
82 160 2
85 160 1
91 160 3
93 160 1
96 160 3
99 160 2
100 160 3
101 160 1
104 160 3
109 160 2
111 160 3
112 160 2
115 160 2
118 160 3
119 160 2
123 160 1
126 160 2
128 160 3
139 160 2
141 160 1
143 160 1
154 160 2
157 160 1
160 160 2
169 160 1
170 160 2
171 160 2
174 160 1
175 160 3
176 160 2
178 160 1
180 160 3
181 160 1
185 160 3
188 160 3
193 160 3
198 160 2
199 160 3
200 160 3
202 160 1
210 160 1
213 160 2
214 160 1
216 160 3
220 160 3
221 160 3
223 160 1
227 160 3
229 160 2
230 160 3
231 160 1
236 160 3
238 160 3
240 160 1
243 160 3
244 160 3
249 160 1
252 160 3
255 160 2
256 160 1
258 160 1
260 160 2
262 160 3
264 160 3
275 160 3
282 160 2
285 160 1
287 160 2
289 160 2
295 160 3
296 160 1
301 160 3
303 160 2
304 160 3
306 160 2
312 160 1
315 160 2
322 160 3
323 160 2
331 160 1
335 160 1
337 160 1
340 160 3
342 160 2
343 160 1
344 160 3
346 160 1
349 160 2
354 160 3
363 160 1
364 160 3
371 160 2
377 160 3
384 160 1
388 160 3
389 160 1
391 160 2
404 160 2
407 160 3
409 160 3
410 160 3
411 160 1
412 160 3
413 160 1
417 160 3
418 160 2
419 160 3
420 160 2
424 160 1
430 160 3
432 160 2
434 160 2
435 160 2
436 160 1
437 160 2
440 160 1
444 160 1
447 160 1
448 160 2
449 160 3
452 160 1
460 160 3
461 160 3
465 160 2
471 160 3
473 160 1
474 160 1
478 160 3
479 160 1
482 160 1
489 160 1
490 160 2
493 160 1
495 160 2
499 160 1
503 160 3
504 160 1
511 160 2
512 160 3
513 160 2
516 160 2
517 160 3
522 160 2
524 160 2
525 160 3
528 160 2
530 160 1
531 160 2
533 160 2
536 160 3
540 160 1
541 160 3
544 160 2
547 160 1
548 160 1
551 160 1
552 160 2
558 160 2
562 160 3
563 160 2
566 160 2
568 160 3
569 160 3
570 160 3
573 160 3
574 160 3
576 160 1
580 160 1
581 160 2
584 160 2
587 160 1
588 160 1
589 160 2
590 160 1
591 160 3
593 160 3
596 160 1
598 160 2
600 160 2
602 160 3
604 160 1
607 160 3
616 160 2
631 160 2
634 160 2
640 160 3
643 160 1
646 160 2
653 160 1
654 160 3
655 160 3
656 160 2
658 160 2
662 160 2
664 160 2
665 160 1
666 160 2
671 160 1
674 160 1
678 160 1
679 160 1
686 160 3
689 160 2
698 160 3
703 160 1
704 160 1
708 160 2
718 160 1
722 160 2
724 160 3
729 160 3
734 160 1
735 160 3
741 160 1
742 160 2
743 160 1
745 160 3
747 160 1
750 160 1
756 160 3
760 160 3
772 160 2
775 160 3
778 160 2
784 160 1
785 160 1
790 160 3
792 160 1
793 160 2
795 160 1
805 160 1
810 160 2
811 160 3
814 160 1
819 160 2
822 160 1
826 160 2
827 160 3
830 160 3
831 160 2
837 160 1
839 160 1
846 160 2
848 160 1
851 160 2
856 160 2
857 160 1
865 160 2
866 160 1
867 160 3
868 160 2
870 160 1
872 160 2
875 160 3
877 160 3
880 160 2
883 160 1
889 160 1
894 160 3
895 160 2
897 160 1
898 160 2
901 160 3
904 160 3
908 160 3
909 160 2
913 160 1
916 160 3
917 160 1
919 160 2
921 160 2
923 160 1
925 160 3
928 160 2
929 160 1
931 160 2
935 160 1
937 160 1
938 160 2
943 160 2
949 160 1
956 160 2
959 160 3
961 160 2
962 160 3
967 160 2
969 160 3
970 160 1
976 160 3
981 160 2
986 160 3
990 160 2
994 160 1
997 160 1
5 161 3
7 161 1
19 161 1
21 161 1
23 161 1
31 161 1
40 161 3
47 161 3
48 161 2
50 161 3
54 161 2
61 161 2
64 161 2
66 161 3
68 161 3
69 161 3
71 161 3
74 161 2
76 161 3
77 161 3
82 161 2
83 161 3
88 161 1
89 161 1
91 161 3
92 161 2
93 161 1
100 161 2
102 161 2
107 161 3
117 161 3
122 161 1
125 161 2
128 161 3
129 161 2
137 161 3
141 161 2
151 161 1
155 161 1
158 161 3
160 161 3
162 161 3
166 161 3
167 161 1
172 161 1
173 161 1
181 161 1
186 161 1
188 161 3
192 161 1
201 161 1
207 161 3
210 161 1
212 161 3
226 161 1
228 161 3
231 161 2
238 161 3
239 161 1
240 161 2
241 161 2
245 161 3
246 161 1
249 161 2
250 161 1
252 161 2
253 161 2
257 161 3
258 161 3
259 161 3
260 161 1
265 161 1
268 161 3
272 161 2
273 161 3
274 161 1
275 161 3
276 161 1
279 161 3
280 161 2
281 161 2
283 161 1
292 161 3
293 161 2
294 161 1
297 161 3
299 161 1
303 161 3
307 161 1
309 161 2
312 161 3
314 161 3
315 161 1
317 161 1
318 161 3
319 161 3
321 161 3
324 161 1
327 161 3
328 161 3
330 161 3
334 161 3
335 161 3
341 161 3
342 161 3
343 161 1
345 161 1
348 161 2
349 161 3
350 161 2
356 161 3
357 161 2
365 161 1
368 161 2
370 161 3
371 161 3
374 161 2
376 161 2
378 161 2
380 161 2
382 161 2
389 161 3
390 161 1
394 161 2
397 161 3
398 161 3
400 161 1
408 161 3
410 161 2
418 161 1
426 161 3
427 161 2
430 161 1
432 161 1
433 161 1
443 161 2
445 161 1
459 161 2
462 161 3
467 161 2
475 161 2
476 161 3
478 161 2
479 161 1
481 161 1
483 161 3
485 161 1
498 161 3
503 161 2
504 161 3
506 161 3
507 161 2
513 161 2
515 161 2
519 161 2
526 161 3
529 161 2
532 161 2
537 161 3
542 161 2
544 161 1
546 161 3
549 161 3
554 161 1
555 161 3
557 161 2
561 161 1
565 161 2
572 161 2
574 161 1
575 161 1
577 161 1
578 161 3
579 161 1
582 161 1
583 161 2
589 161 3
595 161 1
596 161 2
598 161 1
600 161 3
602 161 1
607 161 3
612 161 1
613 161 1
616 161 1
617 161 2
625 161 1
627 161 2
629 161 1
631 161 2
632 161 2
633 161 3
635 161 1
636 161 1
637 161 3
639 161 3
641 161 2
645 161 2
646 161 1
652 161 2
653 161 3
655 161 2
656 161 1
657 161 2
658 161 1
659 161 2
660 161 1
667 161 2
668 161 2
669 161 1
670 161 1
674 161 2
680 161 1
684 161 2
685 161 1
688 161 1
694 161 1
696 161 3
697 161 3
699 161 2
705 161 1
707 161 1
714 161 3
718 161 1
719 161 2
720 161 2
723 161 2
727 161 3
733 161 1
734 161 1
742 161 1
