538 656 1
540 656 1
543 656 1
549 656 3
551 656 2
553 656 2
559 656 3
568 656 3
569 656 2
572 656 2
576 656 2
580 656 1
584 656 3
586 656 1
591 656 1
594 656 2
595 656 3
603 656 3
607 656 2
609 656 2
612 656 3
613 656 3
617 656 1
623 656 1
624 656 3
626 656 3
639 656 3
640 656 3
648 656 2
652 656 2
655 656 2
660 656 2
661 656 1
664 656 3
665 656 1
672 656 2
674 656 1
676 656 1
677 656 1
678 656 1
681 656 1
686 656 2
687 656 1
691 656 1
698 656 1
702 656 3
706 656 2
710 656 1
711 656 2
713 656 1
714 656 3
720 656 1
722 656 3
733 656 1
734 656 3
737 656 3
742 656 1
743 656 2
744 656 2
745 656 2
748 656 2
749 656 3
751 656 2
752 656 3
753 656 3
758 656 2
759 656 3
760 656 1
763 656 1
767 656 3
768 656 1
778 656 1
784 656 1
785 656 1
788 656 1
793 656 1
796 656 2
798 656 3
800 656 2
803 656 3
806 656 1
809 656 3
813 656 3
818 656 1
823 656 1
826 656 3
829 656 2
830 656 2
831 656 2
833 656 3
834 656 3
840 656 1
843 656 1
846 656 3
847 656 1
849 656 3
855 656 1
860 656 1
861 656 3
862 656 1
866 656 1
869 656 2
870 656 1
873 656 3
874 656 1
875 656 3
881 656 2
882 656 1
888 656 2
889 656 2
892 656 2
894 656 1
895 656 3
896 656 2
897 656 2
899 656 1
902 656 1
903 656 2
907 656 2
909 656 1
915 656 1
917 656 2
918 656 3
920 656 2
935 656 1
941 656 2
943 656 3
945 656 2
947 656 3
955 656 3
957 656 1
960 656 2
967 656 2
971 656 3
973 656 2
983 656 3
991 656 1
992 656 2
0 657 3
9 657 2
12 657 2
17 657 3
22 657 1
23 657 3
30 657 3
33 657 3
38 657 3
44 657 1
45 657 2
49 657 1
53 657 1
60 657 2
61 657 1
63 657 2
64 657 3
67 657 1
69 657 1
72 657 1
76 657 3
77 657 1
78 657 1
82 657 2
86 657 1
87 657 2
89 657 3
93 657 1
96 657 2
104 657 1
108 657 3
113 657 3
116 657 1
118 657 3
120 657 3
121 657 2
130 657 3
134 657 1
136 657 2
142 657 2
144 657 3
147 657 3
148 657 2
149 657 3
152 657 1
156 657 1
160 657 2
161 657 3
165 657 3
184 657 1
185 657 2
187 657 1
188 657 2
190 657 3
191 657 1
192 657 2
194 657 1
196 657 3
197 657 3
198 657 2
199 657 2
205 657 1
208 657 1
213 657 1
215 657 1
218 657 3
222 657 1
223 657 3
230 657 3
231 657 2
232 657 1
234 657 1
237 657 3
238 657 1
247 657 2
249 657 3
250 657 1
255 657 1
257 657 1
260 657 2
263 657 3
265 657 2
273 657 2
277 657 1
286 657 3
293 657 3
294 657 2
296 657 1
297 657 3
301 657 1
308 657 2
319 657 2
322 657 1
330 657 2
331 657 2
340 657 2
341 657 1
344 657 1
347 657 2
349 657 1
353 657 3
354 657 1
356 657 2
357 657 1
361 657 2
362 657 2
363 657 2
367 657 3
368 657 1
378 657 2
379 657 3
380 657 2
384 657 1
387 657 3
388 657 2
389 657 1
396 657 3
398 657 1
403 657 1
405 657 1
409 657 3
410 657 3
414 657 3
417 657 1
420 657 1
427 657 2
435 657 2
436 657 2
437 657 3
440 657 1
441 657 3
442 657 1
443 657 3
444 657 1
446 657 1
449 657 1
450 657 1
451 657 2
452 657 3
463 657 2
468 657 3
477 657 2
480 657 3
481 657 2
484 657 3
490 657 3
498 657 3
500 657 1
505 657 1
507 657 1
510 657 3
511 657 1
516 657 3
521 657 3
524 657 2
526 657 1
530 657 3
534 657 1
535 657 3
537 657 3
538 657 2
539 657 2
542 657 2
546 657 3
547 657 1
548 657 3
553 657 2
556 657 3
557 657 1
560 657 2
565 657 3
566 657 3
569 657 2
570 657 3
575 657 2
578 657 2
580 657 1
581 657 1
590 657 3
591 657 1
592 657 2
595 657 1
603 657 3
606 657 3
607 657 1
608 657 2
610 657 2
611 657 1
614 657 2
615 657 1
621 657 1
624 657 1
628 657 1
631 657 3
632 657 3
634 657 3
637 657 2
639 657 3
641 657 3
643 657 1
644 657 2
647 657 2
648 657 2
649 657 2
650 657 1
652 657 3
653 657 1
656 657 2
658 657 3
661 657 1
662 657 2
666 657 1
668 657 2
670 657 3
671 657 1
672 657 3
675 657 2
678 657 1
690 657 3
691 657 2
694 657 3
696 657 3
697 657 1
701 657 2
711 657 2
712 657 1
715 657 2
718 657 3
721 657 2
722 657 3
725 657 1
726 657 2
727 657 3
728 657 2
729 657 2
733 657 1
734 657 1
736 657 2
737 657 1
741 657 2
743 657 2
744 657 2
750 657 3
751 657 3
755 657 2
757 657 1
758 657 1
760 657 1
765 657 3
767 657 3
769 657 1
770 657 3
771 657 3
772 657 1
773 657 2
774 657 3
775 657 1
780 657 3
783 657 2
791 657 2
792 657 3
793 657 3
797 657 1
798 657 1
800 657 3
808 657 1
812 657 2
815 657 2
817 657 1
820 657 2
821 657 2
824 657 2
826 657 2
829 657 2
835 657 2
839 657 3
840 657 2
845 657 1
846 657 2
847 657 3
853 657 2
854 657 3
858 657 2
859 657 3
867 657 3
868 657 2
870 657 1
872 657 1
873 657 3
876 657 3
877 657 1
878 657 1
881 657 2
882 657 1
884 657 3
887 657 1
889 657 3
890 657 3
891 657 2
896 657 1
898 657 3
901 657 3
902 657 1
905 657 1
908 657 1
909 657 2
910 657 2
914 657 1
916 657 3
924 657 2
927 657 1
930 657 2
936 657 1
938 657 3
940 657 3
945 657 1
947 657 2
948 657 1
952 657 1
954 657 1
956 657 3
958 657 1
960 657 2
963 657 3
964 657 2
966 657 1
970 657 1
975 657 3
977 657 2
982 657 3
983 657 1
985 657 2
986 657 3
987 657 3
998 657 3
3 658 3
5 658 1
6 658 1
11 658 3
12 658 1
14 658 2
16 658 1
24 658 1
25 658 1
27 658 1
31 658 1
33 658 1
35 658 2
36 658 3
39 658 2
41 658 3
42 658 3
48 658 2
51 658 3
63 658 3
64 658 1
67 658 1
70 658 1
71 658 1
72 658 1
77 658 1
78 658 2
83 658 3
87 658 1
89 658 1
92 658 2
93 658 1
103 658 2
113 658 3
116 658 1
118 658 1
121 658 1
122 658 1
124 658 1
134 658 1
139 658 2
142 658 3
148 658 1
150 658 1
152 658 2
155 658 3
156 658 2
158 658 1
160 658 3
168 658 1
170 658 1
176 658 1
177 658 2
179 658 1
182 658 2
184 658 3
191 658 3
192 658 1
193 658 1
194 658 1
197 658 1
200 658 2
202 658 1
205 658 2
211 658 1
213 658 3
220 658 3
224 658 1
225 658 1
228 658 3
231 658 3
235 658 1
239 658 3
240 658 3
241 658 1
245 658 1
251 658 1
255 658 2
256 658 3
258 658 3
260 658 3
261 658 3
264 658 3
273 658 2
277 658 2
285 658 1
287 658 2
288 658 1
290 658 3
294 658 1
296 658 1
300 658 2
301 658 2
302 658 3
303 658 2
304 658 1
305 658 2
308 658 1
311 658 1
312 658 1
314 658 3
316 658 1
318 658 3
319 658 1
322 658 1
323 658 3
325 658 3
329 658 2
333 658 1
335 658 3
336 658 1
339 658 3
345 658 2
347 658 3
353 658 1
354 658 2
355 658 3
361 658 1
363 658 3
365 658 2
366 658 1
367 658 2
375 658 3
376 658 3
380 658 2
381 658 3
382 658 2
385 658 1
390 658 1
391 658 2
392 658 1
398 658 3
401 658 3
405 658 3
413 658 2
414 658 3
417 658 3
430 658 3
431 658 3
432 658 3
435 658 1
438 658 1
440 658 2
441 658 3
450 658 2
455 658 1
458 658 1
459 658 1
463 658 1
466 658 1
469 658 2
472 658 2
474 658 3
478 658 2
479 658 2
481 658 3
489 658 2
490 658 3
491 658 2
492 658 3
500 658 1
502 658 1
503 658 1
509 658 3
511 658 2
513 658 2
514 658 2
515 658 3
516 658 2
517 658 2
519 658 2
520 658 3
525 658 3
528 658 2
532 658 1
533 658 3
535 658 2
536 658 3
537 658 1
539 658 2
548 658 1
554 658 2
557 658 1
560 658 1
561 658 1
563 658 3
566 658 2
567 658 1
569 658 1
571 658 3
574 658 2
576 658 1
578 658 3
