449 562 3
455 562 3
459 562 2
460 562 3
461 562 1
462 562 1
466 562 3
467 562 3
470 562 2
472 562 2
476 562 1
477 562 1
479 562 2
482 562 1
483 562 1
486 562 1
492 562 2
493 562 1
499 562 2
500 562 2
506 562 1
508 562 2
512 562 1
514 562 2
516 562 1
517 562 3
518 562 1
521 562 3
524 562 3
530 562 1
538 562 2
539 562 2
544 562 1
547 562 3
550 562 1
552 562 1
560 562 3
562 562 3
563 562 3
570 562 3
571 562 3
573 562 3
574 562 1
576 562 2
579 562 3
586 562 2
587 562 2
589 562 1
590 562 3
593 562 3
595 562 3
599 562 1
601 562 2
602 562 1
607 562 3
608 562 2
611 562 3
613 562 1
616 562 3
621 562 1
624 562 3
629 562 3
630 562 1
631 562 2
632 562 1
636 562 1
639 562 3
641 562 3
643 562 2
645 562 1
646 562 2
649 562 2
651 562 2
653 562 1
658 562 1
662 562 2
663 562 3
666 562 1
669 562 2
671 562 2
672 562 3
674 562 1
675 562 2
676 562 3
682 562 1
683 562 1
706 562 2
708 562 2
711 562 1
714 562 1
715 562 1
717 562 2
723 562 3
724 562 1
729 562 1
733 562 2
734 562 3
737 562 1
741 562 3
742 562 3
756 562 3
757 562 3
766 562 1
767 562 2
772 562 2
773 562 3
780 562 2
789 562 1
794 562 3
795 562 2
797 562 1
803 562 3
816 562 3
818 562 2
822 562 3
823 562 3
831 562 2
833 562 3
835 562 3
848 562 1
850 562 3
852 562 2
853 562 2
854 562 1
856 562 1
858 562 3
859 562 3
860 562 1
867 562 1
879 562 1
882 562 2
886 562 3
890 562 2
895 562 1
896 562 2
898 562 1
899 562 1
900 562 1
910 562 2
913 562 1
916 562 1
917 562 1
919 562 2
921 562 3
926 562 1
927 562 1
928 562 2
929 562 3
930 562 1
931 562 1
935 562 3
936 562 3
937 562 2
938 562 3
940 562 3
941 562 3
945 562 3
947 562 1
948 562 3
952 562 3
957 562 2
963 562 3
965 562 1
966 562 2
970 562 1
971 562 2
972 562 3
974 562 3
975 562 1
976 562 1
980 562 2
981 562 2
985 562 2
989 562 2
991 562 1
992 562 3
994 562 3
997 562 3
999 562 3
2 563 2
7 563 2
11 563 1
12 563 2
14 563 3
17 563 3
23 563 1
26 563 3
30 563 1
42 563 2
47 563 2
48 563 1
50 563 1
53 563 1
58 563 3
60 563 3
61 563 2
62 563 1
68 563 2
71 563 2
74 563 3
82 563 3
83 563 1
84 563 2
86 563 2
88 563 2
89 563 3
92 563 2
99 563 1
102 563 3
108 563 1
110 563 2
111 563 2
116 563 3
117 563 3
119 563 3
122 563 1
126 563 3
127 563 1
142 563 2
144 563 3
146 563 3
150 563 2
151 563 2
162 563 3
164 563 1
165 563 1
166 563 1
168 563 1
175 563 2
177 563 2
179 563 3
181 563 2
182 563 2
185 563 1
188 563 1
189 563 2
192 563 2
199 563 3
200 563 1
202 563 1
206 563 2
208 563 3
210 563 3
214 563 3
216 563 2
219 563 1
223 563 2
235 563 1
240 563 2
241 563 2
247 563 2
250 563 2
253 563 1
257 563 1
263 563 1
267 563 1
270 563 2
271 563 2
272 563 3
274 563 2
279 563 3
284 563 1
288 563 3
289 563 2
290 563 1
293 563 1
297 563 2
303 563 3
306 563 3
311 563 3
312 563 3
321 563 3
323 563 2
328 563 3
329 563 3
330 563 2
332 563 1
335 563 3
337 563 1
342 563 3
345 563 1
348 563 1
353 563 3
354 563 3
355 563 2
356 563 1
357 563 3
360 563 1
366 563 1
367 563 3
368 563 1
369 563 3
371 563 3
372 563 1
374 563 1
375 563 1
376 563 3
379 563 2
380 563 3
382 563 2
383 563 3
385 563 3
386 563 1
389 563 3
392 563 2
393 563 1
399 563 3
400 563 3
402 563 3
404 563 3
408 563 2
423 563 3
435 563 1
440 563 3
444 563 3
447 563 1
452 563 3
455 563 2
459 563 3
460 563 3
464 563 3
467 563 1
470 563 1
474 563 1
481 563 1
482 563 1
484 563 1
488 563 1
489 563 2
501 563 1
512 563 1
513 563 1
515 563 1
520 563 1
521 563 3
522 563 1
525 563 3
528 563 2
529 563 3
533 563 2
535 563 3
536 563 2
541 563 2
542 563 2
543 563 1
544 563 1
546 563 3
548 563 3
549 563 2
555 563 1
557 563 2
558 563 3
559 563 3
568 563 2
569 563 3
571 563 2
572 563 3
573 563 3
574 563 3
575 563 2
578 563 2
580 563 3
586 563 2
588 563 1
590 563 1
591 563 3
592 563 1
597 563 2
598 563 2
601 563 1
605 563 1
608 563 2
609 563 2
612 563 1
613 563 1
616 563 1
620 563 3
621 563 2
627 563 1
631 563 3
636 563 1
637 563 3
638 563 1
641 563 1
645 563 3
646 563 3
651 563 3
657 563 2
658 563 1
659 563 1
673 563 3
677 563 2
681 563 1
682 563 3
686 563 3
687 563 1
688 563 1
697 563 1
699 563 2
700 563 2
702 563 3
704 563 1
705 563 1
708 563 3
713 563 1
716 563 3
717 563 2
718 563 2
721 563 2
722 563 3
723 563 2
725 563 1
733 563 3
736 563 2
740 563 3
742 563 3
751 563 1
754 563 3
764 563 2
765 563 3
768 563 2
771 563 3
780 563 3
781 563 2
782 563 3
788 563 1
789 563 3
791 563 1
793 563 3
795 563 1
797 563 1
799 563 2
800 563 3
801 563 3
802 563 3
804 563 1
805 563 3
809 563 2
813 563 3
820 563 2
824 563 2
827 563 2
838 563 2
839 563 2
841 563 3
843 563 2
844 563 2
845 563 1
846 563 2
847 563 2
849 563 1
851 563 2
856 563 2
860 563 2
861 563 2
862 563 1
864 563 2
868 563 1
878 563 2
879 563 3
882 563 1
884 563 1
887 563 1
893 563 2
901 563 3
902 563 2
903 563 2
904 563 2
905 563 1
911 563 1
913 563 3
914 563 3
917 563 3
918 563 2
919 563 3
922 563 2
926 563 3
930 563 3
936 563 2
939 563 1
942 563 1
946 563 2
948 563 2
950 563 3
951 563 1
956 563 2
960 563 2
962 563 3
965 563 1
976 563 2
977 563 2
979 563 1
981 563 1
982 563 2
983 563 3
986 563 2
990 563 2
992 563 1
998 563 2
7 564 1
8 564 2
10 564 3
13 564 3
16 564 3
20 564 1
22 564 1
23 564 2
24 564 2
26 564 3
27 564 3
36 564 2
37 564 2
40 564 3
44 564 2
45 564 1
47 564 2
51 564 1
53 564 3
54 564 3
55 564 1
62 564 3
64 564 2
66 564 2
68 564 2
69 564 2
72 564 3
73 564 1
80 564 3
82 564 3
95 564 1
103 564 3
104 564 3
107 564 3
108 564 2
109 564 3
120 564 1
122 564 3
123 564 2
131 564 1
134 564 1
136 564 1
137 564 2
139 564 1
140 564 2
141 564 3
142 564 3
152 564 1
154 564 2
158 564 1
160 564 2
161 564 2
165 564 3
167 564 2
168 564 3
175 564 1
180 564 3
184 564 2
185 564 1
186 564 3
187 564 2
188 564 3
191 564 3
198 564 3
200 564 1
203 564 3
204 564 1
205 564 1
208 564 1
210 564 2
211 564 2
214 564 3
215 564 3
221 564 1
222 564 3
223 564 1
225 564 3
226 564 3
228 564 1
230 564 2
231 564 3
234 564 1
236 564 1
238 564 2
244 564 2
248 564 2
249 564 3
250 564 1
252 564 3
253 564 2
256 564 3
259 564 2
262 564 1
263 564 2
264 564 1
266 564 3
270 564 3
272 564 2
274 564 2
275 564 3
279 564 1
281 564 3
282 564 3
284 564 3
286 564 1
292 564 2
293 564 3
294 564 2
296 564 1
300 564 2
310 564 3
316 564 3
322 564 1
324 564 2
326 564 3
328 564 3
330 564 2
331 564 1
332 564 1
333 564 3
336 564 3
337 564 1
338 564 1
339 564 1
342 564 2
345 564 2
349 564 2
350 564 2
351 564 3
354 564 3
355 564 3
360 564 3
365 564 3
369 564 3
373 564 2
375 564 2
383 564 3
386 564 1
387 564 3
394 564 1
399 564 3
400 564 1
401 564 1
402 564 1
408 564 2
410 564 3
411 564 1
414 564 1
416 564 2
418 564 2
420 564 2
421 564 1
422 564 2
423 564 1
426 564 2
428 564 1
435 564 2
438 564 2
441 564 3
442 564 1
446 564 3
453 564 1
454 564 2
455 564 3
457 564 1
460 564 2
461 564 2
