219 484 2
220 484 3
221 484 3
222 484 1
225 484 3
227 484 1
228 484 1
248 484 3
250 484 1
253 484 1
261 484 1
262 484 1
267 484 1
268 484 2
282 484 2
283 484 1
285 484 1
289 484 1
290 484 2
292 484 2
295 484 2
297 484 1
303 484 1
304 484 1
305 484 1
306 484 1
311 484 1
313 484 3
316 484 3
324 484 2
325 484 3
329 484 1
331 484 1
332 484 1
335 484 2
338 484 3
340 484 2
341 484 3
344 484 1
346 484 3
351 484 1
352 484 2
355 484 1
358 484 3
360 484 3
362 484 3
366 484 1
369 484 3
371 484 1
375 484 3
376 484 3
377 484 1
379 484 1
381 484 1
384 484 3
390 484 1
394 484 2
396 484 2
402 484 2
408 484 3
409 484 2
415 484 2
416 484 3
417 484 3
418 484 3
422 484 2
423 484 1
427 484 1
431 484 2
435 484 3
436 484 1
438 484 3
439 484 3
442 484 1
445 484 1
451 484 3
455 484 1
457 484 2
469 484 3
471 484 1
476 484 2
485 484 2
486 484 2
487 484 1
488 484 2
489 484 1
500 484 3
502 484 3
503 484 1
504 484 1
506 484 1
509 484 2
510 484 1
513 484 1
514 484 2
518 484 2
519 484 3
521 484 2
523 484 2
526 484 3
527 484 1
528 484 2
531 484 3
532 484 1
537 484 1
541 484 1
547 484 3
550 484 1
554 484 1
562 484 1
565 484 1
570 484 2
573 484 3
575 484 1
576 484 2
584 484 2
586 484 1
593 484 1
599 484 3
603 484 1
606 484 1
607 484 3
618 484 1
619 484 2
620 484 1
629 484 3
640 484 3
642 484 1
643 484 2
645 484 1
649 484 3
652 484 3
654 484 3
660 484 3
661 484 2
665 484 1
666 484 1
667 484 1
672 484 3
673 484 3
674 484 3
681 484 3
682 484 1
685 484 2
688 484 2
697 484 2
708 484 3
714 484 3
716 484 1
722 484 1
727 484 1
732 484 2
735 484 1
737 484 1
738 484 1
739 484 3
740 484 2
742 484 1
743 484 2
748 484 1
753 484 2
756 484 2
757 484 1
758 484 3
764 484 3
765 484 2
767 484 3
769 484 3
772 484 1
776 484 2
778 484 2
786 484 3
790 484 2
791 484 3
798 484 1
806 484 2
808 484 3
810 484 1
812 484 1
814 484 1
817 484 2
820 484 2
821 484 2
823 484 3
824 484 2
828 484 1
831 484 1
835 484 2
837 484 2
843 484 3
844 484 1
850 484 2
852 484 2
853 484 1
855 484 2
858 484 3
861 484 1
865 484 1
868 484 1
869 484 2
873 484 2
875 484 1
878 484 3
879 484 3
881 484 3
882 484 3
883 484 1
887 484 2
888 484 2
894 484 1
895 484 1
898 484 2
903 484 1
904 484 2
905 484 2
907 484 3
911 484 1
921 484 1
922 484 3
924 484 2
926 484 1
930 484 1
932 484 3
933 484 2
934 484 1
935 484 1
937 484 3
938 484 3
940 484 3
941 484 2
943 484 3
948 484 3
961 484 2
965 484 3
968 484 1
976 484 3
978 484 1
982 484 2
987 484 3
992 484 3
996 484 2
997 484 1
999 484 3
5 485 2
9 485 1
22 485 3
23 485 3
31 485 1
43 485 1
44 485 1
45 485 3
48 485 3
56 485 3
58 485 1
64 485 1
69 485 2
72 485 1
74 485 2
78 485 1
79 485 3
83 485 3
84 485 2
91 485 3
92 485 3
96 485 3
101 485 2
103 485 1
105 485 2
106 485 1
111 485 1
112 485 2
114 485 1
116 485 2
117 485 3
121 485 3
125 485 2
126 485 3
129 485 2
131 485 2
133 485 3
134 485 3
141 485 1
145 485 1
153 485 1
156 485 2
161 485 1
163 485 3
164 485 2
165 485 3
166 485 2
169 485 3
173 485 1
175 485 1
176 485 2
180 485 3
182 485 2
186 485 2
187 485 2
189 485 3
191 485 2
192 485 3
196 485 3
197 485 3
202 485 3
207 485 3
208 485 3
211 485 1
214 485 3
217 485 2
222 485 1
227 485 3
231 485 1
235 485 2
237 485 3
239 485 1
252 485 2
254 485 2
258 485 3
262 485 2
264 485 2
268 485 2
270 485 3
271 485 1
272 485 1
274 485 3
279 485 2
287 485 2
291 485 3
292 485 1
293 485 2
294 485 1
297 485 1
305 485 2
306 485 3
308 485 3
309 485 3
310 485 1
313 485 1
314 485 1
315 485 2
317 485 1
322 485 2
323 485 3
330 485 3
337 485 3
338 485 1
339 485 1
340 485 3
342 485 1
343 485 3
355 485 1
359 485 2
362 485 2
364 485 2
371 485 2
375 485 1
377 485 3
378 485 2
381 485 2
383 485 1
386 485 3
390 485 2
391 485 2
392 485 1
395 485 1
400 485 1
402 485 1
407 485 2
410 485 3
412 485 1
413 485 3
417 485 3
418 485 2
419 485 3
421 485 2
422 485 3
424 485 1
427 485 3
441 485 1
446 485 2
451 485 2
456 485 1
458 485 1
461 485 2
465 485 1
466 485 3
468 485 3
472 485 3
479 485 1
487 485 3
489 485 1
493 485 1
497 485 1
499 485 2
500 485 3
506 485 1
507 485 2
509 485 2
512 485 3
514 485 3
515 485 2
518 485 2
523 485 3
530 485 1
536 485 1
544 485 1
546 485 1
547 485 2
549 485 2
553 485 1
560 485 3
564 485 2
569 485 1
575 485 2
576 485 3
587 485 3
592 485 3
593 485 3
602 485 2
604 485 3
610 485 1
612 485 3
614 485 1
619 485 3
621 485 3
622 485 3
628 485 1
632 485 1
636 485 1
637 485 1
638 485 2
640 485 2
643 485 2
644 485 3
646 485 3
648 485 1
654 485 1
659 485 1
661 485 2
669 485 1
677 485 1
678 485 3
680 485 1
681 485 1
682 485 2
685 485 1
686 485 3
695 485 1
701 485 1
702 485 3
703 485 1
707 485 3
708 485 2
722 485 2
723 485 3
731 485 2
732 485 2
734 485 1
739 485 2
742 485 2
748 485 3
749 485 2
752 485 2
753 485 1
754 485 1
755 485 2
759 485 1
760 485 3
768 485 3
776 485 3
777 485 3
784 485 2
786 485 1
790 485 1
793 485 3
794 485 3
800 485 3
801 485 1
803 485 1
805 485 3
806 485 2
812 485 2
814 485 1
816 485 3
818 485 1
820 485 3
821 485 2
823 485 1
824 485 2
828 485 3
830 485 2
832 485 3
834 485 3
835 485 2
836 485 2
839 485 3
841 485 2
844 485 3
851 485 3
854 485 1
855 485 3
858 485 2
865 485 1
868 485 1
875 485 2
880 485 1
884 485 3
888 485 3
891 485 2
896 485 1
903 485 3
905 485 1
907 485 3
912 485 1
913 485 3
915 485 2
917 485 3
924 485 2
930 485 2
935 485 1
938 485 1
939 485 2
941 485 3
943 485 1
950 485 3
952 485 3
957 485 3
964 485 1
966 485 2
972 485 1
973 485 1
974 485 3
976 485 2
982 485 1
985 485 2
986 485 2
991 485 1
995 485 2
996 485 1
998 485 3
999 485 1
1 486 1
2 486 1
5 486 3
6 486 3
10 486 3
15 486 3
16 486 3
19 486 3
24 486 1
28 486 1
35 486 3
37 486 3
38 486 3
45 486 3
46 486 3
52 486 3
53 486 2
54 486 1
55 486 2
59 486 3
60 486 2
65 486 1
66 486 1
68 486 2
73 486 1
74 486 3
80 486 2
81 486 1
83 486 2
86 486 2
88 486 3
89 486 2
92 486 1
98 486 1
99 486 3
100 486 2
107 486 1
111 486 3
113 486 2
127 486 1
128 486 1
129 486 2
131 486 3
138 486 3
143 486 2
145 486 3
147 486 1
150 486 2
151 486 1
153 486 3
156 486 3
157 486 2
158 486 3
159 486 2
161 486 1
169 486 3
180 486 3
182 486 3
185 486 1
188 486 2
191 486 1
194 486 2
196 486 1
201 486 1
203 486 3
208 486 3
213 486 1
219 486 1
222 486 1
226 486 2
237 486 3
240 486 2
242 486 3
243 486 3
248 486 1
252 486 2
254 486 1
259 486 2
263 486 2
269 486 3
272 486 3
274 486 2
276 486 2
280 486 1
285 486 3
292 486 1
297 486 3
298 486 3
299 486 3
304 486 1
305 486 2
314 486 2
317 486 1
319 486 2
324 486 1
325 486 1
336 486 1
338 486 2
343 486 2
352 486 2
354 486 3
358 486 2
362 486 1
365 486 1
369 486 1
370 486 2
371 486 3
375 486 1
378 486 2
383 486 3
388 486 1
393 486 3
396 486 3
397 486 3
401 486 1
403 486 2
404 486 3
411 486 1
413 486 3
414 486 2
417 486 1
419 486 2
420 486 2
435 486 1
437 486 3
