409 642 3
410 642 3
411 642 1
415 642 3
418 642 3
419 642 2
420 642 3
422 642 1
424 642 1
425 642 3
428 642 1
432 642 2
433 642 3
438 642 2
440 642 1
441 642 2
443 642 3
451 642 3
452 642 3
453 642 3
455 642 2
462 642 3
463 642 3
464 642 3
468 642 1
469 642 1
470 642 3
475 642 1
479 642 2
481 642 1
484 642 2
485 642 1
487 642 3
489 642 3
495 642 2
497 642 3
504 642 2
509 642 1
511 642 1
513 642 2
520 642 2
523 642 3
524 642 2
526 642 2
529 642 2
532 642 2
535 642 2
541 642 2
544 642 2
545 642 3
548 642 3
549 642 1
550 642 2
558 642 3
559 642 3
561 642 3
565 642 3
570 642 1
575 642 3
576 642 1
577 642 2
583 642 1
584 642 3
586 642 2
588 642 3
590 642 1
591 642 3
596 642 3
599 642 3
608 642 3
612 642 1
620 642 3
621 642 2
629 642 1
633 642 3
637 642 3
638 642 3
639 642 3
646 642 2
648 642 3
650 642 2
652 642 3
653 642 1
654 642 3
655 642 1
656 642 1
658 642 2
659 642 3
660 642 1
667 642 3
668 642 1
670 642 2
676 642 3
678 642 2
679 642 2
681 642 1
687 642 1
698 642 1
706 642 3
708 642 1
712 642 2
713 642 2
718 642 2
722 642 3
724 642 2
725 642 1
727 642 3
728 642 1
734 642 3
737 642 3
738 642 2
741 642 3
742 642 2
743 642 1
747 642 3
752 642 2
754 642 3
756 642 2
759 642 3
761 642 1
764 642 2
766 642 3
775 642 1
776 642 1
777 642 1
784 642 3
785 642 2
786 642 2
787 642 2
791 642 1
796 642 1
797 642 2
800 642 1
802 642 1
805 642 2
807 642 2
808 642 3
811 642 2
812 642 2
813 642 1
816 642 1
817 642 1
821 642 1
822 642 3
832 642 2
833 642 2
834 642 3
835 642 1
836 642 3
840 642 2
842 642 3
847 642 3
849 642 3
851 642 1
857 642 3
859 642 1
861 642 3
862 642 1
865 642 2
866 642 2
867 642 1
870 642 2
871 642 2
879 642 1
881 642 1
882 642 1
883 642 1
884 642 1
887 642 3
891 642 1
892 642 3
902 642 3
903 642 2
904 642 2
910 642 2
911 642 1
914 642 2
915 642 3
917 642 2
919 642 3
920 642 1
924 642 1
927 642 3
928 642 1
933 642 2
938 642 1
939 642 2
943 642 2
945 642 2
946 642 1
951 642 3
956 642 2
957 642 1
959 642 2
960 642 1
961 642 2
966 642 3
970 642 1
972 642 2
974 642 2
975 642 2
976 642 1
981 642 2
984 642 2
994 642 1
0 643 1
5 643 1
7 643 3
8 643 2
9 643 1
11 643 3
13 643 3
17 643 2
18 643 3
24 643 1
25 643 2
27 643 2
28 643 2
30 643 2
36 643 1
44 643 2
48 643 2
53 643 2
54 643 1
55 643 3
57 643 1
60 643 3
72 643 3
75 643 2
76 643 1
78 643 2
80 643 2
94 643 2
96 643 2
98 643 1
99 643 3
104 643 2
113 643 2
116 643 3
118 643 1
120 643 2
121 643 2
123 643 2
126 643 1
135 643 3
136 643 3
139 643 3
141 643 1
142 643 1
154 643 2
157 643 1
159 643 3
160 643 1
161 643 2
166 643 2
168 643 2
170 643 3
171 643 3
172 643 1
173 643 2
175 643 1
183 643 2
184 643 3
187 643 1
188 643 2
193 643 1
198 643 1
199 643 3
201 643 1
204 643 3
208 643 1
218 643 3
222 643 1
224 643 2
227 643 3
229 643 2
230 643 3
231 643 3
232 643 3
233 643 1
234 643 1
238 643 2
242 643 3
243 643 2
245 643 2
250 643 2
259 643 1
260 643 1
265 643 3
266 643 2
267 643 1
270 643 2
272 643 1
297 643 1
302 643 2
303 643 3
304 643 3
305 643 1
307 643 3
308 643 3
310 643 3
315 643 3
316 643 3
317 643 3
319 643 1
322 643 3
323 643 3
328 643 1
333 643 3
334 643 3
336 643 3
341 643 1
356 643 3
357 643 2
358 643 3
359 643 2
362 643 1
364 643 1
365 643 3
369 643 2
370 643 3
371 643 1
378 643 2
380 643 3
381 643 3
382 643 2
389 643 3
390 643 3
394 643 1
396 643 1
398 643 2
399 643 2
409 643 2
412 643 2
414 643 2
417 643 3
422 643 3
429 643 1
431 643 3
439 643 2
440 643 3
441 643 2
443 643 3
448 643 3
451 643 3
453 643 1
454 643 1
455 643 2
458 643 1
460 643 1
464 643 3
466 643 2
467 643 1
470 643 1
472 643 2
473 643 1
474 643 3
476 643 2
478 643 3
479 643 3
482 643 2
486 643 3
493 643 2
494 643 3
497 643 1
498 643 1
500 643 2
507 643 3
508 643 1
509 643 2
520 643 1
522 643 3
523 643 3
524 643 1
526 643 3
528 643 2
531 643 2
532 643 2
533 643 1
534 643 1
535 643 1
543 643 1
545 643 3
547 643 3
550 643 1
551 643 2
552 643 2
554 643 1
555 643 3
556 643 2
557 643 2
559 643 3
565 643 2
566 643 3
567 643 3
574 643 3
575 643 3
576 643 2
577 643 1
580 643 2
582 643 1
584 643 3
586 643 2
589 643 2
590 643 1
591 643 1
593 643 1
595 643 3
596 643 2
597 643 2
601 643 3
602 643 3
604 643 2
607 643 3
610 643 2
613 643 1
615 643 3
617 643 3
622 643 3
623 643 3
624 643 1
626 643 2
636 643 2
637 643 2
639 643 3
642 643 1
644 643 2
645 643 1
647 643 3
657 643 2
660 643 1
662 643 2
663 643 1
665 643 3
666 643 2
669 643 2
670 643 2
671 643 3
673 643 1
674 643 2
680 643 2
682 643 1
683 643 1
684 643 2
690 643 1
693 643 2
700 643 3
702 643 1
710 643 2
716 643 3
717 643 2
718 643 3
725 643 1
726 643 2
729 643 3
732 643 1
738 643 3
743 643 2
747 643 3
748 643 2
755 643 3
764 643 3
767 643 1
769 643 3
772 643 2
776 643 3
777 643 2
779 643 3
782 643 1
785 643 1
789 643 2
790 643 2
795 643 2
796 643 1
803 643 2
807 643 1
809 643 3
813 643 2
823 643 1
827 643 3
832 643 1
833 643 3
834 643 1
835 643 3
839 643 1
840 643 2
846 643 2
847 643 1
848 643 2
852 643 3
854 643 2
856 643 1
859 643 1
863 643 1
865 643 3
866 643 1
869 643 1
871 643 1
873 643 2
874 643 1
876 643 3
883 643 1
885 643 2
887 643 1
890 643 2
891 643 2
893 643 1
894 643 2
898 643 1
900 643 2
902 643 1
903 643 2
906 643 1
909 643 1
912 643 1
915 643 1
920 643 2
923 643 3
924 643 3
925 643 2
929 643 3
930 643 3
931 643 2
933 643 2
939 643 1
940 643 2
943 643 1
947 643 2
949 643 1
959 643 2
960 643 1
962 643 1
965 643 1
968 643 2
981 643 1
982 643 2
984 643 2
990 643 3
991 643 1
995 643 2
996 643 3
3 644 2
6 644 3
10 644 1
11 644 3
15 644 2
23 644 2
28 644 2
31 644 2
33 644 1
35 644 3
36 644 3
37 644 2
39 644 3
41 644 1
46 644 2
49 644 2
53 644 2
54 644 3
56 644 2
57 644 1
58 644 3
59 644 1
61 644 1
66 644 3
68 644 2
73 644 3
79 644 3
82 644 2
85 644 2
87 644 2
92 644 1
94 644 1
95 644 3
98 644 1
101 644 3
109 644 1
110 644 3
112 644 2
115 644 2
120 644 1
122 644 3
123 644 2
127 644 3
129 644 2
132 644 1
135 644 1
138 644 2
141 644 2
142 644 3
144 644 2
150 644 1
152 644 2
153 644 2
154 644 1
155 644 2
156 644 1
160 644 1
161 644 3
164 644 1
165 644 2
167 644 2
170 644 3
171 644 2
175 644 3
177 644 3
180 644 2
181 644 2
183 644 2
185 644 2
189 644 1
193 644 3
197 644 1
199 644 3
200 644 3
201 644 2
202 644 1
205 644 3
208 644 2
212 644 1
217 644 3
218 644 2
221 644 2
227 644 2
230 644 3
239 644 3
240 644 3
242 644 3
243 644 3
255 644 1
256 644 3
257 644 2
259 644 3
265 644 3
273 644 3
274 644 1
276 644 3
283 644 2
286 644 2
287 644 1
292 644 3
293 644 3
295 644 2
303 644 2
305 644 3
310 644 1
312 644 2
314 644 1
317 644 3
319 644 1
325 644 1
326 644 3
332 644 1
340 644 2
341 644 1
344 644 1
346 644 2
348 644 2
350 644 3
351 644 1
352 644 1
356 644 1
363 644 3
366 644 2
370 644 2
373 644 2
