190 510 3
192 510 2
202 510 3
203 510 3
204 510 1
215 510 1
217 510 3
218 510 3
219 510 2
220 510 2
223 510 1
227 510 2
235 510 2
238 510 1
240 510 1
243 510 1
244 510 2
245 510 1
249 510 3
250 510 3
254 510 1
256 510 3
257 510 1
261 510 3
264 510 2
269 510 1
271 510 1
274 510 2
282 510 1
284 510 1
288 510 1
294 510 1
297 510 1
307 510 3
310 510 3
312 510 3
319 510 2
321 510 2
325 510 2
326 510 1
328 510 3
334 510 3
338 510 1
342 510 3
343 510 2
346 510 2
347 510 2
353 510 1
356 510 1
357 510 1
358 510 2
359 510 2
367 510 3
370 510 3
375 510 3
380 510 2
382 510 3
384 510 2
385 510 3
390 510 3
392 510 1
393 510 1
395 510 3
398 510 1
403 510 2
404 510 1
407 510 2
412 510 3
413 510 1
418 510 3
419 510 2
423 510 1
424 510 3
425 510 3
429 510 1
432 510 1
435 510 3
436 510 2
438 510 3
439 510 1
446 510 2
454 510 3
469 510 1
473 510 3
477 510 3
479 510 2
483 510 3
490 510 1
493 510 1
497 510 2
500 510 1
505 510 1
506 510 2
507 510 3
511 510 3
515 510 3
523 510 3
525 510 1
533 510 2
534 510 1
537 510 2
540 510 3
541 510 3
545 510 1
548 510 3
553 510 3
560 510 3
562 510 2
568 510 1
571 510 3
573 510 3
574 510 2
575 510 2
579 510 2
583 510 1
588 510 3
589 510 2
595 510 3
596 510 1
598 510 3
603 510 1
608 510 2
611 510 3
617 510 3
619 510 2
627 510 1
632 510 1
637 510 1
639 510 3
647 510 1
648 510 2
651 510 2
654 510 3
655 510 2
657 510 3
658 510 1
661 510 1
667 510 3
670 510 3
671 510 3
678 510 1
680 510 3
689 510 3
690 510 2
699 510 1
702 510 1
703 510 1
704 510 2
705 510 2
708 510 1
709 510 3
716 510 2
717 510 2
720 510 2
725 510 3
729 510 2
730 510 3
734 510 3
740 510 1
742 510 3
751 510 1
752 510 3
753 510 2
756 510 1
757 510 1
758 510 2
760 510 3
767 510 3
768 510 1
775 510 3
777 510 1
778 510 1
779 510 2
781 510 1
783 510 3
784 510 1
785 510 3
787 510 2
794 510 3
796 510 2
797 510 2
802 510 1
805 510 2
812 510 2
813 510 3
815 510 3
817 510 1
818 510 1
819 510 2
822 510 3
823 510 1
824 510 3
825 510 1
826 510 1
827 510 2
831 510 3
832 510 1
840 510 2
841 510 1
842 510 1
844 510 1
845 510 3
846 510 2
849 510 3
851 510 1
852 510 3
856 510 3
862 510 3
864 510 3
865 510 1
867 510 3
868 510 1
874 510 2
877 510 2
883 510 2
885 510 2
891 510 1
898 510 2
899 510 3
900 510 3
901 510 3
902 510 2
903 510 1
904 510 3
905 510 2
907 510 2
913 510 2
915 510 1
919 510 2
921 510 2
922 510 1
926 510 2
936 510 2
939 510 2
940 510 1
941 510 3
945 510 1
947 510 1
949 510 3
952 510 2
953 510 3
957 510 1
960 510 1
962 510 2
963 510 3
964 510 2
968 510 3
969 510 3
972 510 1
974 510 1
978 510 2
980 510 2
982 510 3
983 510 3
984 510 1
988 510 1
991 510 3
993 510 1
996 510 2
997 510 3
3 511 3
7 511 1
14 511 1
18 511 1
24 511 1
28 511 1
31 511 1
38 511 3
39 511 2
54 511 1
55 511 2
61 511 3
66 511 2
74 511 1
81 511 3
85 511 2
90 511 2
101 511 3
103 511 3
111 511 1
118 511 1
120 511 1
124 511 1
125 511 3
127 511 1
128 511 3
129 511 3
136 511 1
138 511 3
140 511 2
147 511 1
150 511 1
151 511 1
158 511 3
163 511 3
167 511 1
169 511 2
170 511 3
172 511 2
174 511 1
188 511 2
197 511 2
199 511 1
202 511 1
210 511 2
212 511 1
213 511 3
215 511 2
216 511 3
219 511 2
220 511 1
221 511 3
224 511 1
228 511 3
229 511 2
230 511 1
235 511 2
236 511 2
242 511 2
243 511 3
246 511 2
247 511 3
254 511 3
256 511 3
259 511 1
274 511 2
275 511 3
278 511 2
279 511 2
280 511 1
287 511 3
291 511 2
298 511 3
299 511 1
301 511 3
311 511 3
313 511 3
314 511 3
316 511 3
317 511 2
323 511 2
325 511 3
328 511 2
331 511 3
339 511 1
340 511 1
341 511 3
345 511 2
346 511 1
347 511 2
350 511 2
354 511 3
356 511 3
360 511 3
363 511 2
364 511 2
365 511 2
367 511 2
369 511 1
370 511 3
372 511 2
381 511 2
388 511 3
389 511 1
390 511 1
395 511 1
403 511 1
405 511 2
406 511 2
408 511 3
412 511 1
417 511 1
418 511 1
422 511 1
426 511 3
429 511 1
433 511 1
435 511 3
437 511 3
441 511 2
444 511 2
446 511 2
448 511 1
449 511 3
450 511 2
452 511 2
453 511 3
457 511 2
462 511 3
463 511 2
467 511 2
468 511 1
471 511 1
474 511 3
476 511 1
477 511 2
483 511 3
485 511 2
487 511 3
491 511 1
492 511 3
498 511 2
501 511 3
503 511 2
504 511 2
509 511 2
511 511 3
513 511 2
516 511 2
517 511 2
522 511 2
524 511 2
525 511 3
526 511 2
527 511 2
529 511 2
534 511 2
541 511 3
548 511 3
549 511 1
551 511 3
556 511 3
560 511 3
568 511 3
569 511 1
570 511 2
572 511 2
573 511 3
580 511 2
581 511 2
584 511 3
586 511 3
598 511 1
600 511 2
601 511 2
604 511 2
606 511 1
608 511 1
609 511 2
610 511 1
612 511 2
613 511 1
617 511 3
618 511 1
621 511 2
622 511 2
623 511 3
625 511 3
627 511 2
628 511 2
629 511 1
631 511 2
636 511 3
637 511 2
639 511 2
646 511 2
653 511 1
655 511 3
658 511 2
659 511 2
662 511 1
667 511 3
669 511 2
670 511 1
676 511 2
678 511 1
680 511 3
687 511 3
694 511 2
698 511 1
699 511 1
702 511 1
710 511 1
714 511 1
715 511 1
716 511 3
719 511 2
720 511 1
721 511 3
726 511 2
727 511 2
728 511 2
729 511 3
732 511 1
734 511 2
736 511 1
738 511 1
744 511 3
747 511 3
750 511 3
752 511 3
755 511 1
757 511 3
759 511 2
760 511 3
763 511 1
765 511 3
767 511 1
772 511 2
776 511 3
779 511 3
780 511 1
782 511 3
783 511 1
788 511 1
796 511 3
799 511 3
803 511 2
806 511 3
807 511 3
808 511 3
812 511 3
814 511 2
819 511 1
820 511 2
824 511 2
827 511 1
831 511 3
834 511 3
835 511 1
836 511 3
840 511 3
841 511 2
843 511 1
847 511 1
848 511 3
850 511 1
863 511 3
866 511 2
875 511 1
881 511 1
883 511 1
886 511 1
889 511 1
891 511 2
894 511 3
897 511 3
898 511 1
900 511 2
905 511 3
906 511 1
910 511 2
913 511 3
914 511 3
916 511 1
921 511 1
927 511 2
931 511 2
933 511 3
936 511 3
940 511 3
941 511 2
943 511 1
947 511 2
950 511 3
951 511 1
953 511 1
954 511 1
955 511 3
959 511 2
960 511 1
965 511 1
967 511 2
973 511 2
978 511 3
983 511 3
987 511 3
990 511 3
996 511 3
997 511 2
998 511 1
4 512 3
10 512 2
11 512 2
13 512 1
19 512 1
21 512 1
22 512 1
25 512 1
33 512 3
36 512 1
38 512 2
39 512 2
41 512 1
45 512 3
46 512 1
49 512 3
57 512 1
69 512 1
70 512 3
72 512 1
73 512 2
75 512 2
78 512 1
82 512 3
83 512 2
84 512 2
85 512 2
87 512 1
89 512 3
95 512 1
96 512 3
97 512 2
101 512 3
104 512 3
107 512 2
112 512 1
113 512 2
115 512 1
116 512 3
118 512 3
120 512 3
127 512 3
131 512 3
134 512 2
137 512 1
140 512 1
141 512 2
145 512 2
146 512 3
162 512 3
165 512 2
169 512 1
172 512 3
174 512 1
175 512 3
176 512 2
177 512 2
178 512 3
183 512 1
185 512 1
186 512 3
187 512 2
188 512 1
190 512 2
194 512 2
197 512 2
198 512 1
200 512 1
211 512 3
212 512 3
214 512 3
223 512 2
225 512 1
233 512 3
234 512 1
241 512 2
243 512 1
244 512 1
247 512 2
248 512 1
250 512 1
258 512 1
259 512 2
260 512 2
261 512 3
262 512 3
263 512 2
268 512 2
271 512 3
272 512 3
274 512 2
275 512 3
278 512 3
280 512 3
281 512 2
