467 862 1
468 862 2
469 862 3
471 862 3
489 862 2
498 862 2
499 862 2
505 862 3
510 862 3
512 862 2
514 862 2
517 862 3
522 862 3
525 862 3
537 862 3
538 862 3
539 862 3
540 862 2
542 862 3
543 862 2
544 862 1
545 862 2
547 862 2
549 862 2
550 862 1
554 862 1
556 862 2
557 862 2
558 862 2
565 862 1
568 862 2
571 862 1
572 862 1
574 862 2
575 862 2
578 862 3
583 862 1
592 862 1
596 862 1
599 862 1
601 862 1
607 862 1
609 862 1
613 862 2
614 862 1
615 862 2
619 862 2
620 862 3
621 862 1
627 862 1
628 862 3
634 862 1
636 862 1
638 862 3
639 862 1
642 862 2
643 862 1
644 862 2
647 862 1
650 862 1
652 862 3
653 862 1
655 862 2
658 862 2
661 862 2
662 862 3
663 862 1
670 862 3
673 862 3
675 862 3
679 862 2
681 862 2
683 862 1
684 862 1
687 862 1
688 862 3
689 862 1
691 862 3
695 862 2
701 862 1
704 862 3
705 862 2
707 862 3
712 862 2
716 862 1
721 862 2
722 862 3
725 862 1
726 862 3
727 862 2
729 862 2
733 862 3
739 862 3
743 862 3
753 862 2
757 862 1
760 862 3
761 862 3
762 862 1
767 862 3
768 862 3
769 862 2
771 862 2
773 862 1
779 862 3
780 862 3
782 862 1
783 862 3
788 862 1
789 862 3
794 862 3
795 862 3
796 862 3
798 862 3
800 862 2
806 862 1
807 862 2
810 862 2
815 862 1
816 862 1
819 862 3
820 862 1
824 862 3
825 862 2
826 862 1
828 862 3
829 862 2
831 862 1
835 862 2
836 862 1
837 862 2
840 862 2
845 862 2
847 862 3
849 862 3
850 862 1
852 862 1
853 862 3
864 862 3
866 862 2
868 862 3
873 862 1
887 862 3
888 862 2
889 862 1
891 862 3
893 862 1
894 862 2
897 862 3
898 862 1
899 862 1
905 862 1
906 862 3
908 862 2
911 862 1
913 862 2
919 862 3
920 862 1
921 862 1
922 862 2
924 862 3
926 862 2
933 862 1
934 862 3
936 862 2
938 862 2
945 862 3
946 862 2
947 862 2
948 862 3
950 862 2
953 862 2
954 862 2
955 862 1
960 862 1
965 862 1
969 862 1
974 862 3
976 862 3
991 862 1
992 862 2
993 862 1
999 862 3
0 863 3
2 863 2
3 863 1
5 863 1
7 863 1
11 863 2
13 863 2
16 863 1
18 863 3
20 863 1
23 863 2
39 863 2
42 863 2
43 863 1
46 863 1
47 863 1
48 863 2
52 863 1
57 863 3
60 863 1
63 863 2
65 863 3
68 863 2
69 863 1
70 863 1
72 863 1
75 863 3
78 863 3
86 863 3
94 863 2
96 863 1
98 863 2
99 863 2
103 863 1
104 863 2
107 863 1
110 863 1
113 863 2
118 863 2
122 863 2
123 863 1
124 863 1
129 863 2
135 863 2
141 863 1
143 863 3
145 863 2
146 863 1
150 863 1
153 863 3
154 863 3
160 863 3
162 863 3
163 863 1
164 863 3
169 863 2
174 863 2
175 863 1
177 863 2
183 863 1
186 863 2
187 863 2
188 863 1
193 863 2
194 863 2
195 863 1
197 863 1
198 863 2
200 863 2
201 863 1
202 863 2
203 863 2
204 863 2
206 863 2
215 863 1
216 863 1
220 863 3
222 863 2
223 863 1
224 863 2
228 863 1
230 863 1
235 863 2
241 863 2
242 863 3
243 863 1
247 863 3
252 863 2
253 863 1
256 863 3
260 863 3
262 863 3
263 863 2
265 863 3
267 863 3
268 863 1
271 863 1
275 863 3
277 863 1
279 863 2
282 863 2
288 863 2
289 863 2
294 863 1
295 863 1
296 863 1
306 863 3
310 863 1
311 863 1
314 863 3
317 863 1
320 863 1
323 863 3
332 863 1
334 863 2
335 863 3
338 863 3
342 863 3
352 863 1
355 863 2
357 863 1
358 863 1
362 863 3
363 863 1
365 863 3
368 863 1
373 863 3
385 863 2
392 863 2
398 863 3
401 863 1
402 863 3
403 863 2
408 863 1
410 863 1
411 863 3
418 863 1
422 863 3
428 863 1
429 863 1
434 863 2
435 863 1
437 863 1
438 863 2
440 863 2
443 863 1
446 863 1
449 863 2
453 863 3
460 863 1
471 863 1
474 863 3
480 863 2
492 863 1
500 863 2
501 863 1
505 863 2
506 863 3
507 863 1
508 863 2
509 863 2
514 863 3
515 863 2
518 863 2
520 863 3
523 863 2
526 863 3
530 863 2
532 863 1
536 863 3
537 863 2
541 863 1
543 863 1
544 863 3
546 863 1
548 863 1
549 863 1
556 863 3
557 863 1
560 863 2
566 863 3
568 863 3
570 863 1
571 863 3
573 863 3
575 863 2
576 863 1
584 863 2
585 863 3
588 863 1
589 863 1
591 863 3
592 863 3
594 863 2
595 863 1
596 863 3
599 863 2
608 863 1
609 863 2
611 863 2
613 863 2
614 863 3
619 863 3
621 863 3
622 863 2
625 863 3
630 863 3
633 863 2
634 863 2
635 863 2
638 863 2
639 863 2
640 863 2
642 863 1
643 863 1
646 863 1
649 863 1
651 863 1
652 863 2
653 863 3
660 863 3
666 863 2
670 863 1
674 863 2
676 863 1
677 863 2
680 863 3
684 863 1
688 863 3
694 863 2
696 863 2
700 863 1
702 863 1
704 863 1
706 863 2
708 863 2
709 863 1
716 863 1
717 863 2
719 863 1
721 863 1
730 863 3
732 863 2
736 863 2
739 863 3
742 863 3
744 863 2
745 863 1
748 863 3
750 863 2
757 863 3
762 863 1
763 863 3
764 863 2
765 863 2
766 863 2
767 863 3
771 863 3
774 863 1
776 863 1
777 863 2
782 863 2
788 863 1
791 863 3
792 863 2
794 863 1
796 863 1
800 863 3
802 863 3
803 863 2
807 863 1
808 863 2
812 863 1
815 863 3
818 863 3
820 863 1
821 863 2
828 863 1
830 863 1
832 863 1
836 863 2
838 863 3
840 863 2
846 863 1
848 863 3
849 863 3
857 863 3
860 863 3
865 863 2
871 863 3
873 863 2
879 863 2
880 863 2
885 863 3
886 863 1
887 863 1
888 863 3
894 863 3
897 863 3
899 863 1
901 863 2
902 863 3
903 863 2
910 863 3
911 863 3
917 863 2
921 863 2
922 863 2
925 863 3
929 863 2
935 863 1
939 863 1
941 863 3
944 863 2
945 863 2
946 863 1
947 863 1
956 863 1
957 863 2
959 863 3
961 863 1
962 863 3
963 863 1
969 863 3
973 863 2
974 863 3
975 863 1
976 863 2
979 863 2
981 863 2
982 863 2
983 863 2
990 863 1
992 863 3
996 863 2
997 863 3
1 864 2
2 864 1
3 864 3
4 864 3
8 864 3
10 864 3
13 864 1
19 864 1
21 864 3
24 864 3
26 864 1
28 864 3
29 864 1
30 864 1
31 864 2
34 864 3
45 864 2
49 864 1
55 864 1
56 864 2
58 864 3
59 864 2
66 864 3
67 864 3
73 864 3
79 864 1
81 864 2
89 864 1
95 864 3
96 864 3
97 864 1
100 864 3
101 864 2
104 864 3
109 864 3
113 864 2
115 864 3
116 864 3
120 864 2
128 864 3
131 864 2
134 864 1
135 864 2
137 864 3
138 864 1
140 864 2
142 864 1
143 864 2
144 864 1
146 864 1
147 864 3
148 864 3
150 864 3
152 864 1
154 864 1
155 864 2
160 864 1
165 864 3
167 864 1
169 864 1
172 864 3
182 864 2
187 864 2
189 864 1
190 864 1
194 864 3
197 864 2
200 864 2
204 864 3
206 864 3
207 864 2
208 864 2
211 864 3
212 864 1
213 864 2
216 864 2
219 864 1
225 864 3
230 864 1
232 864 1
234 864 2
235 864 3
238 864 3
241 864 2
242 864 2
244 864 3
249 864 1
252 864 2
253 864 2
255 864 3
256 864 2
258 864 3
263 864 3
264 864 3
267 864 2
272 864 3
280 864 1
283 864 2
292 864 3
295 864 2
301 864 3
303 864 3
307 864 2
309 864 3
312 864 3
314 864 1
315 864 2
319 864 1
322 864 1
327 864 1
329 864 1
341 864 3
342 864 3
348 864 1
349 864 3
351 864 1
355 864 3
360 864 1
361 864 2
367 864 2
369 864 3
371 864 1
374 864 1
379 864 2
382 864 3
384 864 1
387 864 2
390 864 2
393 864 1
394 864 3
396 864 3
400 864 1
402 864 2
404 864 3
405 864 2
406 864 2
410 864 2
411 864 2
415 864 1
427 864 3
430 864 2
432 864 1
433 864 3
437 864 3
438 864 2
444 864 3
446 864 2
