51 2 1
53 2 1
55 2 3
58 2 1
62 2 1
64 2 3
65 2 1
71 2 1
74 2 1
77 2 1
78 2 1
81 2 2
83 2 2
88 2 3
94 2 2
95 2 3
98 2 3
102 2 1
103 2 3
106 2 1
110 2 3
115 2 1
119 2 2
123 2 2
124 2 3
129 2 1
138 2 1
139 2 1
158 2 3
160 2 3
165 2 3
166 2 1
169 2 3
174 2 2
175 2 3
176 2 3
177 2 2
178 2 3
179 2 3
181 2 3
184 2 1
186 2 2
188 2 2
194 2 2
195 2 3
198 2 3
200 2 2
201 2 1
202 2 3
203 2 1
205 2 1
206 2 3
208 2 1
209 2 1
212 2 2
213 2 1
217 2 2
220 2 3
227 2 1
233 2 2
234 2 3
240 2 3
243 2 1
246 2 3
253 2 3
254 2 1
255 2 3
260 2 3
262 2 3
265 2 1
267 2 1
271 2 3
276 2 2
278 2 1
280 2 2
284 2 3
293 2 1
297 2 3
302 2 3
303 2 3
307 2 1
312 2 2
316 2 3
318 2 1
320 2 1
322 2 3
324 2 3
328 2 2
331 2 2
332 2 2
335 2 3
336 2 2
337 2 2
341 2 2
343 2 1
350 2 3
358 2 3
362 2 1
363 2 3
365 2 3
366 2 2
373 2 1
376 2 1
378 2 2
379 2 2
382 2 1
383 2 2
388 2 3
400 2 1
402 2 2
406 2 3
408 2 2
414 2 3
415 2 1
416 2 3
418 2 2
422 2 2
427 2 2
431 2 1
435 2 3
441 2 2
443 2 3
448 2 3
450 2 1
451 2 1
453 2 3
454 2 2
455 2 1
457 2 2
461 2 2
462 2 2
465 2 2
466 2 2
467 2 3
472 2 1
475 2 1
478 2 3
479 2 2
482 2 1
483 2 3
488 2 3
492 2 1
495 2 2
498 2 3
499 2 3
501 2 2
503 2 2
504 2 3
507 2 2
508 2 3
511 2 1
514 2 3
515 2 3
517 2 2
518 2 2
520 2 2
525 2 3
535 2 1
536 2 2
537 2 3
539 2 1
543 2 3
546 2 2
548 2 2
555 2 3
557 2 1
559 2 2
563 2 2
572 2 2
574 2 3
575 2 3
577 2 1
584 2 2
589 2 2
591 2 2
592 2 2
598 2 3
609 2 2
611 2 3
614 2 3
616 2 2
619 2 2
627 2 3
631 2 3
632 2 3
633 2 1
634 2 3
637 2 3
638 2 2
641 2 3
642 2 3
646 2 2
647 2 3
649 2 1
651 2 1
660 2 3
663 2 3
664 2 3
669 2 1
671 2 2
677 2 1
681 2 2
688 2 2
689 2 2
692 2 1
697 2 2
701 2 3
702 2 3
706 2 2
709 2 2
712 2 1
715 2 2
716 2 2
720 2 3
721 2 1
722 2 1
725 2 3
726 2 2
729 2 3
734 2 1
737 2 2
738 2 2
741 2 1
743 2 3
747 2 3
759 2 1
763 2 2
764 2 3
768 2 1
770 2 2
773 2 1
784 2 2
785 2 3
786 2 1
792 2 1
793 2 1
795 2 3
798 2 1
804 2 2
808 2 1
809 2 3
811 2 2
814 2 1
820 2 2
824 2 1
827 2 3
828 2 3
830 2 3
835 2 3
836 2 3
837 2 3
839 2 1
848 2 1
852 2 2
860 2 2
862 2 3
863 2 1
865 2 2
868 2 1
877 2 2
884 2 2
887 2 3
893 2 3
897 2 1
903 2 1
906 2 2
913 2 2
915 2 2
916 2 3
920 2 2
926 2 3
934 2 1
935 2 3
938 2 1
940 2 2
941 2 1
943 2 3
945 2 1
946 2 1
948 2 1
950 2 3
952 2 2
958 2 3
959 2 2
960 2 1
961 2 3
962 2 1
965 2 2
974 2 1
977 2 3
979 2 3
986 2 3
995 2 3
996 2 1
998 2 3
8 3 3
9 3 2
12 3 3
15 3 1
18 3 3
22 3 1
25 3 2
29 3 3
33 3 3
41 3 3
43 3 3
45 3 2
47 3 1
49 3 2
56 3 3
57 3 1
61 3 1
62 3 2
63 3 2
67 3 1
69 3 1
70 3 2
76 3 3
84 3 2
85 3 2
90 3 1
92 3 3
95 3 2
96 3 3
97 3 3
114 3 1
115 3 1
116 3 3
120 3 3
125 3 2
127 3 2
129 3 1
130 3 3
132 3 2
142 3 3
144 3 3
146 3 2
149 3 2
153 3 2
157 3 2
158 3 2
159 3 3
162 3 1
185 3 2
187 3 1
188 3 2
192 3 2
193 3 1
194 3 3
198 3 3
200 3 1
209 3 1
210 3 3
217 3 2
221 3 1
223 3 3
224 3 2
231 3 3
242 3 3
246 3 1
248 3 2
249 3 1
255 3 3
258 3 3
260 3 1
264 3 3
266 3 1
268 3 3
269 3 2
274 3 3
276 3 1
277 3 3
283 3 3
284 3 1
285 3 3
289 3 3
290 3 1
291 3 1
294 3 2
298 3 2
299 3 1
304 3 3
306 3 1
307 3 2
309 3 2
310 3 2
311 3 1
314 3 2
316 3 2
318 3 1
322 3 1
324 3 3
329 3 1
336 3 3
339 3 2
343 3 3
345 3 1
347 3 3
350 3 3
352 3 3
353 3 2
354 3 2
364 3 2
367 3 1
369 3 3
370 3 3
372 3 1
373 3 1
379 3 3
380 3 1
381 3 1
385 3 2
389 3 2
391 3 2
393 3 2
397 3 2
400 3 3
405 3 3
409 3 3
411 3 3
414 3 3
415 3 2
418 3 1
420 3 3
423 3 2
425 3 2
431 3 2
433 3 1
435 3 2
440 3 3
441 3 1
443 3 1
445 3 1
446 3 2
449 3 1
452 3 3
453 3 1
461 3 1
462 3 2
463 3 3
466 3 1
467 3 3
468 3 3
469 3 3
471 3 3
473 3 2
481 3 1
482 3 3
487 3 3
491 3 2
493 3 1
494 3 3
495 3 3
497 3 2
498 3 2
499 3 2
500 3 3
507 3 1
509 3 1
511 3 3
513 3 1
514 3 2
519 3 2
527 3 2
528 3 1
533 3 1
534 3 3
537 3 1
542 3 1
545 3 1
555 3 1
560 3 1
561 3 3
562 3 3
564 3 1
565 3 3
567 3 3
568 3 3
571 3 2
572 3 1
574 3 2
578 3 2
581 3 2
584 3 2
585 3 2
586 3 3
588 3 3
592 3 1
599 3 2
604 3 3
610 3 3
612 3 3
616 3 2
619 3 2
621 3 1
624 3 2
625 3 2
626 3 2
627 3 1
629 3 1
632 3 3
638 3 2
639 3 3
646 3 3
647 3 2
649 3 2
652 3 3
653 3 2
662 3 1
666 3 3
667 3 2
668 3 1
672 3 3
680 3 2
693 3 2
694 3 1
702 3 3
704 3 3
706 3 3
707 3 2
708 3 1
710 3 2
717 3 1
718 3 2
725 3 2
726 3 3
728 3 2
729 3 2
730 3 3
734 3 3
736 3 3
738 3 2
740 3 3
742 3 2
743 3 3
744 3 1
748 3 2
750 3 3
751 3 2
752 3 2
753 3 1
754 3 3
759 3 1
761 3 1
763 3 3
764 3 1
767 3 3
769 3 2
776 3 1
777 3 2
778 3 2
781 3 1
786 3 1
787 3 3
790 3 2
793 3 1
795 3 1
797 3 1
802 3 1
803 3 1
811 3 1
813 3 1
816 3 1
817 3 3
818 3 2
822 3 1
825 3 2
828 3 2
834 3 3
837 3 3
838 3 2
841 3 3
843 3 2
844 3 2
848 3 2
850 3 3
853 3 2
855 3 1
857 3 3
858 3 1
860 3 1
865 3 1
867 3 3
868 3 3
869 3 1
870 3 3
871 3 2
873 3 1
874 3 1
876 3 3
878 3 2
879 3 1
881 3 3
885 3 3
886 3 3
888 3 2
891 3 3
894 3 1
895 3 3
896 3 1
900 3 3
902 3 2
906 3 1
907 3 1
908 3 1
913 3 1
915 3 1
923 3 3
927 3 2
929 3 3
939 3 1
943 3 1
944 3 3
946 3 1
952 3 1
955 3 1
957 3 1
959 3 2
961 3 2
963 3 1
967 3 1
970 3 1
971 3 2
973 3 2
975 3 1
979 3 3
981 3 1
984 3 2
985 3 1
987 3 3
990 3 3
992 3 1
995 3 1
996 3 2
997 3 3
3 4 2
4 4 2
5 4 2
7 4 1
11 4 2
12 4 1
14 4 2
16 4 2
17 4 3
20 4 3
22 4 2
23 4 3
25 4 3
26 4 2
32 4 2
35 4 2
37 4 2
40 4 1
41 4 3
42 4 1
43 4 1
47 4 1
49 4 1
54 4 1
59 4 1
60 4 2
61 4 2
62 4 2
68 4 1
69 4 2
72 4 3
