734 834 3
735 834 1
737 834 3
744 834 1
747 834 1
748 834 3
753 834 2
754 834 3
756 834 2
761 834 3
766 834 1
772 834 3
773 834 1
776 834 3
780 834 2
790 834 3
798 834 1
799 834 3
803 834 1
805 834 1
807 834 1
808 834 2
811 834 3
812 834 2
813 834 3
822 834 2
826 834 2
829 834 1
834 834 1
836 834 1
838 834 2
839 834 2
841 834 3
842 834 2
845 834 3
846 834 2
850 834 3
854 834 1
855 834 1
856 834 3
857 834 3
858 834 3
860 834 2
863 834 1
866 834 1
869 834 2
870 834 3
872 834 3
873 834 1
878 834 1
880 834 2
882 834 3
885 834 1
886 834 3
888 834 1
902 834 1
903 834 2
904 834 3
907 834 3
909 834 2
910 834 3
914 834 1
915 834 1
919 834 1
927 834 3
928 834 2
932 834 3
933 834 1
935 834 1
938 834 3
940 834 3
941 834 1
944 834 2
945 834 3
948 834 2
954 834 2
955 834 3
957 834 1
958 834 3
959 834 1
960 834 3
961 834 3
966 834 1
968 834 3
969 834 1
973 834 1
977 834 2
978 834 2
982 834 1
984 834 2
989 834 1
991 834 2
998 834 2
1 835 1
2 835 1
4 835 2
5 835 2
6 835 3
8 835 1
10 835 2
12 835 2
14 835 2
15 835 2
27 835 1
30 835 3
32 835 1
39 835 1
40 835 3
41 835 1
45 835 2
49 835 1
53 835 3
54 835 1
60 835 2
64 835 2
66 835 3
70 835 2
74 835 3
76 835 3
77 835 2
81 835 3
82 835 3
91 835 2
94 835 2
96 835 3
98 835 1
100 835 1
103 835 1
105 835 3
106 835 3
116 835 3
117 835 2
118 835 2
122 835 3
123 835 3
124 835 3
134 835 1
138 835 2
139 835 1
142 835 1
143 835 2
149 835 2
150 835 1
153 835 2
157 835 1
159 835 1
169 835 2
170 835 3
174 835 3
176 835 1
182 835 3
183 835 1
184 835 3
190 835 3
196 835 1
199 835 3
203 835 3
207 835 2
210 835 3
218 835 1
219 835 1
224 835 1
225 835 2
226 835 2
227 835 3
229 835 2
230 835 2
231 835 1
234 835 1
237 835 2
239 835 2
240 835 2
244 835 2
245 835 3
248 835 2
249 835 3
256 835 3
258 835 1
260 835 2
264 835 2
266 835 3
270 835 2
271 835 2
274 835 1
275 835 3
276 835 1
281 835 3
283 835 2
286 835 3
291 835 2
292 835 2
293 835 3
296 835 1
307 835 2
311 835 3
315 835 1
334 835 1
335 835 3
337 835 3
338 835 2
343 835 3
344 835 3
345 835 1
347 835 1
349 835 2
350 835 2
351 835 2
353 835 1
356 835 1
358 835 1
359 835 1
364 835 2
365 835 1
366 835 1
368 835 2
370 835 3
374 835 1
377 835 1
382 835 2
383 835 1
385 835 1
392 835 2
394 835 2
395 835 1
396 835 1
398 835 3
399 835 3
402 835 3
403 835 3
410 835 1
411 835 1
412 835 3
416 835 2
429 835 3
432 835 2
433 835 3
435 835 2
437 835 2
441 835 3
445 835 2
453 835 2
454 835 2
455 835 2
456 835 2
469 835 1
470 835 3
472 835 2
473 835 3
477 835 2
478 835 1
479 835 2
483 835 2
485 835 3
487 835 2
496 835 3
500 835 1
501 835 1
508 835 3
509 835 2
510 835 1
515 835 3
517 835 2
519 835 3
522 835 2
531 835 2
535 835 3
540 835 3
544 835 2
547 835 1
550 835 1
551 835 1
553 835 1
556 835 2
561 835 2
563 835 1
564 835 2
569 835 1
574 835 3
576 835 3
577 835 1
578 835 1
583 835 3
586 835 3
588 835 1
591 835 2
593 835 3
600 835 1
602 835 2
603 835 2
606 835 2
607 835 1
612 835 1
613 835 2
616 835 2
622 835 1
628 835 3
634 835 1
637 835 3
645 835 1
647 835 3
648 835 1
651 835 1
653 835 3
656 835 2
658 835 2
659 835 3
661 835 1
663 835 1
665 835 1
669 835 2
670 835 3
671 835 3
672 835 3
674 835 3
675 835 2
677 835 3
679 835 3
682 835 2
683 835 2
684 835 2
687 835 3
688 835 3
689 835 1
690 835 2
691 835 3
693 835 1
696 835 2
697 835 3
698 835 2
705 835 2
706 835 3
707 835 2
708 835 1
713 835 3
726 835 3
727 835 2
728 835 3
729 835 1
730 835 2
734 835 2
738 835 3
742 835 1
744 835 1
747 835 1
749 835 3
754 835 2
755 835 3
759 835 3
764 835 1
769 835 3
772 835 3
776 835 1
780 835 3
782 835 3
784 835 1
785 835 1
789 835 3
791 835 3
794 835 3
799 835 2
804 835 1
805 835 2
817 835 2
825 835 3
826 835 1
827 835 2
828 835 2
829 835 2
833 835 2
834 835 2
836 835 3
841 835 2
842 835 3
846 835 2
849 835 1
851 835 2
855 835 2
859 835 2
860 835 2
862 835 1
863 835 3
868 835 1
869 835 1
874 835 3
877 835 3
879 835 2
880 835 3
883 835 3
884 835 2
890 835 1
896 835 3
898 835 3
899 835 1
904 835 3
909 835 1
911 835 3
913 835 3
915 835 2
919 835 2
920 835 1
921 835 1
922 835 2
923 835 2
925 835 3
930 835 3
931 835 1
935 835 3
938 835 1
941 835 2
942 835 3
947 835 1
948 835 1
951 835 2
954 835 1
957 835 3
958 835 3
978 835 1
979 835 2
984 835 1
986 835 2
987 835 3
993 835 2
996 835 1
999 835 2
1 836 3
2 836 2
10 836 3
14 836 2
20 836 2
26 836 2
27 836 2
30 836 1
31 836 2
32 836 3
37 836 2
39 836 2
41 836 1
42 836 2
45 836 1
47 836 2
49 836 1
51 836 1
60 836 2
62 836 1
69 836 2
70 836 3
77 836 1
81 836 2
87 836 3
88 836 1
96 836 2
97 836 1
103 836 3
104 836 3
107 836 2
108 836 1
109 836 1
111 836 2
114 836 2
116 836 1
125 836 2
126 836 1
127 836 1
128 836 1
131 836 2
132 836 3
133 836 2
134 836 2
135 836 2
136 836 1
137 836 2
138 836 3
139 836 2
140 836 3
143 836 3
145 836 3
150 836 2
151 836 1
156 836 2
157 836 3
158 836 1
159 836 3
164 836 1
168 836 2
169 836 3
170 836 2
173 836 3
174 836 3
177 836 1
180 836 1
181 836 3
185 836 2
190 836 2
191 836 2
196 836 1
201 836 1
208 836 3
209 836 3
222 836 2
225 836 2
226 836 2
233 836 1
237 836 2
241 836 1
246 836 3
248 836 2
251 836 1
255 836 1
258 836 3
259 836 1
260 836 1
262 836 1
264 836 2
265 836 1
266 836 3
267 836 3
268 836 2
269 836 3
271 836 2
277 836 2
281 836 1
284 836 3
285 836 3
296 836 2
297 836 1
300 836 1
302 836 1
304 836 1
306 836 1
309 836 3
315 836 1
317 836 3
322 836 3
323 836 1
324 836 1
325 836 3
326 836 1
334 836 1
340 836 1
344 836 3
348 836 1
352 836 1
353 836 3
354 836 2
358 836 3
360 836 2
367 836 2
372 836 2
373 836 3
375 836 3
376 836 3
383 836 2
384 836 2
385 836 3
387 836 1
391 836 3
392 836 3
393 836 3
395 836 2
397 836 3
399 836 2
404 836 1
405 836 1
408 836 1
409 836 1
411 836 2
414 836 3
417 836 2
425 836 1
428 836 1
429 836 2
434 836 2
436 836 2
437 836 3
441 836 1
443 836 1
455 836 2
456 836 2
460 836 1
463 836 3
466 836 2
469 836 3
470 836 3
480 836 2
487 836 2
489 836 2
490 836 2
491 836 1
493 836 1
498 836 3
500 836 3
504 836 1
505 836 1
509 836 2
510 836 3
511 836 3
516 836 3
518 836 3
519 836 3
524 836 1
531 836 3
535 836 2
538 836 2
540 836 2
541 836 3
543 836 1
546 836 3
547 836 1
549 836 3
550 836 1
553 836 3
556 836 3
557 836 3
561 836 1
566 836 2
568 836 3
569 836 2
576 836 3
580 836 1
584 836 2
592 836 2
595 836 2
597 836 1
601 836 1
604 836 2
607 836 2
614 836 1
615 836 2
619 836 3
620 836 1
622 836 1
624 836 3
626 836 3
628 836 2
632 836 2
636 836 2
640 836 1
642 836 3
649 836 3
650 836 2
654 836 2
657 836 2
658 836 2
660 836 1
662 836 2
663 836 3
669 836 1
672 836 3
675 836 2
677 836 2
683 836 2
686 836 1
691 836 1
692 836 1
693 836 1
696 836 3
700 836 2
701 836 3
704 836 1
716 836 1
725 836 1
734 836 1
740 836 1
743 836 1
746 836 2
747 836 3
