664 101 2
665 101 1
668 101 1
670 101 3
681 101 3
686 101 3
688 101 1
692 101 1
693 101 2
694 101 1
697 101 1
705 101 3
707 101 2
708 101 1
712 101 2
718 101 3
720 101 1
722 101 2
724 101 1
736 101 2
737 101 1
740 101 2
743 101 2
748 101 2
749 101 2
750 101 2
752 101 3
753 101 3
755 101 2
760 101 2
763 101 1
767 101 2
770 101 2
772 101 3
774 101 2
779 101 3
780 101 3
788 101 1
789 101 1
790 101 3
793 101 3
795 101 1
799 101 1
800 101 1
802 101 1
806 101 3
812 101 2
814 101 2
815 101 1
818 101 1
823 101 2
827 101 2
836 101 3
842 101 1
844 101 3
845 101 2
846 101 2
848 101 3
850 101 2
851 101 1
852 101 2
866 101 2
871 101 3
872 101 2
878 101 2
880 101 3
888 101 2
893 101 1
894 101 1
895 101 2
897 101 2
898 101 2
899 101 3
902 101 3
905 101 1
908 101 1
910 101 1
911 101 3
914 101 2
924 101 1
930 101 1
931 101 1
935 101 2
936 101 3
937 101 3
938 101 2
947 101 2
949 101 1
951 101 3
952 101 2
953 101 3
955 101 2
956 101 3
965 101 1
966 101 1
967 101 1
968 101 3
969 101 3
970 101 3
978 101 1
983 101 2
988 101 2
990 101 3
991 101 2
992 101 1
994 101 3
995 101 1
999 101 3
0 102 3
1 102 3
3 102 1
8 102 1
14 102 1
15 102 2
16 102 2
18 102 1
22 102 3
25 102 1
27 102 1
31 102 2
36 102 2
39 102 3
41 102 3
43 102 2
44 102 3
45 102 1
46 102 3
48 102 2
49 102 3
50 102 1
53 102 1
58 102 1
59 102 1
63 102 1
66 102 2
67 102 1
70 102 2
72 102 2
74 102 3
77 102 3
85 102 1
87 102 3
88 102 2
95 102 3
96 102 2
97 102 1
103 102 3
106 102 2
107 102 1
109 102 1
111 102 2
113 102 1
119 102 2
123 102 2
124 102 2
125 102 2
127 102 1
130 102 1
131 102 3
134 102 3
138 102 2
139 102 2
140 102 3
148 102 3
153 102 1
155 102 1
156 102 3
166 102 2
169 102 3
170 102 3
171 102 1
172 102 3
176 102 2
183 102 1
184 102 2
187 102 2
189 102 1
192 102 3
194 102 1
197 102 1
199 102 2
200 102 2
202 102 3
203 102 2
204 102 2
205 102 1
206 102 1
209 102 1
211 102 3
215 102 1
221 102 1
224 102 2
225 102 2
240 102 2
244 102 2
247 102 1
249 102 1
251 102 2
254 102 2
260 102 3
264 102 1
268 102 3
271 102 1
274 102 2
276 102 1
278 102 2
291 102 2
298 102 1
302 102 2
303 102 1
308 102 1
313 102 1
317 102 3
319 102 3
320 102 1
321 102 3
328 102 2
329 102 2
332 102 1
334 102 3
340 102 1
344 102 2
345 102 1
348 102 3
349 102 1
360 102 3
363 102 2
364 102 3
367 102 2
368 102 1
371 102 2
377 102 2
380 102 3
381 102 2
382 102 1
383 102 2
384 102 2
386 102 1
395 102 3
403 102 3
404 102 3
407 102 1
408 102 1
420 102 1
429 102 3
431 102 2
432 102 2
433 102 3
435 102 3
436 102 3
438 102 3
440 102 1
443 102 1
444 102 1
447 102 3
454 102 1
456 102 2
459 102 3
460 102 2
464 102 3
467 102 1
470 102 3
477 102 3
478 102 2
485 102 3
486 102 1
487 102 3
488 102 3
489 102 2
491 102 3
494 102 2
499 102 2
501 102 1
508 102 3
513 102 2
517 102 3
518 102 1
524 102 1
532 102 2
536 102 1
537 102 3
538 102 1
539 102 3
540 102 2
541 102 3
542 102 3
543 102 3
548 102 3
551 102 1
559 102 1
562 102 2
567 102 1
569 102 2
573 102 3
579 102 2
581 102 2
585 102 2
591 102 2
597 102 3
599 102 3
600 102 1
602 102 3
603 102 2
605 102 3
606 102 2
607 102 3
608 102 2
614 102 2
620 102 3
624 102 1
627 102 2
628 102 3
630 102 2
631 102 1
633 102 3
635 102 1
636 102 2
638 102 1
644 102 1
648 102 2
650 102 1
652 102 2
653 102 2
654 102 2
656 102 1
658 102 2
667 102 1
669 102 3
670 102 2
672 102 1
674 102 3
675 102 2
678 102 2
681 102 1
688 102 2
691 102 2
699 102 3
704 102 1
706 102 3
708 102 1
712 102 3
715 102 3
717 102 2
723 102 3
727 102 1
729 102 2
734 102 2
736 102 2
738 102 1
739 102 1
740 102 2
741 102 3
744 102 1
746 102 3
749 102 2
754 102 2
756 102 2
757 102 3
759 102 1
763 102 3
765 102 2
766 102 2
769 102 3
780 102 1
781 102 3
782 102 3
788 102 3
790 102 1
791 102 3
792 102 3
795 102 1
797 102 2
798 102 1
801 102 1
803 102 1
805 102 3
806 102 1
811 102 3
815 102 3
817 102 3
821 102 2
830 102 3
835 102 3
836 102 3
841 102 2
843 102 3
844 102 2
847 102 2
850 102 3
854 102 1
863 102 3
881 102 1
884 102 3
886 102 2
889 102 2
890 102 2
893 102 2
895 102 3
898 102 3
899 102 1
900 102 1
902 102 1
903 102 1
904 102 3
909 102 2
913 102 1
914 102 3
920 102 3
924 102 3
925 102 3
928 102 2
930 102 3
931 102 2
933 102 2
935 102 2
945 102 1
946 102 1
950 102 3
952 102 3
956 102 1
960 102 2
963 102 3
965 102 3
967 102 1
970 102 3
974 102 3
976 102 2
979 102 3
985 102 1
986 102 1
988 102 1
990 102 2
991 102 1
993 102 2
994 102 1
996 102 1
6 103 3
8 103 3
9 103 1
11 103 2
17 103 1
19 103 2
25 103 3
34 103 3
41 103 2
43 103 3
47 103 1
52 103 3
53 103 3
54 103 3
55 103 1
58 103 1
59 103 2
79 103 3
80 103 3
82 103 3
83 103 2
88 103 1
94 103 3
96 103 2
102 103 3
105 103 2
110 103 1
112 103 3
119 103 3
122 103 1
123 103 2
129 103 3
131 103 3
132 103 1
133 103 2
141 103 3
142 103 2
145 103 2
146 103 2
148 103 2
149 103 1
150 103 3
151 103 3
152 103 2
155 103 3
157 103 1
161 103 3
163 103 2
171 103 1
176 103 1
177 103 1
179 103 1
184 103 1
185 103 2
192 103 3
196 103 1
198 103 1
200 103 2
201 103 3
203 103 1
204 103 3
206 103 1
208 103 2
209 103 2
216 103 1
217 103 1
220 103 1
221 103 2
227 103 2
229 103 1
231 103 2
232 103 2
235 103 3
238 103 2
241 103 1
243 103 1
246 103 2
248 103 1
249 103 3
251 103 1
252 103 2
263 103 1
265 103 3
268 103 2
272 103 1
275 103 1
276 103 3
277 103 2
282 103 2
288 103 2
289 103 3
291 103 1
292 103 3
295 103 2
296 103 2
307 103 2
308 103 2
321 103 1
328 103 3
329 103 2
331 103 1
339 103 1
341 103 3
344 103 3
347 103 3
351 103 2
356 103 3
358 103 3
362 103 2
366 103 1
371 103 3
374 103 1
380 103 1
384 103 3
385 103 1
386 103 1
389 103 1
392 103 3
395 103 2
396 103 1
412 103 1
417 103 2
420 103 1
422 103 2
427 103 3
430 103 1
432 103 3
434 103 1
440 103 1
444 103 3
449 103 3
451 103 3
456 103 1
465 103 2
466 103 2
469 103 3
472 103 1
473 103 3
477 103 1
479 103 3
482 103 1
484 103 1
489 103 2
490 103 2
491 103 1
498 103 2
500 103 3
506 103 2
514 103 2
516 103 3
517 103 2
522 103 3
527 103 3
530 103 1
531 103 1
534 103 1
538 103 3
539 103 1
540 103 2
543 103 3
545 103 2
551 103 3
554 103 2
559 103 3
562 103 1
565 103 3
566 103 3
567 103 2
568 103 2
569 103 3
572 103 3
576 103 3
583 103 3
588 103 1
591 103 2
592 103 3
594 103 1
597 103 2
598 103 1
604 103 1
606 103 1
608 103 2
611 103 2
614 103 2
616 103 2
620 103 2
626 103 2
628 103 3
629 103 2
632 103 1
638 103 3
639 103 1
646 103 2
647 103 1
652 103 2
655 103 1
657 103 3
660 103 1
663 103 3
666 103 1
674 103 2
675 103 2
676 103 1
677 103 1
679 103 1
686 103 3
690 103 3
692 103 3
699 103 2
702 103 3
705 103 2
707 103 1
708 103 2
711 103 3
713 103 2
725 103 2
726 103 2
732 103 2
737 103 3
739 103 1
749 103 1
750 103 2
753 103 2
763 103 2
765 103 3
779 103 1
783 103 2
785 103 3
788 103 1
790 103 2
