288 758 2
290 758 2
291 758 1
292 758 1
293 758 2
298 758 1
301 758 1
308 758 2
309 758 1
312 758 2
318 758 1
321 758 3
322 758 3
323 758 1
324 758 2
335 758 3
336 758 3
339 758 2
341 758 3
344 758 2
345 758 3
346 758 1
349 758 3
351 758 1
355 758 2
356 758 3
359 758 3
364 758 1
365 758 2
369 758 2
370 758 2
372 758 1
373 758 1
374 758 3
375 758 2
377 758 1
379 758 1
381 758 1
385 758 2
389 758 3
390 758 1
391 758 1
398 758 2
400 758 1
403 758 2
407 758 3
416 758 1
417 758 3
418 758 3
420 758 1
421 758 2
424 758 2
428 758 3
429 758 2
438 758 2
441 758 3
443 758 1
444 758 3
447 758 1
452 758 1
454 758 3
457 758 2
458 758 2
462 758 2
467 758 1
475 758 2
477 758 3
481 758 1
489 758 3
491 758 3
492 758 3
494 758 3
496 758 1
501 758 1
507 758 2
510 758 2
511 758 3
513 758 1
514 758 1
516 758 1
522 758 3
525 758 2
526 758 3
528 758 3
531 758 1
532 758 3
534 758 2
539 758 2
541 758 1
542 758 3
546 758 2
548 758 1
551 758 3
552 758 3
554 758 3
556 758 1
557 758 3
564 758 2
567 758 1
568 758 1
569 758 3
572 758 1
573 758 2
575 758 1
576 758 1
580 758 2
584 758 2
599 758 2
603 758 3
605 758 2
609 758 3
613 758 2
616 758 2
629 758 2
635 758 2
636 758 1
638 758 1
640 758 3
643 758 1
647 758 2
649 758 2
654 758 2
656 758 2
664 758 1
673 758 1
677 758 3
678 758 3
681 758 2
683 758 3
690 758 2
695 758 3
696 758 1
698 758 1
709 758 2
711 758 3
718 758 2
729 758 2
731 758 1
740 758 3
741 758 2
746 758 2
747 758 3
752 758 3
753 758 3
757 758 1
758 758 1
761 758 3
762 758 3
763 758 3
767 758 1
770 758 3
774 758 2
775 758 2
779 758 3
780 758 3
781 758 1
782 758 1
783 758 3
784 758 3
789 758 3
790 758 1
795 758 3
801 758 3
803 758 1
805 758 3
806 758 1
813 758 1
815 758 1
816 758 3
820 758 1
823 758 3
826 758 3
827 758 1
829 758 3
830 758 2
831 758 3
835 758 2
837 758 3
840 758 2
842 758 2
850 758 3
854 758 2
855 758 3
861 758 3
867 758 2
868 758 2
869 758 3
870 758 2
871 758 1
872 758 2
875 758 1
876 758 1
878 758 3
879 758 1
883 758 1
885 758 2
892 758 3
894 758 2
895 758 1
897 758 2
898 758 1
901 758 2
907 758 3
916 758 2
922 758 3
923 758 1
928 758 2
934 758 2
935 758 2
937 758 3
953 758 2
954 758 3
956 758 2
964 758 2
966 758 1
967 758 1
969 758 2
979 758 3
980 758 3
983 758 1
989 758 1
992 758 3
4 759 1
6 759 3
8 759 1
9 759 2
13 759 1
14 759 1
19 759 2
20 759 2
31 759 3
32 759 3
35 759 1
36 759 1
42 759 1
47 759 3
50 759 2
59 759 1
63 759 3
70 759 2
71 759 2
79 759 2
82 759 2
83 759 1
86 759 2
88 759 1
89 759 2
90 759 2
91 759 1
93 759 1
96 759 3
99 759 2
102 759 1
104 759 2
109 759 3
113 759 2
116 759 3
117 759 2
118 759 3
119 759 1
121 759 3
122 759 3
123 759 2
125 759 3
127 759 3
133 759 3
134 759 1
137 759 1
139 759 1
141 759 2
143 759 1
149 759 2
151 759 1
152 759 3
154 759 3
155 759 2
163 759 2
169 759 3
178 759 1
179 759 3
180 759 3
181 759 2
182 759 1
183 759 1
185 759 2
186 759 1
188 759 3
192 759 2
193 759 2
194 759 3
197 759 1
198 759 1
201 759 3
204 759 2
206 759 3
207 759 1
208 759 2
209 759 3
210 759 3
213 759 3
217 759 3
223 759 1
226 759 3
228 759 1
232 759 2
236 759 3
241 759 2
242 759 3
248 759 2
250 759 3
259 759 3
260 759 2
265 759 1
270 759 1
272 759 1
273 759 3
274 759 3
275 759 1
276 759 2
277 759 3
279 759 1
280 759 3
281 759 2
291 759 2
295 759 3
302 759 1
304 759 3
307 759 3
308 759 1
312 759 1
313 759 3
318 759 3
319 759 3
321 759 3
326 759 3
327 759 2
330 759 3
335 759 2
338 759 1
341 759 2
344 759 2
347 759 2
350 759 2
351 759 1
353 759 1
361 759 2
362 759 1
364 759 2
367 759 3
373 759 2
375 759 1
376 759 3
379 759 3
380 759 3
385 759 2
387 759 3
389 759 1
395 759 3
396 759 3
397 759 2
400 759 2
401 759 2
405 759 1
406 759 1
407 759 1
417 759 1
418 759 3
419 759 1
420 759 3
423 759 2
428 759 1
431 759 2
433 759 3
435 759 3
438 759 2
440 759 2
442 759 1
446 759 3
448 759 2
450 759 3
451 759 3
454 759 2
456 759 3
457 759 3
465 759 2
467 759 3
468 759 1
483 759 2
487 759 1
492 759 1
494 759 1
496 759 3
503 759 2
510 759 3
511 759 3
523 759 1
526 759 1
529 759 3
531 759 3
532 759 2
533 759 3
534 759 3
539 759 3
540 759 2
545 759 2
548 759 2
549 759 1
552 759 1
554 759 2
555 759 3
557 759 3
560 759 2
565 759 3
566 759 3
567 759 1
570 759 1
572 759 1
577 759 2
580 759 2
581 759 2
582 759 2
586 759 1
594 759 2
602 759 1
606 759 1
607 759 3
608 759 3
613 759 3
615 759 1
616 759 2
617 759 1
624 759 3
631 759 3
633 759 2
634 759 3
638 759 3
641 759 2
647 759 3
650 759 1
653 759 1
654 759 1
657 759 3
658 759 2
664 759 1
667 759 1
670 759 1
684 759 2
691 759 2
695 759 3
697 759 3
698 759 3
708 759 3
711 759 3
712 759 3
720 759 2
725 759 2
726 759 3
729 759 2
733 759 1
736 759 2
737 759 3
743 759 3
744 759 2
747 759 1
750 759 3
751 759 1
755 759 1
764 759 2
771 759 2
774 759 3
775 759 3
776 759 2
778 759 1
780 759 1
782 759 3
793 759 3
796 759 2
799 759 2
804 759 2
812 759 1
813 759 2
817 759 3
823 759 3
827 759 1
830 759 1
832 759 3
835 759 1
837 759 2
841 759 3
843 759 2
844 759 3
846 759 3
851 759 1
853 759 1
854 759 1
855 759 1
856 759 2
857 759 1
858 759 3
860 759 1
869 759 1
870 759 2
876 759 3
877 759 3
878 759 2
879 759 1
881 759 1
883 759 2
889 759 2
890 759 1
894 759 1
896 759 2
897 759 1
900 759 1
904 759 3
909 759 2
911 759 3
916 759 2
917 759 2
923 759 2
925 759 2
929 759 2
934 759 1
935 759 2
938 759 3
939 759 2
942 759 2
949 759 3
955 759 3
964 759 1
965 759 1
967 759 1
970 759 2
972 759 2
974 759 3
977 759 1
980 759 1
983 759 1
984 759 2
987 759 3
991 759 1
993 759 2
999 759 3
0 760 2
1 760 3
5 760 2
11 760 2
15 760 3
17 760 2
20 760 3
27 760 2
33 760 3
40 760 1
42 760 1
45 760 3
46 760 2
51 760 1
54 760 3
56 760 2
57 760 3
61 760 1
62 760 2
64 760 2
69 760 1
70 760 2
71 760 1
77 760 2
79 760 3
80 760 3
87 760 1
91 760 3
93 760 1
95 760 1
96 760 1
97 760 2
98 760 2
104 760 3
105 760 2
107 760 2
110 760 3
112 760 1
116 760 2
122 760 3
123 760 2
125 760 1
128 760 2
131 760 2
135 760 1
136 760 3
142 760 3
143 760 1
144 760 1
146 760 3
148 760 1
155 760 2
158 760 1
159 760 1
165 760 1
166 760 3
167 760 1
169 760 3
170 760 3
177 760 3
180 760 3
181 760 2
182 760 3
189 760 3
194 760 1
198 760 3
199 760 2
202 760 2
204 760 2
206 760 2
209 760 1
210 760 2
216 760 3
220 760 3
221 760 3
222 760 3
225 760 2
227 760 2
233 760 3
242 760 1
245 760 2
248 760 2
258 760 2
268 760 1
271 760 2
272 760 1
274 760 1
276 760 2
278 760 3
281 760 1
284 760 2
286 760 1
287 760 3
288 760 3
292 760 3
293 760 3
295 760 2
308 760 1
312 760 1
317 760 2
318 760 2
320 760 1
322 760 1
328 760 3
330 760 3
333 760 3
334 760 2
335 760 1
338 760 2
343 760 3
344 760 2
346 760 3
347 760 2
348 760 2
350 760 1
352 760 2
358 760 3
362 760 2
366 760 2
368 760 1
372 760 1
375 760 3
378 760 1
