254 542 1
260 542 1
261 542 2
264 542 1
267 542 1
269 542 1
274 542 3
277 542 1
278 542 1
282 542 3
284 542 3
288 542 3
290 542 3
291 542 1
294 542 1
298 542 1
306 542 2
308 542 1
315 542 1
318 542 2
319 542 3
322 542 3
323 542 2
330 542 1
335 542 3
346 542 1
354 542 2
358 542 2
363 542 3
367 542 2
368 542 2
372 542 1
374 542 3
375 542 3
376 542 2
377 542 2
379 542 2
383 542 2
385 542 2
386 542 3
387 542 3
395 542 2
403 542 1
407 542 2
408 542 3
419 542 1
420 542 1
421 542 2
428 542 1
434 542 1
435 542 3
442 542 1
443 542 2
447 542 3
450 542 2
456 542 3
459 542 1
461 542 3
464 542 3
471 542 2
477 542 2
483 542 2
485 542 1
488 542 2
490 542 3
491 542 2
492 542 3
494 542 3
503 542 2
512 542 1
514 542 1
517 542 2
521 542 1
525 542 2
526 542 2
531 542 1
537 542 3
539 542 1
540 542 3
541 542 2
545 542 1
546 542 1
548 542 1
551 542 1
555 542 3
562 542 1
564 542 2
567 542 3
571 542 2
574 542 3
575 542 3
576 542 3
577 542 1
580 542 2
583 542 2
586 542 3
587 542 2
589 542 3
594 542 3
595 542 3
596 542 2
597 542 2
600 542 1
606 542 2
620 542 1
628 542 3
630 542 3
638 542 1
639 542 2
642 542 3
647 542 2
651 542 2
658 542 3
663 542 1
664 542 1
667 542 2
672 542 1
680 542 3
681 542 3
682 542 2
691 542 1
692 542 1
693 542 1
695 542 1
699 542 2
700 542 1
702 542 1
703 542 2
712 542 1
715 542 1
718 542 1
721 542 3
725 542 1
726 542 1
733 542 1
738 542 3
740 542 3
741 542 3
742 542 3
743 542 1
744 542 1
745 542 3
749 542 1
750 542 2
752 542 3
756 542 1
757 542 1
758 542 3
761 542 2
763 542 2
773 542 1
777 542 2
779 542 1
782 542 1
783 542 3
784 542 1
787 542 1
791 542 1
793 542 3
796 542 2
798 542 2
800 542 1
801 542 1
802 542 2
807 542 3
812 542 1
814 542 1
815 542 3
816 542 3
819 542 1
821 542 2
825 542 3
828 542 3
830 542 2
835 542 1
837 542 1
839 542 1
840 542 3
841 542 1
842 542 3
855 542 1
857 542 1
860 542 1
861 542 1
862 542 3
874 542 3
876 542 1
877 542 2
883 542 2
884 542 1
889 542 2
895 542 3
897 542 1
899 542 1
904 542 3
905 542 2
909 542 1
911 542 2
916 542 3
919 542 2
920 542 3
921 542 1
929 542 3
933 542 3
934 542 2
938 542 1
939 542 3
941 542 3
942 542 3
944 542 3
949 542 1
951 542 1
952 542 2
953 542 3
954 542 2
955 542 1
957 542 3
962 542 3
963 542 1
968 542 3
971 542 3
973 542 2
974 542 1
976 542 3
977 542 1
980 542 2
984 542 3
985 542 3
992 542 1
999 542 2
1 543 2
6 543 1
8 543 1
10 543 3
12 543 1
15 543 1
17 543 3
18 543 2
19 543 1
25 543 1
27 543 3
31 543 2
35 543 1
36 543 3
38 543 2
40 543 2
46 543 1
47 543 3
50 543 2
52 543 1
64 543 1
68 543 1
69 543 3
70 543 2
71 543 2
72 543 2
74 543 2
75 543 1
76 543 2
79 543 3
82 543 1
88 543 3
91 543 2
94 543 1
95 543 1
96 543 1
97 543 3
98 543 3
100 543 3
101 543 1
102 543 1
105 543 3
106 543 2
108 543 1
109 543 2
115 543 2
116 543 3
119 543 1
121 543 2
123 543 3
124 543 2
130 543 2
134 543 2
135 543 2
139 543 1
140 543 3
145 543 2
146 543 2
149 543 2
152 543 2
154 543 2
155 543 1
158 543 3
159 543 2
160 543 1
161 543 1
162 543 2
166 543 3
167 543 3
168 543 3
170 543 1
176 543 1
178 543 2
184 543 1
186 543 2
190 543 3
194 543 1
196 543 2
198 543 3
201 543 2
204 543 3
205 543 3
210 543 3
213 543 2
220 543 2
229 543 3
233 543 3
238 543 3
240 543 3
241 543 2
244 543 2
259 543 1
265 543 3
268 543 1
270 543 2
271 543 1
274 543 2
277 543 3
279 543 1
283 543 3
285 543 1
287 543 3
288 543 2
292 543 3
296 543 3
304 543 1
305 543 3
307 543 3
308 543 3
309 543 3
310 543 1
312 543 3
313 543 1
314 543 2
320 543 1
327 543 2
328 543 2
329 543 3
332 543 2
334 543 3
339 543 2
340 543 1
341 543 2
344 543 3
347 543 2
348 543 3
349 543 2
353 543 3
354 543 1
357 543 2
361 543 2
365 543 3
370 543 2
371 543 1
372 543 2
377 543 2
382 543 1
383 543 1
387 543 2
392 543 3
393 543 1
395 543 2
399 543 1
401 543 3
411 543 1
416 543 3
418 543 1
425 543 1
426 543 1
427 543 2
431 543 2
437 543 3
439 543 2
441 543 3
443 543 3
444 543 3
445 543 1
446 543 2
447 543 2
450 543 1
451 543 2
452 543 1
454 543 2
456 543 1
460 543 1
463 543 3
464 543 2
466 543 2
467 543 2
469 543 3
471 543 3
476 543 1
483 543 3
484 543 2
485 543 3
490 543 3
491 543 3
496 543 2
497 543 2
499 543 2
505 543 2
507 543 2
508 543 2
510 543 2
511 543 2
514 543 2
516 543 1
522 543 2
525 543 1
533 543 3
538 543 2
541 543 3
542 543 3
545 543 2
546 543 1
548 543 2
549 543 2
550 543 3
557 543 2
559 543 3
562 543 3
567 543 3
569 543 1
572 543 2
575 543 3
576 543 2
577 543 2
578 543 3
579 543 1
580 543 3
581 543 3
583 543 1
585 543 2
586 543 2
587 543 3
589 543 2
590 543 1
592 543 1
594 543 3
595 543 2
597 543 3
598 543 2
599 543 2
602 543 3
605 543 1
608 543 3
609 543 1
612 543 2
613 543 1
615 543 1
619 543 2
620 543 1
622 543 2
630 543 1
631 543 2
632 543 3
634 543 1
635 543 2
637 543 3
640 543 3
641 543 1
642 543 3
643 543 3
644 543 1
649 543 1
650 543 2
657 543 1
659 543 2
664 543 2
665 543 3
667 543 2
668 543 1
670 543 2
673 543 3
674 543 1
676 543 2
680 543 1
683 543 2
684 543 2
688 543 3
692 543 1
693 543 2
695 543 3
696 543 3
703 543 3
706 543 3
707 543 2
709 543 3
714 543 2
715 543 2
716 543 3
719 543 3
720 543 3
722 543 3
727 543 3
731 543 2
735 543 2
736 543 1
738 543 2
743 543 2
744 543 2
746 543 1
747 543 2
753 543 1
757 543 1
759 543 3
764 543 3
766 543 2
770 543 3
773 543 3
779 543 1
780 543 3
781 543 3
786 543 1
788 543 1
792 543 2
793 543 2
798 543 3
800 543 2
806 543 1
807 543 1
816 543 3
820 543 2
822 543 1
823 543 1
827 543 2
830 543 2
831 543 2
833 543 3
835 543 3
836 543 1
839 543 3
842 543 3
843 543 1
845 543 2
847 543 1
855 543 3
857 543 1
858 543 2
859 543 3
862 543 1
864 543 1
868 543 3
869 543 1
874 543 3
876 543 3
877 543 3
879 543 3
882 543 2
883 543 2
894 543 1
897 543 3
899 543 3
902 543 2
912 543 1
919 543 3
921 543 3
923 543 2
926 543 1
928 543 3
929 543 1
931 543 2
932 543 1
934 543 3
935 543 2
936 543 1
937 543 2
940 543 2
944 543 3
949 543 1
951 543 3
954 543 3
958 543 1
959 543 2
960 543 2
961 543 2
962 543 2
963 543 2
964 543 3
965 543 2
976 543 3
979 543 3
982 543 3
983 543 1
985 543 3
986 543 3
995 543 3
998 543 1
999 543 3
4 544 1
6 544 3
7 544 1
15 544 3
16 544 2
17 544 3
18 544 1
26 544 3
30 544 2
31 544 2
32 544 2
34 544 1
35 544 2
43 544 3
45 544 2
47 544 1
48 544 1
50 544 2
54 544 2
56 544 2
58 544 2
67 544 2
72 544 1
75 544 3
76 544 2
78 544 2
81 544 2
89 544 3
90 544 1
94 544 3
100 544 3
101 544 3
102 544 2
111 544 3
116 544 1
120 544 1
122 544 2
127 544 1
128 544 3
129 544 3
133 544 1
136 544 3
138 544 2
150 544 3
151 544 2
154 544 3
156 544 3
159 544 2
168 544 3
170 544 1
171 544 3
172 544 2
177 544 1
180 544 2
192 544 2
202 544 3
203 544 2
204 544 1
205 544 3
206 544 1
207 544 2
208 544 1
209 544 1
211 544 2
213 544 2
214 544 3
215 544 1
