661 366 2
670 366 2
673 366 1
675 366 2
677 366 2
678 366 2
684 366 1
688 366 3
689 366 3
690 366 3
692 366 3
696 366 1
697 366 2
699 366 2
700 366 1
712 366 2
713 366 2
714 366 2
716 366 3
717 366 1
718 366 3
719 366 3
724 366 3
726 366 2
730 366 2
733 366 3
737 366 2
739 366 3
743 366 2
749 366 2
751 366 3
753 366 2
754 366 1
759 366 3
764 366 2
767 366 2
771 366 2
772 366 3
775 366 2
779 366 2
780 366 2
781 366 3
783 366 3
786 366 2
798 366 2
802 366 3
803 366 2
809 366 2
811 366 3
815 366 3
818 366 2
821 366 2
823 366 2
825 366 3
826 366 3
827 366 3
829 366 3
831 366 2
832 366 1
845 366 2
851 366 3
855 366 2
858 366 2
860 366 1
862 366 1
867 366 3
873 366 2
874 366 1
875 366 3
876 366 1
877 366 3
879 366 3
881 366 1
882 366 2
884 366 1
887 366 2
888 366 2
889 366 1
890 366 3
891 366 1
892 366 3
893 366 3
899 366 2
905 366 2
909 366 3
911 366 3
912 366 3
917 366 2
918 366 3
921 366 1
923 366 2
925 366 3
927 366 3
928 366 1
929 366 1
930 366 3
935 366 3
936 366 1
937 366 1
938 366 1
939 366 1
942 366 2
943 366 1
951 366 3
955 366 2
956 366 3
965 366 3
967 366 1
971 366 3
974 366 3
975 366 1
976 366 3
978 366 1
979 366 1
985 366 3
990 366 1
995 366 2
997 366 1
998 366 3
5 367 2
8 367 1
11 367 1
12 367 3
14 367 3
16 367 1
19 367 1
23 367 2
34 367 2
37 367 2
38 367 3
42 367 1
43 367 3
44 367 2
46 367 3
49 367 1
51 367 3
63 367 3
64 367 3
71 367 2
75 367 1
77 367 1
84 367 3
86 367 1
92 367 2
93 367 2
95 367 1
109 367 3
111 367 2
116 367 1
120 367 1
121 367 2
126 367 1
130 367 1
142 367 2
146 367 1
148 367 2
149 367 1
152 367 2
153 367 2
154 367 1
157 367 3
160 367 3
161 367 3
162 367 3
167 367 2
171 367 1
172 367 2
174 367 3
177 367 1
179 367 2
181 367 3
183 367 1
184 367 1
188 367 2
193 367 1
194 367 3
195 367 2
196 367 1
202 367 1
204 367 1
205 367 1
206 367 2
209 367 1
212 367 2
213 367 1
215 367 2
221 367 1
226 367 2
229 367 3
237 367 3
240 367 2
244 367 3
245 367 3
247 367 1
249 367 1
251 367 1
256 367 3
258 367 3
261 367 2
262 367 1
267 367 2
269 367 3
270 367 1
273 367 1
278 367 2
280 367 2
284 367 2
287 367 1
288 367 3
290 367 2
291 367 3
292 367 1
295 367 1
298 367 3
300 367 3
302 367 3
305 367 3
309 367 1
310 367 3
315 367 2
317 367 3
318 367 2
320 367 3
321 367 2
325 367 2
328 367 2
330 367 2
331 367 2
336 367 2
338 367 2
342 367 3
343 367 1
350 367 3
356 367 2
358 367 3
359 367 2
360 367 2
361 367 2
364 367 2
365 367 2
368 367 1
370 367 2
374 367 2
378 367 2
379 367 1
380 367 3
383 367 3
384 367 3
385 367 1
387 367 3
392 367 1
395 367 1
396 367 3
397 367 1
398 367 1
402 367 3
409 367 1
414 367 3
415 367 2
418 367 1
424 367 2
426 367 2
431 367 1
432 367 3
446 367 2
450 367 1
451 367 3
455 367 3
458 367 1
460 367 2
461 367 3
472 367 3
478 367 1
479 367 2
482 367 1
483 367 3
486 367 3
492 367 1
494 367 2
495 367 1
498 367 3
499 367 1
505 367 2
507 367 2
510 367 2
511 367 2
512 367 2
517 367 3
520 367 2
523 367 3
524 367 2
531 367 1
532 367 1
534 367 1
537 367 2
541 367 3
543 367 3
545 367 2
547 367 2
548 367 1
549 367 2
550 367 1
551 367 2
554 367 1
565 367 2
566 367 2
567 367 1
572 367 2
576 367 3
577 367 2
580 367 1
584 367 2
592 367 1
597 367 3
600 367 1
602 367 2
608 367 2
609 367 3
620 367 3
621 367 2
622 367 2
629 367 2
630 367 3
633 367 1
636 367 2
648 367 2
649 367 3
664 367 1
665 367 2
675 367 2
681 367 2
682 367 3
685 367 1
690 367 2
691 367 1
692 367 1
695 367 3
697 367 1
699 367 3
704 367 2
711 367 3
713 367 2
714 367 3
716 367 2
719 367 3
720 367 3
727 367 1
731 367 1
733 367 3
741 367 2
742 367 3
743 367 2
748 367 1
749 367 3
754 367 3
760 367 2
768 367 2
772 367 1
778 367 3
779 367 3
780 367 3
782 367 2
787 367 3
789 367 2
790 367 1
792 367 2
797 367 2
802 367 1
803 367 3
808 367 3
810 367 3
819 367 1
820 367 2
824 367 1
827 367 3
828 367 2
830 367 1
831 367 3
833 367 1
839 367 3
844 367 1
849 367 3
850 367 3
853 367 3
856 367 1
863 367 1
867 367 1
871 367 3
872 367 1
884 367 1
886 367 1
887 367 1
888 367 3
891 367 3
892 367 3
894 367 2
896 367 2
897 367 1
898 367 1
900 367 1
901 367 1
904 367 1
908 367 1
909 367 3
913 367 2
915 367 3
916 367 1
919 367 1
924 367 1
928 367 1
934 367 1
935 367 3
936 367 2
940 367 2
944 367 2
947 367 1
952 367 1
953 367 2
955 367 1
956 367 2
959 367 3
960 367 2
961 367 3
962 367 2
964 367 3
965 367 3
970 367 1
971 367 2
976 367 3
977 367 2
979 367 1
980 367 2
982 367 2
983 367 2
988 367 1
989 367 3
992 367 1
993 367 3
996 367 3
997 367 3
3 368 3
6 368 2
7 368 1
9 368 3
16 368 2
20 368 2
21 368 2
30 368 2
31 368 2
35 368 2
37 368 1
39 368 1
42 368 1
46 368 3
47 368 2
52 368 3
53 368 1
55 368 3
58 368 3
64 368 1
65 368 3
66 368 1
67 368 2
70 368 1
74 368 1
76 368 3
77 368 2
79 368 3
85 368 2
97 368 3
100 368 1
105 368 1
118 368 3
122 368 2
123 368 1
128 368 3
130 368 3
132 368 1
134 368 3
136 368 3
138 368 2
143 368 1
146 368 2
152 368 1
153 368 1
155 368 2
161 368 2
166 368 1
167 368 3
168 368 1
169 368 2
170 368 1
171 368 1
174 368 3
175 368 2
181 368 2
182 368 1
183 368 3
185 368 1
190 368 3
192 368 3
193 368 1
195 368 3
197 368 3
199 368 2
206 368 1
207 368 2
213 368 2
218 368 1
221 368 2
222 368 2
224 368 1
228 368 3
230 368 2
233 368 3
237 368 1
239 368 3
245 368 2
254 368 3
257 368 1
259 368 1
260 368 2
261 368 3
265 368 2
269 368 1
273 368 2
274 368 2
276 368 3
279 368 2
280 368 2
282 368 2
284 368 1
286 368 1
297 368 2
301 368 3
302 368 2
303 368 3
304 368 1
305 368 1
310 368 1
312 368 3
313 368 3
315 368 2
316 368 2
318 368 2
323 368 1
326 368 2
329 368 2
331 368 3
334 368 2
336 368 2
342 368 1
344 368 3
346 368 3
351 368 2
352 368 1
353 368 1
354 368 3
360 368 3
362 368 1
367 368 2
374 368 1
381 368 3
386 368 1
389 368 1
390 368 3
391 368 3
392 368 2
394 368 2
396 368 3
400 368 1
402 368 2
412 368 3
413 368 2
415 368 2
416 368 3
419 368 1
423 368 3
425 368 3
431 368 1
441 368 3
442 368 1
450 368 2
457 368 1
459 368 1
465 368 3
467 368 1
472 368 1
480 368 3
483 368 2
487 368 3
492 368 2
494 368 2
496 368 2
497 368 3
498 368 1
500 368 3
501 368 1
504 368 3
507 368 1
509 368 3
513 368 3
514 368 3
515 368 1
519 368 3
520 368 1
521 368 3
522 368 1
525 368 1
526 368 3
532 368 3
533 368 2
534 368 2
537 368 2
540 368 3
543 368 3
546 368 1
550 368 2
552 368 2
553 368 1
557 368 3
563 368 3
565 368 3
573 368 2
575 368 3
576 368 3
583 368 2
584 368 3
589 368 3
592 368 2
596 368 2
598 368 3
609 368 3
610 368 3
620 368 1
622 368 1
625 368 1
627 368 1
631 368 1
632 368 2
637 368 2
640 368 1
642 368 1
649 368 3
650 368 2
652 368 3
655 368 1
660 368 3
661 368 2
663 368 3
669 368 2
671 368 3
676 368 1
682 368 3
683 368 3
691 368 2
692 368 2
694 368 2
695 368 1
696 368 3
698 368 1
699 368 1
702 368 1
703 368 3
704 368 1
709 368 3
