313 476 1
314 476 1
317 476 3
318 476 3
321 476 1
326 476 2
330 476 1
333 476 1
338 476 1
339 476 3
343 476 1
344 476 2
345 476 1
346 476 2
347 476 3
349 476 1
350 476 1
353 476 2
354 476 1
357 476 3
360 476 1
365 476 1
366 476 3
371 476 2
373 476 1
375 476 3
377 476 1
378 476 3
379 476 2
382 476 1
383 476 3
384 476 3
388 476 3
393 476 1
394 476 2
396 476 2
404 476 3
407 476 1
408 476 2
413 476 3
416 476 3
421 476 3
424 476 2
426 476 1
428 476 3
429 476 1
431 476 2
432 476 1
435 476 3
437 476 3
442 476 2
446 476 2
447 476 2
449 476 1
454 476 1
456 476 1
462 476 3
463 476 1
465 476 1
471 476 1
473 476 2
474 476 3
482 476 2
487 476 1
489 476 1
492 476 3
497 476 1
499 476 1
502 476 2
503 476 1
504 476 1
505 476 2
507 476 3
513 476 1
515 476 1
516 476 2
517 476 1
519 476 2
521 476 2
525 476 3
527 476 1
528 476 3
531 476 2
534 476 3
535 476 1
540 476 3
541 476 3
544 476 3
546 476 1
550 476 2
551 476 3
552 476 1
553 476 2
559 476 2
565 476 2
571 476 2
572 476 2
573 476 1
574 476 2
577 476 3
579 476 3
580 476 2
582 476 1
583 476 3
585 476 2
589 476 3
591 476 1
595 476 1
598 476 2
603 476 1
604 476 2
609 476 2
611 476 2
613 476 3
615 476 1
617 476 1
621 476 1
629 476 3
630 476 1
632 476 1
634 476 1
640 476 1
641 476 1
642 476 3
643 476 3
652 476 3
657 476 3
658 476 2
660 476 1
662 476 2
663 476 1
664 476 2
672 476 3
677 476 2
678 476 2
679 476 3
681 476 1
682 476 2
683 476 2
684 476 3
686 476 1
688 476 2
690 476 1
693 476 3
695 476 2
702 476 1
703 476 1
705 476 2
706 476 3
707 476 2
718 476 2
724 476 3
727 476 1
732 476 1
734 476 1
738 476 1
739 476 2
741 476 2
742 476 3
744 476 1
750 476 3
758 476 2
760 476 2
762 476 2
766 476 3
767 476 1
769 476 1
771 476 3
772 476 1
773 476 2
776 476 2
780 476 3
782 476 1
784 476 2
787 476 1
788 476 3
795 476 2
802 476 1
805 476 1
809 476 1
819 476 1
821 476 3
822 476 2
823 476 2
827 476 1
828 476 2
834 476 3
836 476 1
837 476 3
839 476 3
843 476 3
845 476 1
853 476 3
855 476 3
856 476 3
857 476 2
859 476 3
861 476 1
865 476 3
866 476 1
867 476 2
871 476 2
872 476 1
875 476 3
878 476 1
880 476 2
894 476 3
897 476 3
905 476 2
907 476 1
909 476 3
910 476 2
913 476 3
914 476 2
915 476 2
921 476 3
925 476 1
934 476 1
943 476 1
946 476 1
953 476 2
954 476 3
960 476 3
962 476 3
963 476 3
966 476 1
977 476 2
978 476 2
982 476 3
985 476 1
991 476 1
993 476 1
994 476 2
995 476 1
8 477 1
9 477 3
17 477 1
19 477 2
21 477 2
22 477 1
24 477 2
26 477 2
31 477 2
32 477 2
33 477 2
35 477 3
37 477 3
41 477 2
47 477 3
53 477 3
54 477 3
58 477 3
65 477 3
66 477 2
68 477 2
70 477 2
75 477 1
76 477 2
83 477 2
92 477 2
94 477 2
108 477 3
124 477 3
125 477 2
126 477 3
127 477 3
128 477 3
134 477 1
141 477 2
142 477 1
143 477 2
150 477 3
152 477 2
155 477 1
160 477 3
162 477 1
165 477 1
167 477 1
168 477 3
170 477 1
173 477 3
180 477 2
184 477 2
186 477 1
187 477 2
188 477 1
189 477 3
192 477 2
197 477 1
204 477 3
206 477 1
208 477 2
215 477 1
217 477 2
220 477 2
224 477 2
225 477 2
227 477 1
229 477 1
231 477 2
232 477 2
233 477 2
237 477 2
239 477 1
241 477 3
242 477 3
245 477 2
250 477 2
252 477 3
258 477 2
259 477 3
261 477 1
265 477 2
273 477 2
283 477 1
285 477 1
286 477 2
287 477 2
290 477 3
296 477 2
297 477 1
299 477 3
306 477 1
307 477 1
308 477 2
309 477 2
310 477 3
315 477 3
322 477 3
324 477 1
332 477 3
335 477 2
348 477 3
351 477 2
354 477 1
356 477 2
357 477 2
358 477 1
361 477 3
362 477 2
364 477 1
365 477 2
367 477 1
369 477 1
371 477 2
372 477 1
374 477 3
377 477 2
379 477 3
383 477 2
388 477 2
391 477 1
393 477 1
394 477 1
395 477 3
396 477 3
397 477 3
399 477 3
401 477 1
405 477 3
410 477 3
411 477 2
417 477 3
418 477 3
419 477 3
424 477 3
427 477 2
428 477 1
429 477 3
430 477 3
433 477 1
440 477 1
442 477 2
443 477 2
444 477 3
451 477 3
453 477 1
457 477 1
463 477 1
464 477 2
467 477 3
470 477 1
472 477 3
473 477 2
474 477 2
484 477 1
489 477 3
498 477 3
499 477 3
501 477 1
503 477 1
504 477 3
507 477 1
510 477 1
512 477 3
517 477 3
519 477 3
522 477 1
523 477 1
524 477 1
528 477 2
529 477 3
530 477 2
533 477 2
534 477 2
535 477 3
538 477 3
539 477 1
540 477 1
541 477 3
543 477 2
544 477 3
545 477 2
546 477 1
548 477 1
550 477 3
551 477 3
552 477 3
553 477 3
556 477 2
557 477 3
558 477 3
559 477 2
563 477 2
564 477 3
565 477 3
567 477 1
575 477 3
581 477 2
584 477 3
586 477 3
592 477 3
594 477 2
595 477 3
597 477 3
601 477 3
604 477 3
606 477 2
609 477 1
611 477 1
612 477 2
618 477 2
619 477 1
621 477 2
622 477 3
624 477 3
628 477 2
632 477 1
634 477 2
636 477 2
647 477 3
648 477 1
651 477 1
654 477 3
660 477 1
661 477 2
662 477 3
664 477 2
665 477 1
670 477 1
672 477 2
674 477 1
676 477 1
677 477 3
678 477 3
680 477 3
681 477 3
685 477 2
686 477 1
687 477 3
689 477 1
691 477 2
694 477 3
695 477 1
703 477 2
708 477 2
709 477 3
710 477 1
713 477 1
714 477 2
717 477 1
718 477 2
720 477 2
733 477 2
734 477 1
735 477 1
737 477 2
740 477 2
743 477 3
750 477 2
756 477 3
759 477 1
762 477 2
765 477 1
768 477 3
770 477 1
778 477 3
780 477 2
781 477 3
789 477 1
792 477 1
793 477 2
796 477 2
799 477 1
803 477 3
805 477 2
807 477 2
810 477 2
811 477 3
812 477 2
815 477 1
817 477 3
818 477 2
819 477 1
822 477 2
826 477 1
828 477 2
829 477 2
832 477 2
833 477 2
834 477 2
835 477 3
836 477 2
837 477 2
840 477 2
844 477 2
846 477 2
848 477 2
850 477 2
854 477 3
855 477 2
856 477 3
862 477 2
868 477 2
870 477 2
873 477 2
877 477 3
879 477 1
880 477 1
881 477 2
883 477 1
884 477 2
886 477 2
888 477 1
891 477 2
899 477 3
900 477 1
903 477 1
906 477 1
907 477 3
908 477 2
909 477 2
910 477 1
913 477 1
914 477 1
915 477 1
917 477 2
920 477 2
924 477 1
927 477 3
929 477 2
933 477 1
935 477 3
937 477 2
939 477 3
940 477 3
941 477 3
954 477 2
955 477 1
956 477 3
962 477 3
968 477 2
971 477 1
973 477 3
974 477 3
975 477 2
977 477 2
980 477 1
981 477 3
990 477 3
993 477 1
1 478 1
2 478 1
5 478 3
11 478 2
17 478 2
22 478 2
23 478 1
24 478 1
26 478 3
28 478 2
30 478 3
31 478 2
37 478 2
43 478 3
46 478 1
47 478 1
49 478 1
57 478 2
58 478 2
62 478 3
64 478 2
65 478 3
67 478 1
69 478 2
72 478 2
73 478 1
75 478 3
76 478 2
78 478 1
81 478 3
90 478 3
93 478 3
95 478 1
96 478 2
97 478 2
98 478 3
99 478 2
100 478 2
102 478 2
104 478 1
106 478 2
107 478 1
115 478 2
118 478 1
119 478 1
122 478 1
123 478 3
124 478 3
125 478 2
130 478 1
131 478 2
133 478 3
138 478 1
140 478 3
142 478 1
145 478 2
147 478 3
149 478 3
156 478 2
157 478 1
160 478 1
163 478 3
173 478 1
174 478 1
178 478 1
184 478 3
185 478 1
191 478 3
198 478 1
212 478 2
222 478 3
225 478 2
230 478 3
231 478 2
232 478 2
234 478 1
235 478 1
236 478 2
237 478 1
239 478 1
240 478 3
253 478 3
255 478 3
261 478 3
263 478 2
