305 217 1
307 217 3
311 217 3
312 217 2
313 217 1
315 217 3
322 217 1
327 217 2
332 217 3
333 217 1
334 217 1
335 217 3
336 217 3
339 217 2
349 217 3
351 217 1
352 217 1
355 217 3
356 217 2
359 217 2
363 217 2
364 217 1
369 217 3
374 217 3
376 217 2
377 217 2
379 217 2
381 217 1
384 217 1
391 217 3
395 217 1
396 217 3
404 217 2
408 217 3
409 217 1
410 217 1
411 217 3
414 217 3
415 217 3
417 217 3
418 217 2
419 217 1
429 217 3
431 217 2
435 217 1
436 217 2
440 217 1
442 217 2
444 217 3
447 217 1
457 217 3
458 217 3
467 217 3
469 217 1
474 217 3
478 217 3
482 217 1
489 217 1
495 217 2
497 217 1
499 217 2
504 217 2
509 217 1
514 217 1
515 217 3
520 217 3
523 217 2
530 217 2
533 217 2
534 217 3
535 217 2
539 217 3
541 217 3
543 217 1
545 217 1
553 217 3
554 217 2
555 217 3
556 217 1
558 217 3
562 217 3
563 217 1
565 217 1
567 217 1
568 217 1
569 217 1
573 217 1
577 217 1
579 217 2
580 217 3
582 217 1
584 217 3
585 217 2
587 217 2
590 217 2
592 217 3
593 217 3
598 217 2
602 217 1
603 217 2
606 217 2
615 217 1
616 217 3
617 217 1
618 217 2
619 217 1
620 217 3
622 217 3
628 217 1
629 217 1
630 217 2
638 217 2
641 217 1
642 217 1
650 217 2
657 217 1
658 217 3
659 217 1
660 217 1
662 217 2
663 217 2
664 217 2
666 217 3
668 217 3
670 217 3
672 217 3
675 217 2
686 217 2
687 217 2
688 217 1
691 217 3
693 217 1
695 217 2
699 217 1
703 217 2
704 217 3
705 217 1
708 217 3
709 217 3
712 217 1
714 217 2
720 217 1
721 217 1
728 217 3
731 217 3
734 217 2
738 217 1
741 217 1
746 217 2
748 217 2
749 217 3
750 217 2
751 217 1
753 217 3
754 217 3
757 217 3
759 217 2
762 217 2
763 217 2
766 217 3
771 217 3
773 217 1
776 217 1
777 217 3
778 217 2
780 217 2
782 217 1
793 217 3
794 217 1
796 217 3
806 217 2
810 217 2
815 217 3
819 217 1
827 217 3
832 217 3
833 217 1
834 217 3
837 217 2
839 217 3
841 217 3
847 217 2
854 217 3
858 217 2
859 217 3
867 217 3
872 217 3
878 217 3
879 217 1
880 217 3
881 217 1
884 217 1
886 217 2
888 217 3
891 217 2
903 217 3
905 217 2
907 217 1
908 217 2
910 217 2
913 217 2
914 217 3
916 217 2
919 217 2
924 217 3
926 217 1
928 217 3
929 217 1
931 217 2
938 217 1
942 217 3
945 217 3
947 217 3
949 217 3
951 217 2
955 217 2
960 217 1
961 217 2
963 217 3
967 217 1
968 217 2
970 217 1
976 217 2
979 217 2
981 217 1
982 217 3
987 217 1
990 217 1
991 217 3
993 217 3
994 217 2
0 218 1
2 218 2
3 218 1
4 218 1
10 218 2
15 218 2
17 218 1
22 218 2
25 218 1
28 218 3
30 218 2
31 218 3
36 218 3
40 218 3
41 218 2
42 218 1
45 218 3
50 218 2
52 218 3
54 218 2
55 218 3
56 218 2
57 218 1
59 218 2
61 218 1
63 218 1
64 218 1
65 218 3
69 218 2
73 218 3
74 218 2
78 218 3
81 218 1
82 218 3
85 218 2
86 218 1
87 218 3
88 218 1
89 218 1
90 218 3
96 218 2
98 218 1
101 218 2
113 218 1
117 218 3
120 218 1
131 218 3
135 218 1
142 218 1
143 218 3
144 218 2
147 218 3
148 218 1
151 218 1
155 218 2
156 218 2
158 218 1
159 218 2
162 218 3
167 218 2
171 218 1
173 218 2
174 218 2
176 218 1
178 218 2
179 218 1
181 218 1
182 218 2
189 218 1
190 218 2
191 218 3
192 218 1
197 218 1
198 218 1
202 218 3
207 218 2
211 218 2
213 218 1
214 218 2
215 218 3
216 218 1
223 218 2
227 218 1
229 218 1
231 218 2
232 218 2
233 218 1
238 218 1
239 218 3
243 218 3
245 218 1
247 218 2
248 218 2
251 218 1
256 218 2
264 218 1
265 218 1
266 218 2
267 218 1
272 218 2
273 218 2
275 218 1
276 218 1
281 218 2
285 218 2
287 218 3
288 218 2
290 218 3
295 218 1
299 218 1
303 218 2
304 218 1
309 218 1
311 218 3
315 218 3
321 218 1
322 218 2
329 218 2
331 218 2
332 218 2
336 218 2
337 218 3
338 218 3
340 218 2
341 218 2
343 218 2
348 218 3
350 218 3
360 218 3
363 218 3
364 218 3
366 218 1
377 218 1
379 218 1
381 218 1
382 218 1
387 218 3
393 218 3
395 218 1
398 218 1
400 218 2
402 218 3
406 218 3
410 218 1
411 218 3
417 218 1
423 218 1
426 218 3
427 218 2
429 218 3
433 218 2
437 218 2
438 218 3
442 218 2
444 218 3
447 218 3
453 218 3
463 218 1
470 218 1
472 218 2
473 218 2
475 218 2
482 218 1
485 218 1
489 218 2
490 218 1
491 218 1
492 218 1
494 218 1
495 218 1
496 218 3
500 218 1
502 218 1
503 218 3
504 218 2
507 218 3
508 218 2
511 218 2
514 218 1
515 218 2
516 218 3
521 218 3
522 218 1
523 218 1
528 218 2
533 218 1
534 218 1
536 218 1
537 218 2
538 218 3
539 218 2
542 218 2
543 218 1
547 218 1
551 218 2
552 218 2
553 218 1
554 218 2
558 218 2
561 218 2
565 218 3
566 218 1
567 218 3
568 218 2
569 218 3
577 218 3
580 218 1
582 218 1
584 218 3
587 218 2
592 218 3
593 218 1
598 218 2
599 218 3
600 218 1
602 218 3
606 218 3
609 218 3
610 218 3
613 218 1
614 218 1
616 218 3
622 218 3
624 218 1
629 218 2
630 218 2
631 218 1
632 218 3
634 218 2
635 218 3
640 218 2
644 218 1
646 218 2
647 218 3
649 218 3
651 218 2
659 218 2
660 218 2
663 218 1
668 218 3
669 218 3
670 218 3
672 218 1
673 218 2
675 218 3
680 218 2
681 218 2
685 218 2
691 218 3
693 218 3
697 218 2
704 218 3
705 218 3
706 218 1
708 218 2
709 218 3
714 218 2
715 218 1
716 218 1
719 218 1
722 218 2
729 218 2
736 218 2
740 218 1
746 218 3
751 218 2
752 218 1
753 218 2
756 218 3
760 218 2
764 218 3
767 218 2
772 218 1
776 218 2
777 218 2
779 218 1
781 218 1
782 218 1
784 218 3
802 218 3
804 218 2
812 218 2
813 218 1
816 218 3
817 218 3
818 218 2
823 218 2
832 218 1
837 218 1
841 218 1
842 218 1
844 218 3
850 218 1
851 218 2
855 218 2
870 218 2
872 218 1
873 218 1
878 218 3
879 218 3
885 218 1
888 218 3
889 218 3
890 218 3
893 218 2
895 218 2
897 218 1
898 218 1
902 218 2
904 218 3
907 218 1
908 218 2
910 218 3
913 218 3
914 218 2
915 218 2
917 218 1
920 218 1
922 218 2
924 218 1
929 218 3
932 218 1
937 218 1
939 218 2
940 218 3
943 218 3
945 218 3
946 218 2
947 218 2
957 218 2
963 218 2
964 218 3
965 218 3
966 218 2
967 218 1
969 218 1
971 218 3
972 218 3
973 218 3
974 218 3
975 218 1
982 218 3
984 218 3
989 218 2
991 218 3
992 218 3
996 218 2
997 218 1
998 218 3
999 218 2
8 219 1
10 219 2
19 219 2
24 219 2
25 219 1
28 219 3
31 219 1
32 219 3
37 219 2
40 219 1
42 219 1
44 219 2
46 219 1
47 219 1
58 219 1
60 219 2
61 219 1
72 219 1
77 219 1
78 219 2
79 219 2
86 219 2
96 219 3
99 219 3
100 219 3
102 219 1
104 219 2
106 219 1
107 219 2
108 219 3
112 219 3
118 219 2
119 219 2
124 219 3
126 219 3
127 219 3
133 219 1
136 219 1
137 219 2
139 219 1
140 219 3
143 219 1
145 219 3
146 219 3
148 219 1
150 219 3
151 219 3
152 219 2
153 219 1
154 219 1
156 219 2
159 219 2
161 219 1
162 219 3
165 219 2
166 219 1
168 219 2
174 219 1
176 219 2
177 219 2
179 219 3
183 219 2
185 219 3
188 219 1
189 219 3
194 219 1
195 219 3
196 219 2
198 219 2
199 219 2
202 219 3
205 219 2
208 219 2
210 219 2
211 219 1
219 219 2
222 219 3
225 219 3
226 219 1
227 219 1
229 219 1
231 219 2
234 219 1
236 219 1
237 219 2
