421 802 3
422 802 2
423 802 1
429 802 1
430 802 1
434 802 1
435 802 2
438 802 1
439 802 2
442 802 3
449 802 3
452 802 3
454 802 3
456 802 3
457 802 2
460 802 1
464 802 1
465 802 1
473 802 2
484 802 1
487 802 3
490 802 2
493 802 2
494 802 3
496 802 3
497 802 2
498 802 2
508 802 1
512 802 2
513 802 1
514 802 2
522 802 1
523 802 3
524 802 2
530 802 3
534 802 3
535 802 1
541 802 1
544 802 1
545 802 1
547 802 2
548 802 1
553 802 2
565 802 3
573 802 3
577 802 1
588 802 3
590 802 3
591 802 2
592 802 3
603 802 1
604 802 2
607 802 1
608 802 3
609 802 3
610 802 3
614 802 1
615 802 1
619 802 2
620 802 2
621 802 3
629 802 1
630 802 2
633 802 1
638 802 2
640 802 2
641 802 3
647 802 3
651 802 3
652 802 2
655 802 3
664 802 1
667 802 1
668 802 1
669 802 2
670 802 2
675 802 2
678 802 1
681 802 1
684 802 1
685 802 3
690 802 1
696 802 3
698 802 2
699 802 3
702 802 1
703 802 1
705 802 1
713 802 1
715 802 3
719 802 1
732 802 1
735 802 2
737 802 1
738 802 3
747 802 1
749 802 3
750 802 3
758 802 3
762 802 1
763 802 2
766 802 2
769 802 1
770 802 2
773 802 1
774 802 2
775 802 2
782 802 1
783 802 3
785 802 3
786 802 1
788 802 3
789 802 2
793 802 1
796 802 2
798 802 1
803 802 1
807 802 3
808 802 3
817 802 3
818 802 1
821 802 3
822 802 3
824 802 3
825 802 2
826 802 1
827 802 3
828 802 1
830 802 2
834 802 3
835 802 1
836 802 1
837 802 3
839 802 2
842 802 3
844 802 3
845 802 3
849 802 1
851 802 1
854 802 1
855 802 3
856 802 3
860 802 3
861 802 1
862 802 1
863 802 1
867 802 3
868 802 3
873 802 1
875 802 3
877 802 2
880 802 3
882 802 1
886 802 3
888 802 2
892 802 3
895 802 3
900 802 2
902 802 1
903 802 1
905 802 3
907 802 1
911 802 1
918 802 1
928 802 3
934 802 1
937 802 2
940 802 1
941 802 2
946 802 1
957 802 2
960 802 2
961 802 3
963 802 2
966 802 1
967 802 2
971 802 3
975 802 2
978 802 2
985 802 3
987 802 2
991 802 1
993 802 3
1 803 3
2 803 2
4 803 1
8 803 3
16 803 1
17 803 1
24 803 1
31 803 1
35 803 3
38 803 3
40 803 3
41 803 2
44 803 2
45 803 3
49 803 1
51 803 2
52 803 3
55 803 2
58 803 3
68 803 3
69 803 1
71 803 1
73 803 1
83 803 1
84 803 1
86 803 2
93 803 1
97 803 3
98 803 2
101 803 3
102 803 1
103 803 3
108 803 2
110 803 3
112 803 2
113 803 2
115 803 1
117 803 3
122 803 2
125 803 3
133 803 2
134 803 2
139 803 3
140 803 2
142 803 3
145 803 2
154 803 1
155 803 3
158 803 3
159 803 3
160 803 1
163 803 2
164 803 3
169 803 1
174 803 3
175 803 2
176 803 1
178 803 2
184 803 1
187 803 1
190 803 1
194 803 3
201 803 2
204 803 1
206 803 3
208 803 2
210 803 1
212 803 2
214 803 1
218 803 3
220 803 3
221 803 3
224 803 2
226 803 2
228 803 3
231 803 3
232 803 3
239 803 1
240 803 2
241 803 3
242 803 2
246 803 1
256 803 3
258 803 2
264 803 3
267 803 1
271 803 1
274 803 2
281 803 3
285 803 1
286 803 3
288 803 2
290 803 2
295 803 1
296 803 1
299 803 1
305 803 3
306 803 3
309 803 3
312 803 2
319 803 1
320 803 1
326 803 2
330 803 3
332 803 2
335 803 2
340 803 1
344 803 2
347 803 2
348 803 1
349 803 2
353 803 1
355 803 3
360 803 3
363 803 1
365 803 1
366 803 2
369 803 2
370 803 2
373 803 3
377 803 1
380 803 1
386 803 1
388 803 3
392 803 1
399 803 3
405 803 1
407 803 3
408 803 3
411 803 2
414 803 3
415 803 1
417 803 3
418 803 2
420 803 2
421 803 3
422 803 2
424 803 2
429 803 3
430 803 1
439 803 1
440 803 3
454 803 3
455 803 1
457 803 3
461 803 3
466 803 2
468 803 3
469 803 1
470 803 2
471 803 2
474 803 1
478 803 1
482 803 2
486 803 2
488 803 1
494 803 3
501 803 3
502 803 2
503 803 1
506 803 1
512 803 2
514 803 1
516 803 2
518 803 3
519 803 1
525 803 3
527 803 3
531 803 2
534 803 3
539 803 3
545 803 1
550 803 2
555 803 2
556 803 2
558 803 1
568 803 2
574 803 3
575 803 2
580 803 2
587 803 1
588 803 3
589 803 2
590 803 3
595 803 3
602 803 3
604 803 3
605 803 2
606 803 3
607 803 3
610 803 1
613 803 2
615 803 1
618 803 2
620 803 2
621 803 1
626 803 1
628 803 1
629 803 2
633 803 2
640 803 2
642 803 1
646 803 2
650 803 1
655 803 3
661 803 1
662 803 2
664 803 3
666 803 2
670 803 3
672 803 3
673 803 3
674 803 1
676 803 1
678 803 1
679 803 3
681 803 1
687 803 3
688 803 3
696 803 2
697 803 1
698 803 3
699 803 3
700 803 2
704 803 3
705 803 2
712 803 3
715 803 2
719 803 2
724 803 3
726 803 2
729 803 3
732 803 1
741 803 2
744 803 1
745 803 3
748 803 3
750 803 1
751 803 2
752 803 2
753 803 1
755 803 2
758 803 2
760 803 2
763 803 2
768 803 2
771 803 1
773 803 1
774 803 2
777 803 1
779 803 2
780 803 2
781 803 3
786 803 1
791 803 3
795 803 1
797 803 3
799 803 1
807 803 1
808 803 2
809 803 3
810 803 1
814 803 2
818 803 1
824 803 1
826 803 2
829 803 2
830 803 1
831 803 2
832 803 1
834 803 3
844 803 3
845 803 3
846 803 3
847 803 3
848 803 1
849 803 3
851 803 2
859 803 1
862 803 3
863 803 1
866 803 3
877 803 3
878 803 3
880 803 1
882 803 2
884 803 1
887 803 3
889 803 3
890 803 3
902 803 3
903 803 2
907 803 1
916 803 1
921 803 3
923 803 2
924 803 2
925 803 2
934 803 2
937 803 3
939 803 1
942 803 1
944 803 1
945 803 2
946 803 1
948 803 2
950 803 2
953 803 1
954 803 2
960 803 1
961 803 3
965 803 3
966 803 1
967 803 1
970 803 2
971 803 3
972 803 2
973 803 3
974 803 2
975 803 2
978 803 2
979 803 3
980 803 3
981 803 3
985 803 3
986 803 1
990 803 2
993 803 3
994 803 3
997 803 1
999 803 2
0 804 1
1 804 2
5 804 3
13 804 3
14 804 1
18 804 2
27 804 3
28 804 1
29 804 1
30 804 2
31 804 1
34 804 2
35 804 1
36 804 1
38 804 1
41 804 3
44 804 2
46 804 3
48 804 1
58 804 2
59 804 3
63 804 2
64 804 3
67 804 3
70 804 2
71 804 1
76 804 3
78 804 1
83 804 3
87 804 1
88 804 3
90 804 2
91 804 2
92 804 3
93 804 3
95 804 1
96 804 1
99 804 2
101 804 3
102 804 3
104 804 1
105 804 2
113 804 1
116 804 3
118 804 2
121 804 2
129 804 3
130 804 3
131 804 3
133 804 2
143 804 1
144 804 2
145 804 1
146 804 2
148 804 3
149 804 1
156 804 2
163 804 2
166 804 1
167 804 3
168 804 3
171 804 2
176 804 2
178 804 2
180 804 2
181 804 1
184 804 1
186 804 1
189 804 2
191 804 3
192 804 2
194 804 1
195 804 1
196 804 2
198 804 2
208 804 1
210 804 3
213 804 2
216 804 1
220 804 1
225 804 3
226 804 1
227 804 1
228 804 3
238 804 1
241 804 3
244 804 2
245 804 1
246 804 3
255 804 3
257 804 1
260 804 1
262 804 3
266 804 3
268 804 3
269 804 3
271 804 1
273 804 3
274 804 2
276 804 2
279 804 2
280 804 3
281 804 2
282 804 1
285 804 2
286 804 1
293 804 1
294 804 2
296 804 3
297 804 3
298 804 1
301 804 1
302 804 1
306 804 2
307 804 1
312 804 1
316 804 1
321 804 3
323 804 3
324 804 1
327 804 2
329 804 1
336 804 2
341 804 1
342 804 2
343 804 1
344 804 2
345 804 1
349 804 3
351 804 1
356 804 3
357 804 2
360 804 3
361 804 2
362 804 1
363 804 3
364 804 3
375 804 1
378 804 3
379 804 3
380 804 3
385 804 3
391 804 2
392 804 2
396 804 1
397 804 3
405 804 1
406 804 1
407 804 3
409 804 2
413 804 3
414 804 3
