495 814 2
499 814 3
502 814 2
504 814 3
505 814 1
506 814 2
507 814 3
508 814 3
510 814 1
513 814 2
514 814 1
521 814 2
522 814 2
523 814 1
532 814 3
533 814 1
538 814 2
543 814 2
546 814 1
549 814 2
553 814 1
555 814 3
556 814 1
557 814 1
561 814 1
567 814 3
573 814 2
574 814 3
575 814 1
578 814 3
580 814 2
582 814 3
584 814 1
588 814 1
589 814 1
590 814 3
594 814 3
597 814 3
599 814 1
601 814 2
604 814 2
608 814 3
609 814 1
611 814 2
614 814 1
616 814 1
618 814 2
620 814 3
623 814 2
627 814 2
629 814 3
633 814 3
636 814 1
639 814 2
649 814 1
650 814 3
653 814 1
655 814 3
667 814 2
675 814 2
676 814 3
677 814 2
678 814 1
683 814 1
685 814 2
686 814 3
687 814 3
693 814 1
696 814 3
706 814 2
709 814 3
720 814 3
723 814 2
724 814 1
727 814 2
728 814 2
729 814 3
731 814 2
732 814 2
734 814 2
738 814 3
739 814 3
740 814 3
741 814 1
748 814 1
752 814 1
754 814 1
758 814 2
759 814 3
760 814 3
762 814 2
763 814 2
764 814 1
766 814 2
767 814 2
768 814 2
769 814 2
771 814 2
774 814 1
775 814 1
781 814 2
782 814 1
788 814 3
791 814 2
792 814 1
794 814 1
795 814 1
797 814 3
800 814 2
806 814 1
810 814 3
817 814 1
820 814 3
826 814 2
831 814 1
837 814 3
839 814 1
842 814 1
845 814 1
846 814 1
850 814 1
853 814 3
856 814 1
860 814 1
865 814 2
868 814 2
869 814 2
871 814 1
872 814 1
875 814 1
877 814 1
883 814 1
894 814 3
896 814 3
897 814 3
898 814 2
899 814 1
905 814 3
907 814 3
909 814 2
910 814 1
912 814 2
914 814 2
915 814 3
916 814 1
928 814 1
930 814 1
931 814 2
934 814 3
935 814 1
937 814 3
939 814 1
943 814 2
949 814 2
950 814 3
954 814 2
959 814 3
963 814 2
969 814 1
970 814 3
974 814 3
975 814 1
976 814 2
980 814 2
985 814 1
987 814 3
992 814 1
994 814 3
998 814 1
2 815 2
3 815 2
7 815 3
8 815 2
10 815 1
11 815 2
19 815 2
20 815 2
21 815 1
25 815 1
36 815 3
37 815 1
41 815 2
44 815 2
45 815 3
49 815 2
53 815 1
56 815 2
58 815 1
62 815 1
64 815 3
70 815 3
73 815 3
76 815 2
77 815 3
82 815 2
87 815 3
95 815 2
96 815 3
99 815 1
102 815 1
105 815 2
108 815 2
110 815 3
123 815 3
124 815 1
126 815 2
129 815 3
130 815 1
132 815 3
134 815 2
138 815 2
141 815 3
142 815 1
149 815 3
155 815 2
157 815 2
158 815 2
159 815 3
163 815 1
165 815 1
166 815 1
167 815 1
168 815 2
169 815 2
170 815 1
175 815 1
176 815 2
178 815 3
186 815 3
188 815 2
204 815 2
208 815 2
210 815 3
211 815 2
215 815 2
217 815 2
218 815 1
219 815 3
220 815 2
223 815 2
224 815 1
227 815 1
228 815 3
230 815 1
231 815 2
232 815 1
233 815 1
234 815 1
237 815 1
242 815 3
243 815 1
247 815 2
249 815 2
254 815 1
255 815 2
257 815 1
263 815 2
264 815 2
265 815 3
266 815 2
270 815 2
271 815 1
274 815 1
278 815 1
283 815 3
286 815 1
291 815 3
300 815 3
310 815 2
312 815 2
313 815 3
314 815 2
319 815 3
320 815 2
321 815 1
322 815 3
328 815 2
330 815 3
332 815 3
338 815 3
340 815 1
341 815 1
348 815 2
357 815 1
358 815 2
359 815 3
368 815 1
369 815 1
375 815 1
377 815 3
379 815 2
381 815 2
386 815 3
390 815 3
393 815 2
399 815 2
400 815 3
406 815 3
408 815 1
409 815 3
410 815 2
412 815 1
413 815 2
415 815 2
416 815 3
417 815 1
423 815 2
426 815 3
428 815 2
431 815 2
436 815 1
438 815 2
441 815 3
442 815 3
445 815 2
446 815 3
451 815 3
454 815 2
461 815 3
468 815 3
475 815 3
476 815 3
482 815 1
484 815 2
485 815 2
487 815 3
491 815 1
493 815 1
494 815 3
495 815 1
500 815 3
506 815 2
507 815 1
508 815 1
512 815 3
514 815 3
515 815 1
517 815 1
523 815 2
525 815 2
528 815 3
532 815 3
535 815 2
539 815 1
542 815 2
550 815 1
551 815 1
561 815 3
562 815 1
568 815 3
569 815 2
570 815 3
571 815 1
574 815 2
576 815 3
578 815 3
581 815 3
584 815 1
591 815 1
593 815 3
595 815 1
600 815 3
604 815 3
606 815 1
607 815 2
613 815 3
615 815 2
623 815 3
626 815 1
628 815 1
629 815 3
630 815 2
631 815 3
633 815 3
640 815 3
642 815 1
646 815 3
647 815 3
648 815 2
650 815 2
651 815 3
652 815 2
655 815 1
659 815 3
661 815 1
665 815 2
666 815 2
674 815 3
675 815 2
678 815 2
681 815 2
685 815 2
687 815 2
689 815 1
690 815 1
691 815 1
693 815 2
697 815 3
699 815 2
700 815 3
705 815 3
706 815 2
711 815 3
712 815 3
713 815 2
716 815 2
720 815 1
724 815 2
728 815 3
734 815 1
735 815 1
736 815 3
737 815 3
739 815 3
740 815 1
746 815 3
750 815 2
751 815 2
752 815 3
754 815 2
755 815 1
758 815 2
762 815 3
763 815 2
765 815 1
766 815 2
767 815 1
770 815 2
771 815 2
775 815 1
777 815 2
781 815 1
782 815 2
783 815 3
784 815 1
785 815 3
787 815 3
792 815 2
796 815 3
797 815 2
802 815 2
805 815 1
806 815 3
810 815 2
813 815 1
815 815 3
817 815 2
818 815 1
822 815 1
824 815 2
830 815 1
831 815 2
834 815 1
838 815 3
842 815 2
843 815 3
845 815 2
846 815 2
848 815 2
850 815 3
851 815 2
853 815 2
859 815 1
862 815 3
863 815 3
867 815 1
868 815 3
870 815 1
872 815 3
876 815 1
879 815 3
885 815 3
892 815 1
893 815 3
894 815 2
896 815 2
898 815 2
900 815 3
902 815 1
905 815 3
908 815 3
913 815 3
921 815 3
924 815 2
936 815 3
937 815 1
938 815 2
939 815 1
941 815 2
945 815 2
946 815 3
956 815 1
957 815 3
958 815 1
975 815 1
981 815 1
982 815 1
984 815 2
988 815 3
995 815 2
997 815 2
998 815 3
999 815 2
3 816 3
4 816 2
5 816 2
11 816 3
13 816 1
19 816 3
22 816 1
24 816 3
25 816 2
31 816 2
41 816 3
44 816 2
47 816 1
49 816 3
58 816 3
59 816 1
65 816 2
69 816 1
70 816 1
71 816 3
72 816 3
79 816 2
82 816 2
83 816 1
85 816 2
91 816 2
97 816 3
99 816 1
100 816 3
103 816 2
106 816 2
108 816 1
111 816 2
113 816 2
116 816 1
119 816 3
120 816 2
123 816 2
129 816 1
133 816 3
140 816 3
143 816 1
144 816 1
145 816 1
146 816 3
149 816 1
150 816 1
155 816 1
159 816 2
161 816 2
165 816 3
166 816 3
170 816 1
176 816 1
178 816 2
180 816 1
181 816 3
182 816 3
185 816 1
187 816 3
188 816 3
190 816 1
191 816 2
193 816 1
197 816 1
199 816 3
200 816 2
202 816 3
205 816 2
206 816 2
208 816 1
209 816 3
211 816 3
213 816 1
215 816 2
224 816 3
227 816 3
228 816 3
229 816 1
230 816 2
239 816 1
240 816 3
241 816 2
242 816 1
243 816 1
248 816 3
249 816 1
251 816 1
253 816 2
259 816 2
260 816 2
263 816 1
264 816 1
265 816 1
266 816 3
268 816 2
272 816 3
273 816 3
279 816 1
284 816 3
293 816 2
294 816 2
295 816 1
297 816 2
298 816 1
300 816 2
303 816 1
304 816 3
305 816 1
307 816 1
309 816 2
310 816 2
318 816 3
323 816 3
325 816 3
329 816 2
331 816 1
333 816 1
335 816 3
340 816 1
345 816 1
351 816 1
355 816 1
359 816 1
364 816 3
365 816 3
367 816 3
374 816 1
381 816 2
382 816 1
388 816 1
389 816 2
390 816 1
391 816 1
393 816 2
395 816 2
397 816 2
400 816 3
407 816 1
411 816 1
413 816 2
415 816 3
418 816 3
419 816 3
421 816 2
427 816 3
428 816 1
431 816 2
432 816 1
435 816 2
439 816 2
442 816 2
444 816 1
452 816 2
455 816 2
457 816 2
459 816 3
462 816 1
470 816 2
475 816 3
479 816 2
481 816 2
485 816 2
