979 63 1
985 63 2
988 63 1
997 63 2
999 63 1
3 64 1
4 64 3
6 64 2
7 64 2
10 64 1
11 64 3
15 64 2
18 64 3
28 64 2
29 64 2
34 64 3
35 64 1
36 64 3
43 64 1
48 64 3
49 64 2
53 64 3
57 64 1
62 64 3
70 64 3
72 64 2
74 64 3
80 64 3
82 64 2
86 64 2
87 64 1
90 64 2
95 64 2
98 64 3
99 64 1
101 64 1
102 64 2
107 64 2
114 64 1
119 64 2
122 64 1
123 64 2
132 64 1
137 64 1
139 64 2
140 64 3
143 64 3
144 64 2
149 64 2
153 64 2
155 64 2
160 64 2
161 64 1
162 64 1
163 64 3
170 64 2
171 64 3
177 64 2
178 64 1
184 64 2
186 64 1
195 64 3
196 64 1
198 64 3
199 64 3
200 64 2
202 64 3
206 64 1
210 64 1
218 64 1
222 64 1
223 64 1
224 64 2
226 64 1
230 64 1
238 64 3
239 64 1
240 64 2
241 64 2
245 64 1
248 64 3
249 64 1
250 64 1
252 64 1
257 64 3
261 64 1
264 64 3
265 64 2
266 64 2
267 64 1
270 64 1
272 64 1
275 64 2
278 64 3
283 64 2
284 64 2
285 64 1
289 64 3
291 64 2
298 64 2
303 64 2
305 64 2
308 64 3
309 64 1
311 64 2
314 64 3
316 64 3
318 64 1
320 64 3
324 64 3
327 64 2
329 64 3
330 64 2
331 64 1
336 64 1
340 64 3
341 64 2
346 64 2
352 64 2
356 64 2
357 64 2
361 64 1
362 64 3
365 64 3
366 64 1
368 64 1
371 64 3
376 64 2
380 64 2
381 64 1
383 64 1
385 64 3
386 64 3
388 64 2
396 64 2
397 64 2
405 64 3
407 64 2
410 64 1
412 64 3
413 64 2
418 64 3
427 64 3
432 64 1
433 64 1
434 64 1
436 64 1
437 64 3
438 64 1
440 64 2
442 64 3
443 64 3
448 64 3
449 64 2
450 64 2
452 64 2
455 64 2
463 64 2
466 64 1
469 64 2
472 64 3
482 64 3
483 64 3
484 64 2
485 64 2
491 64 3
495 64 3
497 64 3
504 64 1
505 64 1
506 64 2
509 64 1
512 64 2
525 64 2
527 64 3
529 64 3
535 64 3
537 64 1
538 64 3
542 64 2
544 64 1
545 64 1
550 64 2
551 64 1
553 64 3
556 64 3
557 64 3
573 64 3
575 64 2
584 64 1
586 64 2
588 64 2
589 64 2
593 64 3
603 64 2
605 64 1
607 64 2
611 64 3
612 64 1
613 64 1
617 64 2
619 64 1
620 64 3
623 64 2
627 64 2
629 64 1
639 64 3
641 64 2
642 64 2
643 64 3
645 64 1
647 64 3
650 64 2
653 64 2
656 64 1
659 64 3
662 64 3
664 64 1
665 64 2
667 64 1
670 64 1
672 64 1
675 64 1
676 64 1
677 64 1
682 64 3
690 64 3
693 64 2
697 64 1
702 64 1
704 64 3
705 64 3
707 64 2
709 64 2
710 64 1
711 64 3
714 64 2
715 64 2
717 64 2
719 64 3
722 64 2
730 64 2
731 64 2
732 64 2
734 64 2
737 64 1
738 64 1
748 64 1
749 64 2
751 64 1
752 64 1
756 64 1
759 64 3
760 64 2
761 64 1
762 64 3
763 64 1
764 64 1
768 64 1
775 64 3
776 64 3
783 64 1
784 64 2
791 64 2
793 64 3
795 64 2
796 64 1
799 64 1
803 64 2
804 64 2
806 64 3
810 64 2
813 64 1
814 64 1
822 64 2
828 64 1
829 64 2
832 64 3
833 64 2
836 64 3
838 64 3
844 64 1
849 64 1
851 64 3
853 64 1
854 64 3
855 64 3
856 64 3
859 64 2
862 64 3
863 64 3
865 64 3
868 64 1
869 64 3
873 64 2
874 64 2
876 64 2
880 64 1
885 64 2
886 64 1
889 64 2
894 64 1
896 64 1
897 64 3
903 64 1
910 64 2
912 64 1
918 64 2
919 64 3
922 64 1
923 64 3
933 64 3
936 64 2
937 64 3
939 64 1
941 64 1
942 64 3
948 64 3
950 64 1
962 64 2
965 64 3
966 64 1
967 64 2
968 64 1
973 64 2
980 64 3
981 64 3
983 64 2
989 64 3
993 64 3
995 64 3
996 64 3
997 64 1
0 65 3
5 65 3
6 65 3
7 65 3
11 65 1
13 65 1
14 65 1
15 65 1
16 65 2
18 65 2
21 65 3
22 65 1
26 65 3
33 65 2
35 65 3
38 65 1
44 65 3
45 65 3
48 65 3
51 65 3
52 65 3
57 65 3
59 65 1
60 65 2
61 65 3
62 65 1
72 65 1
73 65 1
74 65 2
75 65 2
79 65 2
81 65 2
83 65 2
87 65 1
88 65 1
94 65 2
96 65 1
97 65 3
98 65 1
101 65 3
110 65 3
115 65 1
116 65 1
121 65 3
122 65 1
124 65 2
127 65 3
128 65 2
129 65 1
130 65 1
131 65 3
134 65 1
135 65 1
136 65 1
140 65 1
143 65 1
147 65 2
150 65 2
155 65 2
156 65 1
159 65 1
161 65 3
162 65 1
163 65 1
168 65 1
169 65 1
170 65 2
173 65 1
175 65 3
178 65 1
180 65 2
182 65 1
183 65 3
187 65 2
190 65 3
192 65 2
194 65 3
196 65 2
198 65 2
205 65 3
208 65 2
210 65 2
213 65 1
216 65 3
226 65 3
229 65 1
231 65 2
235 65 1
237 65 3
242 65 1
244 65 2
247 65 2
249 65 1
251 65 2
252 65 1
255 65 3
262 65 2
266 65 2
267 65 2
273 65 1
280 65 2
281 65 3
282 65 1
285 65 1
286 65 3
288 65 3
289 65 2
290 65 2
291 65 3
292 65 1
294 65 3
299 65 3
309 65 1
314 65 2
322 65 1
323 65 2
325 65 3
329 65 2
330 65 1
332 65 2
344 65 3
356 65 3
359 65 2
363 65 1
367 65 2
369 65 2
370 65 2
372 65 3
377 65 3
379 65 2
385 65 2
387 65 2
388 65 1
390 65 1
391 65 1
394 65 1
400 65 1
406 65 1
409 65 2
413 65 3
415 65 2
418 65 3
421 65 1
424 65 2
426 65 3
433 65 2
434 65 2
440 65 3
444 65 1
448 65 2
449 65 1
450 65 1
456 65 2
458 65 2
460 65 1
461 65 1
462 65 2
464 65 3
465 65 3
466 65 1
468 65 3
471 65 1
472 65 3
473 65 1
477 65 3
478 65 1
482 65 3
484 65 1
485 65 3
486 65 1
488 65 3
492 65 2
494 65 3
498 65 1
501 65 2
507 65 3
508 65 1
510 65 3
513 65 1
516 65 3
517 65 2
518 65 3
519 65 1
520 65 1
521 65 3
523 65 1
524 65 1
532 65 2
533 65 3
534 65 1
542 65 3
546 65 2
548 65 3
549 65 1
554 65 1
556 65 2
558 65 2
559 65 1
562 65 2
563 65 1
568 65 2
574 65 1
575 65 3
577 65 1
580 65 3
581 65 2
586 65 2
587 65 2
590 65 3
593 65 3
595 65 3
597 65 2
598 65 1
599 65 2
603 65 3
611 65 1
613 65 2
618 65 2
623 65 3
625 65 2
629 65 1
630 65 2
631 65 3
633 65 3
634 65 3
639 65 2
641 65 2
643 65 1
644 65 3
645 65 2
646 65 1
655 65 3
659 65 1
662 65 1
666 65 2
667 65 3
677 65 2
682 65 3
687 65 3
691 65 1
692 65 3
694 65 1
696 65 1
697 65 3
700 65 3
701 65 3
702 65 3
706 65 3
717 65 2
720 65 1
723 65 3
724 65 2
726 65 1
727 65 3
730 65 2
733 65 2
734 65 3
738 65 1
739 65 3
740 65 3
742 65 2
749 65 2
755 65 3
758 65 2
761 65 3
768 65 2
774 65 1
780 65 1
781 65 2
792 65 1
796 65 1
807 65 1
810 65 2
814 65 1
815 65 1
816 65 1
817 65 1
819 65 3
823 65 3
828 65 1
834 65 3
838 65 2
840 65 1
843 65 1
844 65 3
850 65 1
851 65 3
857 65 1
858 65 1
859 65 2
860 65 1
861 65 1
868 65 3
872 65 3
883 65 1
887 65 3
888 65 1
892 65 2
894 65 3
896 65 3
904 65 1
906 65 2
908 65 3
909 65 3
912 65 1
913 65 2
916 65 3
921 65 3
933 65 2
935 65 2
939 65 1
943 65 2
944 65 3
945 65 3
946 65 3
947 65 3
949 65 2
955 65 1
957 65 1
959 65 3
964 65 2
965 65 2
972 65 2
974 65 1
975 65 1
976 65 1
979 65 2
983 65 1
986 65 2
988 65 3
991 65 3
993 65 1
996 65 3
