253 554 2
254 554 2
256 554 2
258 554 3
261 554 1
263 554 3
264 554 2
265 554 1
269 554 2
270 554 3
272 554 1
273 554 2
274 554 2
278 554 1
285 554 1
288 554 1
290 554 2
292 554 3
296 554 2
298 554 1
300 554 1
303 554 1
305 554 3
308 554 3
309 554 3
310 554 3
311 554 2
314 554 1
315 554 3
316 554 1
318 554 2
322 554 1
329 554 1
335 554 1
337 554 3
338 554 3
339 554 3
340 554 3
342 554 1
345 554 1
347 554 2
348 554 3
352 554 1
354 554 2
361 554 2
363 554 3
370 554 2
374 554 2
376 554 2
379 554 3
383 554 1
397 554 3
399 554 1
403 554 2
404 554 3
409 554 2
411 554 3
416 554 2
418 554 2
424 554 2
425 554 3
430 554 3
437 554 1
441 554 1
442 554 3
455 554 1
458 554 1
462 554 2
464 554 2
466 554 2
472 554 3
476 554 3
477 554 3
482 554 2
483 554 1
484 554 3
487 554 1
491 554 1
492 554 3
495 554 1
498 554 2
502 554 3
504 554 1
505 554 2
506 554 1
513 554 1
517 554 2
520 554 3
527 554 1
528 554 2
530 554 1
531 554 2
537 554 3
540 554 2
543 554 2
545 554 2
546 554 1
554 554 1
555 554 1
556 554 3
557 554 1
558 554 2
564 554 1
567 554 3
568 554 3
571 554 3
576 554 2
577 554 1
580 554 2
586 554 2
588 554 2
590 554 3
592 554 3
594 554 1
595 554 2
598 554 2
599 554 3
601 554 2
607 554 3
608 554 1
610 554 3
618 554 1
625 554 1
628 554 1
632 554 1
634 554 3
638 554 2
639 554 2
641 554 2
648 554 1
649 554 1
657 554 1
660 554 3
661 554 1
663 554 3
665 554 3
666 554 2
667 554 2
672 554 3
676 554 1
678 554 1
679 554 3
683 554 3
692 554 3
694 554 1
696 554 1
697 554 3
700 554 3
703 554 3
706 554 2
709 554 2
712 554 1
713 554 2
715 554 2
717 554 3
721 554 1
722 554 3
728 554 1
732 554 3
733 554 3
734 554 1
735 554 2
737 554 1
740 554 3
747 554 2
751 554 3
755 554 2
756 554 2
759 554 2
762 554 3
765 554 1
766 554 3
768 554 2
772 554 3
775 554 1
776 554 3
778 554 3
782 554 3
783 554 3
785 554 2
792 554 2
795 554 3
799 554 3
807 554 1
808 554 1
811 554 2
815 554 3
820 554 3
821 554 1
823 554 2
829 554 1
832 554 2
840 554 1
843 554 1
844 554 3
851 554 3
852 554 3
855 554 3
862 554 3
865 554 2
869 554 2
872 554 3
874 554 2
878 554 3
881 554 2
885 554 1
886 554 2
890 554 1
899 554 3
900 554 2
901 554 2
902 554 1
904 554 2
905 554 1
913 554 2
914 554 1
921 554 3
925 554 1
927 554 3
928 554 3
929 554 1
932 554 3
934 554 1
939 554 1
949 554 3
951 554 3
960 554 1
964 554 1
966 554 2
972 554 1
974 554 2
975 554 2
978 554 1
979 554 2
983 554 3
984 554 2
985 554 2
986 554 1
989 554 1
990 554 2
991 554 1
992 554 3
0 555 2
4 555 1
6 555 2
7 555 2
8 555 2
15 555 3
16 555 3
17 555 2
19 555 3
22 555 3
26 555 1
27 555 3
28 555 2
29 555 3
34 555 3
35 555 3
42 555 2
43 555 3
45 555 1
46 555 2
48 555 3
53 555 3
54 555 1
55 555 2
56 555 1
65 555 3
68 555 1
78 555 2
80 555 2
87 555 2
88 555 3
91 555 3
97 555 2
98 555 3
107 555 2
110 555 2
116 555 2
117 555 1
121 555 3
125 555 3
126 555 1
132 555 1
137 555 3
143 555 2
152 555 2
156 555 2
160 555 2
162 555 2
163 555 3
170 555 1
172 555 1
173 555 1
174 555 1
175 555 1
177 555 1
183 555 3
186 555 2
189 555 2
190 555 1
191 555 1
194 555 1
195 555 2
198 555 3
204 555 3
205 555 2
209 555 3
210 555 2
212 555 1
218 555 2
223 555 1
228 555 3
234 555 3
236 555 2
240 555 1
241 555 1
244 555 1
245 555 1
246 555 1
253 555 3
255 555 1
256 555 2
259 555 2
260 555 2
262 555 1
266 555 3
268 555 1
270 555 1
271 555 3
275 555 2
279 555 2
280 555 1
282 555 2
284 555 2
285 555 1
287 555 2
291 555 3
292 555 2
293 555 2
295 555 1
296 555 2
298 555 2
301 555 2
302 555 3
306 555 3
309 555 1
311 555 3
314 555 1
318 555 1
321 555 2
323 555 1
325 555 1
331 555 2
334 555 2
335 555 1
340 555 2
344 555 3
347 555 1
348 555 3
350 555 2
351 555 1
352 555 2
354 555 1
356 555 3
363 555 2
367 555 3
368 555 1
372 555 2
373 555 1
374 555 1
378 555 3
383 555 3
385 555 2
387 555 2
389 555 1
390 555 3
394 555 1
396 555 3
408 555 1
410 555 3
412 555 3
415 555 2
420 555 1
422 555 1
423 555 3
428 555 1
429 555 3
431 555 3
438 555 1
440 555 2
443 555 1
450 555 2
459 555 3
460 555 3
462 555 2
463 555 1
469 555 2
470 555 2
480 555 2
482 555 2
491 555 2
493 555 3
495 555 2
498 555 1
503 555 2
504 555 2
512 555 3
513 555 3
519 555 1
522 555 2
527 555 2
537 555 3
539 555 3
547 555 3
552 555 1
553 555 3
554 555 1
557 555 1
561 555 2
563 555 2
564 555 3
567 555 3
569 555 3
571 555 1
572 555 2
579 555 3
586 555 3
593 555 3
599 555 2
604 555 1
605 555 3
609 555 2
614 555 2
615 555 1
617 555 3
623 555 2
624 555 1
627 555 2
629 555 2
638 555 3
639 555 1
640 555 2
642 555 2
645 555 1
653 555 3
656 555 1
662 555 2
669 555 3
671 555 2
674 555 2
675 555 2
676 555 1
677 555 3
685 555 2
694 555 2
702 555 1
703 555 3
707 555 1
717 555 2
723 555 2
724 555 2
730 555 3
731 555 3
747 555 2
748 555 1
749 555 2
750 555 1
751 555 1
757 555 1
759 555 3
766 555 3
767 555 3
771 555 3
773 555 1
782 555 3
787 555 2
788 555 2
792 555 2
794 555 2
804 555 1
809 555 1
816 555 3
824 555 2
832 555 1
833 555 1
834 555 2
835 555 3
838 555 1
843 555 2
844 555 3
845 555 3
848 555 3
849 555 3
851 555 2
853 555 3
855 555 2
857 555 3
864 555 2
865 555 3
870 555 1
872 555 1
874 555 2
876 555 3
880 555 1
881 555 2
887 555 1
891 555 3
892 555 1
895 555 1
897 555 3
902 555 1
905 555 1
908 555 3
909 555 1
914 555 1
915 555 1
916 555 3
918 555 1
920 555 3
921 555 2
925 555 3
929 555 1
934 555 3
935 555 1
937 555 2
938 555 3
945 555 2
949 555 1
950 555 2
951 555 1
952 555 2
959 555 3
961 555 3
964 555 2
965 555 2
967 555 2
968 555 2
969 555 2
974 555 3
978 555 3
984 555 1
986 555 2
989 555 2
991 555 3
992 555 3
993 555 3
994 555 1
996 555 1
997 555 2
0 556 2
8 556 3
10 556 2
14 556 1
16 556 2
17 556 3
19 556 2
21 556 1
26 556 3
27 556 2
30 556 2
32 556 2
34 556 1
35 556 2
39 556 2
40 556 2
41 556 1
44 556 3
49 556 2
51 556 2
56 556 3
57 556 3
58 556 1
59 556 1
64 556 1
70 556 2
73 556 2
79 556 2
82 556 3
83 556 3
86 556 3
87 556 3
89 556 3
92 556 2
95 556 1
97 556 2
99 556 3
100 556 1
102 556 1
106 556 3
109 556 1
110 556 1
112 556 3
116 556 2
117 556 2
119 556 3
120 556 2
122 556 1
123 556 3
130 556 1
132 556 2
134 556 3
136 556 1
139 556 3
141 556 3
142 556 3
143 556 1
150 556 1
151 556 2
153 556 3
154 556 3
155 556 2
161 556 2
163 556 1
167 556 3
168 556 2
170 556 3
171 556 3
173 556 1
175 556 3
177 556 1
181 556 3
182 556 1
183 556 1
188 556 2
191 556 3
193 556 3
194 556 2
195 556 3
204 556 2
213 556 2
218 556 2
222 556 1
223 556 1
229 556 2
231 556 3
232 556 2
233 556 1
238 556 2
239 556 3
242 556 3
244 556 3
248 556 1
249 556 1
253 556 3
256 556 3
260 556 1
261 556 1
262 556 1
263 556 3
265 556 3
268 556 3
274 556 1
276 556 2
279 556 2
286 556 3
287 556 2
290 556 3
292 556 2
293 556 2
298 556 1
301 556 1
303 556 2
309 556 1
314 556 1
316 556 2
