799 354 2
803 354 2
807 354 3
808 354 1
811 354 2
814 354 1
816 354 3
822 354 2
829 354 3
831 354 3
832 354 3
833 354 2
834 354 2
835 354 1
841 354 3
842 354 1
850 354 2
851 354 2
852 354 3
855 354 1
857 354 1
862 354 3
865 354 3
870 354 3
872 354 2
874 354 2
877 354 2
889 354 1
890 354 2
891 354 2
900 354 1
905 354 1
907 354 2
908 354 3
909 354 1
911 354 1
913 354 2
914 354 2
918 354 3
925 354 2
930 354 1
935 354 1
941 354 1
943 354 2
954 354 2
955 354 3
960 354 3
963 354 3
969 354 2
971 354 3
974 354 2
976 354 1
982 354 1
984 354 1
990 354 1
998 354 1
6 355 1
7 355 1
14 355 1
19 355 3
20 355 3
23 355 3
24 355 2
38 355 2
39 355 3
47 355 3
48 355 1
49 355 1
53 355 2
56 355 3
57 355 1
58 355 1
59 355 2
60 355 1
61 355 1
62 355 3
67 355 2
68 355 1
71 355 2
72 355 3
75 355 3
77 355 2
80 355 3
83 355 2
84 355 1
88 355 1
90 355 3
96 355 1
99 355 3
102 355 3
104 355 2
106 355 1
110 355 3
114 355 1
117 355 2
118 355 2
123 355 3
124 355 2
130 355 1
131 355 2
133 355 2
134 355 1
135 355 1
137 355 3
139 355 3
140 355 3
147 355 1
154 355 2
155 355 3
163 355 1
164 355 3
165 355 3
166 355 1
167 355 1
168 355 3
169 355 1
170 355 2
171 355 2
172 355 1
175 355 3
176 355 3
177 355 3
178 355 2
181 355 1
184 355 1
185 355 2
186 355 1
190 355 3
197 355 2
198 355 1
202 355 1
208 355 3
214 355 1
216 355 1
220 355 1
221 355 2
231 355 1
238 355 3
239 355 1
240 355 2
241 355 2
243 355 2
246 355 1
255 355 3
261 355 3
265 355 2
268 355 2
271 355 2
283 355 1
288 355 1
291 355 3
292 355 1
293 355 1
294 355 2
299 355 3
300 355 1
303 355 2
306 355 2
309 355 3
310 355 1
316 355 1
318 355 1
328 355 2
340 355 2
344 355 2
345 355 2
350 355 2
351 355 1
359 355 1
360 355 1
361 355 3
369 355 3
370 355 1
376 355 1
377 355 1
382 355 1
383 355 3
387 355 1
392 355 3
395 355 3
401 355 2
405 355 3
407 355 2
408 355 3
410 355 2
411 355 2
414 355 3
417 355 3
420 355 2
423 355 3
428 355 1
429 355 1
431 355 1
438 355 3
439 355 1
441 355 2
442 355 2
446 355 3
448 355 3
452 355 3
455 355 2
458 355 3
461 355 1
468 355 1
471 355 2
473 355 1
478 355 2
484 355 3
486 355 1
488 355 3
490 355 2
492 355 2
493 355 2
495 355 1
502 355 2
505 355 2
506 355 3
508 355 2
510 355 1
513 355 3
515 355 3
517 355 3
518 355 3
519 355 2
521 355 3
524 355 1
525 355 2
534 355 1
537 355 3
538 355 3
543 355 3
546 355 3
548 355 2
549 355 3
556 355 1
560 355 2
562 355 3
567 355 3
570 355 3
572 355 1
580 355 3
583 355 1
584 355 2
587 355 3
588 355 3
589 355 1
591 355 3
594 355 1
595 355 2
596 355 3
599 355 1
603 355 1
609 355 1
614 355 3
615 355 3
623 355 3
624 355 1
627 355 3
630 355 1
634 355 1
635 355 2
641 355 3
643 355 3
646 355 2
647 355 2
648 355 1
653 355 3
655 355 2
662 355 1
667 355 1
671 355 1
676 355 1
680 355 1
681 355 1
683 355 1
687 355 2
689 355 1
690 355 2
691 355 2
693 355 2
699 355 2
700 355 3
710 355 2
711 355 2
717 355 1
718 355 3
719 355 3
730 355 3
731 355 1
733 355 1
736 355 1
737 355 3
746 355 2
753 355 2
755 355 1
756 355 3
759 355 1
761 355 2
762 355 2
763 355 1
764 355 2
765 355 3
766 355 3
767 355 2
768 355 1
771 355 1
772 355 2
773 355 1
781 355 2
784 355 1
785 355 3
787 355 1
791 355 1
802 355 2
804 355 2
806 355 2
808 355 3
810 355 2
818 355 2
820 355 2
823 355 3
825 355 3
831 355 1
832 355 2
833 355 1
836 355 1
837 355 1
841 355 1
842 355 3
846 355 3
847 355 1
851 355 3
856 355 3
857 355 1
858 355 1
864 355 3
868 355 3
871 355 3
872 355 2
874 355 2
876 355 2
877 355 2
879 355 3
880 355 1
883 355 2
884 355 1
885 355 2
886 355 3
888 355 1
889 355 1
890 355 2
891 355 2
896 355 1
898 355 1
899 355 2
905 355 3
909 355 1
912 355 3
915 355 2
918 355 3
920 355 3
926 355 1
929 355 1
931 355 3
940 355 1
943 355 3
946 355 1
951 355 3
955 355 2
957 355 1
959 355 1
962 355 3
963 355 3
966 355 1
967 355 3
969 355 1
971 355 3
972 355 3
973 355 1
976 355 1
977 355 3
981 355 2
983 355 3
987 355 3
988 355 3
990 355 1
992 355 3
993 355 2
994 355 3
997 355 3
999 355 2
2 356 2
4 356 3
5 356 3
7 356 2
8 356 3
11 356 2
16 356 3
17 356 2
18 356 2
22 356 3
25 356 3
27 356 2
29 356 3
31 356 2
37 356 1
42 356 3
44 356 2
45 356 2
51 356 2
55 356 3
60 356 3
61 356 2
62 356 1
66 356 2
68 356 2
69 356 1
74 356 2
78 356 1
91 356 1
92 356 3
94 356 1
96 356 3
104 356 1
106 356 3
114 356 1
119 356 1
120 356 1
126 356 3
128 356 3
130 356 1
134 356 1
135 356 1
137 356 2
140 356 2
141 356 1
143 356 3
144 356 2
146 356 1
147 356 3
148 356 1
151 356 2
152 356 3
167 356 3
169 356 3
171 356 2
176 356 3
177 356 1
182 356 3
183 356 3
184 356 1
185 356 3
188 356 3
189 356 2
196 356 1
197 356 1
204 356 1
205 356 1
206 356 1
208 356 2
210 356 3
214 356 1
215 356 1
223 356 1
224 356 1
232 356 2
244 356 3
249 356 2
257 356 3
259 356 3
260 356 3
261 356 3
263 356 3
265 356 1
267 356 1
272 356 1
278 356 2
279 356 3
280 356 2
282 356 3
283 356 1
284 356 2
285 356 2
287 356 3
288 356 2
289 356 3
290 356 2
294 356 1
296 356 3
299 356 3
303 356 2
305 356 2
306 356 1
318 356 3
321 356 3
322 356 1
323 356 2
326 356 3
328 356 1
331 356 3
337 356 1
341 356 2
344 356 3
351 356 3
355 356 2
357 356 1
362 356 2
366 356 3
367 356 3
371 356 3
373 356 3
374 356 2
378 356 3
382 356 3
383 356 3
384 356 1
386 356 3
390 356 2
392 356 2
393 356 2
394 356 1
397 356 1
399 356 1
401 356 2
402 356 2
403 356 2
408 356 1
409 356 3
410 356 2
418 356 1
432 356 2
433 356 2
438 356 3
439 356 2
440 356 2
443 356 3
445 356 2
448 356 2
450 356 3
452 356 2
457 356 3
458 356 1
464 356 3
465 356 3
468 356 1
470 356 2
475 356 2
477 356 2
483 356 3
485 356 1
486 356 3
487 356 3
489 356 2
490 356 3
494 356 1
498 356 1
499 356 3
505 356 2
506 356 3
507 356 1
510 356 2
511 356 3
514 356 2
515 356 1
517 356 1
519 356 3
520 356 1
528 356 1
533 356 1
537 356 1
538 356 3
540 356 1
542 356 2
545 356 1
552 356 1
554 356 1
555 356 2
557 356 1
561 356 2
562 356 3
564 356 2
565 356 1
567 356 2
568 356 1
572 356 3
573 356 3
575 356 1
578 356 1
581 356 3
584 356 1
587 356 1
590 356 3
592 356 2
594 356 1
596 356 3
600 356 1
601 356 1
602 356 3
603 356 3
604 356 2
606 356 1
612 356 2
613 356 1
617 356 2
619 356 1
620 356 3
621 356 2
625 356 2
627 356 3
629 356 2
630 356 3
632 356 1
633 356 3
636 356 1
638 356 3
639 356 1
640 356 2
641 356 2
643 356 3
644 356 3
645 356 2
648 356 2
650 356 3
651 356 3
653 356 2
655 356 3
656 356 2
657 356 2
658 356 2
660 356 1
662 356 3
664 356 1
669 356 3
672 356 2
678 356 3
685 356 3
686 356 1
687 356 3
688 356 2
689 356 3
690 356 1
692 356 1
693 356 2
697 356 1
698 356 1
699 356 2
701 356 3
702 356 2
704 356 1
706 356 2
707 356 1
712 356 2
716 356 1
719 356 1
720 356 1
724 356 2
726 356 2
727 356 2
729 356 1
730 356 3
733 356 2
738 356 2
740 356 1
741 356 2
745 356 2
747 356 1
