277 516 3
279 516 2
282 516 3
285 516 1
286 516 1
287 516 3
291 516 3
296 516 2
304 516 3
306 516 1
307 516 2
308 516 1
310 516 1
311 516 2
315 516 2
316 516 1
321 516 2
322 516 2
323 516 2
324 516 1
332 516 3
334 516 2
342 516 3
343 516 1
345 516 3
350 516 1
360 516 1
363 516 3
365 516 2
366 516 3
368 516 1
372 516 2
373 516 3
377 516 1
378 516 1
380 516 2
383 516 1
384 516 1
388 516 2
390 516 1
391 516 2
394 516 2
396 516 1
397 516 2
405 516 2
406 516 1
407 516 2
408 516 2
410 516 3
411 516 1
413 516 2
414 516 1
416 516 2
418 516 1
420 516 1
429 516 3
432 516 1
433 516 2
436 516 2
437 516 3
438 516 3
445 516 1
446 516 1
450 516 3
452 516 1
458 516 3
459 516 3
461 516 2
462 516 3
463 516 2
464 516 2
466 516 2
467 516 2
469 516 1
471 516 3
475 516 2
476 516 3
480 516 3
481 516 3
484 516 1
485 516 3
489 516 2
496 516 3
497 516 2
498 516 3
504 516 1
506 516 3
509 516 1
515 516 1
516 516 2
518 516 1
520 516 2
521 516 1
523 516 3
525 516 1
531 516 3
532 516 2
537 516 3
543 516 1
554 516 1
555 516 3
557 516 3
561 516 1
563 516 1
572 516 2
573 516 2
574 516 1
575 516 1
576 516 1
585 516 3
589 516 1
590 516 1
592 516 2
593 516 1
594 516 2
596 516 3
597 516 2
598 516 2
599 516 2
604 516 1
606 516 2
608 516 3
609 516 2
610 516 2
614 516 3
615 516 1
616 516 3
619 516 2
623 516 2
633 516 1
636 516 2
638 516 3
639 516 2
642 516 1
643 516 2
644 516 3
647 516 2
649 516 2
650 516 1
657 516 1
658 516 3
659 516 1
660 516 2
667 516 1
669 516 3
673 516 2
675 516 1
676 516 1
678 516 1
680 516 2
681 516 3
682 516 2
685 516 3
687 516 1
690 516 1
692 516 2
697 516 1
702 516 3
706 516 3
707 516 1
708 516 2
711 516 2
712 516 1
713 516 1
715 516 2
716 516 3
718 516 1
720 516 1
722 516 1
727 516 3
729 516 1
732 516 1
739 516 2
743 516 2
747 516 3
754 516 1
755 516 2
756 516 2
757 516 1
758 516 1
760 516 2
761 516 3
763 516 2
764 516 1
769 516 1
770 516 1
771 516 3
772 516 2
775 516 2
777 516 3
778 516 1
781 516 2
782 516 3
784 516 1
788 516 1
789 516 2
790 516 2
794 516 2
797 516 2
798 516 3
799 516 1
804 516 1
808 516 3
810 516 1
811 516 2
815 516 2
817 516 1
820 516 2
822 516 2
832 516 3
835 516 1
836 516 2
838 516 3
839 516 1
843 516 1
847 516 2
849 516 2
851 516 1
852 516 2
853 516 2
854 516 2
857 516 1
861 516 1
871 516 3
874 516 1
885 516 2
887 516 3
890 516 1
892 516 3
893 516 1
899 516 2
901 516 1
902 516 2
903 516 1
905 516 2
908 516 1
909 516 3
912 516 1
913 516 2
917 516 2
918 516 2
922 516 1
926 516 3
929 516 1
932 516 2
933 516 3
939 516 2
948 516 1
950 516 2
953 516 1
959 516 2
963 516 2
964 516 3
966 516 3
967 516 3
970 516 2
971 516 1
974 516 3
984 516 1
985 516 3
986 516 1
987 516 3
989 516 2
994 516 2
996 516 1
998 516 1
999 516 3
1 517 2
6 517 2
12 517 3
17 517 1
19 517 2
24 517 1
27 517 3
28 517 1
30 517 3
33 517 2
44 517 2
49 517 3
54 517 3
55 517 2
58 517 1
60 517 3
73 517 2
92 517 3
93 517 3
94 517 2
102 517 2
106 517 3
108 517 2
110 517 2
115 517 2
122 517 2
123 517 1
124 517 1
126 517 1
127 517 3
128 517 1
130 517 3
132 517 1
133 517 2
134 517 3
139 517 3
144 517 1
148 517 2
150 517 1
152 517 1
155 517 1
159 517 2
160 517 3
163 517 3
165 517 1
166 517 2
167 517 2
168 517 2
170 517 2
172 517 1
173 517 1
175 517 1
177 517 3
180 517 3
181 517 2
183 517 1
184 517 2
187 517 1
194 517 2
195 517 2
200 517 3
205 517 2
218 517 3
221 517 3
225 517 1
228 517 2
230 517 2
231 517 1
234 517 3
236 517 3
237 517 2
247 517 2
250 517 1
253 517 3
257 517 1
261 517 1
262 517 2
264 517 1
267 517 1
268 517 1
270 517 2
275 517 2
279 517 3
285 517 2
288 517 2
291 517 1
292 517 2
293 517 1
299 517 2
301 517 3
304 517 1
308 517 1
311 517 2
314 517 3
315 517 2
316 517 3
319 517 3
325 517 3
335 517 3
338 517 2
346 517 3
349 517 3
350 517 1
351 517 2
354 517 2
355 517 3
356 517 1
365 517 2
366 517 1
368 517 2
377 517 3
379 517 3
381 517 3
384 517 1
385 517 1
387 517 1
388 517 2
391 517 2
395 517 3
397 517 1
398 517 2
403 517 3
406 517 3
409 517 3
414 517 3
415 517 1
417 517 1
421 517 3
422 517 1
424 517 2
428 517 1
429 517 2
430 517 3
433 517 3
434 517 2
438 517 3
442 517 1
443 517 3
445 517 1
446 517 2
447 517 3
448 517 1
453 517 3
454 517 1
457 517 1
460 517 1
461 517 2
464 517 3
466 517 2
467 517 1
470 517 3
471 517 1
475 517 3
477 517 1
479 517 2
484 517 1
495 517 2
499 517 1
503 517 2
504 517 1
505 517 3
507 517 2
512 517 1
515 517 2
517 517 2
519 517 1
522 517 1
523 517 3
524 517 1
528 517 3
529 517 3
530 517 1
533 517 2
538 517 2
541 517 1
543 517 1
548 517 2
549 517 2
554 517 1
557 517 2
558 517 2
561 517 3
565 517 1
566 517 2
568 517 2
576 517 2
577 517 2
579 517 3
580 517 2
583 517 1
585 517 2
589 517 3
590 517 1
591 517 2
593 517 1
594 517 2
595 517 1
598 517 1
599 517 1
600 517 3
601 517 3
602 517 1
604 517 2
611 517 2
612 517 1
619 517 1
622 517 1
624 517 3
628 517 1
630 517 3
632 517 3
633 517 1
635 517 2
637 517 2
638 517 1
642 517 2
643 517 1
648 517 2
653 517 2
660 517 3
663 517 2
674 517 1
680 517 3
683 517 2
686 517 2
691 517 1
692 517 3
704 517 2
705 517 2
706 517 3
708 517 2
713 517 2
720 517 1
721 517 1
723 517 1
725 517 2
726 517 3
730 517 1
733 517 2
738 517 1
739 517 2
742 517 2
745 517 1
748 517 2
751 517 3
753 517 1
755 517 1
764 517 2
765 517 1
768 517 2
770 517 1
771 517 2
773 517 2
775 517 1
779 517 1
781 517 1
787 517 2
789 517 3
790 517 2
792 517 2
794 517 3
801 517 2
803 517 2
804 517 2
806 517 3
807 517 2
808 517 3
809 517 2
810 517 3
812 517 1
813 517 1
816 517 3
822 517 1
823 517 1
830 517 2
834 517 2
835 517 3
837 517 3
842 517 1
847 517 3
849 517 2
851 517 1
854 517 1
858 517 3
865 517 1
868 517 3
869 517 3
871 517 1
872 517 3
880 517 1
883 517 2
894 517 2
897 517 3
900 517 1
902 517 3
911 517 2
919 517 2
920 517 2
921 517 1
923 517 1
924 517 2
925 517 2
927 517 3
929 517 2
931 517 3
934 517 2
935 517 2
937 517 3
939 517 1
944 517 1
949 517 3
953 517 3
954 517 2
955 517 1
956 517 1
962 517 1
969 517 1
970 517 2
974 517 1
977 517 2
979 517 3
984 517 1
988 517 2
991 517 1
997 517 3
998 517 2
7 518 3
9 518 2
13 518 1
14 518 2
15 518 1
16 518 2
17 518 3
18 518 1
19 518 2
25 518 1
42 518 2
43 518 2
46 518 3
57 518 2
67 518 2
70 518 3
72 518 1
86 518 2
90 518 2
92 518 2
93 518 3
96 518 1
100 518 3
103 518 1
106 518 3
111 518 2
113 518 1
121 518 2
124 518 1
128 518 1
134 518 3
136 518 2
137 518 1
144 518 3
146 518 2
148 518 3
153 518 1
154 518 1
155 518 1
156 518 2
161 518 1
163 518 1
168 518 1
172 518 1
181 518 1
183 518 3
185 518 3
186 518 2
190 518 2
195 518 3
196 518 1
197 518 2
200 518 1
203 518 1
206 518 2
207 518 3
208 518 2
210 518 2
212 518 2
213 518 2
218 518 3
219 518 1
223 518 2
224 518 3
231 518 2
232 518 2
233 518 2
234 518 2
238 518 3
242 518 2
244 518 3
259 518 1
260 518 1
