601 692 1
604 692 3
606 692 1
607 692 3
608 692 2
609 692 2
612 692 2
614 692 3
616 692 1
618 692 3
619 692 1
621 692 2
623 692 2
625 692 3
633 692 3
637 692 1
639 692 2
646 692 1
649 692 3
651 692 2
654 692 1
656 692 2
661 692 1
670 692 3
672 692 3
674 692 3
678 692 3
680 692 1
683 692 2
691 692 1
692 692 1
694 692 2
695 692 3
698 692 1
700 692 3
703 692 3
706 692 2
707 692 3
709 692 1
716 692 3
718 692 3
719 692 1
720 692 3
723 692 2
724 692 2
728 692 2
733 692 2
734 692 1
736 692 1
740 692 1
741 692 1
743 692 3
748 692 2
751 692 1
752 692 3
759 692 1
760 692 2
761 692 3
764 692 2
765 692 2
770 692 2
772 692 3
780 692 1
782 692 3
783 692 1
789 692 2
794 692 3
795 692 3
801 692 1
804 692 1
808 692 1
810 692 1
815 692 3
818 692 1
820 692 2
823 692 1
828 692 3
829 692 2
831 692 3
838 692 1
842 692 1
843 692 1
845 692 1
847 692 3
849 692 2
856 692 3
857 692 3
869 692 2
871 692 2
872 692 3
874 692 3
875 692 1
876 692 1
879 692 2
880 692 2
882 692 1
891 692 1
893 692 3
899 692 3
901 692 3
904 692 3
905 692 1
907 692 1
911 692 3
914 692 3
915 692 3
918 692 2
921 692 1
927 692 1
929 692 3
933 692 3
936 692 1
938 692 2
940 692 3
944 692 1
945 692 2
946 692 2
947 692 2
948 692 3
949 692 2
951 692 2
953 692 1
956 692 2
957 692 2
964 692 2
969 692 1
971 692 1
980 692 2
981 692 3
983 692 1
984 692 3
988 692 2
990 692 2
991 692 2
994 692 2
995 692 1
996 692 2
0 693 1
1 693 3
3 693 2
5 693 1
6 693 3
7 693 3
8 693 2
9 693 2
14 693 1
16 693 1
19 693 2
20 693 3
22 693 2
25 693 3
27 693 2
30 693 1
33 693 3
34 693 3
37 693 2
41 693 2
45 693 3
46 693 1
47 693 3
52 693 1
53 693 3
56 693 1
58 693 1
59 693 2
63 693 1
64 693 2
67 693 1
73 693 2
81 693 2
82 693 1
83 693 1
88 693 1
91 693 3
100 693 1
102 693 3
105 693 2
106 693 2
109 693 3
117 693 3
120 693 2
122 693 3
127 693 3
128 693 3
135 693 1
147 693 1
150 693 3
151 693 2
154 693 1
161 693 2
164 693 2
170 693 1
178 693 2
182 693 3
186 693 1
189 693 2
191 693 2
193 693 3
195 693 3
200 693 3
206 693 2
209 693 1
214 693 1
215 693 2
220 693 2
223 693 3
224 693 3
228 693 2
229 693 3
233 693 2
239 693 2
243 693 3
244 693 2
249 693 3
250 693 2
262 693 2
264 693 2
268 693 3
269 693 1
270 693 1
271 693 1
272 693 1
273 693 3
276 693 3
282 693 3
283 693 3
287 693 2
288 693 2
290 693 3
291 693 1
293 693 2
299 693 3
302 693 3
305 693 2
307 693 1
309 693 3
314 693 1
316 693 3
317 693 1
319 693 3
320 693 1
321 693 1
325 693 1
331 693 1
337 693 3
338 693 3
339 693 1
340 693 1
343 693 3
347 693 3
348 693 1
350 693 2
355 693 1
356 693 1
357 693 3
360 693 1
366 693 2
386 693 1
387 693 1
388 693 3
389 693 3
391 693 1
393 693 3
396 693 1
401 693 1
404 693 1
405 693 1
408 693 3
411 693 1
414 693 3
421 693 1
425 693 3
428 693 2
431 693 3
433 693 3
444 693 1
448 693 3
457 693 2
463 693 3
464 693 2
465 693 3
469 693 1
471 693 1
473 693 3
476 693 2
483 693 1
484 693 3
486 693 1
489 693 2
490 693 3
492 693 3
494 693 2
503 693 2
505 693 3
508 693 2
510 693 3
512 693 2
513 693 1
514 693 2
515 693 1
523 693 2
527 693 2
528 693 2
530 693 1
533 693 1
539 693 2
540 693 1
541 693 1
542 693 2
545 693 2
553 693 2
555 693 2
556 693 3
558 693 3
559 693 3
562 693 2
563 693 3
565 693 1
570 693 2
571 693 3
575 693 2
577 693 1
578 693 3
584 693 3
585 693 2
588 693 2
598 693 3
599 693 1
600 693 1
602 693 3
604 693 1
607 693 3
609 693 3
615 693 2
616 693 1
618 693 2
619 693 1
627 693 2
628 693 2
630 693 2
631 693 1
637 693 1
643 693 3
648 693 2
650 693 3
655 693 2
662 693 1
664 693 3
667 693 2
671 693 1
674 693 1
677 693 2
679 693 3
683 693 3
688 693 1
690 693 2
691 693 2
693 693 3
695 693 3
698 693 3
710 693 2
714 693 1
721 693 2
724 693 3
725 693 3
726 693 1
727 693 3
729 693 1
733 693 2
740 693 3
742 693 2
752 693 2
753 693 2
756 693 3
765 693 2
768 693 2
772 693 3
774 693 2
778 693 1
782 693 3
785 693 2
788 693 3
793 693 3
798 693 2
799 693 2
802 693 1
803 693 2
807 693 3
811 693 3
815 693 3
820 693 1
822 693 1
824 693 3
825 693 2
828 693 2
829 693 1
830 693 2
831 693 2
834 693 1
836 693 2
837 693 3
838 693 3
840 693 3
841 693 2
842 693 2
845 693 2
846 693 3
848 693 1
851 693 1
853 693 2
856 693 1
860 693 3
863 693 1
865 693 1
866 693 2
871 693 3
872 693 3
874 693 3
877 693 1
878 693 3
883 693 2
884 693 2
888 693 1
894 693 2
895 693 1
896 693 3
897 693 3
900 693 1
902 693 3
903 693 1
906 693 1
909 693 2
912 693 3
913 693 3
919 693 2
921 693 3
922 693 1
927 693 1
928 693 3
931 693 3
939 693 2
944 693 2
945 693 1
946 693 1
947 693 3
948 693 1
953 693 2
955 693 3
957 693 1
959 693 1
961 693 3
964 693 3
965 693 1
966 693 2
967 693 3
971 693 1
974 693 3
977 693 3
979 693 1
981 693 3
982 693 1
984 693 3
985 693 2
986 693 1
988 693 3
990 693 3
991 693 2
992 693 3
994 693 1
996 693 2
997 693 1
6 694 3
9 694 1
18 694 3
21 694 3
24 694 3
27 694 1
29 694 2
31 694 3
33 694 2
34 694 3
35 694 2
38 694 1
41 694 1
42 694 2
44 694 1
45 694 2
49 694 2
51 694 2
54 694 2
56 694 1
57 694 1
58 694 1
59 694 3
61 694 3
65 694 1
71 694 3
73 694 2
75 694 1
79 694 3
80 694 1
84 694 3
85 694 1
87 694 3
88 694 1
89 694 1
93 694 3
97 694 1
98 694 3
99 694 2
101 694 2
104 694 2
109 694 2
110 694 2
112 694 1
115 694 1
120 694 3
124 694 2
127 694 2
131 694 3
138 694 2
141 694 3
142 694 1
146 694 1
147 694 3
153 694 2
157 694 3
158 694 1
160 694 3
161 694 1
165 694 3
166 694 3
167 694 3
169 694 2
175 694 3
176 694 2
182 694 1
183 694 3
187 694 1
189 694 1
192 694 1
197 694 2
198 694 2
199 694 2
200 694 3
202 694 2
203 694 1
208 694 3
211 694 2
212 694 1
217 694 3
222 694 1
224 694 2
238 694 2
239 694 3
242 694 1
243 694 3
246 694 1
249 694 1
260 694 2
266 694 2
268 694 3
274 694 2
277 694 3
279 694 2
280 694 1
282 694 1
283 694 3
286 694 2
287 694 3
288 694 3
289 694 1
293 694 1
295 694 2
297 694 2
299 694 3
300 694 3
301 694 3
304 694 2
309 694 3
315 694 3
316 694 2
319 694 2
320 694 1
323 694 3
324 694 3
329 694 2
336 694 3
337 694 2
342 694 1
343 694 3
344 694 1
350 694 2
351 694 1
354 694 1
363 694 1
366 694 2
367 694 3
372 694 2
373 694 3
374 694 1
376 694 3
379 694 3
383 694 2
385 694 3
387 694 1
388 694 2
389 694 2
390 694 3
392 694 2
393 694 3
394 694 3
395 694 1
397 694 3
403 694 3
404 694 2
408 694 2
410 694 3
411 694 1
413 694 3
417 694 1
420 694 1
421 694 2
425 694 1
426 694 2
427 694 3
429 694 1
431 694 1
433 694 2
435 694 3
436 694 1
445 694 3
449 694 1
454 694 1
455 694 2
463 694 1
464 694 2
468 694 3
469 694 2
481 694 1
482 694 1
484 694 3
485 694 2
487 694 3
489 694 3
494 694 1
499 694 1
508 694 1
513 694 1
514 694 2
515 694 2
516 694 1
517 694 3
520 694 1
521 694 1
522 694 2
525 694 3
526 694 2
531 694 3
536 694 2
540 694 3
543 694 3
546 694 2
548 694 1
550 694 2
551 694 1
