718 83 3
719 83 2
720 83 1
725 83 1
726 83 1
729 83 3
734 83 2
736 83 2
743 83 1
748 83 1
749 83 2
753 83 1
755 83 1
760 83 2
765 83 3
767 83 3
768 83 1
776 83 1
778 83 2
783 83 3
784 83 1
785 83 3
786 83 2
787 83 3
789 83 2
791 83 2
794 83 1
798 83 1
800 83 3
802 83 2
804 83 1
805 83 1
806 83 2
808 83 2
814 83 3
816 83 3
819 83 2
820 83 1
822 83 2
830 83 2
831 83 3
832 83 1
834 83 1
835 83 3
839 83 1
841 83 3
843 83 1
847 83 2
849 83 1
851 83 1
863 83 2
865 83 3
866 83 3
870 83 3
871 83 1
873 83 2
877 83 3
879 83 1
880 83 2
883 83 3
884 83 3
885 83 3
890 83 3
893 83 2
895 83 1
898 83 3
899 83 2
907 83 2
909 83 3
912 83 3
913 83 3
916 83 1
921 83 2
927 83 1
931 83 1
932 83 2
933 83 1
942 83 2
948 83 1
956 83 3
958 83 3
962 83 1
963 83 3
967 83 1
971 83 2
976 83 3
979 83 2
980 83 3
983 83 3
984 83 2
985 83 3
986 83 2
989 83 2
990 83 2
995 83 2
998 83 3
5 84 3
7 84 1
11 84 2
13 84 3
15 84 2
18 84 3
19 84 1
20 84 2
24 84 1
25 84 1
26 84 1
27 84 1
29 84 1
34 84 3
35 84 2
36 84 2
38 84 2
39 84 2
42 84 2
49 84 1
52 84 1
59 84 2
70 84 2
72 84 1
77 84 1
78 84 1
81 84 3
83 84 2
86 84 2
89 84 3
90 84 3
93 84 2
98 84 3
101 84 1
105 84 2
108 84 2
111 84 2
121 84 3
123 84 2
129 84 2
131 84 3
135 84 1
137 84 3
140 84 1
141 84 3
142 84 2
143 84 2
144 84 3
147 84 2
154 84 1
156 84 1
157 84 3
159 84 2
160 84 2
162 84 1
167 84 3
168 84 2
170 84 1
171 84 2
175 84 2
176 84 1
178 84 3
179 84 2
180 84 3
181 84 1
183 84 2
187 84 1
189 84 2
191 84 1
194 84 1
195 84 2
197 84 3
199 84 1
205 84 2
211 84 2
215 84 3
228 84 2
233 84 1
234 84 3
235 84 2
238 84 1
244 84 2
247 84 1
249 84 2
251 84 1
254 84 3
261 84 2
262 84 3
266 84 3
271 84 2
275 84 1
278 84 3
280 84 1
286 84 3
289 84 3
290 84 3
293 84 1
294 84 2
297 84 1
300 84 3
301 84 3
303 84 1
314 84 3
321 84 1
324 84 2
328 84 1
329 84 3
334 84 1
335 84 1
339 84 2
343 84 2
345 84 1
347 84 3
348 84 1
349 84 1
351 84 3
352 84 2
356 84 1
358 84 3
359 84 1
362 84 2
365 84 3
366 84 1
371 84 3
374 84 3
387 84 1
390 84 1
395 84 3
398 84 3
401 84 1
402 84 1
403 84 2
408 84 2
409 84 3
410 84 3
413 84 2
414 84 3
416 84 3
418 84 1
419 84 3
420 84 2
421 84 2
426 84 2
427 84 1
432 84 2
433 84 3
437 84 3
438 84 3
440 84 3
441 84 3
445 84 2
448 84 3
451 84 3
455 84 1
457 84 1
459 84 1
463 84 1
465 84 2
469 84 2
471 84 2
474 84 1
475 84 3
476 84 3
477 84 3
478 84 3
482 84 1
486 84 2
489 84 2
494 84 2
496 84 3
505 84 2
506 84 3
507 84 2
512 84 3
515 84 2
524 84 3
526 84 1
534 84 2
535 84 1
539 84 1
544 84 1
545 84 2
546 84 2
547 84 2
549 84 2
550 84 3
551 84 3
554 84 3
556 84 1
562 84 2
564 84 2
565 84 3
566 84 2
570 84 1
572 84 3
575 84 3
578 84 2
579 84 3
582 84 2
587 84 2
588 84 2
589 84 1
605 84 1
610 84 2
612 84 3
614 84 1
619 84 2
622 84 3
623 84 1
630 84 3
632 84 3
633 84 3
636 84 3
637 84 2
642 84 3
648 84 2
649 84 3
653 84 1
661 84 3
662 84 2
663 84 1
665 84 3
666 84 3
668 84 3
674 84 2
675 84 2
680 84 3
690 84 1
692 84 1
693 84 3
694 84 2
695 84 1
699 84 3
700 84 3
704 84 1
707 84 2
708 84 1
712 84 1
713 84 1
717 84 2
718 84 2
719 84 1
722 84 1
724 84 3
725 84 2
726 84 2
728 84 3
729 84 1
733 84 2
739 84 1
745 84 1
751 84 3
760 84 2
761 84 3
762 84 2
763 84 3
769 84 1
774 84 2
776 84 3
780 84 2
782 84 3
783 84 3
785 84 1
787 84 1
789 84 3
790 84 3
793 84 3
798 84 1
802 84 2
806 84 1
809 84 3
811 84 3
814 84 3
821 84 1
823 84 1
825 84 2
826 84 3
828 84 3
830 84 1
831 84 2
836 84 2
837 84 1
843 84 3
844 84 2
846 84 2
849 84 1
853 84 3
857 84 2
864 84 1
865 84 1
866 84 3
868 84 2
874 84 1
880 84 2
881 84 1
883 84 2
884 84 2
885 84 3
888 84 1
892 84 1
893 84 2
896 84 2
897 84 1
899 84 1
900 84 1
902 84 1
904 84 1
906 84 1
910 84 2
912 84 3
913 84 1
916 84 3
918 84 1
927 84 2
928 84 1
933 84 2
935 84 3
944 84 2
945 84 1
950 84 3
955 84 1
956 84 2
957 84 3
959 84 3
960 84 1
962 84 3
972 84 1
973 84 3
974 84 3
981 84 3
991 84 1
993 84 3
998 84 3
1 85 2
4 85 2
7 85 3
11 85 2
16 85 2
20 85 1
22 85 3
26 85 2
29 85 2
35 85 2
40 85 1
42 85 3
45 85 2
46 85 2
50 85 1
55 85 1
56 85 1
58 85 2
60 85 3
61 85 1
64 85 2
67 85 3
71 85 2
72 85 3
74 85 1
75 85 1
86 85 1
91 85 3
95 85 2
97 85 1
98 85 1
107 85 2
108 85 1
109 85 2
112 85 2
113 85 2
118 85 1
123 85 1
132 85 2
134 85 1
137 85 3
138 85 1
140 85 3
141 85 2
142 85 3
143 85 1
145 85 1
147 85 2
148 85 2
151 85 1
156 85 1
161 85 2
162 85 1
166 85 3
167 85 3
169 85 3
170 85 3
179 85 1
180 85 1
181 85 2
186 85 3
187 85 3
188 85 1
189 85 2
191 85 2
197 85 3
203 85 1
206 85 3
209 85 1
210 85 2
213 85 3
216 85 2
217 85 1
219 85 3
221 85 2
226 85 1
230 85 1
235 85 1
239 85 3
240 85 2
242 85 3
243 85 1
247 85 3
254 85 2
256 85 1
261 85 2
263 85 1
264 85 2
265 85 2
267 85 3
268 85 3
273 85 1
275 85 2
279 85 1
280 85 2
282 85 2
285 85 3
286 85 1
290 85 1
291 85 3
293 85 2
298 85 3
300 85 3
302 85 2
317 85 3
323 85 3
324 85 2
327 85 2
328 85 1
331 85 2
332 85 2
333 85 2
334 85 2
340 85 1
344 85 2
345 85 3
353 85 1
355 85 1
359 85 3
360 85 1
361 85 1
362 85 2
366 85 2
370 85 3
372 85 1
373 85 2
379 85 3
380 85 1
381 85 3
382 85 3
383 85 1
384 85 3
385 85 2
387 85 3
388 85 3
394 85 3
417 85 1
419 85 1
421 85 2
423 85 1
424 85 3
430 85 1
434 85 1
436 85 3
438 85 1
443 85 2
445 85 3
446 85 1
450 85 3
451 85 3
454 85 2
455 85 2
460 85 2
464 85 3
465 85 1
467 85 3
469 85 3
473 85 2
475 85 1
477 85 1
483 85 3
486 85 1
487 85 3
489 85 3
490 85 3
492 85 2
493 85 3
498 85 2
500 85 2
501 85 3
504 85 1
505 85 2
506 85 3
507 85 2
508 85 3
510 85 1
514 85 3
516 85 3
517 85 1
523 85 3
528 85 3
529 85 1
530 85 2
531 85 3
536 85 2
539 85 2
543 85 2
545 85 3
548 85 2
550 85 2
551 85 2
555 85 3
560 85 3
564 85 2
566 85 3
569 85 2
573 85 2
580 85 2
585 85 1
590 85 1
591 85 1
592 85 3
600 85 1
606 85 1
619 85 3
628 85 3
630 85 1
642 85 2
644 85 3
650 85 2
659 85 2
661 85 3
664 85 1
666 85 2
669 85 3
672 85 2
673 85 1
675 85 3
677 85 3
680 85 3
684 85 3
688 85 3
690 85 2
691 85 2
692 85 1
702 85 2
703 85 1
705 85 1
707 85 3
708 85 2
712 85 1
716 85 1
717 85 2
718 85 1
721 85 1
723 85 1
732 85 3
