158 255 2
161 255 2
163 255 2
165 255 2
170 255 3
171 255 1
179 255 2
184 255 1
189 255 2
193 255 2
195 255 2
197 255 2
199 255 1
201 255 3
202 255 3
204 255 1
207 255 2
212 255 1
215 255 1
216 255 1
219 255 2
222 255 2
227 255 3
230 255 1
232 255 2
233 255 2
236 255 2
239 255 1
240 255 3
245 255 1
250 255 3
251 255 3
254 255 1
259 255 3
261 255 1
264 255 2
265 255 2
272 255 1
274 255 2
279 255 2
280 255 2
283 255 3
284 255 2
285 255 3
287 255 1
290 255 3
294 255 3
295 255 1
298 255 2
302 255 1
303 255 3
305 255 1
310 255 2
312 255 2
313 255 1
315 255 3
323 255 2
329 255 2
336 255 3
342 255 3
349 255 3
350 255 1
351 255 2
353 255 3
356 255 2
360 255 3
361 255 1
363 255 1
364 255 1
372 255 3
373 255 3
374 255 1
380 255 1
382 255 3
388 255 3
391 255 2
394 255 1
397 255 3
401 255 2
402 255 2
404 255 1
408 255 1
409 255 3
411 255 2
412 255 1
418 255 2
422 255 3
425 255 1
433 255 2
435 255 2
439 255 2
443 255 2
445 255 3
447 255 2
448 255 3
453 255 1
464 255 3
465 255 3
469 255 1
471 255 1
474 255 2
477 255 1
480 255 2
481 255 3
482 255 2
483 255 3
484 255 3
485 255 1
486 255 3
487 255 2
488 255 1
491 255 3
492 255 2
493 255 1
498 255 1
500 255 2
504 255 1
506 255 3
510 255 1
512 255 2
513 255 2
514 255 3
518 255 3
521 255 2
523 255 1
526 255 3
531 255 2
532 255 1
535 255 2
538 255 2
540 255 3
542 255 1
543 255 3
545 255 3
550 255 3
552 255 3
564 255 3
569 255 1
570 255 1
576 255 3
577 255 2
578 255 3
581 255 2
582 255 3
585 255 1
589 255 3
590 255 1
591 255 3
592 255 1
594 255 2
596 255 3
600 255 3
601 255 3
603 255 2
605 255 3
610 255 2
613 255 3
615 255 2
616 255 2
619 255 2
620 255 2
623 255 3
631 255 2
633 255 2
636 255 2
637 255 2
639 255 2
640 255 1
647 255 1
649 255 1
654 255 3
657 255 1
658 255 1
665 255 1
668 255 1
669 255 3
675 255 3
676 255 3
678 255 2
683 255 1
684 255 3
692 255 1
699 255 2
701 255 2
702 255 3
711 255 3
712 255 2
719 255 1
720 255 1
721 255 3
723 255 3
724 255 1
728 255 2
730 255 1
731 255 2
733 255 2
735 255 3
737 255 2
738 255 3
741 255 3
743 255 3
755 255 3
760 255 3
761 255 2
763 255 1
767 255 1
768 255 2
771 255 1
776 255 2
782 255 1
783 255 3
784 255 2
785 255 2
786 255 1
793 255 2
795 255 2
798 255 2
806 255 1
809 255 1
822 255 3
824 255 1
829 255 3
831 255 2
846 255 3
847 255 2
848 255 1
849 255 2
850 255 3
851 255 1
852 255 1
853 255 2
854 255 3
856 255 2
861 255 1
863 255 3
865 255 2
867 255 1
877 255 3
878 255 1
880 255 1
884 255 1
887 255 2
889 255 1
892 255 1
893 255 1
894 255 3
897 255 2
898 255 1
899 255 1
902 255 1
904 255 2
906 255 1
907 255 2
908 255 2
910 255 1
911 255 1
918 255 1
922 255 1
923 255 3
928 255 3
935 255 3
938 255 2
941 255 1
943 255 3
944 255 3
949 255 2
950 255 2
955 255 3
956 255 1
958 255 2
962 255 2
967 255 2
983 255 2
984 255 1
985 255 3
987 255 2
993 255 3
995 255 1
996 255 1
997 255 3
998 255 3
10 256 3
15 256 3
16 256 3
18 256 3
21 256 1
23 256 3
24 256 3
29 256 1
32 256 2
34 256 3
36 256 3
40 256 3
42 256 2
45 256 2
47 256 1
48 256 2
49 256 2
51 256 3
57 256 1
64 256 3
75 256 3
80 256 2
81 256 3
83 256 3
86 256 3
108 256 1
110 256 2
111 256 1
116 256 3
122 256 3
127 256 2
131 256 1
132 256 1
136 256 1
137 256 2
138 256 1
139 256 2
146 256 3
148 256 3
152 256 3
153 256 1
154 256 1
157 256 3
160 256 2
161 256 3
165 256 3
166 256 3
169 256 1
173 256 1
178 256 3
180 256 1
181 256 2
182 256 1
183 256 2
188 256 1
192 256 1
198 256 2
201 256 2
204 256 2
205 256 1
206 256 3
208 256 1
209 256 1
210 256 3
214 256 3
216 256 2
218 256 3
222 256 1
225 256 2
226 256 2
228 256 1
231 256 1
232 256 1
235 256 3
236 256 2
237 256 1
239 256 3
242 256 2
243 256 3
249 256 3
250 256 2
252 256 1
254 256 1
255 256 3
257 256 2
265 256 1
267 256 1
269 256 1
270 256 1
271 256 2
275 256 3
276 256 3
281 256 3
282 256 3
284 256 3
285 256 2
286 256 1
305 256 1
312 256 2
315 256 1
319 256 2
321 256 1
322 256 2
325 256 3
326 256 2
327 256 1
334 256 3
336 256 2
340 256 1
350 256 2
354 256 2
358 256 3
366 256 2
367 256 2
368 256 1
369 256 1
371 256 3
372 256 1
373 256 3
380 256 2
383 256 3
386 256 3
387 256 1
394 256 1
395 256 1
397 256 3
401 256 2
402 256 3
405 256 3
408 256 1
414 256 3
415 256 1
418 256 2
419 256 2
423 256 1
424 256 3
425 256 3
429 256 3
431 256 3
440 256 2
443 256 1
444 256 2
445 256 1
448 256 1
451 256 1
453 256 2
455 256 2
457 256 3
460 256 2
464 256 2
465 256 1
466 256 1
467 256 1
468 256 2
474 256 1
475 256 3
478 256 3
479 256 3
481 256 3
482 256 1
484 256 2
485 256 2
486 256 1
490 256 3
492 256 3
497 256 1
500 256 3
501 256 2
504 256 1
508 256 1
510 256 2
512 256 3
513 256 3
515 256 1
516 256 1
524 256 1
527 256 2
528 256 1
529 256 3
531 256 3
533 256 3
535 256 3
539 256 1
545 256 1
547 256 1
550 256 2
552 256 3
556 256 3
560 256 2
561 256 1
565 256 2
566 256 3
567 256 3
569 256 2
570 256 3
572 256 3
573 256 1
574 256 3
576 256 3
577 256 3
580 256 2
585 256 3
588 256 3
592 256 2
594 256 1
598 256 2
599 256 1
601 256 3
603 256 1
604 256 2
605 256 1
607 256 2
609 256 3
610 256 2
611 256 2
616 256 2
619 256 1
622 256 1
624 256 1
627 256 3
628 256 3
633 256 2
634 256 3
637 256 3
638 256 1
640 256 2
641 256 2
642 256 1
645 256 2
647 256 3
648 256 1
649 256 2
651 256 1
654 256 2
658 256 2
660 256 2
661 256 2
662 256 3
663 256 1
667 256 2
670 256 2
672 256 3
674 256 3
676 256 3
677 256 3
678 256 3
683 256 3
685 256 3
687 256 2
688 256 3
693 256 3
694 256 2
696 256 2
701 256 2
703 256 3
706 256 2
708 256 1
712 256 2
715 256 1
716 256 3
722 256 1
723 256 2
724 256 2
727 256 1
735 256 3
736 256 2
739 256 2
740 256 3
743 256 2
744 256 2
745 256 1
749 256 1
752 256 1
753 256 1
755 256 2
756 256 3
758 256 3
762 256 2
764 256 3
770 256 1
773 256 3
774 256 2
776 256 1
778 256 2
779 256 1
781 256 2
782 256 1
784 256 2
788 256 2
789 256 3
790 256 2
792 256 3
793 256 2
796 256 3
797 256 2
800 256 1
804 256 1
806 256 1
808 256 2
809 256 1
811 256 2
813 256 2
817 256 2
819 256 1
820 256 1
821 256 2
822 256 2
823 256 1
825 256 3
830 256 3
833 256 2
835 256 3
838 256 2
841 256 1
844 256 3
847 256 2
848 256 1
849 256 3
853 256 2
858 256 3
865 256 2
870 256 1
872 256 2
874 256 1
878 256 1
879 256 2
880 256 1
882 256 1
885 256 3
889 256 2
891 256 2
894 256 3
895 256 2
896 256 1
897 256 2
898 256 2
901 256 3
905 256 2
908 256 2
912 256 3
920 256 3
924 256 2
926 256 2
931 256 2
933 256 1
938 256 3
940 256 1
942 256 1
949 256 1
950 256 1
957 256 3
960 256 1
962 256 2
963 256 3
971 256 1
972 256 1
973 256 3
975 256 1
981 256 1
984 256 3
989 256 1
996 256 2
997 256 1
999 256 1
3 257 3
5 257 2
6 257 1
9 257 3
11 257 2
12 257 2
14 257 3
15 257 3
17 257 1
22 257 1
23 257 1
26 257 3
35 257 2
41 257 3
44 257 2
48 257 3
49 257 3
52 257 2
55 257 1
61 257 3
62 257 3
