114 265 1
116 265 1
125 265 1
126 265 1
127 265 3
132 265 3
133 265 2
136 265 3
141 265 3
142 265 2
144 265 3
146 265 2
150 265 1
151 265 3
152 265 1
155 265 2
156 265 2
158 265 2
161 265 1
174 265 3
177 265 1
180 265 3
181 265 1
184 265 2
186 265 2
187 265 2
190 265 2
191 265 2
192 265 1
194 265 3
195 265 2
203 265 3
207 265 3
208 265 3
213 265 3
216 265 2
218 265 2
220 265 3
227 265 3
231 265 2
233 265 1
235 265 3
236 265 1
239 265 1
246 265 2
250 265 3
251 265 3
254 265 2
257 265 3
259 265 3
264 265 1
267 265 1
271 265 2
273 265 2
278 265 1
281 265 1
285 265 3
286 265 2
287 265 2
288 265 1
292 265 3
294 265 1
302 265 3
314 265 1
315 265 1
317 265 2
325 265 2
326 265 1
328 265 2
330 265 3
331 265 1
333 265 1
338 265 1
340 265 2
342 265 1
346 265 1
347 265 2
348 265 2
349 265 1
354 265 1
356 265 2
357 265 2
359 265 1
363 265 1
365 265 1
370 265 1
373 265 3
377 265 2
378 265 3
379 265 3
381 265 3
384 265 2
386 265 1
389 265 3
396 265 3
398 265 1
402 265 3
404 265 1
418 265 2
422 265 2
427 265 3
428 265 2
430 265 2
435 265 2
439 265 3
440 265 3
442 265 3
449 265 1
450 265 3
451 265 3
453 265 3
458 265 2
460 265 2
461 265 1
462 265 3
466 265 3
469 265 2
471 265 2
474 265 2
480 265 3
482 265 2
483 265 1
485 265 2
486 265 1
491 265 1
493 265 3
494 265 1
496 265 2
502 265 2
503 265 2
504 265 2
506 265 3
511 265 3
520 265 1
527 265 2
533 265 1
534 265 2
535 265 2
538 265 1
546 265 1
552 265 3
553 265 3
554 265 2
556 265 2
558 265 1
561 265 3
564 265 3
567 265 2
568 265 1
577 265 2
578 265 1
579 265 3
581 265 2
585 265 1
589 265 1
591 265 2
592 265 2
594 265 2
597 265 1
598 265 3
599 265 3
600 265 3
602 265 3
611 265 1
612 265 3
615 265 2
616 265 2
617 265 1
618 265 2
619 265 2
622 265 2
628 265 3
633 265 2
635 265 2
641 265 1
644 265 2
646 265 3
648 265 2
649 265 1
653 265 1
654 265 3
656 265 3
657 265 2
663 265 2
664 265 1
668 265 2
671 265 2
675 265 3
676 265 3
678 265 3
679 265 1
682 265 3
687 265 1
688 265 3
691 265 2
694 265 1
695 265 2
696 265 1
700 265 3
702 265 1
704 265 3
706 265 1
707 265 1
709 265 1
713 265 3
718 265 1
721 265 3
722 265 2
725 265 2
727 265 2
731 265 2
733 265 1
734 265 2
737 265 1
739 265 2
742 265 2
743 265 3
744 265 3
749 265 3
751 265 3
753 265 2
756 265 2
757 265 3
767 265 3
768 265 2
772 265 1
773 265 2
775 265 3
776 265 1
778 265 2
781 265 2
785 265 1
791 265 1
794 265 3
795 265 1
799 265 2
806 265 2
807 265 1
809 265 1
810 265 1
812 265 2
813 265 2
814 265 1
823 265 1
824 265 1
826 265 2
827 265 3
833 265 2
838 265 2
839 265 3
840 265 2
841 265 2
843 265 3
844 265 1
845 265 1
848 265 1
856 265 2
857 265 1
859 265 3
861 265 2
864 265 2
875 265 3
876 265 1
877 265 1
878 265 2
880 265 3
881 265 1
883 265 3
884 265 1
886 265 1
890 265 2
896 265 1
903 265 2
909 265 3
910 265 1
914 265 2
920 265 2
922 265 2
923 265 2
926 265 3
930 265 2
931 265 2
934 265 1
938 265 1
940 265 3
941 265 3
950 265 2
952 265 2
954 265 3
956 265 2
957 265 2
960 265 3
965 265 2
968 265 2
970 265 2
973 265 1
974 265 2
983 265 2
984 265 2
986 265 1
987 265 2
990 265 1
992 265 1
993 265 2
997 265 1
998 265 2
999 265 2
0 266 1
3 266 3
8 266 1
9 266 3
19 266 2
20 266 2
24 266 2
28 266 3
32 266 2
35 266 3
37 266 3
39 266 3
44 266 2
45 266 3
50 266 2
51 266 2
55 266 2
61 266 3
64 266 2
67 266 1
68 266 1
75 266 3
77 266 3
78 266 3
80 266 3
91 266 2
94 266 2
98 266 2
99 266 2
103 266 2
105 266 1
114 266 1
116 266 2
117 266 2
119 266 3
120 266 3
126 266 3
129 266 3
131 266 3
133 266 3
134 266 3
135 266 1
140 266 2
143 266 1
144 266 3
145 266 1
148 266 3
151 266 3
155 266 1
157 266 3
161 266 1
162 266 2
167 266 2
168 266 3
170 266 3
172 266 2
175 266 3
176 266 1
177 266 3
182 266 2
183 266 1
186 266 3
189 266 1
191 266 2
195 266 3
198 266 1
199 266 1
207 266 3
209 266 1
211 266 2
213 266 1
217 266 3
218 266 2
219 266 2
220 266 2
222 266 2
223 266 2
226 266 3
231 266 1
234 266 2
238 266 3
240 266 3
241 266 2
243 266 2
244 266 1
246 266 1
248 266 1
250 266 1
251 266 2
252 266 1
253 266 3
260 266 1
263 266 1
264 266 1
265 266 1
268 266 1
271 266 2
273 266 1
274 266 2
280 266 2
281 266 1
285 266 3
291 266 3
293 266 3
296 266 1
301 266 2
304 266 1
306 266 2
307 266 2
308 266 2
309 266 2
313 266 2
320 266 1
327 266 1
328 266 1
333 266 3
334 266 3
335 266 1
340 266 2
348 266 3
350 266 2
351 266 2
352 266 2
353 266 2
355 266 3
362 266 1
365 266 2
374 266 1
375 266 3
378 266 3
380 266 1
383 266 1
386 266 1
388 266 1
389 266 2
391 266 2
393 266 3
397 266 1
398 266 3
402 266 3
403 266 3
404 266 1
414 266 2
418 266 1
423 266 2
426 266 3
428 266 2
431 266 2
432 266 3
433 266 1
439 266 2
440 266 1
441 266 3
442 266 2
444 266 2
449 266 2
456 266 1
457 266 2
458 266 2
462 266 1
466 266 3
470 266 3
471 266 1
476 266 1
479 266 1
480 266 1
481 266 3
483 266 2
484 266 1
486 266 2
488 266 1
489 266 3
490 266 1
494 266 3
497 266 2
500 266 1
505 266 2
508 266 1
509 266 3
513 266 3
517 266 2
518 266 1
521 266 3
522 266 1
523 266 1
532 266 3
533 266 2
534 266 3
536 266 2
541 266 3
543 266 1
548 266 1
553 266 1
557 266 2
558 266 3
559 266 3
562 266 1
563 266 1
564 266 2
567 266 2
572 266 1
578 266 2
581 266 1
584 266 3
589 266 1
590 266 2
592 266 3
593 266 2
596 266 1
605 266 3
607 266 2
608 266 1
612 266 1
617 266 3
619 266 1
620 266 1
626 266 3
627 266 2
630 266 3
632 266 3
633 266 2
635 266 3
636 266 2
644 266 3
648 266 2
651 266 1
652 266 3
657 266 3
658 266 3
660 266 2
663 266 2
674 266 2
676 266 1
677 266 2
680 266 2
687 266 3
689 266 2
693 266 3
694 266 2
697 266 1
702 266 2
704 266 3
705 266 2
708 266 3
710 266 3
711 266 2
712 266 3
713 266 2
717 266 1
718 266 1
729 266 3
731 266 3
732 266 1
738 266 1
739 266 1
741 266 3
742 266 2
743 266 2
744 266 2
745 266 2
756 266 2
761 266 2
764 266 2
765 266 1
766 266 1
769 266 1
770 266 1
772 266 1
775 266 3
780 266 2
781 266 2
784 266 3
788 266 1
799 266 2
805 266 3
806 266 2
807 266 1
809 266 3
817 266 1
825 266 1
834 266 1
838 266 1
839 266 2
840 266 1
844 266 2
848 266 3
850 266 1
851 266 1
852 266 3
856 266 3
858 266 3
859 266 1
862 266 2
866 266 2
870 266 3
873 266 2
874 266 2
877 266 3
878 266 2
879 266 2
880 266 3
881 266 3
883 266 3
885 266 2
888 266 3
891 266 1
894 266 2
899 266 2
900 266 1
907 266 3
911 266 1
914 266 2
915 266 2
917 266 3
919 266 1
923 266 2
925 266 1
926 266 3
932 266 1
935 266 3
937 266 1
940 266 3
942 266 1
945 266 2
946 266 3
951 266 3
952 266 1
953 266 1
956 266 3
957 266 1
958 266 1
959 266 3
960 266 1
964 266 2
968 266 3
971 266 2
972 266 3
973 266 2
975 266 1
979 266 1
980 266 2
982 266 1
990 266 3
991 266 2
995 266 3
2 267 1
3 267 1
22 267 1
23 267 1
25 267 3
28 267 2
29 267 2
33 267 2
37 267 1
41 267 3
44 267 1
48 267 2
49 267 1
50 267 1
