603 826 1
604 826 1
609 826 1
611 826 1
616 826 3
620 826 2
621 826 1
625 826 2
628 826 1
642 826 1
643 826 3
648 826 2
649 826 3
650 826 1
653 826 3
654 826 1
655 826 3
656 826 3
657 826 1
658 826 2
660 826 2
664 826 1
668 826 3
674 826 1
675 826 2
677 826 2
678 826 2
679 826 2
680 826 2
682 826 1
683 826 2
684 826 2
690 826 3
691 826 3
695 826 3
705 826 2
712 826 2
713 826 3
714 826 2
718 826 2
719 826 3
725 826 2
728 826 1
730 826 1
734 826 1
735 826 2
736 826 2
737 826 3
741 826 2
742 826 3
746 826 3
747 826 3
750 826 3
755 826 3
756 826 3
757 826 3
759 826 3
760 826 3
761 826 3
762 826 3
766 826 2
769 826 1
773 826 3
777 826 1
781 826 1
784 826 2
787 826 2
788 826 1
792 826 2
794 826 3
795 826 3
796 826 3
798 826 1
799 826 2
801 826 3
803 826 2
804 826 3
807 826 1
814 826 3
818 826 3
827 826 1
829 826 3
831 826 1
836 826 1
837 826 2
838 826 1
850 826 3
851 826 3
853 826 3
854 826 1
857 826 3
859 826 1
860 826 3
861 826 2
862 826 2
863 826 3
880 826 1
884 826 1
885 826 3
886 826 3
888 826 1
889 826 2
891 826 1
901 826 2
903 826 1
907 826 2
913 826 1
915 826 3
916 826 2
918 826 1
922 826 1
925 826 2
931 826 1
939 826 1
943 826 3
944 826 3
952 826 2
954 826 2
955 826 2
962 826 1
968 826 1
970 826 2
972 826 1
973 826 2
977 826 1
982 826 1
983 826 2
987 826 1
989 826 1
990 826 2
992 826 3
995 826 3
999 826 3
0 827 2
1 827 1
6 827 1
8 827 1
11 827 3
16 827 1
21 827 2
22 827 1
29 827 3
33 827 2
39 827 2
44 827 3
48 827 1
49 827 3
52 827 1
55 827 2
57 827 1
58 827 2
59 827 1
65 827 2
69 827 1
72 827 1
76 827 1
79 827 3
81 827 1
89 827 3
94 827 2
99 827 3
105 827 2
107 827 1
111 827 1
118 827 3
135 827 2
137 827 1
141 827 1
142 827 2
145 827 1
148 827 1
149 827 3
150 827 3
152 827 2
153 827 3
155 827 1
160 827 3
161 827 1
162 827 2
169 827 2
172 827 3
173 827 1
180 827 2
182 827 2
192 827 2
200 827 2
201 827 1
208 827 1
210 827 3
212 827 3
216 827 2
221 827 2
222 827 2
225 827 2
229 827 2
231 827 1
232 827 3
233 827 3
242 827 2
243 827 1
251 827 1
254 827 1
255 827 2
257 827 1
259 827 1
260 827 1
262 827 3
265 827 3
267 827 2
268 827 2
270 827 3
275 827 3
276 827 2
277 827 3
278 827 2
282 827 1
283 827 1
298 827 3
301 827 3
309 827 3
310 827 2
313 827 3
315 827 3
316 827 1
317 827 2
318 827 3
321 827 3
322 827 3
328 827 2
331 827 1
335 827 2
345 827 3
346 827 1
351 827 1
359 827 1
360 827 3
361 827 3
369 827 2
371 827 3
373 827 1
376 827 3
379 827 2
381 827 3
384 827 1
387 827 1
388 827 2
390 827 3
396 827 2
398 827 2
400 827 3
401 827 1
406 827 3
410 827 3
413 827 2
415 827 1
416 827 2
417 827 3
421 827 1
428 827 1
429 827 2
431 827 1
433 827 2
435 827 1
436 827 2
437 827 3
439 827 1
441 827 2
442 827 2
448 827 1
449 827 3
450 827 2
451 827 3
457 827 1
458 827 1
459 827 1
461 827 2
465 827 2
468 827 3
470 827 1
479 827 2
482 827 1
483 827 1
484 827 3
487 827 2
488 827 3
491 827 1
492 827 3
493 827 3
494 827 3
495 827 2
501 827 3
502 827 1
506 827 3
507 827 1
509 827 2
511 827 3
512 827 3
517 827 2
519 827 3
522 827 1
528 827 2
529 827 3
534 827 1
537 827 2
539 827 3
541 827 3
542 827 1
544 827 1
546 827 2
547 827 2
551 827 3
556 827 1
559 827 2
561 827 2
565 827 1
575 827 1
577 827 3
578 827 1
579 827 2
582 827 1
583 827 2
586 827 1
588 827 1
592 827 2
595 827 2
596 827 3
607 827 2
608 827 3
612 827 2
619 827 3
620 827 2
621 827 1
623 827 3
630 827 1
633 827 2
634 827 2
638 827 1
639 827 1
644 827 2
645 827 3
647 827 1
651 827 2
653 827 1
662 827 1
666 827 2
669 827 2
686 827 2
690 827 3
695 827 2
697 827 1
698 827 1
699 827 2
705 827 3
707 827 1
711 827 1
712 827 3
713 827 3
716 827 2
717 827 3
718 827 3
719 827 1
724 827 2
726 827 1
727 827 3
729 827 3
730 827 3
733 827 2
734 827 1
743 827 1
744 827 3
751 827 1
752 827 2
754 827 2
757 827 3
760 827 3
763 827 1
768 827 3
770 827 1
772 827 2
774 827 3
779 827 3
788 827 3
790 827 3
791 827 1
795 827 3
796 827 3
806 827 1
815 827 2
821 827 2
825 827 1
828 827 1
832 827 1
833 827 3
834 827 3
836 827 1
837 827 2
841 827 1
844 827 3
850 827 1
855 827 3
857 827 2
863 827 1
872 827 1
874 827 3
876 827 1
878 827 1
879 827 3
883 827 2
884 827 2
886 827 2
888 827 3
890 827 2
895 827 1
896 827 1
897 827 3
898 827 3
899 827 1
901 827 2
904 827 2
905 827 3
907 827 1
910 827 2
913 827 3
916 827 2
917 827 1
918 827 3
934 827 3
945 827 1
948 827 3
957 827 2
958 827 2
961 827 3
967 827 3
968 827 1
971 827 3
975 827 1
978 827 3
987 827 3
988 827 1
991 827 3
999 827 3
1 828 2
9 828 2
11 828 1
12 828 1
19 828 1
23 828 2
25 828 3
27 828 3
29 828 2
30 828 2
38 828 1
46 828 3
49 828 3
60 828 3
61 828 3
65 828 3
66 828 1
67 828 2
74 828 1
77 828 3
79 828 3
82 828 2
87 828 2
88 828 1
90 828 2
97 828 2
98 828 1
99 828 2
103 828 2
104 828 2
106 828 3
107 828 2
108 828 1
110 828 3
114 828 3
118 828 1
120 828 1
125 828 2
126 828 2
129 828 2
130 828 3
131 828 2
133 828 3
137 828 2
139 828 2
143 828 2
147 828 3
148 828 3
155 828 3
158 828 1
160 828 2
162 828 2
167 828 3
169 828 3
170 828 2
171 828 3
173 828 2
175 828 2
177 828 3
178 828 3
180 828 2
182 828 1
187 828 2
191 828 3
194 828 2
202 828 3
203 828 3
204 828 1
206 828 2
213 828 2
219 828 1
220 828 3
229 828 3
232 828 3
233 828 1
236 828 1
249 828 3
250 828 2
251 828 3
252 828 1
253 828 1
261 828 3
262 828 3
264 828 1
271 828 2
274 828 2
275 828 3
276 828 2
278 828 2
284 828 2
285 828 3
294 828 1
296 828 1
297 828 2
300 828 2
301 828 1
302 828 3
304 828 2
305 828 1
306 828 1
312 828 1
318 828 3
320 828 2
321 828 2
322 828 2
325 828 1
326 828 3
327 828 2
328 828 3
330 828 1
334 828 1
338 828 3
344 828 2
345 828 2
355 828 3
356 828 2
359 828 1
360 828 2
363 828 1
365 828 1
369 828 3
372 828 1
374 828 2
375 828 3
380 828 3
381 828 3
385 828 3
387 828 2
390 828 1
393 828 2
396 828 1
397 828 1
405 828 2
410 828 3
411 828 2
412 828 3
415 828 1
422 828 3
423 828 1
424 828 1
425 828 2
427 828 1
429 828 1
434 828 3
437 828 3
442 828 2
443 828 2
446 828 3
449 828 2
459 828 3
463 828 2
467 828 1
468 828 3
470 828 2
473 828 2
475 828 2
480 828 2
481 828 2
484 828 3
488 828 2
494 828 3
497 828 1
499 828 1
506 828 1
507 828 2
509 828 2
513 828 1
514 828 2
515 828 3
519 828 1
520 828 1
521 828 1
523 828 1
524 828 1
527 828 1
531 828 2
532 828 2
533 828 2
536 828 1
542 828 2
548 828 2
550 828 3
554 828 1
556 828 1
557 828 3
562 828 1
565 828 3
569 828 1
571 828 3
573 828 3
574 828 1
575 828 1
578 828 1
579 828 3
580 828 2
584 828 2
586 828 3
589 828 3
590 828 2
593 828 1
596 828 2
600 828 1
602 828 1
608 828 1
609 828 1
614 828 3
617 828 3
624 828 3
626 828 1
628 828 3
629 828 3
632 828 1
636 828 3
639 828 2
641 828 1
642 828 1
644 828 2
650 828 2
653 828 1
654 828 2
657 828 2
660 828 2
662 828 2
667 828 1
671 828 1
