424 924 1
427 924 3
430 924 2
432 924 1
435 924 2
439 924 1
440 924 1
443 924 1
445 924 2
452 924 2
453 924 2
454 924 2
455 924 1
459 924 3
460 924 2
464 924 1
470 924 3
473 924 2
477 924 1
480 924 3
485 924 2
488 924 3
492 924 3
501 924 2
502 924 3
504 924 2
505 924 1
508 924 1
511 924 2
512 924 3
517 924 3
518 924 2
523 924 1
524 924 1
530 924 2
531 924 1
532 924 3
534 924 3
536 924 2
538 924 2
540 924 1
542 924 2
543 924 1
546 924 1
548 924 3
556 924 1
560 924 3
563 924 2
568 924 2
570 924 3
583 924 1
585 924 1
586 924 2
590 924 3
593 924 2
601 924 2
602 924 2
609 924 3
611 924 2
614 924 2
619 924 2
634 924 1
637 924 1
639 924 2
643 924 3
646 924 3
647 924 2
659 924 3
665 924 2
668 924 1
676 924 2
680 924 3
682 924 1
684 924 3
685 924 3
687 924 3
688 924 1
691 924 1
692 924 2
695 924 2
698 924 3
699 924 3
700 924 1
701 924 2
704 924 1
705 924 1
709 924 1
714 924 1
715 924 3
716 924 2
720 924 1
722 924 1
732 924 3
733 924 3
734 924 2
739 924 2
740 924 2
752 924 2
759 924 1
761 924 2
762 924 1
766 924 2
770 924 1
774 924 2
778 924 1
783 924 2
789 924 3
791 924 2
792 924 2
793 924 3
794 924 3
796 924 2
802 924 3
808 924 2
815 924 3
823 924 2
827 924 3
828 924 2
831 924 1
832 924 1
835 924 3
838 924 2
839 924 3
840 924 2
845 924 1
847 924 1
854 924 3
859 924 2
867 924 3
878 924 3
879 924 1
880 924 3
882 924 3
883 924 1
887 924 3
889 924 2
890 924 1
892 924 1
894 924 1
898 924 1
899 924 3
903 924 1
904 924 3
905 924 3
906 924 3
909 924 2
910 924 3
911 924 3
912 924 3
913 924 1
914 924 1
916 924 2
920 924 3
922 924 2
924 924 2
925 924 2
926 924 3
927 924 3
928 924 1
934 924 3
941 924 3
942 924 3
946 924 3
947 924 1
950 924 2
952 924 3
956 924 2
958 924 1
960 924 2
961 924 2
965 924 1
969 924 3
973 924 2
974 924 3
977 924 2
980 924 3
981 924 2
982 924 3
986 924 3
987 924 1
988 924 2
989 924 2
990 924 3
996 924 2
998 924 3
0 925 3
1 925 1
4 925 1
6 925 1
9 925 2
11 925 1
13 925 1
15 925 2
16 925 1
17 925 1
20 925 1
26 925 2
29 925 1
30 925 3
31 925 3
32 925 2
42 925 1
43 925 2
44 925 1
46 925 3
51 925 3
55 925 1
57 925 1
60 925 3
62 925 3
63 925 2
64 925 1
68 925 3
69 925 1
73 925 2
75 925 1
76 925 2
77 925 2
79 925 3
81 925 1
82 925 3
83 925 1
86 925 1
88 925 1
92 925 2
93 925 2
94 925 3
96 925 3
101 925 3
103 925 2
108 925 1
114 925 2
117 925 1
118 925 1
120 925 1
122 925 3
124 925 2
127 925 2
131 925 1
136 925 2
139 925 3
140 925 2
144 925 3
145 925 1
146 925 2
152 925 1
154 925 1
156 925 3
162 925 2
171 925 1
178 925 2
181 925 2
184 925 1
185 925 2
189 925 2
191 925 1
193 925 2
194 925 1
195 925 1
197 925 1
199 925 1
203 925 2
205 925 1
207 925 2
210 925 3
211 925 3
212 925 3
213 925 1
216 925 1
218 925 1
224 925 3
231 925 1
238 925 3
239 925 1
243 925 2
245 925 1
247 925 3
249 925 1
251 925 2
256 925 2
257 925 1
264 925 3
267 925 1
274 925 2
276 925 2
280 925 3
281 925 3
284 925 2
288 925 3
291 925 2
299 925 3
301 925 3
302 925 3
306 925 1
312 925 2
313 925 2
315 925 1
319 925 2
322 925 2
324 925 2
327 925 1
330 925 2
335 925 2
338 925 2
339 925 3
340 925 1
341 925 3
342 925 2
343 925 2
346 925 2
347 925 3
348 925 2
351 925 2
352 925 3
356 925 1
357 925 1
360 925 2
365 925 2
366 925 1
368 925 1
374 925 1
375 925 2
376 925 1
383 925 1
385 925 2
386 925 2
387 925 1
392 925 3
399 925 1
406 925 3
407 925 1
409 925 2
412 925 3
416 925 1
419 925 1
420 925 3
421 925 3
422 925 3
425 925 1
431 925 3
432 925 2
438 925 2
439 925 2
444 925 3
449 925 3
453 925 2
456 925 1
457 925 3
458 925 1
461 925 2
464 925 2
467 925 1
471 925 2
473 925 3
477 925 3
482 925 1
496 925 1
498 925 3
500 925 1
503 925 1
513 925 1
514 925 1
523 925 2
526 925 1
528 925 1
530 925 2
531 925 1
532 925 3
534 925 1
537 925 2
538 925 1
542 925 3
543 925 3
544 925 3
547 925 1
552 925 2
555 925 3
563 925 3
565 925 1
566 925 1
567 925 2
570 925 2
571 925 2
574 925 1
575 925 3
576 925 2
578 925 1
593 925 2
595 925 2
596 925 3
603 925 2
604 925 1
605 925 1
609 925 1
611 925 2
616 925 3
618 925 3
619 925 1
620 925 1
625 925 1
633 925 2
634 925 1
644 925 3
647 925 3
648 925 2
651 925 2
654 925 2
659 925 1
661 925 1
662 925 2
669 925 3
670 925 3
672 925 3
674 925 2
682 925 3
683 925 1
684 925 3
690 925 1
692 925 2
695 925 1
696 925 2
699 925 2
705 925 1
714 925 3
716 925 2
718 925 3
719 925 3
723 925 2
725 925 1
728 925 2
729 925 1
730 925 3
732 925 2
734 925 2
735 925 3
736 925 1
737 925 2
738 925 3
739 925 2
743 925 1
744 925 3
746 925 1
749 925 1
751 925 1
753 925 2
764 925 1
765 925 3
767 925 1
768 925 1
771 925 1
775 925 1
777 925 1
779 925 2
781 925 2
783 925 2
784 925 3
787 925 3
794 925 2
796 925 3
797 925 1
799 925 3
800 925 3
803 925 1
805 925 2
809 925 1
810 925 1
811 925 1
812 925 2
816 925 3
821 925 2
823 925 2
828 925 3
837 925 3
841 925 3
844 925 2
853 925 2
864 925 2
866 925 3
876 925 2
879 925 1
880 925 3
881 925 2
884 925 1
887 925 3
889 925 3
890 925 3
891 925 2
895 925 3
896 925 2
898 925 1
901 925 1
905 925 3
906 925 3
908 925 2
918 925 3
919 925 3
924 925 1
928 925 1
929 925 2
932 925 1
933 925 1
936 925 3
937 925 3
945 925 3
946 925 3
947 925 2
948 925 3
949 925 2
950 925 1
952 925 2
954 925 1
960 925 3
967 925 1
971 925 3
979 925 3
980 925 1
981 925 3
982 925 2
984 925 3
986 925 1
987 925 3
990 925 1
991 925 2
992 925 3
994 925 1
999 925 2
4 926 1
8 926 2
10 926 3
14 926 3
17 926 3
18 926 3
19 926 3
22 926 1
24 926 1
26 926 2
29 926 1
34 926 3
35 926 1
37 926 2
41 926 2
42 926 3
44 926 3
51 926 2
55 926 1
56 926 2
59 926 2
62 926 1
64 926 3
69 926 1
71 926 3
74 926 2
76 926 1
77 926 3
79 926 3
80 926 2
83 926 1
84 926 1
86 926 1
96 926 2
97 926 1
99 926 3
101 926 3
106 926 2
107 926 1
110 926 3
113 926 3
116 926 2
117 926 1
122 926 3
125 926 2
127 926 3
128 926 3
131 926 1
132 926 2
133 926 2
136 926 3
137 926 1
139 926 2
141 926 3
142 926 3
145 926 3
151 926 1
152 926 1
153 926 2
154 926 1
157 926 1
158 926 2
162 926 3
163 926 1
164 926 1
168 926 2
171 926 3
172 926 3
173 926 2
175 926 2
176 926 1
177 926 3
180 926 2
181 926 2
186 926 3
187 926 3
188 926 3
189 926 3
192 926 2
193 926 1
194 926 3
207 926 3
208 926 1
209 926 2
210 926 3
211 926 1
214 926 2
215 926 3
218 926 1
222 926 3
227 926 2
228 926 1
231 926 3
232 926 2
233 926 3
234 926 1
239 926 2
242 926 3
244 926 1
251 926 1
253 926 2
258 926 3
263 926 2
267 926 1
270 926 1
271 926 1
272 926 3
279 926 1
284 926 1
287 926 1
288 926 3
289 926 1
297 926 3
300 926 3
302 926 1
304 926 2
312 926 3
313 926 2
314 926 1
315 926 1
318 926 1
319 926 3
327 926 3
328 926 3
337 926 3
339 926 1
341 926 1
342 926 3
343 926 3
346 926 1
347 926 3
353 926 2
354 926 1
357 926 3
362 926 2
368 926 1
372 926 1
373 926 3
378 926 3
379 926 2
