389 790 2
391 790 3
396 790 2
397 790 1
400 790 1
401 790 3
403 790 3
408 790 3
411 790 3
414 790 1
415 790 1
416 790 1
417 790 2
422 790 2
425 790 2
428 790 1
431 790 1
453 790 2
454 790 1
459 790 2
463 790 2
464 790 3
465 790 1
468 790 3
470 790 1
476 790 2
477 790 1
478 790 1
484 790 1
489 790 1
490 790 3
494 790 2
497 790 3
499 790 2
500 790 2
502 790 1
503 790 2
504 790 2
507 790 3
508 790 1
509 790 2
510 790 2
511 790 2
512 790 3
513 790 3
514 790 1
515 790 1
517 790 2
520 790 2
521 790 2
524 790 1
527 790 1
529 790 1
538 790 1
543 790 3
544 790 3
546 790 2
550 790 3
558 790 1
560 790 2
561 790 3
564 790 3
565 790 1
574 790 3
579 790 3
582 790 1
583 790 2
584 790 1
585 790 1
586 790 1
587 790 1
588 790 1
594 790 2
595 790 1
600 790 3
602 790 1
613 790 2
615 790 1
617 790 2
621 790 2
633 790 2
635 790 2
636 790 1
637 790 1
640 790 3
643 790 1
645 790 2
647 790 1
649 790 2
650 790 2
651 790 1
652 790 3
655 790 2
658 790 3
664 790 1
665 790 3
677 790 1
679 790 3
686 790 3
688 790 3
693 790 3
695 790 1
696 790 3
704 790 2
706 790 2
709 790 1
715 790 2
719 790 1
722 790 1
724 790 2
725 790 1
731 790 3
737 790 2
738 790 3
743 790 1
746 790 2
751 790 1
753 790 3
755 790 3
757 790 1
758 790 2
759 790 3
760 790 2
761 790 2
764 790 3
765 790 1
766 790 1
767 790 2
769 790 1
770 790 3
773 790 3
776 790 2
779 790 1
780 790 3
781 790 3
792 790 1
794 790 2
798 790 2
801 790 2
804 790 3
805 790 1
808 790 3
811 790 3
812 790 3
813 790 2
817 790 3
818 790 2
822 790 3
826 790 1
827 790 1
828 790 1
833 790 1
835 790 1
840 790 2
841 790 3
845 790 2
846 790 1
850 790 3
855 790 3
856 790 2
858 790 2
860 790 1
866 790 1
867 790 2
873 790 3
875 790 2
877 790 1
879 790 2
881 790 3
883 790 2
885 790 1
888 790 3
890 790 1
891 790 3
893 790 2
898 790 2
900 790 2
902 790 2
904 790 3
905 790 2
911 790 2
916 790 1
923 790 2
925 790 1
928 790 3
929 790 1
934 790 2
935 790 1
937 790 3
943 790 1
951 790 2
956 790 2
957 790 2
958 790 3
962 790 1
964 790 2
968 790 3
969 790 3
971 790 2
974 790 2
975 790 1
976 790 3
979 790 1
983 790 3
985 790 2
998 790 2
1 791 1
7 791 2
8 791 2
9 791 3
10 791 1
14 791 1
16 791 1
17 791 3
18 791 3
19 791 1
21 791 1
24 791 2
26 791 1
31 791 3
32 791 2
33 791 3
36 791 1
39 791 2
41 791 3
42 791 3
46 791 3
49 791 3
50 791 2
62 791 1
63 791 2
66 791 3
67 791 1
68 791 1
69 791 3
72 791 1
73 791 2
74 791 1
78 791 2
79 791 1
81 791 1
83 791 1
88 791 3
90 791 2
91 791 3
92 791 3
94 791 3
97 791 3
102 791 2
104 791 3
107 791 3
110 791 2
111 791 2
120 791 1
121 791 3
124 791 3
125 791 2
129 791 1
130 791 1
136 791 2
138 791 3
145 791 3
147 791 1
149 791 2
150 791 2
152 791 3
153 791 1
155 791 2
160 791 3
162 791 2
165 791 2
166 791 3
170 791 2
172 791 3
173 791 3
175 791 3
176 791 3
180 791 1
182 791 3
187 791 1
190 791 1
191 791 1
193 791 3
197 791 2
201 791 2
202 791 2
203 791 2
204 791 2
207 791 1
212 791 2
216 791 2
217 791 2
218 791 3
220 791 3
221 791 2
222 791 2
223 791 2
225 791 2
227 791 3
233 791 2
234 791 2
239 791 1
242 791 2
248 791 1
249 791 1
250 791 1
253 791 1
254 791 2
256 791 2
262 791 1
272 791 1
273 791 1
275 791 1
276 791 2
278 791 1
280 791 3
287 791 1
292 791 1
295 791 1
297 791 3
298 791 2
300 791 1
305 791 2
306 791 1
317 791 3
325 791 2
327 791 1
329 791 1
330 791 2
334 791 1
343 791 2
344 791 2
345 791 1
347 791 2
348 791 1
355 791 2
358 791 3
359 791 2
362 791 2
363 791 2
364 791 2
365 791 3
368 791 2
370 791 2
372 791 1
376 791 1
378 791 2
384 791 2
385 791 3
389 791 3
390 791 1
392 791 1
395 791 3
398 791 3
401 791 1
403 791 2
410 791 1
411 791 2
416 791 2
419 791 1
431 791 3
432 791 3
439 791 2
447 791 3
448 791 1
451 791 1
453 791 1
455 791 2
457 791 3
461 791 1
462 791 1
469 791 1
473 791 1
476 791 3
478 791 3
479 791 3
482 791 1
484 791 2
491 791 2
492 791 2
495 791 2
496 791 2
497 791 2
505 791 3
506 791 1
512 791 1
513 791 3
516 791 1
520 791 1
523 791 2
524 791 3
525 791 3
530 791 3
535 791 1
536 791 2
537 791 1
541 791 2
542 791 3
553 791 2
555 791 1
559 791 1
560 791 2
565 791 3
567 791 2
570 791 1
571 791 1
572 791 2
573 791 2
575 791 3
576 791 2
578 791 3
581 791 2
584 791 2
585 791 2
586 791 2
597 791 2
598 791 3
601 791 1
605 791 2
606 791 2
607 791 3
608 791 1
614 791 1
615 791 1
616 791 2
617 791 2
618 791 2
621 791 2
628 791 1
630 791 3
631 791 3
638 791 2
639 791 1
640 791 1
641 791 1
643 791 2
644 791 3
645 791 3
647 791 2
650 791 3
651 791 2
652 791 2
657 791 1
662 791 2
663 791 3
664 791 1
669 791 3
671 791 1
676 791 1
679 791 1
680 791 1
681 791 1
682 791 3
686 791 1
688 791 1
690 791 2
697 791 2
698 791 1
699 791 2
700 791 2
701 791 1
703 791 3
707 791 1
708 791 1
714 791 2
717 791 3
719 791 1
724 791 1
726 791 3
728 791 1
731 791 2
733 791 2
736 791 1
739 791 1
741 791 1
745 791 1
747 791 1
749 791 2
751 791 1
753 791 3
754 791 2
756 791 3
760 791 1
761 791 1
767 791 1
770 791 2
775 791 2
780 791 2
782 791 1
785 791 1
786 791 1
792 791 2
793 791 2
796 791 2
798 791 1
800 791 3
805 791 2
810 791 1
817 791 2
825 791 2
826 791 2
827 791 3
829 791 1
840 791 2
847 791 1
849 791 3
852 791 1
853 791 1
854 791 1
858 791 3
861 791 3
866 791 2
868 791 3
872 791 3
874 791 1
882 791 3
886 791 1
889 791 2
891 791 3
895 791 2
898 791 2
900 791 1
904 791 2
905 791 3
906 791 2
907 791 3
908 791 3
910 791 2
913 791 1
920 791 1
924 791 2
926 791 3
930 791 1
931 791 2
932 791 1
949 791 3
950 791 2
952 791 1
956 791 1
960 791 2
963 791 1
964 791 2
967 791 3
969 791 1
970 791 3
975 791 3
976 791 1
978 791 1
979 791 2
984 791 3
985 791 3
992 791 2
993 791 1
12 792 3
13 792 1
14 792 3
15 792 1
16 792 1
20 792 1
27 792 3
30 792 1
35 792 1
36 792 1
48 792 3
53 792 3
55 792 3
58 792 2
60 792 3
63 792 3
65 792 1
67 792 3
69 792 3
72 792 2
78 792 3
87 792 1
88 792 2
91 792 1
95 792 2
96 792 2
98 792 3
99 792 2
103 792 3
106 792 2
110 792 1
117 792 1
119 792 2
120 792 3
124 792 1
130 792 2
131 792 2
133 792 3
135 792 1
139 792 2
141 792 1
143 792 1
153 792 3
155 792 2
156 792 2
159 792 3
165 792 1
170 792 3
171 792 2
175 792 1
177 792 2
179 792 2
182 792 3
184 792 2
187 792 3
192 792 1
200 792 3
201 792 3
202 792 1
207 792 2
215 792 1
217 792 2
218 792 2
219 792 1
223 792 3
224 792 2
235 792 3
238 792 3
241 792 2
243 792 1
245 792 2
247 792 1
250 792 1
253 792 1
254 792 1
255 792 3
256 792 3
259 792 1
263 792 2
265 792 3
267 792 2
268 792 3
269 792 3
274 792 3
279 792 2
286 792 2
289 792 1
292 792 3
295 792 3
297 792 3
301 792 1
302 792 2
303 792 1
307 792 2
308 792 2
309 792 1
311 792 2
312 792 3
316 792 1
318 792 2
323 792 1
327 792 1
328 792 2
335 792 3
340 792 3
342 792 3
349 792 1
354 792 2
359 792 1
360 792 2
361 792 2
373 792 2
374 792 2
