659 610 1
671 610 3
672 610 3
677 610 2
684 610 2
686 610 2
688 610 1
690 610 2
692 610 3
693 610 1
698 610 3
700 610 2
702 610 2
704 610 2
706 610 3
708 610 1
709 610 2
712 610 1
713 610 2
714 610 3
717 610 3
719 610 2
728 610 1
732 610 3
736 610 3
737 610 3
738 610 1
742 610 1
747 610 1
750 610 3
755 610 1
756 610 1
757 610 3
758 610 1
764 610 1
765 610 3
768 610 1
769 610 2
770 610 3
771 610 2
774 610 2
776 610 1
779 610 1
782 610 1
784 610 1
787 610 3
788 610 1
793 610 3
795 610 3
796 610 2
812 610 2
817 610 2
824 610 1
827 610 2
829 610 2
830 610 1
835 610 2
836 610 1
837 610 3
838 610 2
839 610 2
841 610 3
843 610 1
849 610 1
850 610 2
852 610 1
855 610 1
856 610 3
857 610 3
860 610 2
863 610 3
864 610 2
878 610 3
879 610 2
881 610 1
891 610 2
896 610 2
902 610 2
904 610 2
907 610 1
908 610 1
912 610 2
919 610 2
920 610 1
925 610 2
932 610 1
938 610 3
939 610 3
941 610 1
942 610 3
943 610 2
947 610 2
949 610 3
956 610 1
960 610 1
963 610 3
967 610 3
974 610 2
976 610 2
977 610 1
978 610 2
979 610 2
984 610 3
989 610 2
993 610 3
997 610 3
2 611 3
6 611 3
7 611 2
8 611 2
10 611 2
17 611 1
20 611 1
21 611 1
22 611 3
28 611 3
33 611 1
44 611 3
46 611 1
52 611 1
53 611 3
55 611 1
64 611 2
73 611 1
75 611 3
77 611 1
79 611 2
81 611 3
84 611 2
88 611 2
89 611 1
91 611 3
98 611 2
100 611 2
103 611 3
108 611 1
109 611 2
111 611 1
113 611 2
115 611 2
117 611 1
120 611 2
121 611 1
127 611 3
129 611 2
139 611 2
140 611 3
150 611 1
158 611 3
159 611 1
160 611 2
164 611 2
165 611 2
169 611 3
173 611 1
174 611 1
177 611 3
181 611 3
185 611 2
189 611 1
190 611 2
191 611 2
193 611 3
197 611 2
200 611 3
202 611 3
209 611 2
212 611 3
214 611 2
215 611 3
216 611 1
222 611 1
225 611 1
227 611 1
229 611 3
233 611 3
234 611 1
235 611 3
237 611 1
245 611 3
246 611 3
252 611 2
258 611 3
260 611 3
261 611 3
262 611 3
263 611 3
271 611 3
275 611 3
278 611 2
280 611 1
281 611 3
283 611 3
289 611 3
290 611 2
291 611 2
292 611 1
295 611 1
296 611 2
297 611 3
298 611 1
303 611 3
307 611 2
309 611 3
312 611 2
315 611 1
317 611 3
320 611 1
322 611 1
329 611 3
330 611 1
335 611 3
336 611 3
337 611 3
340 611 1
342 611 1
346 611 2
347 611 3
349 611 3
350 611 1
351 611 1
359 611 2
361 611 2
364 611 1
365 611 3
372 611 2
374 611 2
375 611 3
377 611 2
378 611 1
379 611 3
381 611 2
383 611 2
387 611 3
389 611 2
391 611 1
392 611 2
393 611 3
394 611 3
396 611 2
399 611 2
400 611 1
401 611 2
404 611 1
406 611 3
411 611 3
414 611 1
418 611 1
421 611 1
422 611 2
433 611 3
435 611 2
437 611 2
438 611 2
440 611 1
441 611 3
444 611 3
452 611 3
453 611 3
455 611 1
456 611 2
457 611 2
459 611 2
461 611 3
462 611 3
463 611 1
466 611 2
476 611 1
479 611 3
484 611 3
487 611 2
488 611 2
500 611 3
502 611 2
508 611 1
509 611 2
510 611 1
512 611 2
513 611 1
527 611 1
529 611 1
531 611 3
533 611 2
540 611 2
542 611 3
547 611 1
548 611 1
551 611 2
552 611 1
554 611 3
557 611 1
558 611 1
559 611 3
567 611 3
570 611 3
571 611 1
575 611 3
582 611 2
586 611 2
587 611 2
588 611 3
590 611 2
596 611 2
598 611 1
601 611 1
605 611 1
606 611 3
622 611 1
625 611 3
627 611 2
630 611 1
632 611 2
633 611 3
637 611 2
638 611 2
641 611 1
643 611 1
646 611 3
649 611 1
651 611 3
653 611 2
657 611 3
661 611 1
663 611 1
664 611 3
665 611 1
674 611 1
676 611 1
679 611 1
683 611 3
687 611 1
689 611 2
691 611 2
692 611 3
694 611 1
697 611 2
701 611 1
702 611 2
703 611 2
704 611 1
705 611 2
707 611 1
708 611 1
716 611 1
717 611 2
722 611 3
724 611 1
731 611 3
732 611 1
736 611 3
737 611 2
739 611 3
747 611 3
748 611 2
750 611 1
752 611 2
758 611 1
762 611 2
764 611 1
766 611 2
770 611 1
771 611 2
773 611 3
774 611 1
775 611 1
777 611 2
790 611 1
796 611 1
797 611 1
800 611 2
804 611 1
805 611 2
809 611 3
810 611 3
816 611 1
817 611 1
818 611 2
824 611 2
828 611 2
833 611 2
839 611 2
840 611 3
843 611 1
850 611 2
855 611 2
859 611 1
861 611 1
864 611 1
867 611 1
868 611 2
878 611 1
879 611 3
887 611 2
889 611 3
891 611 3
893 611 2
897 611 3
898 611 2
899 611 1
900 611 1
901 611 3
906 611 1
911 611 2
912 611 2
913 611 3
915 611 1
922 611 3
923 611 3
924 611 2
928 611 3
929 611 2
930 611 2
932 611 1
938 611 2
940 611 1
944 611 2
953 611 1
955 611 3
959 611 2
965 611 1
966 611 1
967 611 3
970 611 3
976 611 2
981 611 1
986 611 3
987 611 1
989 611 3
990 611 3
995 611 3
997 611 2
1 612 2
4 612 3
5 612 1
8 612 3
11 612 3
12 612 3
14 612 2
15 612 3
18 612 3
19 612 3
22 612 2
24 612 3
25 612 2
27 612 2
28 612 3
29 612 2
31 612 3
33 612 1
40 612 2
43 612 3
45 612 1
46 612 3
50 612 1
51 612 2
52 612 3
53 612 3
54 612 2
55 612 2
56 612 3
57 612 2
65 612 2
67 612 3
77 612 3
79 612 2
82 612 3
83 612 2
88 612 3
89 612 1
100 612 3
101 612 1
102 612 3
105 612 2
107 612 1
108 612 3
111 612 2
116 612 3
122 612 2
125 612 2
131 612 1
141 612 1
142 612 3
143 612 2
153 612 2
156 612 2
157 612 3
160 612 2
161 612 3
164 612 2
171 612 3
172 612 2
175 612 1
178 612 2
182 612 3
183 612 2
184 612 2
185 612 3
186 612 2
187 612 3
193 612 2
201 612 3
208 612 2
213 612 1
214 612 2
217 612 2
218 612 3
220 612 1
221 612 1
225 612 2
229 612 2
231 612 1
233 612 3
234 612 3
235 612 1
237 612 1
243 612 3
245 612 1
248 612 3
252 612 3
260 612 2
261 612 1
263 612 3
268 612 2
269 612 1
270 612 1
271 612 3
279 612 2
280 612 3
281 612 3
282 612 1
283 612 1
284 612 1
291 612 3
293 612 3
304 612 3
305 612 2
306 612 1
311 612 3
314 612 2
316 612 1
317 612 1
318 612 2
324 612 2
326 612 3
334 612 2
335 612 2
340 612 2
341 612 2
346 612 1
351 612 3
353 612 2
355 612 1
356 612 1
357 612 2
361 612 3
363 612 3
366 612 1
372 612 3
377 612 1
379 612 2
381 612 1
385 612 3
393 612 2
394 612 1
395 612 3
403 612 1
404 612 3
406 612 1
412 612 3
414 612 3
415 612 1
419 612 1
420 612 1
424 612 3
425 612 2
426 612 3
427 612 1
428 612 2
430 612 3
435 612 1
442 612 3
446 612 1
447 612 2
448 612 3
449 612 3
454 612 3
457 612 2
459 612 1
460 612 2
463 612 3
464 612 3
478 612 2
479 612 2
481 612 2
483 612 3
485 612 1
488 612 2
489 612 2
502 612 2
503 612 3
504 612 3
505 612 2
508 612 3
509 612 2
513 612 3
514 612 2
518 612 1
519 612 1
523 612 1
525 612 2
527 612 3
529 612 2
532 612 2
533 612 2
535 612 3
538 612 1
539 612 1
545 612 1
551 612 3
557 612 3
559 612 1
560 612 2
561 612 1
565 612 3
566 612 3
567 612 3
569 612 2
571 612 3
572 612 3
575 612 1
576 612 2
580 612 2
581 612 2
582 612 3
583 612 1
584 612 3
588 612 3
592 612 1
594 612 2
597 612 3
599 612 1
605 612 1
611 612 2
619 612 1
622 612 3
624 612 2
626 612 3
629 612 3
630 612 3
634 612 3
641 612 3
643 612 3
644 612 2
646 612 3
648 612 1
649 612 3
657 612 1
658 612 2
661 612 1
662 612 2
663 612 2
670 612 3
671 612 3
673 612 1
674 612 1
677 612 3
