869 75 1
870 75 2
871 75 1
873 75 2
874 75 1
877 75 1
878 75 2
880 75 1
883 75 1
884 75 2
888 75 1
892 75 2
895 75 1
901 75 2
903 75 1
906 75 1
908 75 1
910 75 2
915 75 3
919 75 3
921 75 3
922 75 2
936 75 1
937 75 3
940 75 1
945 75 3
946 75 3
949 75 1
951 75 1
953 75 1
957 75 2
959 75 1
960 75 1
962 75 3
963 75 3
965 75 3
966 75 1
968 75 3
973 75 2
978 75 3
981 75 3
984 75 3
985 75 3
987 75 1
988 75 2
990 75 2
991 75 2
994 75 3
997 75 3
998 75 2
999 75 3
9 76 2
10 76 1
11 76 3
16 76 1
18 76 2
19 76 2
22 76 1
24 76 2
26 76 1
28 76 1
29 76 3
39 76 1
42 76 2
43 76 3
44 76 2
47 76 3
49 76 2
51 76 1
60 76 2
61 76 3
62 76 1
69 76 3
73 76 2
77 76 2
80 76 2
82 76 3
84 76 2
85 76 3
87 76 3
89 76 2
92 76 2
96 76 1
100 76 2
103 76 2
107 76 1
109 76 2
113 76 2
119 76 1
121 76 2
124 76 1
127 76 2
132 76 2
133 76 1
140 76 1
141 76 2
144 76 1
146 76 2
148 76 1
156 76 2
159 76 1
160 76 2
162 76 2
163 76 3
164 76 2
166 76 1
167 76 3
169 76 2
170 76 2
172 76 1
173 76 1
174 76 1
175 76 2
177 76 2
178 76 2
179 76 2
181 76 1
182 76 3
183 76 3
189 76 1
197 76 2
199 76 2
205 76 1
208 76 1
216 76 2
218 76 3
219 76 3
222 76 3
223 76 3
225 76 2
226 76 3
231 76 3
233 76 1
234 76 2
236 76 3
237 76 2
239 76 1
243 76 3
245 76 3
253 76 3
254 76 2
259 76 1
260 76 3
265 76 1
276 76 1
278 76 1
282 76 3
283 76 3
288 76 3
294 76 2
296 76 1
299 76 3
300 76 3
305 76 3
306 76 1
310 76 2
314 76 3
316 76 3
317 76 2
318 76 3
319 76 1
320 76 1
326 76 3
329 76 1
332 76 3
339 76 2
347 76 2
351 76 2
355 76 2
358 76 1
359 76 2
361 76 2
362 76 3
364 76 1
366 76 3
371 76 2
373 76 1
376 76 3
377 76 2
379 76 1
386 76 1
387 76 2
405 76 2
406 76 2
411 76 1
413 76 1
417 76 3
418 76 1
419 76 2
429 76 1
432 76 3
433 76 2
434 76 1
435 76 1
436 76 3
437 76 3
438 76 3
440 76 1
441 76 3
443 76 1
444 76 3
446 76 1
449 76 1
454 76 3
456 76 2
460 76 2
461 76 2
465 76 2
466 76 2
467 76 1
469 76 3
473 76 2
474 76 1
479 76 2
481 76 1
482 76 2
490 76 1
492 76 2
495 76 1
496 76 1
497 76 3
501 76 1
505 76 3
507 76 1
516 76 1
518 76 1
521 76 3
522 76 1
524 76 2
525 76 2
528 76 3
532 76 1
533 76 1
537 76 1
542 76 1
544 76 2
546 76 1
547 76 2
552 76 3
554 76 2
555 76 1
557 76 2
563 76 2
565 76 1
566 76 1
568 76 1
569 76 1
571 76 3
572 76 1
575 76 2
576 76 2
577 76 2
580 76 1
583 76 3
584 76 1
585 76 2
586 76 3
588 76 1
591 76 3
598 76 2
599 76 1
601 76 3
603 76 2
605 76 1
606 76 2
608 76 2
610 76 1
613 76 3
619 76 1
620 76 1
623 76 3
629 76 1
632 76 2
636 76 2
639 76 2
646 76 1
648 76 2
653 76 3
654 76 1
655 76 1
658 76 2
659 76 1
660 76 1
661 76 1
662 76 1
663 76 2
666 76 2
667 76 2
672 76 3
675 76 2
678 76 2
685 76 1
687 76 3
688 76 3
691 76 1
695 76 1
696 76 1
698 76 2
699 76 2
702 76 1
706 76 1
709 76 2
711 76 1
714 76 1
715 76 3
720 76 3
728 76 1
731 76 2
734 76 3
735 76 3
740 76 1
741 76 3
743 76 1
749 76 3
752 76 1
753 76 2
757 76 2
761 76 3
766 76 1
767 76 1
770 76 2
772 76 2
773 76 1
776 76 3
777 76 2
778 76 1
784 76 3
786 76 2
790 76 2
792 76 3
793 76 2
797 76 1
805 76 1
814 76 2
815 76 3
816 76 2
817 76 3
819 76 2
820 76 2
825 76 2
827 76 2
836 76 2
839 76 2
849 76 3
854 76 2
862 76 1
863 76 2
864 76 3
869 76 1
870 76 2
871 76 3
872 76 3
877 76 1
882 76 1
884 76 1
890 76 3
897 76 1
900 76 2
902 76 2
903 76 1
912 76 2
915 76 1
917 76 3
921 76 3
922 76 1
926 76 3
927 76 1
929 76 1
930 76 1
938 76 3
939 76 3
945 76 2
946 76 3
951 76 1
953 76 2
954 76 1
957 76 2
965 76 2
968 76 1
969 76 1
970 76 2
971 76 3
973 76 2
977 76 1
979 76 2
984 76 3
985 76 2
992 76 1
2 77 2
5 77 2
6 77 2
13 77 3
15 77 1
17 77 1
23 77 1
28 77 1
30 77 3
31 77 2
32 77 1
39 77 1
43 77 3
50 77 3
60 77 1
61 77 2
64 77 3
68 77 3
78 77 1
80 77 1
83 77 3
86 77 1
87 77 2
90 77 1
95 77 3
97 77 3
99 77 3
104 77 2
114 77 3
115 77 1
117 77 1
118 77 2
119 77 2
123 77 2
125 77 2
128 77 2
130 77 3
133 77 2
135 77 1
136 77 2
139 77 1
144 77 3
146 77 1
147 77 1
152 77 3
154 77 3
161 77 1
162 77 1
163 77 3
169 77 1
174 77 1
177 77 1
180 77 1
183 77 2
186 77 1
189 77 2
191 77 2
199 77 2
204 77 1
205 77 2
208 77 2
210 77 1
212 77 2
213 77 1
216 77 1
219 77 3
220 77 1
224 77 1
225 77 1
226 77 3
228 77 3
233 77 2
244 77 2
245 77 3
248 77 1
250 77 1
252 77 1
254 77 1
256 77 2
259 77 2
261 77 3
262 77 2
265 77 2
269 77 3
272 77 3
274 77 3
278 77 1
282 77 2
285 77 2
288 77 2
295 77 2
297 77 3
298 77 3
302 77 3
303 77 3
306 77 3
313 77 2
315 77 2
316 77 1
319 77 1
328 77 2
338 77 3
342 77 3
343 77 3
344 77 2
346 77 3
348 77 2
350 77 1
358 77 2
359 77 2
362 77 3
364 77 2
367 77 3
368 77 3
372 77 1
376 77 3
381 77 3
384 77 2
385 77 3
391 77 2
392 77 3
393 77 2
394 77 3
395 77 1
397 77 1
398 77 3
399 77 1
400 77 3
401 77 3
403 77 3
408 77 1
410 77 3
413 77 1
423 77 2
426 77 1
428 77 1
430 77 3
431 77 1
436 77 1
437 77 2
443 77 1
452 77 1
457 77 1
458 77 1
459 77 3
460 77 2
462 77 1
463 77 1
464 77 2
467 77 3
470 77 2
473 77 2
474 77 2
485 77 3
489 77 3
494 77 2
503 77 2
506 77 1
510 77 3
514 77 3
517 77 2
518 77 3
521 77 2
530 77 3
532 77 1
539 77 1
540 77 1
541 77 2
542 77 2
545 77 1
547 77 1
549 77 2
555 77 2
558 77 2
561 77 3
562 77 1
564 77 3
567 77 2
570 77 1
572 77 2
573 77 3
574 77 2
575 77 3
579 77 3
582 77 2
590 77 1
591 77 1
594 77 3
595 77 3
596 77 3
601 77 2
602 77 2
605 77 3
607 77 3
608 77 2
611 77 1
615 77 2
617 77 1
619 77 1
628 77 1
630 77 1
633 77 2
635 77 2
637 77 1
638 77 1
645 77 2
646 77 1
650 77 3
662 77 2
664 77 1
667 77 1
670 77 2
674 77 3
676 77 3
678 77 3
683 77 2
687 77 1
690 77 2
691 77 2
700 77 1
707 77 2
710 77 1
716 77 1
717 77 2
723 77 3
725 77 1
726 77 1
727 77 2
728 77 2
730 77 3
731 77 2
734 77 3
739 77 3
743 77 3
746 77 2
748 77 2
749 77 1
756 77 3
760 77 2
764 77 2
769 77 2
782 77 3
783 77 2
785 77 3
786 77 3
787 77 2
788 77 1
792 77 2
794 77 3
796 77 1
797 77 1
799 77 3
805 77 1
807 77 1
808 77 2
820 77 1
827 77 2
828 77 1
830 77 3
837 77 1
839 77 1
842 77 3
845 77 3
847 77 1
851 77 3
852 77 3
858 77 3
861 77 3
863 77 1
864 77 1
867 77 1
869 77 1
871 77 1
877 77 1
878 77 3
881 77 3
883 77 3
884 77 1
