590 848 2
592 848 3
593 848 3
594 848 1
595 848 3
602 848 2
610 848 3
616 848 3
617 848 3
618 848 3
628 848 2
629 848 1
633 848 1
634 848 1
635 848 1
636 848 1
645 848 1
647 848 2
650 848 3
653 848 2
654 848 3
659 848 3
664 848 1
668 848 2
669 848 2
670 848 1
671 848 3
672 848 3
673 848 3
677 848 2
679 848 3
684 848 1
685 848 1
687 848 3
688 848 3
690 848 2
697 848 3
700 848 2
704 848 3
705 848 1
709 848 3
713 848 3
714 848 2
718 848 2
723 848 2
726 848 3
728 848 2
731 848 3
732 848 2
738 848 1
740 848 3
742 848 2
743 848 1
744 848 3
746 848 1
753 848 3
755 848 3
758 848 1
760 848 2
762 848 2
765 848 3
770 848 2
771 848 1
772 848 3
775 848 2
776 848 2
780 848 1
785 848 1
795 848 1
798 848 3
800 848 3
803 848 3
804 848 1
805 848 3
810 848 1
815 848 3
817 848 1
821 848 2
822 848 1
827 848 2
830 848 1
831 848 2
832 848 2
833 848 1
837 848 3
838 848 2
840 848 2
845 848 1
859 848 2
861 848 1
863 848 2
864 848 1
867 848 1
871 848 2
873 848 2
877 848 1
880 848 3
885 848 1
886 848 3
887 848 1
888 848 1
897 848 2
899 848 2
904 848 3
906 848 1
909 848 3
911 848 1
912 848 3
913 848 2
916 848 1
922 848 1
924 848 1
925 848 3
926 848 1
931 848 3
936 848 1
938 848 1
939 848 3
940 848 2
944 848 2
946 848 1
948 848 3
949 848 3
955 848 2
956 848 3
959 848 1
961 848 1
962 848 2
963 848 2
966 848 1
972 848 3
974 848 3
977 848 2
980 848 2
981 848 2
985 848 1
990 848 3
999 848 1
2 849 2
3 849 3
9 849 2
11 849 1
12 849 1
14 849 1
16 849 1
18 849 3
25 849 3
26 849 2
38 849 1
42 849 3
46 849 3
51 849 1
53 849 2
54 849 2
56 849 3
65 849 2
67 849 3
68 849 3
70 849 1
71 849 3
72 849 2
75 849 2
83 849 1
86 849 3
88 849 2
90 849 1
92 849 1
93 849 1
97 849 2
98 849 1
101 849 1
104 849 2
107 849 2
108 849 1
110 849 2
114 849 1
117 849 3
120 849 3
121 849 3
123 849 1
124 849 1
128 849 1
130 849 3
133 849 1
139 849 3
144 849 2
153 849 2
157 849 3
159 849 3
161 849 2
162 849 2
163 849 2
164 849 3
168 849 3
169 849 3
172 849 2
179 849 1
189 849 3
192 849 2
194 849 1
197 849 1
198 849 2
200 849 3
215 849 3
216 849 3
218 849 3
225 849 3
226 849 3
227 849 3
229 849 3
231 849 2
234 849 3
236 849 2
238 849 3
244 849 1
245 849 3
248 849 1
254 849 3
255 849 3
258 849 1
260 849 1
264 849 2
265 849 2
273 849 2
274 849 2
278 849 1
279 849 1
284 849 1
291 849 3
293 849 2
294 849 1
295 849 3
299 849 1
302 849 1
304 849 3
305 849 1
307 849 2
308 849 3
309 849 1
311 849 3
321 849 2
322 849 2
330 849 3
331 849 1
338 849 3
339 849 3
348 849 2
349 849 2
350 849 3
354 849 3
355 849 1
356 849 1
357 849 2
361 849 3
362 849 3
363 849 3
366 849 3
367 849 1
368 849 2
370 849 1
372 849 2
376 849 2
378 849 2
381 849 3
383 849 2
385 849 3
389 849 2
391 849 1
394 849 3
397 849 2
398 849 1
400 849 2
402 849 2
405 849 1
409 849 2
410 849 3
416 849 3
421 849 1
423 849 1
425 849 1
429 849 2
430 849 1
433 849 1
435 849 1
437 849 2
445 849 3
446 849 1
448 849 1
451 849 1
454 849 1
455 849 3
461 849 2
462 849 2
467 849 3
468 849 2
470 849 2
472 849 2
474 849 2
475 849 2
476 849 3
479 849 3
480 849 2
485 849 3
487 849 1
488 849 2
489 849 2
491 849 3
496 849 3
499 849 2
503 849 1
504 849 1
505 849 2
507 849 3
516 849 1
520 849 3
523 849 3
527 849 2
534 849 3
538 849 3
543 849 3
545 849 3
546 849 3
548 849 2
553 849 2
554 849 1
557 849 3
558 849 1
562 849 2
565 849 1
567 849 3
568 849 1
569 849 2
573 849 2
576 849 1
578 849 2
581 849 3
584 849 2
585 849 3
588 849 3
589 849 3
590 849 1
591 849 2
592 849 2
595 849 2
603 849 3
606 849 1
608 849 2
613 849 3
617 849 1
620 849 3
623 849 3
624 849 1
628 849 1
631 849 1
634 849 3
636 849 1
643 849 1
646 849 3
648 849 1
651 849 1
653 849 2
655 849 1
657 849 3
658 849 3
660 849 1
661 849 3
665 849 2
667 849 2
670 849 1
673 849 1
680 849 1
681 849 3
686 849 3
687 849 2
690 849 2
694 849 2
698 849 2
701 849 2
702 849 1
706 849 3
712 849 3
715 849 1
716 849 3
717 849 1
718 849 1
719 849 3
722 849 3
726 849 2
729 849 3
735 849 3
738 849 3
740 849 3
741 849 3
743 849 2
744 849 2
745 849 1
748 849 2
749 849 3
757 849 1
762 849 1
763 849 2
765 849 3
766 849 1
767 849 3
768 849 2
772 849 3
773 849 3
778 849 3
779 849 2
784 849 3
785 849 3
786 849 3
795 849 3
799 849 3
802 849 1
803 849 1
812 849 2
814 849 3
817 849 2
819 849 2
820 849 3
822 849 2
824 849 1
828 849 1
838 849 2
842 849 3
844 849 1
849 849 2
859 849 1
861 849 1
864 849 1
865 849 1
866 849 1
869 849 1
876 849 3
877 849 2
878 849 3
880 849 2
881 849 1
887 849 1
889 849 3
892 849 2
896 849 2
897 849 1
898 849 1
900 849 3
902 849 3
903 849 2
907 849 1
909 849 3
911 849 1
913 849 2
918 849 3
919 849 1
922 849 2
923 849 1
924 849 1
925 849 3
926 849 1
927 849 3
929 849 3
931 849 1
934 849 2
941 849 3
942 849 2
945 849 1
947 849 1
950 849 3
953 849 3
954 849 2
955 849 1
958 849 1
961 849 1
965 849 2
968 849 1
971 849 1
972 849 3
977 849 1
984 849 1
985 849 1
987 849 3
990 849 1
991 849 3
998 849 2
5 850 1
8 850 2
20 850 3
23 850 1
24 850 1
30 850 3
33 850 1
40 850 3
47 850 1
50 850 2
54 850 2
56 850 2
57 850 1
59 850 3
62 850 3
66 850 2
73 850 3
74 850 1
84 850 1
86 850 3
88 850 2
90 850 3
92 850 3
93 850 3
97 850 2
99 850 2
100 850 2
102 850 1
104 850 1
105 850 1
109 850 3
112 850 3
113 850 2
119 850 1
124 850 1
126 850 3
128 850 1
129 850 3
130 850 3
132 850 2
134 850 2
140 850 2
144 850 2
147 850 3
150 850 2
152 850 2
155 850 3
158 850 1
160 850 1
161 850 1
163 850 3
164 850 3
172 850 3
174 850 2
176 850 1
182 850 2
183 850 3
189 850 1
190 850 3
198 850 3
203 850 3
204 850 2
209 850 2
212 850 3
219 850 3
221 850 2
227 850 3
233 850 1
240 850 3
243 850 3
246 850 2
248 850 3
261 850 3
263 850 3
264 850 3
274 850 3
275 850 2
281 850 3
282 850 3
283 850 1
288 850 1
292 850 2
298 850 3
302 850 1
304 850 1
305 850 2
316 850 2
320 850 2
321 850 3
327 850 3
328 850 3
329 850 1
332 850 2
335 850 3
336 850 3
342 850 1
345 850 3
346 850 2
350 850 3
352 850 3
353 850 3
354 850 3
359 850 1
360 850 3
361 850 2
362 850 3
363 850 1
365 850 2
366 850 3
370 850 2
372 850 3
373 850 2
374 850 3
377 850 3
381 850 1
383 850 2
386 850 1
387 850 2
390 850 3
391 850 1
396 850 1
397 850 3
401 850 3
402 850 1
403 850 1
404 850 3
405 850 2
406 850 2
407 850 1
410 850 1
413 850 3
420 850 2
426 850 2
431 850 1
434 850 1
435 850 1
437 850 1
438 850 3
440 850 3
441 850 3
443 850 1
444 850 1
450 850 2
453 850 1
465 850 3
466 850 3
467 850 2
468 850 1
470 850 3
474 850 3
476 850 3
479 850 1
482 850 3
483 850 2
485 850 1
487 850 2
497 850 3
498 850 1
499 850 1
500 850 3
503 850 3
506 850 2
515 850 3
520 850 1
521 850 1
524 850 3
529 850 2
534 850 2
538 850 2
539 850 1
547 850 1
548 850 2
550 850 2
551 850 2
553 850 1
557 850 1
560 850 1
567 850 1
568 850 2
570 850 1
577 850 1
587 850 3
