748 356 3
749 356 3
751 356 1
752 356 3
754 356 2
759 356 2
760 356 3
761 356 3
768 356 2
774 356 3
777 356 2
779 356 3
780 356 3
781 356 3
789 356 3
796 356 3
798 356 2
799 356 3
801 356 1
802 356 1
805 356 3
806 356 3
807 356 2
809 356 1
810 356 2
814 356 2
817 356 1
820 356 1
821 356 1
823 356 2
826 356 2
829 356 1
832 356 1
836 356 2
837 356 1
839 356 1
840 356 3
841 356 1
844 356 2
847 356 2
848 356 3
849 356 2
852 356 1
853 356 3
856 356 2
859 356 2
861 356 1
862 356 3
864 356 3
869 356 3
872 356 3
875 356 2
879 356 1
885 356 1
890 356 3
897 356 3
900 356 3
902 356 2
904 356 1
905 356 3
906 356 1
913 356 1
914 356 1
917 356 2
918 356 2
922 356 3
924 356 1
927 356 3
928 356 1
929 356 1
931 356 2
933 356 3
935 356 2
938 356 2
939 356 2
940 356 1
942 356 2
944 356 1
946 356 2
948 356 3
949 356 3
952 356 2
960 356 1
962 356 2
973 356 1
975 356 1
978 356 2
979 356 3
987 356 1
991 356 2
992 356 2
993 356 2
995 356 3
999 356 2
4 357 1
6 357 1
7 357 1
14 357 3
15 357 2
17 357 2
22 357 3
23 357 3
24 357 3
26 357 1
38 357 3
42 357 2
43 357 2
45 357 3
46 357 1
47 357 2
50 357 1
53 357 2
54 357 2
61 357 2
62 357 1
64 357 3
67 357 2
68 357 2
69 357 3
73 357 2
76 357 1
77 357 1
85 357 3
86 357 1
90 357 1
93 357 3
96 357 3
102 357 1
104 357 2
105 357 3
108 357 2
110 357 1
112 357 1
116 357 2
118 357 3
120 357 1
128 357 2
131 357 3
143 357 1
145 357 3
147 357 2
148 357 3
150 357 1
151 357 3
153 357 2
156 357 1
158 357 3
159 357 2
162 357 2
171 357 2
172 357 1
173 357 3
175 357 2
180 357 1
182 357 1
184 357 3
185 357 3
188 357 1
190 357 2
193 357 1
195 357 3
196 357 2
197 357 2
198 357 1
200 357 2
202 357 2
203 357 2
212 357 1
216 357 3
218 357 3
222 357 1
224 357 2
231 357 2
244 357 1
247 357 1
250 357 3
254 357 3
256 357 3
258 357 1
259 357 3
261 357 3
263 357 3
265 357 3
267 357 2
268 357 2
269 357 1
273 357 3
279 357 2
280 357 3
285 357 1
287 357 2
301 357 2
303 357 3
304 357 3
306 357 1
314 357 2
315 357 1
316 357 3
319 357 2
321 357 2
324 357 3
326 357 1
327 357 3
329 357 3
333 357 1
335 357 2
336 357 1
339 357 1
340 357 3
341 357 2
344 357 3
345 357 3
346 357 3
348 357 2
350 357 1
353 357 2
365 357 3
370 357 3
374 357 2
375 357 1
377 357 1
378 357 2
383 357 3
384 357 2
389 357 1
390 357 1
391 357 2
393 357 1
394 357 2
396 357 2
399 357 2
400 357 1
401 357 2
402 357 1
403 357 2
404 357 2
405 357 2
407 357 3
408 357 2
409 357 1
415 357 2
420 357 1
424 357 3
425 357 1
428 357 3
429 357 2
432 357 1
437 357 2
439 357 3
447 357 3
448 357 1
450 357 1
451 357 2
452 357 1
456 357 2
460 357 2
462 357 2
464 357 1
468 357 1
469 357 1
479 357 3
480 357 2
483 357 2
489 357 2
493 357 2
495 357 3
497 357 2
498 357 1
499 357 3
500 357 1
503 357 2
507 357 2
513 357 1
515 357 2
517 357 1
521 357 1
524 357 2
534 357 1
540 357 2
542 357 1
544 357 3
545 357 2
548 357 3
553 357 2
554 357 2
556 357 3
560 357 1
561 357 2
563 357 1
564 357 1
568 357 1
570 357 3
572 357 3
573 357 1
574 357 1
575 357 3
581 357 1
582 357 1
583 357 1
587 357 3
588 357 2
589 357 1
595 357 1
603 357 2
606 357 3
614 357 1
621 357 3
623 357 2
625 357 2
628 357 3
630 357 3
641 357 1
646 357 2
647 357 1
648 357 2
657 357 2
660 357 3
661 357 3
662 357 1
664 357 2
666 357 3
667 357 3
672 357 2
681 357 1
683 357 1
684 357 1
685 357 1
693 357 2
696 357 2
698 357 2
699 357 2
704 357 3
705 357 1
706 357 2
708 357 1
715 357 2
721 357 2
722 357 2
730 357 3
733 357 1
740 357 3
742 357 3
743 357 1
744 357 1
747 357 3
754 357 3
758 357 1
761 357 3
762 357 2
766 357 2
772 357 2
778 357 1
782 357 3
783 357 2
785 357 1
789 357 3
790 357 2
792 357 3
793 357 2
794 357 3
795 357 2
798 357 1
800 357 3
801 357 3
802 357 1
804 357 1
807 357 2
808 357 1
809 357 3
810 357 3
815 357 3
816 357 1
818 357 1
821 357 3
822 357 1
823 357 1
827 357 1
832 357 2
834 357 2
837 357 3
841 357 1
842 357 3
845 357 1
846 357 1
847 357 2
852 357 1
859 357 3
861 357 3
866 357 3
868 357 2
869 357 1
873 357 3
881 357 3
882 357 3
884 357 2
886 357 2
888 357 2
892 357 1
895 357 3
896 357 2
898 357 3
903 357 1
904 357 3
906 357 1
907 357 3
911 357 3
922 357 3
926 357 3
927 357 3
932 357 2
933 357 2
936 357 2
942 357 2
948 357 1
950 357 3
951 357 2
955 357 3
961 357 3
963 357 2
965 357 3
968 357 3
972 357 3
991 357 2
994 357 2
995 357 1
3 358 1
5 358 1
7 358 3
10 358 3
11 358 2
18 358 2
22 358 3
23 358 3
28 358 1
35 358 2
37 358 1
38 358 2
42 358 2
43 358 3
46 358 2
49 358 2
55 358 3
57 358 3
59 358 1
62 358 1
66 358 2
70 358 2
77 358 2
79 358 3
80 358 3
89 358 3
91 358 1
92 358 3
96 358 2
97 358 1
98 358 3
100 358 3
103 358 1
105 358 3
109 358 1
110 358 1
127 358 3
134 358 3
140 358 3
141 358 3
146 358 3
148 358 2
149 358 1
151 358 3
152 358 2
157 358 1
159 358 2
170 358 1
171 358 1
172 358 2
173 358 3
174 358 2
176 358 2
177 358 3
178 358 1
180 358 1
184 358 2
185 358 2
186 358 3
191 358 3
195 358 1
199 358 2
200 358 2
207 358 3
209 358 2
210 358 2
211 358 3
212 358 1
215 358 3
220 358 1
221 358 2
222 358 1
225 358 3
227 358 1
230 358 3
233 358 3
234 358 2
241 358 3
243 358 3
246 358 3
250 358 2
256 358 1
260 358 2
261 358 3
262 358 1
266 358 3
267 358 1
273 358 3
282 358 1
285 358 3
286 358 1
287 358 2
288 358 2
297 358 1
299 358 2
305 358 2
310 358 3
313 358 3
314 358 1
319 358 2
321 358 3
325 358 2
326 358 1
328 358 3
332 358 1
334 358 3
337 358 1
340 358 2
341 358 1
343 358 2
344 358 1
345 358 1
348 358 2
349 358 2
354 358 2
355 358 3
359 358 3
360 358 1
364 358 2
365 358 3
367 358 2
369 358 3
371 358 1
373 358 1
375 358 2
377 358 3
379 358 2
380 358 3
384 358 1
387 358 1
391 358 2
395 358 2
396 358 1
403 358 3
405 358 2
407 358 3
409 358 2
410 358 2
411 358 3
412 358 1
418 358 2
420 358 3
421 358 1
424 358 3
425 358 3
429 358 1
430 358 1
431 358 3
432 358 1
433 358 3
441 358 2
445 358 1
450 358 2
452 358 1
455 358 2
456 358 1
458 358 1
462 358 2
465 358 3
466 358 3
468 358 3
472 358 3
473 358 1
475 358 3
477 358 1
482 358 2
486 358 1
487 358 2
488 358 3
492 358 1
494 358 2
497 358 2
501 358 2
506 358 3
507 358 2
508 358 2
510 358 1
513 358 1
521 358 3
522 358 2
528 358 2
530 358 1
534 358 1
536 358 2
537 358 3
542 358 3
544 358 3
545 358 1
547 358 3
548 358 1
551 358 3
552 358 1
553 358 1
558 358 3
563 358 3
570 358 3
573 358 3
574 358 1
581 358 3
582 358 2
589 358 3
590 358 1
591 358 3
595 358 2
596 358 2
598 358 1
600 358 3
605 358 1
608 358 2
609 358 3
610 358 2
616 358 2
623 358 2
626 358 1
632 358 3
633 358 2
635 358 3
637 358 1
641 358 3
642 358 2
643 358 3
645 358 2
647 358 1
651 358 2
653 358 2
654 358 1
656 358 1
657 358 3
660 358 1
664 358 2
667 358 2
668 358 3
669 358 3
674 358 3
678 358 2
681 358 3
683 358 1
685 358 1
687 358 2
693 358 2
698 358 2
