483 660 1
491 660 2
493 660 1
494 660 2
495 660 2
496 660 1
502 660 1
513 660 1
516 660 2
517 660 1
518 660 2
520 660 3
521 660 2
523 660 1
525 660 2
528 660 2
530 660 3
534 660 2
538 660 3
540 660 2
541 660 2
548 660 2
551 660 1
552 660 3
553 660 2
558 660 2
559 660 1
563 660 2
565 660 3
566 660 2
572 660 3
576 660 3
579 660 3
580 660 2
584 660 1
589 660 2
590 660 3
591 660 1
593 660 3
597 660 1
598 660 2
602 660 2
603 660 3
604 660 1
606 660 2
607 660 3
609 660 1
615 660 3
617 660 2
620 660 3
623 660 2
624 660 2
625 660 3
627 660 3
628 660 1
629 660 3
632 660 3
635 660 3
636 660 1
639 660 3
640 660 2
643 660 3
644 660 2
647 660 3
648 660 1
649 660 2
651 660 2
655 660 2
658 660 2
659 660 2
663 660 2
668 660 3
671 660 2
672 660 2
674 660 2
680 660 1
681 660 1
683 660 2
685 660 2
688 660 2
690 660 1
691 660 1
694 660 3
695 660 1
702 660 2
705 660 1
707 660 3
709 660 3
712 660 2
713 660 1
714 660 3
716 660 1
717 660 1
718 660 3
728 660 2
730 660 2
732 660 2
733 660 1
739 660 1
744 660 2
747 660 1
752 660 3
754 660 2
758 660 2
759 660 2
760 660 3
761 660 3
764 660 1
773 660 1
790 660 3
799 660 3
807 660 2
808 660 2
809 660 2
811 660 1
812 660 3
816 660 2
823 660 2
825 660 3
835 660 3
837 660 3
843 660 3
845 660 2
848 660 1
852 660 2
854 660 2
855 660 2
856 660 3
857 660 3
860 660 1
861 660 3
867 660 2
874 660 2
877 660 1
881 660 2
882 660 3
886 660 2
892 660 2
893 660 2
898 660 3
899 660 2
900 660 1
901 660 3
903 660 3
905 660 2
908 660 2
910 660 2
911 660 1
912 660 2
913 660 3
917 660 3
919 660 3
921 660 3
922 660 2
924 660 1
925 660 1
928 660 2
932 660 1
934 660 1
938 660 1
939 660 1
943 660 3
947 660 3
950 660 3
951 660 1
960 660 2
964 660 2
971 660 3
973 660 3
979 660 2
981 660 3
982 660 2
985 660 1
988 660 2
991 660 3
993 660 1
995 660 2
997 660 2
999 660 1
1 661 1
2 661 2
6 661 2
7 661 2
12 661 3
13 661 1
14 661 2
17 661 1
19 661 3
21 661 1
24 661 3
29 661 2
47 661 3
52 661 1
63 661 2
65 661 3
68 661 1
70 661 1
72 661 2
74 661 3
83 661 3
89 661 2
94 661 3
95 661 1
105 661 3
106 661 2
108 661 3
110 661 2
112 661 2
115 661 2
118 661 3
123 661 3
125 661 1
129 661 3
130 661 2
134 661 2
136 661 2
137 661 3
138 661 3
139 661 3
145 661 1
149 661 1
151 661 2
154 661 2
156 661 1
157 661 3
160 661 1
167 661 1
171 661 3
174 661 3
175 661 3
177 661 1
181 661 3
182 661 3
185 661 1
187 661 3
190 661 1
192 661 1
201 661 1
202 661 2
203 661 1
211 661 2
212 661 2
216 661 1
221 661 3
224 661 3
226 661 3
231 661 2
232 661 3
235 661 2
236 661 3
237 661 2
240 661 1
241 661 2
244 661 3
245 661 2
247 661 1
248 661 2
250 661 3
251 661 2
253 661 3
259 661 3
269 661 2
272 661 2
273 661 2
274 661 3
279 661 3
287 661 1
288 661 2
289 661 2
290 661 3
296 661 2
298 661 3
300 661 1
303 661 3
308 661 3
310 661 2
311 661 3
315 661 1
320 661 1
322 661 3
324 661 2
328 661 1
329 661 1
332 661 2
335 661 1
337 661 1
343 661 3
351 661 1
352 661 3
353 661 1
356 661 1
358 661 3
362 661 1
366 661 1
368 661 2
370 661 3
371 661 3
375 661 3
376 661 3
377 661 3
383 661 3
389 661 2
391 661 1
393 661 3
394 661 3
395 661 3
397 661 3
400 661 3
401 661 3
409 661 2
412 661 2
414 661 2
419 661 1
424 661 2
425 661 2
427 661 2
428 661 3
431 661 3
435 661 1
436 661 3
437 661 3
442 661 3
443 661 3
447 661 3
450 661 2
452 661 3
456 661 1
459 661 1
460 661 1
467 661 3
474 661 1
479 661 2
482 661 3
488 661 1
490 661 2
493 661 2
503 661 1
511 661 1
519 661 3
522 661 2
528 661 3
531 661 1
535 661 2
537 661 1
542 661 2
546 661 3
549 661 2
550 661 1
551 661 1
552 661 3
553 661 1
555 661 1
556 661 2
557 661 1
558 661 2
559 661 3
561 661 1
565 661 2
566 661 2
571 661 3
573 661 2
576 661 2
579 661 3
581 661 3
587 661 2
588 661 2
592 661 2
596 661 2
600 661 3
604 661 3
607 661 3
608 661 1
613 661 2
614 661 1
615 661 1
620 661 2
624 661 2
628 661 2
634 661 2
635 661 2
639 661 1
641 661 1
643 661 1
645 661 2
646 661 3
648 661 2
653 661 1
656 661 2
658 661 1
660 661 3
662 661 3
669 661 3
672 661 3
676 661 2
677 661 2
679 661 1
680 661 1
688 661 3
690 661 1
691 661 2
693 661 3
695 661 3
697 661 3
699 661 2
701 661 1
707 661 1
716 661 1
717 661 3
722 661 2
724 661 3
727 661 3
733 661 3
734 661 1
736 661 2
737 661 1
738 661 2
742 661 2
744 661 3
747 661 3
749 661 1
751 661 3
756 661 1
758 661 3
760 661 3
761 661 2
762 661 2
763 661 3
765 661 2
767 661 1
770 661 2
774 661 2
777 661 1
779 661 1
783 661 1
786 661 3
789 661 1
792 661 1
793 661 2
795 661 1
796 661 1
798 661 2
800 661 2
802 661 1
804 661 2
808 661 2
812 661 1
815 661 1
819 661 1
821 661 1
829 661 1
834 661 1
837 661 2
839 661 3
845 661 2
851 661 2
858 661 2
864 661 2
865 661 2
867 661 2
868 661 1
869 661 1
870 661 1
873 661 3
877 661 2
879 661 1
882 661 2
889 661 1
891 661 3
896 661 1
897 661 2
898 661 2
899 661 3
908 661 1
920 661 3
924 661 1
926 661 2
934 661 3
935 661 2
940 661 1
942 661 3
944 661 3
945 661 2
946 661 1
948 661 2
953 661 1
955 661 3
957 661 2
961 661 1
963 661 2
964 661 1
965 661 3
969 661 3
976 661 1
978 661 1
979 661 1
981 661 3
984 661 3
986 661 3
990 661 3
991 661 2
993 661 3
999 661 1
6 662 3
7 662 1
10 662 3
11 662 2
12 662 1
18 662 3
20 662 1
23 662 3
25 662 3
28 662 2
38 662 1
40 662 2
41 662 2
46 662 1
50 662 2
52 662 3
55 662 3
58 662 1
61 662 1
65 662 2
68 662 2
69 662 2
70 662 3
74 662 3
76 662 2
80 662 2
81 662 3
82 662 1
90 662 2
93 662 1
94 662 1
96 662 2
98 662 2
100 662 1
102 662 2
104 662 2
106 662 1
108 662 1
118 662 3
121 662 2
124 662 1
125 662 1
126 662 1
131 662 1
132 662 3
133 662 3
137 662 1
138 662 1
140 662 3
142 662 3
146 662 2
152 662 1
153 662 2
157 662 1
159 662 3
163 662 2
170 662 2
172 662 1
174 662 3
177 662 2
180 662 1
181 662 1
186 662 2
190 662 2
191 662 2
195 662 2
196 662 3
198 662 3
199 662 1
205 662 2
209 662 3
211 662 3
214 662 2
220 662 2
221 662 2
223 662 2
225 662 2
236 662 2
239 662 2
248 662 1
253 662 2
256 662 2
259 662 2
264 662 1
266 662 2
270 662 1
274 662 3
276 662 1
277 662 2
278 662 3
281 662 3
286 662 2
287 662 3
289 662 2
291 662 3
294 662 3
295 662 1
303 662 1
310 662 2
311 662 2
323 662 3
333 662 2
335 662 1
339 662 1
343 662 2
348 662 3
349 662 1
351 662 2
352 662 2
354 662 1
356 662 1
357 662 2
364 662 1
366 662 1
368 662 1
371 662 2
372 662 2
375 662 3
376 662 2
381 662 1
382 662 3
386 662 1
393 662 3
395 662 1
396 662 1
398 662 1
399 662 2
408 662 1
413 662 2
418 662 2
429 662 3
432 662 1
436 662 2
438 662 3
439 662 1
440 662 2
443 662 1
448 662 1
450 662 3
452 662 3
453 662 3
454 662 1
455 662 1
458 662 2
467 662 1
471 662 2
473 662 1
475 662 1
477 662 2
478 662 2
481 662 2
484 662 3
486 662 1
487 662 3
490 662 3
495 662 1
498 662 2
502 662 1
503 662 2
509 662 3
510 662 1
512 662 2
519 662 1
520 662 3
