423 464 1
424 464 1
428 464 2
431 464 2
433 464 3
434 464 1
435 464 1
448 464 3
450 464 3
451 464 3
452 464 1
453 464 3
455 464 3
464 464 2
466 464 1
467 464 3
468 464 2
473 464 1
475 464 2
480 464 3
484 464 2
488 464 2
489 464 1
490 464 1
496 464 3
497 464 1
498 464 1
499 464 2
501 464 1
505 464 3
506 464 2
507 464 3
508 464 2
512 464 3
520 464 1
521 464 3
523 464 2
529 464 3
530 464 2
532 464 3
536 464 3
537 464 3
540 464 3
543 464 1
545 464 3
546 464 1
551 464 3
558 464 2
559 464 2
561 464 1
564 464 1
567 464 3
575 464 3
579 464 1
581 464 3
582 464 1
585 464 2
588 464 2
589 464 3
597 464 1
599 464 3
604 464 3
606 464 1
608 464 3
611 464 2
612 464 1
615 464 3
621 464 1
624 464 2
629 464 2
630 464 1
634 464 2
635 464 3
636 464 1
643 464 2
648 464 3
649 464 2
651 464 2
653 464 1
654 464 3
656 464 1
658 464 1
659 464 2
661 464 3
664 464 3
665 464 1
666 464 1
668 464 1
677 464 1
679 464 1
680 464 3
685 464 2
692 464 1
697 464 1
701 464 2
702 464 2
709 464 3
711 464 1
712 464 1
716 464 1
717 464 3
720 464 1
721 464 2
723 464 1
724 464 1
726 464 1
732 464 1
733 464 2
736 464 3
738 464 2
740 464 1
743 464 2
745 464 1
746 464 1
748 464 1
750 464 3
754 464 3
758 464 2
760 464 2
761 464 2
763 464 3
766 464 2
774 464 1
777 464 3
782 464 2
788 464 1
790 464 1
791 464 1
792 464 2
798 464 1
800 464 3
801 464 1
803 464 2
805 464 3
808 464 1
812 464 1
814 464 1
820 464 2
821 464 1
822 464 3
826 464 2
827 464 1
829 464 2
834 464 2
835 464 1
838 464 3
839 464 1
844 464 3
848 464 2
854 464 1
857 464 1
861 464 1
864 464 1
872 464 1
874 464 1
876 464 2
877 464 3
880 464 3
882 464 1
884 464 2
888 464 1
889 464 2
890 464 3
894 464 3
899 464 3
904 464 1
906 464 3
913 464 3
918 464 3
927 464 1
929 464 1
933 464 1
936 464 2
938 464 3
940 464 1
942 464 2
945 464 3
948 464 1
953 464 1
961 464 2
970 464 2
976 464 1
980 464 3
982 464 3
989 464 3
990 464 1
993 464 2
995 464 3
996 464 2
998 464 2
0 465 3
2 465 1
4 465 2
12 465 2
14 465 2
16 465 1
21 465 1
23 465 2
24 465 1
28 465 3
30 465 2
32 465 3
38 465 3
40 465 3
41 465 3
45 465 3
48 465 2
50 465 2
52 465 1
55 465 2
56 465 2
57 465 1
59 465 2
61 465 1
68 465 2
72 465 3
78 465 1
86 465 2
90 465 3
91 465 2
94 465 1
95 465 1
96 465 1
97 465 1
102 465 2
105 465 2
107 465 2
108 465 2
111 465 3
116 465 1
118 465 3
124 465 3
130 465 2
131 465 2
133 465 3
148 465 3
150 465 3
153 465 2
163 465 3
166 465 1
168 465 2
171 465 2
176 465 3
181 465 1
188 465 2
191 465 3
192 465 2
195 465 3
197 465 3
198 465 2
200 465 2
201 465 3
203 465 2
204 465 3
208 465 2
210 465 1
216 465 1
217 465 1
218 465 3
219 465 3
220 465 3
221 465 1
222 465 3
223 465 2
224 465 1
226 465 2
229 465 3
233 465 2
234 465 2
235 465 3
242 465 3
245 465 3
249 465 1
258 465 3
266 465 2
269 465 1
270 465 2
273 465 3
275 465 3
276 465 3
278 465 3
281 465 2
285 465 2
286 465 3
287 465 1
289 465 1
291 465 2
295 465 3
297 465 1
303 465 3
304 465 2
305 465 1
306 465 3
310 465 2
311 465 3
314 465 2
316 465 1
320 465 2
321 465 1
322 465 2
325 465 1
330 465 1
333 465 2
334 465 1
341 465 1
344 465 1
355 465 3
356 465 1
359 465 2
363 465 3
364 465 1
366 465 2
368 465 3
370 465 2
371 465 3
372 465 2
375 465 3
378 465 1
381 465 3
382 465 1
384 465 1
387 465 1
388 465 3
390 465 1
391 465 3
392 465 3
393 465 1
394 465 2
395 465 1
399 465 3
402 465 1
406 465 2
408 465 3
409 465 2
411 465 2
413 465 1
415 465 3
418 465 1
419 465 1
421 465 1
422 465 2
428 465 3
431 465 1
434 465 2
435 465 1
442 465 2
446 465 1
449 465 3
451 465 3
453 465 1
454 465 3
456 465 3
459 465 2
460 465 1
465 465 1
467 465 3
474 465 1
476 465 2
481 465 1
483 465 2
487 465 3
495 465 2
496 465 3
499 465 2
502 465 2
508 465 3
509 465 1
514 465 2
515 465 1
516 465 1
519 465 2
520 465 2
521 465 1
523 465 1
528 465 2
532 465 1
533 465 2
536 465 3
537 465 1
541 465 1
544 465 2
559 465 3
561 465 3
563 465 1
565 465 2
570 465 3
571 465 1
572 465 3
576 465 2
577 465 3
579 465 3
586 465 2
591 465 3
592 465 2
600 465 2
602 465 2
604 465 3
605 465 3
606 465 2
607 465 1
608 465 3
615 465 1
621 465 1
625 465 1
628 465 2
630 465 3
635 465 1
636 465 1
637 465 1
642 465 2
652 465 2
658 465 2
660 465 3
663 465 2
666 465 3
670 465 3
672 465 1
674 465 3
678 465 3
680 465 1
681 465 1
691 465 2
693 465 3
698 465 3
701 465 1
702 465 2
703 465 3
704 465 3
708 465 2
709 465 3
714 465 3
716 465 3
717 465 2
721 465 1
725 465 2
726 465 2
727 465 3
729 465 1
730 465 2
734 465 1
736 465 1
737 465 1
746 465 2
747 465 1
748 465 1
755 465 1
761 465 3
762 465 3
771 465 3
772 465 1
774 465 2
775 465 1
776 465 2
779 465 3
787 465 1
789 465 3
792 465 3
799 465 1
801 465 1
802 465 3
809 465 1
813 465 1
815 465 3
819 465 2
820 465 3
825 465 1
834 465 2
838 465 2
839 465 3
840 465 2
841 465 2
842 465 3
846 465 1
848 465 2
854 465 3
855 465 3
865 465 1
866 465 3
869 465 2
872 465 2
873 465 3
875 465 1
876 465 1
878 465 1
879 465 2
882 465 3
884 465 1
886 465 2
888 465 2
889 465 2
891 465 3
892 465 2
894 465 2
897 465 1
900 465 2
901 465 2
908 465 2
910 465 3
914 465 3
916 465 3
922 465 3
923 465 1
924 465 2
927 465 3
932 465 1
935 465 1
936 465 3
937 465 1
938 465 3
939 465 2
940 465 2
943 465 2
945 465 3
950 465 2
954 465 3
955 465 1
960 465 3
961 465 3
962 465 2
963 465 3
964 465 1
965 465 1
966 465 1
967 465 2
970 465 3
971 465 3
973 465 2
974 465 2
975 465 1
976 465 2
980 465 1
981 465 1
982 465 2
986 465 2
988 465 1
992 465 3
994 465 2
996 465 2
997 465 1
1 466 1
4 466 1
6 466 3
11 466 3
12 466 1
14 466 1
17 466 2
18 466 2
19 466 3
21 466 2
25 466 1
26 466 2
30 466 3
35 466 2
38 466 1
41 466 1
43 466 2
47 466 2
59 466 1
61 466 1
65 466 1
67 466 1
68 466 1
73 466 1
74 466 1
85 466 2
87 466 2
88 466 3
90 466 2
93 466 1
94 466 1
97 466 3
101 466 2
104 466 2
110 466 2
112 466 1
113 466 1
121 466 1
122 466 2
126 466 3
127 466 1
130 466 1
133 466 3
134 466 3
142 466 1
144 466 2
147 466 2
149 466 2
152 466 3
155 466 3
157 466 3
159 466 1
162 466 2
164 466 2
165 466 2
166 466 3
168 466 1
178 466 2
187 466 3
193 466 3
195 466 3
196 466 2
201 466 3
202 466 2
204 466 3
210 466 3
212 466 3
215 466 3
217 466 2
218 466 3
219 466 2
222 466 1
223 466 3
227 466 1
228 466 2
230 466 2
233 466 2
234 466 1
240 466 2
242 466 1
257 466 2
260 466 1
262 466 1
265 466 3
267 466 3
268 466 2
271 466 3
273 466 1
277 466 1
281 466 3
283 466 3
285 466 3
286 466 3
288 466 2
299 466 1
300 466 3
305 466 1
309 466 2
311 466 2
312 466 1
313 466 2
314 466 1
319 466 1
320 466 3
321 466 2
323 466 1
326 466 2
330 466 1
332 466 1
334 466 2
339 466 1
342 466 2
348 466 1
353 466 3
354 466 1
356 466 2
358 466 1
362 466 3
363 466 3
366 466 3
371 466 3
373 466 3
374 466 2
379 466 3
381 466 2
383 466 2
387 466 3
