561 974 1
569 974 3
572 974 3
575 974 3
576 974 3
577 974 3
578 974 1
581 974 2
591 974 2
596 974 2
600 974 1
603 974 1
605 974 3
612 974 2
616 974 2
626 974 2
633 974 3
634 974 1
644 974 1
648 974 3
649 974 1
650 974 3
651 974 2
652 974 3
655 974 3
659 974 1
661 974 1
665 974 1
668 974 2
669 974 3
671 974 1
672 974 3
673 974 3
674 974 1
676 974 1
684 974 3
687 974 2
689 974 3
693 974 2
694 974 3
696 974 1
701 974 3
702 974 2
704 974 2
705 974 1
706 974 3
710 974 3
711 974 3
718 974 2
726 974 1
729 974 1
731 974 2
734 974 3
735 974 2
739 974 1
743 974 3
749 974 3
750 974 1
752 974 2
755 974 3
762 974 1
767 974 1
769 974 2
770 974 1
775 974 2
778 974 3
779 974 1
781 974 3
786 974 2
787 974 3
790 974 1
792 974 2
796 974 3
799 974 1
800 974 2
804 974 3
807 974 2
810 974 1
812 974 3
814 974 3
817 974 2
821 974 3
824 974 3
825 974 2
828 974 2
831 974 2
841 974 2
842 974 3
844 974 3
846 974 3
847 974 2
848 974 1
851 974 3
854 974 2
855 974 2
857 974 2
860 974 1
862 974 1
863 974 2
864 974 1
871 974 2
880 974 1
882 974 3
887 974 2
890 974 3
891 974 2
892 974 3
899 974 2
901 974 2
902 974 3
905 974 2
906 974 2
907 974 2
910 974 3
917 974 3
923 974 3
925 974 3
927 974 2
928 974 3
930 974 3
932 974 3
933 974 2
934 974 1
938 974 1
961 974 3
962 974 1
969 974 3
973 974 3
974 974 2
975 974 1
979 974 2
981 974 2
982 974 2
988 974 2
990 974 2
991 974 1
992 974 3
998 974 1
0 975 1
2 975 3
3 975 1
8 975 2
14 975 2
15 975 3
16 975 3
19 975 3
21 975 1
25 975 3
30 975 1
35 975 2
38 975 2
41 975 1
43 975 2
44 975 2
47 975 2
48 975 2
49 975 1
50 975 3
56 975 3
58 975 2
61 975 2
62 975 3
68 975 1
74 975 1
75 975 1
77 975 3
86 975 3
87 975 1
88 975 1
91 975 3
94 975 1
101 975 2
106 975 2
110 975 1
112 975 1
113 975 3
115 975 1
120 975 2
121 975 3
122 975 2
123 975 3
125 975 3
126 975 1
130 975 2
132 975 1
137 975 1
138 975 3
139 975 2
140 975 3
141 975 3
142 975 1
144 975 2
145 975 2
146 975 1
153 975 3
157 975 2
159 975 2
160 975 1
162 975 1
168 975 3
171 975 2
172 975 1
173 975 1
174 975 2
181 975 2
182 975 2
186 975 3
187 975 2
189 975 1
190 975 1
191 975 2
193 975 2
194 975 2
195 975 3
202 975 3
205 975 3
206 975 3
210 975 3
211 975 2
221 975 2
228 975 3
229 975 3
230 975 1
232 975 2
233 975 3
234 975 1
235 975 2
243 975 3
244 975 2
245 975 1
249 975 1
254 975 1
260 975 1
267 975 3
268 975 2
269 975 2
270 975 3
272 975 3
275 975 1
277 975 3
278 975 2
279 975 1
281 975 2
284 975 2
288 975 3
291 975 1
299 975 2
300 975 3
304 975 1
309 975 3
313 975 1
314 975 3
320 975 1
322 975 2
324 975 1
328 975 3
330 975 3
331 975 1
335 975 1
336 975 3
338 975 2
339 975 3
355 975 2
357 975 3
360 975 3
361 975 2
363 975 3
365 975 2
366 975 3
370 975 3
382 975 1
383 975 2
388 975 1
389 975 1
390 975 3
391 975 2
394 975 1
399 975 3
402 975 3
403 975 1
404 975 2
405 975 3
408 975 2
410 975 3
418 975 3
419 975 3
423 975 3
426 975 3
427 975 3
428 975 2
431 975 1
434 975 3
435 975 2
436 975 2
438 975 2
441 975 3
448 975 3
450 975 3
451 975 2
454 975 2
456 975 2
457 975 2
458 975 2
459 975 2
461 975 2
462 975 3
463 975 1
464 975 1
465 975 1
466 975 2
469 975 1
476 975 1
480 975 2
483 975 2
489 975 1
490 975 2
492 975 3
494 975 3
496 975 2
497 975 3
498 975 1
501 975 1
505 975 2
506 975 2
507 975 3
509 975 3
510 975 3
516 975 2
518 975 1
519 975 1
522 975 1
523 975 1
525 975 1
531 975 2
533 975 2
534 975 3
536 975 2
537 975 3
542 975 1
543 975 2
545 975 3
546 975 2
551 975 3
553 975 3
558 975 2
559 975 3
561 975 1
565 975 3
566 975 2
568 975 1
569 975 1
582 975 3
593 975 2
596 975 1
598 975 2
601 975 2
609 975 3
610 975 3
614 975 3
615 975 2
616 975 3
617 975 1
619 975 3
621 975 2
623 975 3
625 975 1
626 975 3
627 975 3
629 975 1
632 975 2
633 975 3
642 975 3
646 975 2
648 975 1
651 975 3
653 975 3
654 975 3
661 975 2
663 975 3
664 975 2
666 975 1
671 975 1
672 975 2
674 975 3
679 975 3
680 975 1
682 975 1
684 975 2
686 975 1
688 975 2
691 975 1
692 975 1
696 975 1
699 975 3
702 975 3
705 975 2
708 975 2
712 975 3
718 975 3
720 975 2
726 975 1
729 975 2
730 975 3
731 975 3
732 975 2
736 975 3
738 975 3
740 975 3
742 975 2
745 975 3
748 975 2
749 975 2
750 975 2
751 975 1
752 975 3
755 975 2
756 975 3
758 975 2
759 975 3
770 975 2
771 975 1
772 975 1
776 975 2
779 975 3
780 975 1
784 975 2
785 975 3
790 975 1
791 975 3
794 975 1
802 975 3
803 975 1
809 975 2
810 975 1
813 975 2
819 975 3
823 975 2
824 975 1
825 975 2
826 975 3
829 975 3
832 975 2
843 975 2
846 975 3
851 975 3
852 975 3
854 975 3
855 975 2
856 975 3
860 975 2
861 975 1
864 975 3
865 975 1
868 975 3
871 975 3
872 975 2
875 975 1
878 975 2
883 975 1
884 975 3
887 975 1
890 975 1
893 975 2
899 975 3
901 975 1
905 975 1
906 975 3
916 975 2
918 975 1
919 975 1
921 975 3
926 975 1
927 975 1
928 975 1
942 975 2
945 975 3
946 975 1
951 975 1
953 975 3
958 975 1
963 975 3
965 975 3
967 975 1
971 975 2
976 975 1
977 975 2
981 975 2
984 975 3
987 975 3
991 975 2
993 975 1
994 975 2
998 975 1
1 976 2
6 976 1
10 976 3
11 976 3
20 976 1
21 976 1
22 976 1
23 976 2
26 976 2
28 976 2
29 976 1
30 976 2
37 976 3
38 976 2
41 976 2
42 976 1
49 976 2
51 976 2
56 976 3
58 976 1
65 976 3
68 976 1
73 976 3
74 976 3
78 976 3
82 976 1
83 976 3
99 976 2
103 976 1
104 976 1
110 976 3
113 976 3
117 976 3
118 976 3
126 976 2
127 976 1
129 976 3
130 976 2
131 976 2
137 976 1
142 976 1
151 976 1
153 976 2
159 976 3
161 976 1
162 976 3
165 976 1
170 976 2
174 976 2
177 976 1
185 976 2
189 976 3
190 976 1
195 976 2
196 976 3
197 976 2
200 976 2
202 976 1
206 976 1
208 976 2
211 976 2
215 976 1
221 976 1
222 976 2
224 976 3
227 976 2
233 976 2
234 976 3
236 976 3
238 976 3
245 976 3
246 976 3
248 976 3
253 976 3
254 976 3
255 976 1
256 976 3
257 976 3
263 976 3
273 976 1
277 976 1
281 976 2
284 976 3
286 976 1
289 976 2
294 976 2
298 976 2
303 976 2
305 976 1
307 976 3
309 976 1
312 976 1
318 976 1
322 976 3
326 976 2
327 976 3
329 976 2
330 976 1
331 976 3
333 976 2
334 976 1
339 976 2
341 976 1
352 976 1
353 976 1
357 976 1
358 976 1
361 976 2
363 976 1
364 976 3
365 976 2
366 976 1
370 976 3
372 976 2
374 976 1
376 976 1
378 976 1
388 976 3
390 976 1
392 976 1
393 976 1
395 976 1
404 976 2
405 976 3
418 976 3
421 976 2
427 976 3
428 976 1
433 976 3
436 976 3
441 976 2
443 976 1
444 976 3
446 976 1
447 976 3
450 976 2
451 976 3
452 976 3
455 976 1
460 976 3
461 976 1
463 976 2
465 976 1
466 976 2
469 976 3
472 976 3
473 976 2
474 976 2
477 976 2
479 976 3
481 976 3
483 976 1
484 976 1
490 976 2
491 976 1
492 976 1
493 976 3
495 976 1
498 976 3
500 976 2
506 976 2
511 976 1
513 976 2
515 976 1
517 976 3
521 976 1
531 976 3
534 976 1
535 976 3
538 976 1
546 976 2
548 976 2
552 976 3
