452 946 3
463 946 2
465 946 2
467 946 3
468 946 3
470 946 2
476 946 1
480 946 2
481 946 2
485 946 2
486 946 1
487 946 2
489 946 3
491 946 1
496 946 3
497 946 1
498 946 3
499 946 3
508 946 3
514 946 2
515 946 3
520 946 2
526 946 1
529 946 1
531 946 1
533 946 2
535 946 2
538 946 1
540 946 3
542 946 3
543 946 1
544 946 2
545 946 1
546 946 2
558 946 2
559 946 2
561 946 2
563 946 2
565 946 1
568 946 1
571 946 1
573 946 1
574 946 3
575 946 1
576 946 1
581 946 1
586 946 2
588 946 3
597 946 2
599 946 3
604 946 2
606 946 1
611 946 2
613 946 3
615 946 1
616 946 3
617 946 3
619 946 3
623 946 3
629 946 2
630 946 1
635 946 1
637 946 3
638 946 2
639 946 2
642 946 2
643 946 2
647 946 2
650 946 2
655 946 1
659 946 3
660 946 1
662 946 2
664 946 1
667 946 1
669 946 1
673 946 3
676 946 1
677 946 3
680 946 2
690 946 1
692 946 2
694 946 3
700 946 3
707 946 3
713 946 3
714 946 2
716 946 2
717 946 3
721 946 1
722 946 1
724 946 3
726 946 2
727 946 2
728 946 1
729 946 2
732 946 3
733 946 3
734 946 1
738 946 1
740 946 1
741 946 1
747 946 1
749 946 3
750 946 2
757 946 1
759 946 3
761 946 1
762 946 2
768 946 1
773 946 3
776 946 1
777 946 2
781 946 3
786 946 3
787 946 1
795 946 3
798 946 2
801 946 2
805 946 2
806 946 2
812 946 3
815 946 2
818 946 1
821 946 1
822 946 1
824 946 1
825 946 2
826 946 3
828 946 3
829 946 3
834 946 2
835 946 1
838 946 2
840 946 2
842 946 3
843 946 2
845 946 1
855 946 1
858 946 3
861 946 1
862 946 1
864 946 2
865 946 2
869 946 3
878 946 2
881 946 1
884 946 1
885 946 2
889 946 3
890 946 1
892 946 3
896 946 3
897 946 2
898 946 1
901 946 2
903 946 2
904 946 3
909 946 1
911 946 1
918 946 2
921 946 3
924 946 1
925 946 2
928 946 1
930 946 3
931 946 1
933 946 2
935 946 3
938 946 3
940 946 3
941 946 1
945 946 2
946 946 3
948 946 3
950 946 3
954 946 1
955 946 1
957 946 2
962 946 3
966 946 1
968 946 3
973 946 1
975 946 3
976 946 3
978 946 2
979 946 2
985 946 2
986 946 2
991 946 3
992 946 2
997 946 2
1 947 2
7 947 1
9 947 3
10 947 2
17 947 2
22 947 2
28 947 2
29 947 3
31 947 2
33 947 2
34 947 3
37 947 3
38 947 3
48 947 3
49 947 3
53 947 3
60 947 1
62 947 2
66 947 3
67 947 1
70 947 2
71 947 3
75 947 3
76 947 3
77 947 1
81 947 1
84 947 2
86 947 3
94 947 2
96 947 3
99 947 2
101 947 1
104 947 2
106 947 1
107 947 2
108 947 3
118 947 3
119 947 3
120 947 3
121 947 1
122 947 1
124 947 3
125 947 2
127 947 1
132 947 2
133 947 3
136 947 1
138 947 3
139 947 2
140 947 2
149 947 3
152 947 2
157 947 1
158 947 2
159 947 3
164 947 3
165 947 2
168 947 3
169 947 2
170 947 2
175 947 2
176 947 2
179 947 1
182 947 3
183 947 2
192 947 3
199 947 1
203 947 2
205 947 1
215 947 2
217 947 2
218 947 1
219 947 2
222 947 3
229 947 3
234 947 2
236 947 3
237 947 1
238 947 1
240 947 1
241 947 3
242 947 1
243 947 1
244 947 1
246 947 2
247 947 2
248 947 3
255 947 3
258 947 1
265 947 2
266 947 1
267 947 3
274 947 2
279 947 2
280 947 2
284 947 3
285 947 2
286 947 3
289 947 3
291 947 1
294 947 3
296 947 3
298 947 2
300 947 3
305 947 1
307 947 2
309 947 1
314 947 3
318 947 2
320 947 1
329 947 2
330 947 2
331 947 2
332 947 3
333 947 1
336 947 1
338 947 3
339 947 1
343 947 2
347 947 2
350 947 1
351 947 3
353 947 2
354 947 3
356 947 2
359 947 3
360 947 2
362 947 3
364 947 1
365 947 3
370 947 2
373 947 1
374 947 1
376 947 3
377 947 2
378 947 2
380 947 3
384 947 1
390 947 3
391 947 3
398 947 1
402 947 3
403 947 2
405 947 2
409 947 2
410 947 2
413 947 1
414 947 2
416 947 2
428 947 1
429 947 2
435 947 1
436 947 3
438 947 1
441 947 2
442 947 2
444 947 1
448 947 3
449 947 3
451 947 2
453 947 2
454 947 2
457 947 1
461 947 1
473 947 2
480 947 1
485 947 3
489 947 3
492 947 2
493 947 2
500 947 3
502 947 3
503 947 1
504 947 2
505 947 2
506 947 3
508 947 3
509 947 3
515 947 2
516 947 3
517 947 1
518 947 1
525 947 1
529 947 1
532 947 2
534 947 1
537 947 2
541 947 2
542 947 3
543 947 3
548 947 3
560 947 3
561 947 3
563 947 3
567 947 3
573 947 1
574 947 1
576 947 2
577 947 2
578 947 2
580 947 3
582 947 2
588 947 1
593 947 1
595 947 3
600 947 1
601 947 1
602 947 3
604 947 3
608 947 3
617 947 1
627 947 2
628 947 3
629 947 3
630 947 2
633 947 2
637 947 1
643 947 2
645 947 1
648 947 2
649 947 3
650 947 3
652 947 1
653 947 1
656 947 1
658 947 2
662 947 1
665 947 1
667 947 2
670 947 3
672 947 2
673 947 2
674 947 3
675 947 3
677 947 1
678 947 2
680 947 3
683 947 3
686 947 3
688 947 2
691 947 3
700 947 3
702 947 1
708 947 3
710 947 3
712 947 3
714 947 2
717 947 3
719 947 1
720 947 2
722 947 2
723 947 3
726 947 3
729 947 2
730 947 3
736 947 1
738 947 1
746 947 3
750 947 3
758 947 3
766 947 2
770 947 3
773 947 1
774 947 2
775 947 1
789 947 2
790 947 3
791 947 2
792 947 3
794 947 3
795 947 1
797 947 3
804 947 3
807 947 3
808 947 3
813 947 3
815 947 3
818 947 2
820 947 3
821 947 3
824 947 2
825 947 1
831 947 1
840 947 1
842 947 3
846 947 1
852 947 2
853 947 3
857 947 2
858 947 1
859 947 3
862 947 1
864 947 1
867 947 2
868 947 3
872 947 2
875 947 1
882 947 2
884 947 1
889 947 2
890 947 3
899 947 2
901 947 3
903 947 1
904 947 1
905 947 3
908 947 2
912 947 3
918 947 1
921 947 3
922 947 1
931 947 1
938 947 3
940 947 1
943 947 1
953 947 2
954 947 2
955 947 1
956 947 3
960 947 1
963 947 1
966 947 1
969 947 1
971 947 3
975 947 1
978 947 1
979 947 1
980 947 3
983 947 1
985 947 1
988 947 2
989 947 3
990 947 2
991 947 1
992 947 1
995 947 2
999 947 3
0 948 2
9 948 3
10 948 1
12 948 2
14 948 1
16 948 1
21 948 1
24 948 1
25 948 1
27 948 2
28 948 2
29 948 1
34 948 1
35 948 1
38 948 1
39 948 3
40 948 3
41 948 2
42 948 3
43 948 1
44 948 2
47 948 2
51 948 1
52 948 1
57 948 1
58 948 2
60 948 3
64 948 2
73 948 3
74 948 2
75 948 1
77 948 2
79 948 1
80 948 2
81 948 1
83 948 1
84 948 3
85 948 1
86 948 1
94 948 3
99 948 1
101 948 3
108 948 3
110 948 2
114 948 3
118 948 2
119 948 2
121 948 2
123 948 3
131 948 2
132 948 1
133 948 3
137 948 2
138 948 3
139 948 1
141 948 1
142 948 2
150 948 1
151 948 2
152 948 3
153 948 1
154 948 3
156 948 2
162 948 2
166 948 3
170 948 1
171 948 1
179 948 1
180 948 3
181 948 3
183 948 3
184 948 1
186 948 2
189 948 1
190 948 3
193 948 3
196 948 2
198 948 2
202 948 3
210 948 3
211 948 1
213 948 1
218 948 1
225 948 2
228 948 2
231 948 1
232 948 2
233 948 3
234 948 3
235 948 3
244 948 1
249 948 1
250 948 1
251 948 3
254 948 3
255 948 1
258 948 1
259 948 3
269 948 1
272 948 2
275 948 3
278 948 1
279 948 3
283 948 3
286 948 2
287 948 2
289 948 1
293 948 3
298 948 1
299 948 1
301 948 3
302 948 3
303 948 3
304 948 2
305 948 1
306 948 2
308 948 2
312 948 2
316 948 1
317 948 1
318 948 2
322 948 3
326 948 2
327 948 3
328 948 2
329 948 3
331 948 3
335 948 1
342 948 2
344 948 1
346 948 2
347 948 1
348 948 1
355 948 1
361 948 2
374 948 1
376 948 2
