591 183 1
592 183 1
605 183 3
608 183 2
609 183 2
611 183 3
612 183 2
617 183 3
620 183 1
622 183 1
625 183 1
626 183 1
628 183 2
630 183 1
632 183 1
636 183 3
637 183 2
640 183 3
642 183 2
643 183 3
650 183 3
652 183 1
653 183 2
654 183 3
656 183 1
662 183 1
667 183 3
669 183 3
672 183 2
675 183 2
676 183 2
682 183 1
685 183 2
687 183 1
692 183 1
694 183 3
695 183 2
697 183 3
700 183 3
701 183 2
710 183 1
716 183 1
720 183 3
724 183 2
731 183 2
732 183 3
733 183 3
737 183 2
739 183 1
741 183 2
742 183 3
743 183 2
744 183 1
746 183 2
747 183 1
748 183 1
757 183 3
760 183 3
761 183 2
762 183 3
769 183 2
775 183 3
779 183 3
780 183 2
782 183 1
785 183 3
787 183 2
788 183 1
791 183 1
795 183 1
796 183 2
805 183 1
806 183 1
811 183 2
815 183 2
816 183 1
818 183 1
819 183 2
826 183 2
832 183 3
833 183 1
834 183 1
836 183 3
839 183 2
842 183 1
862 183 1
863 183 2
864 183 2
866 183 2
874 183 2
875 183 2
877 183 1
878 183 1
881 183 1
888 183 1
889 183 1
890 183 2
892 183 1
893 183 1
894 183 3
897 183 1
898 183 2
901 183 2
905 183 3
906 183 2
911 183 1
917 183 3
919 183 2
936 183 2
937 183 2
941 183 3
943 183 2
944 183 2
946 183 3
948 183 3
952 183 1
957 183 1
958 183 3
960 183 2
962 183 3
964 183 1
966 183 3
968 183 3
971 183 3
977 183 3
987 183 3
988 183 3
992 183 3
997 183 2
999 183 2
5 184 2
6 184 2
9 184 3
10 184 1
11 184 1
14 184 3
15 184 1
16 184 1
17 184 3
20 184 2
31 184 2
32 184 2
43 184 2
45 184 1
50 184 3
55 184 2
57 184 3
65 184 1
68 184 2
69 184 1
71 184 2
74 184 3
79 184 2
86 184 1
90 184 2
94 184 1
105 184 2
106 184 3
107 184 3
111 184 2
112 184 3
115 184 3
130 184 3
131 184 3
133 184 1
138 184 1
140 184 2
141 184 3
144 184 3
145 184 2
146 184 2
148 184 1
149 184 1
154 184 2
157 184 1
158 184 1
160 184 3
164 184 2
166 184 1
167 184 1
168 184 1
170 184 3
174 184 1
180 184 1
181 184 2
182 184 1
185 184 2
186 184 3
188 184 1
192 184 1
194 184 2
195 184 3
198 184 3
201 184 1
203 184 1
208 184 3
209 184 1
221 184 2
222 184 2
225 184 1
226 184 1
232 184 1
233 184 3
235 184 1
236 184 3
237 184 1
242 184 3
243 184 3
244 184 1
248 184 1
251 184 2
253 184 2
256 184 1
262 184 2
264 184 2
265 184 2
269 184 1
272 184 3
274 184 3
277 184 2
281 184 1
291 184 1
296 184 2
298 184 3
299 184 3
300 184 3
302 184 2
303 184 3
305 184 2
306 184 2
307 184 1
311 184 1
313 184 3
314 184 3
319 184 3
325 184 1
327 184 1
328 184 1
334 184 1
337 184 2
339 184 3
340 184 1
343 184 2
346 184 2
349 184 2
352 184 3
353 184 1
354 184 1
357 184 1
361 184 2
365 184 1
367 184 2
368 184 3
375 184 2
378 184 2
382 184 1
384 184 2
385 184 3
386 184 2
388 184 1
390 184 2
401 184 3
403 184 1
406 184 2
407 184 2
409 184 1
412 184 2
413 184 3
417 184 2
422 184 1
424 184 1
425 184 3
426 184 2
427 184 1
437 184 1
438 184 1
439 184 3
440 184 1
446 184 3
454 184 2
457 184 2
460 184 3
461 184 1
465 184 1
466 184 3
467 184 2
471 184 3
472 184 1
473 184 2
475 184 1
476 184 2
477 184 3
483 184 1
485 184 2
489 184 2
497 184 1
499 184 1
503 184 3
506 184 2
507 184 1
509 184 2
515 184 1
518 184 1
525 184 1
527 184 3
535 184 1
537 184 1
538 184 1
541 184 1
542 184 2
549 184 1
551 184 1
554 184 3
557 184 1
558 184 1
564 184 3
565 184 2
567 184 1
572 184 2
574 184 1
575 184 1
576 184 1
577 184 2
582 184 2
584 184 3
588 184 3
589 184 2
590 184 2
594 184 2
599 184 1
602 184 2
605 184 3
607 184 3
609 184 3
610 184 2
611 184 3
612 184 1
613 184 3
615 184 1
621 184 1
626 184 1
629 184 2
630 184 1
631 184 2
632 184 2
633 184 2
634 184 2
637 184 2
642 184 3
645 184 1
649 184 2
651 184 1
652 184 3
654 184 1
655 184 1
660 184 3
662 184 3
664 184 2
666 184 2
673 184 2
674 184 2
676 184 2
678 184 2
680 184 1
681 184 3
691 184 1
699 184 1
700 184 2
701 184 2
703 184 3
712 184 1
713 184 2
718 184 1
720 184 2
721 184 2
724 184 2
730 184 1
735 184 3
739 184 2
741 184 2
744 184 1
746 184 1
756 184 1
759 184 2
770 184 2
773 184 1
779 184 1
791 184 1
795 184 1
798 184 2
799 184 1
800 184 3
808 184 1
813 184 3
817 184 3
819 184 3
821 184 2
829 184 3
831 184 3
832 184 3
835 184 1
838 184 1
848 184 2
850 184 2
853 184 2
855 184 1
863 184 3
866 184 2
867 184 3
868 184 3
869 184 3
871 184 3
872 184 1
874 184 1
875 184 2
877 184 2
880 184 1
881 184 3
883 184 3
885 184 1
886 184 2
888 184 1
889 184 2
890 184 3
898 184 2
902 184 1
908 184 3
913 184 1
915 184 1
916 184 3
920 184 2
922 184 1
923 184 2
925 184 2
927 184 1
936 184 2
937 184 3
942 184 1
944 184 2
949 184 2
952 184 2
953 184 1
960 184 3
962 184 1
964 184 1
965 184 3
967 184 3
968 184 1
969 184 3
971 184 1
973 184 3
974 184 3
976 184 3
977 184 2
981 184 3
983 184 3
984 184 2
987 184 2
990 184 2
992 184 3
993 184 1
994 184 3
996 184 2
998 184 1
0 185 1
2 185 3
7 185 1
20 185 3
22 185 2
23 185 1
24 185 2
26 185 2
30 185 3
31 185 1
36 185 3
38 185 1
40 185 3
41 185 2
42 185 2
44 185 2
51 185 2
53 185 1
57 185 3
61 185 3
71 185 3
72 185 3
75 185 2
80 185 1
85 185 2
87 185 2
95 185 3
96 185 3
99 185 3
100 185 1
103 185 3
105 185 2
112 185 3
113 185 1
117 185 1
123 185 2
127 185 2
138 185 3
139 185 3
140 185 1
141 185 1
145 185 3
147 185 3
148 185 3
150 185 2
151 185 2
152 185 1
155 185 1
158 185 3
160 185 3
162 185 3
165 185 3
169 185 2
179 185 3
183 185 1
186 185 1
187 185 1
198 185 1
216 185 2
218 185 1
223 185 3
226 185 2
232 185 2
234 185 3
235 185 2
236 185 3
237 185 1
238 185 3
241 185 2
242 185 1
244 185 3
245 185 2
249 185 1
250 185 1
263 185 1
265 185 1
266 185 3
271 185 2
272 185 1
273 185 3
276 185 3
283 185 3
284 185 1
288 185 1
289 185 3
291 185 3
294 185 1
304 185 3
306 185 3
320 185 1
323 185 3
327 185 1
328 185 1
332 185 2
333 185 1
338 185 3
342 185 3
343 185 2
344 185 1
345 185 2
346 185 1
350 185 1
352 185 3
355 185 3
358 185 3
366 185 2
367 185 2
370 185 2
371 185 3
377 185 3
386 185 3
390 185 2
392 185 2
393 185 2
394 185 2
397 185 1
410 185 1
411 185 1
412 185 3
414 185 1
420 185 3
421 185 2
422 185 3
423 185 3
425 185 2
430 185 3
433 185 2
436 185 1
440 185 1
441 185 2
442 185 3
443 185 2
446 185 2
452 185 3
454 185 1
455 185 2
456 185 2
458 185 3
460 185 2
461 185 1
464 185 1
466 185 3
469 185 2
473 185 1
474 185 2
475 185 1
476 185 2
478 185 1
484 185 1
485 185 2
486 185 1
491 185 2
497 185 1
498 185 2
499 185 1
503 185 2
504 185 1
506 185 1
507 185 2
509 185 3
510 185 3
512 185 1
513 185 2
523 185 2
526 185 3
527 185 2
535 185 2
537 185 3
538 185 3
539 185 3
540 185 1
546 185 3
548 185 1
549 185 1
551 185 2
557 185 2
566 185 1
571 185 3
576 185 2
587 185 1
589 185 1
590 185 1
594 185 1
596 185 1
597 185 1
602 185 3
617 185 3
619 185 3
623 185 3
631 185 3
638 185 1
648 185 2
649 185 1
650 185 3
652 185 1
657 185 2
660 185 2
662 185 1
664 185 3
667 185 2
668 185 3
669 185 2
