470 762 1
475 762 3
477 762 1
480 762 1
485 762 1
487 762 3
488 762 2
489 762 1
491 762 3
495 762 1
507 762 2
508 762 2
509 762 1
512 762 3
514 762 1
519 762 2
521 762 2
526 762 3
528 762 2
531 762 1
536 762 1
537 762 2
538 762 2
541 762 3
546 762 1
548 762 1
553 762 2
554 762 3
560 762 1
563 762 2
564 762 1
565 762 2
566 762 3
567 762 2
568 762 2
570 762 3
573 762 1
577 762 2
578 762 1
579 762 2
580 762 1
583 762 1
588 762 1
590 762 3
592 762 1
598 762 1
602 762 3
604 762 2
614 762 1
624 762 3
625 762 2
627 762 3
629 762 1
632 762 2
633 762 1
636 762 2
637 762 2
646 762 1
648 762 3
653 762 2
657 762 2
658 762 3
662 762 2
667 762 2
669 762 3
671 762 3
673 762 3
674 762 2
677 762 1
685 762 3
688 762 1
692 762 3
693 762 1
698 762 2
700 762 3
703 762 2
707 762 2
708 762 1
709 762 1
710 762 2
712 762 1
714 762 2
715 762 1
716 762 3
717 762 3
718 762 2
719 762 1
721 762 3
723 762 2
728 762 3
730 762 3
731 762 2
732 762 1
733 762 3
734 762 2
736 762 3
737 762 2
738 762 1
739 762 1
743 762 3
745 762 2
747 762 2
748 762 1
751 762 1
753 762 1
755 762 1
763 762 1
764 762 2
765 762 1
766 762 1
772 762 2
773 762 2
775 762 1
776 762 2
784 762 3
785 762 1
790 762 2
792 762 1
802 762 3
803 762 3
807 762 1
811 762 1
812 762 3
815 762 3
819 762 3
822 762 2
823 762 2
828 762 1
830 762 1
831 762 1
836 762 1
838 762 1
845 762 2
855 762 3
856 762 1
864 762 2
865 762 2
870 762 2
871 762 2
876 762 1
879 762 2
880 762 1
881 762 3
887 762 2
891 762 1
893 762 2
899 762 2
902 762 1
911 762 1
912 762 2
913 762 2
914 762 1
919 762 1
923 762 3
926 762 2
928 762 1
929 762 1
930 762 2
934 762 1
936 762 3
938 762 3
941 762 3
942 762 1
943 762 1
945 762 3
948 762 2
949 762 3
950 762 2
954 762 2
957 762 1
959 762 3
962 762 2
963 762 1
966 762 2
967 762 1
970 762 2
971 762 2
972 762 1
978 762 1
979 762 2
983 762 1
984 762 1
985 762 1
986 762 2
988 762 3
998 762 1
7 763 1
9 763 1
12 763 2
13 763 1
16 763 3
21 763 1
22 763 3
23 763 3
31 763 1
34 763 1
35 763 3
44 763 3
46 763 3
47 763 2
48 763 2
53 763 2
54 763 2
58 763 1
59 763 3
60 763 1
65 763 2
70 763 2
72 763 1
75 763 2
81 763 3
82 763 3
83 763 3
84 763 2
86 763 2
87 763 2
92 763 1
94 763 1
98 763 1
102 763 1
103 763 2
108 763 1
114 763 3
116 763 3
117 763 3
122 763 1
124 763 1
128 763 3
131 763 2
138 763 3
142 763 1
147 763 1
149 763 3
150 763 2
151 763 2
152 763 3
154 763 2
157 763 1
162 763 3
163 763 3
164 763 2
165 763 1
169 763 1
170 763 1
171 763 2
172 763 1
178 763 2
193 763 3
196 763 2
200 763 1
202 763 1
206 763 1
207 763 2
210 763 2
211 763 1
212 763 1
213 763 2
215 763 1
217 763 3
224 763 2
225 763 1
233 763 1
239 763 3
241 763 3
242 763 2
244 763 1
247 763 3
253 763 1
254 763 1
255 763 1
259 763 1
260 763 2
264 763 1
265 763 2
267 763 1
270 763 1
271 763 2
277 763 1
279 763 2
282 763 1
285 763 3
289 763 2
290 763 1
297 763 1
301 763 1
302 763 1
304 763 1
306 763 1
308 763 2
313 763 3
317 763 2
323 763 3
325 763 1
327 763 2
331 763 3
334 763 2
336 763 1
342 763 3
344 763 2
345 763 2
346 763 3
347 763 1
352 763 1
353 763 3
355 763 1
365 763 3
366 763 3
368 763 3
372 763 2
375 763 3
381 763 3
384 763 1
388 763 1
392 763 2
395 763 1
397 763 3
399 763 3
401 763 3
403 763 1
405 763 2
406 763 3
408 763 1
409 763 3
410 763 1
411 763 3
417 763 2
418 763 2
420 763 3
424 763 1
429 763 2
433 763 1
435 763 3
445 763 1
446 763 1
452 763 2
455 763 2
458 763 3
466 763 2
467 763 1
470 763 2
471 763 2
472 763 1
475 763 1
478 763 1
484 763 2
485 763 2
489 763 1
490 763 3
491 763 2
493 763 1
497 763 2
498 763 2
501 763 1
502 763 1
504 763 1
506 763 3
511 763 1
512 763 3
513 763 3
520 763 3
526 763 3
527 763 2
533 763 2
537 763 1
539 763 1
540 763 2
541 763 1
542 763 3
546 763 2
548 763 2
550 763 1
555 763 1
557 763 2
560 763 2
564 763 3
566 763 3
570 763 1
575 763 1
577 763 1
579 763 3
591 763 1
593 763 1
594 763 3
598 763 1
599 763 1
603 763 3
606 763 2
608 763 1
611 763 1
614 763 2
620 763 3
621 763 3
622 763 2
623 763 1
624 763 3
628 763 2
630 763 3
634 763 1
635 763 3
636 763 3
637 763 3
639 763 2
644 763 3
645 763 2
648 763 3
651 763 2
660 763 1
661 763 3
664 763 1
665 763 1
666 763 1
672 763 3
673 763 2
677 763 2
678 763 3
680 763 2
685 763 1
688 763 2
694 763 2
695 763 3
700 763 2
702 763 1
703 763 3
711 763 1
713 763 1
714 763 2
715 763 2
721 763 1
723 763 2
724 763 3
727 763 1
729 763 1
730 763 1
733 763 1
737 763 2
740 763 2
745 763 2
754 763 3
756 763 1
758 763 1
760 763 1
764 763 3
765 763 3
769 763 1
770 763 1
771 763 2
773 763 1
778 763 1
779 763 2
782 763 3
783 763 1
788 763 1
790 763 3
796 763 2
797 763 3
798 763 1
801 763 2
807 763 3
811 763 3
813 763 1
818 763 3
827 763 3
830 763 2
832 763 1
833 763 2
845 763 2
846 763 1
847 763 2
849 763 1
852 763 1
853 763 1
854 763 2
855 763 3
860 763 1
862 763 3
865 763 2
867 763 2
869 763 1
871 763 2
878 763 2
883 763 3
886 763 3
887 763 1
888 763 1
889 763 2
892 763 1
899 763 1
900 763 1
903 763 2
912 763 1
915 763 1
916 763 1
921 763 3
922 763 1
925 763 1
929 763 1
933 763 1
937 763 1
951 763 3
952 763 3
960 763 1
961 763 2
965 763 3
967 763 3
968 763 1
972 763 1
973 763 3
974 763 2
977 763 1
982 763 1
983 763 1
984 763 2
986 763 3
987 763 1
989 763 2
991 763 3
993 763 2
997 763 1
999 763 3
1 764 2
2 764 3
14 764 1
15 764 1
16 764 3
18 764 1
22 764 3
23 764 2
25 764 1
31 764 2
37 764 2
42 764 1
45 764 3
46 764 1
48 764 1
51 764 2
52 764 1
56 764 3
57 764 3
72 764 3
75 764 1
76 764 3
83 764 2
87 764 3
89 764 2
90 764 2
93 764 1
95 764 1
97 764 3
101 764 1
105 764 2
111 764 3
121 764 2
125 764 2
126 764 3
129 764 2
131 764 3
132 764 2
133 764 1
136 764 2
137 764 2
138 764 2
143 764 2
146 764 1
147 764 2
161 764 2
167 764 1
174 764 1
175 764 1
176 764 3
178 764 2
181 764 1
183 764 1
187 764 1
188 764 3
192 764 1
196 764 2
199 764 2
201 764 1
202 764 3
204 764 2
215 764 2
218 764 3
221 764 2
223 764 3
224 764 3
225 764 1
228 764 2
232 764 3
234 764 1
240 764 2
243 764 3
247 764 3
250 764 1
257 764 3
258 764 1
259 764 1
264 764 2
267 764 3
269 764 2
275 764 1
277 764 2
281 764 1
282 764 3
284 764 1
287 764 1
291 764 3
295 764 1
296 764 3
297 764 1
299 764 1
304 764 3
305 764 3
307 764 2
310 764 2
319 764 3
322 764 3
325 764 1
327 764 3
335 764 2
336 764 2
339 764 2
341 764 1
342 764 1
347 764 3
352 764 3
356 764 1
357 764 1
358 764 3
364 764 3
366 764 1
368 764 3
369 764 2
370 764 2
371 764 3
373 764 2
377 764 2
380 764 3
383 764 2
384 764 3
385 764 2
389 764 3
392 764 3
395 764 1
396 764 2
398 764 1
400 764 2
404 764 3
409 764 3
411 764 1
412 764 2
413 764 2
418 764 3
420 764 1
430 764 2
432 764 3
435 764 3
436 764 1
439 764 3
443 764 1
445 764 1
450 764 3
454 764 2
456 764 1
460 764 1
465 764 2
466 764 3
