154 16 1
155 16 3
157 16 1
158 16 1
164 16 1
171 16 1
178 16 3
179 16 1
180 16 3
183 16 2
184 16 1
187 16 3
191 16 2
208 16 1
209 16 3
210 16 1
211 16 2
215 16 2
216 16 2
218 16 2
221 16 3
222 16 2
223 16 1
225 16 1
228 16 2
230 16 2
231 16 1
234 16 2
235 16 3
240 16 3
243 16 3
244 16 2
246 16 3
248 16 2
250 16 2
255 16 1
261 16 2
264 16 3
269 16 2
271 16 2
273 16 2
274 16 2
280 16 3
281 16 2
284 16 3
289 16 2
291 16 1
293 16 1
295 16 3
297 16 1
299 16 2
300 16 1
305 16 1
306 16 2
309 16 2
312 16 2
328 16 3
329 16 2
333 16 1
342 16 2
344 16 1
345 16 1
347 16 3
349 16 2
350 16 2
353 16 2
355 16 1
359 16 1
360 16 2
363 16 1
367 16 3
371 16 1
377 16 3
378 16 2
383 16 1
393 16 1
399 16 1
408 16 2
411 16 2
415 16 2
417 16 3
419 16 2
420 16 1
422 16 1
427 16 2
428 16 2
431 16 3
434 16 3
447 16 1
450 16 3
451 16 1
452 16 2
454 16 1
459 16 1
466 16 3
468 16 1
471 16 1
472 16 1
474 16 2
475 16 2
479 16 2
484 16 2
487 16 2
488 16 3
489 16 1
497 16 2
498 16 3
501 16 2
503 16 3
504 16 2
507 16 2
520 16 1
521 16 3
522 16 3
525 16 3
527 16 3
532 16 2
535 16 1
537 16 2
542 16 1
549 16 3
551 16 2
553 16 1
554 16 1
556 16 2
557 16 2
570 16 1
572 16 1
573 16 2
574 16 1
576 16 2
582 16 2
583 16 1
584 16 3
586 16 2
587 16 3
588 16 1
590 16 1
591 16 3
593 16 1
594 16 2
602 16 3
604 16 3
605 16 3
610 16 2
611 16 2
613 16 3
614 16 3
615 16 3
621 16 1
628 16 1
632 16 3
634 16 1
635 16 2
636 16 1
638 16 3
639 16 1
640 16 1
641 16 3
642 16 2
650 16 2
654 16 3
656 16 3
659 16 1
660 16 2
669 16 3
672 16 3
675 16 3
684 16 2
686 16 3
687 16 1
689 16 1
691 16 1
694 16 1
700 16 1
705 16 1
708 16 1
712 16 1
713 16 2
715 16 3
716 16 2
717 16 2
720 16 2
722 16 3
725 16 3
728 16 1
730 16 2
733 16 1
739 16 1
743 16 2
744 16 2
746 16 2
747 16 2
749 16 1
750 16 2
753 16 2
754 16 3
756 16 1
759 16 1
761 16 1
763 16 2
764 16 3
765 16 1
770 16 2
781 16 3
783 16 2
785 16 1
786 16 1
790 16 2
792 16 1
796 16 2
797 16 2
804 16 2
806 16 3
815 16 2
816 16 3
822 16 1
827 16 3
840 16 3
844 16 2
845 16 2
848 16 3
850 16 3
855 16 2
858 16 3
860 16 3
864 16 2
868 16 2
871 16 3
873 16 3
875 16 1
876 16 1
879 16 3
881 16 2
882 16 3
883 16 1
888 16 1
896 16 2
905 16 3
910 16 2
912 16 1
915 16 3
917 16 2
925 16 3
926 16 1
931 16 2
932 16 1
936 16 3
939 16 2
940 16 2
942 16 3
943 16 1
944 16 1
945 16 1
949 16 3
954 16 2
957 16 2
963 16 2
965 16 2
972 16 3
977 16 2
978 16 3
979 16 1
980 16 2
986 16 3
989 16 1
990 16 1
991 16 1
996 16 1
999 16 2
0 17 3
5 17 1
7 17 3
9 17 3
10 17 2
11 17 1
12 17 1
14 17 3
17 17 3
18 17 3
19 17 2
29 17 3
30 17 3
31 17 2
32 17 1
34 17 1
43 17 3
48 17 3
50 17 1
53 17 3
56 17 2
58 17 1
59 17 1
63 17 3
64 17 3
68 17 2
71 17 3
75 17 2
77 17 1
78 17 3
80 17 3
85 17 2
86 17 1
87 17 3
89 17 1
94 17 2
95 17 3
108 17 3
109 17 3
111 17 3
113 17 3
118 17 1
119 17 2
121 17 3
124 17 2
126 17 3
138 17 3
141 17 1
147 17 1
148 17 3
149 17 2
152 17 1
154 17 2
155 17 3
156 17 1
157 17 3
159 17 2
161 17 1
162 17 3
163 17 1
167 17 3
168 17 1
175 17 1
177 17 2
179 17 1
180 17 1
186 17 3
189 17 2
192 17 3
198 17 3
201 17 2
206 17 1
207 17 1
208 17 2
210 17 3
214 17 2
216 17 2
217 17 2
221 17 1
222 17 2
224 17 3
227 17 2
228 17 3
230 17 1
234 17 1
235 17 1
237 17 1
238 17 3
240 17 1
247 17 3
248 17 1
254 17 2
256 17 2
263 17 2
264 17 2
270 17 1
271 17 2
272 17 2
275 17 2
277 17 1
278 17 2
283 17 2
284 17 3
288 17 1
298 17 1
299 17 2
301 17 3
302 17 1
307 17 1
318 17 3
320 17 2
321 17 2
322 17 1
326 17 2
328 17 1
332 17 2
335 17 2
336 17 1
337 17 1
338 17 2
339 17 2
340 17 1
343 17 3
351 17 2
356 17 2
358 17 2
359 17 3
364 17 1
373 17 2
374 17 1
375 17 1
381 17 2
382 17 2
383 17 2
388 17 3
392 17 1
398 17 2
400 17 2
401 17 1
403 17 2
404 17 1
405 17 2
407 17 2
409 17 3
411 17 3
412 17 3
414 17 2
417 17 1
423 17 3
425 17 2
427 17 2
428 17 2
442 17 3
446 17 2
447 17 2
451 17 1
455 17 2
456 17 2
457 17 1
461 17 1
462 17 3
463 17 1
466 17 3
467 17 1
468 17 2
474 17 2
475 17 3
478 17 1
482 17 2
486 17 3
487 17 1
490 17 2
494 17 2
496 17 3
500 17 3
502 17 2
503 17 1
506 17 3
507 17 2
508 17 1
511 17 2
513 17 2
515 17 1
519 17 3
522 17 1
526 17 2
527 17 3
528 17 2
529 17 1
534 17 3
539 17 3
543 17 1
546 17 2
547 17 1
550 17 2
552 17 3
555 17 1
558 17 3
560 17 3
564 17 2
570 17 3
573 17 3
574 17 2
576 17 2
577 17 2
581 17 1
588 17 2
595 17 2
598 17 3
615 17 3
617 17 1
619 17 1
620 17 2
622 17 3
623 17 3
624 17 1
625 17 3
627 17 2
628 17 3
629 17 2
630 17 3
631 17 1
632 17 2
633 17 1
639 17 3
642 17 1
644 17 1
649 17 3
651 17 2
659 17 3
661 17 1
665 17 1
667 17 2
668 17 3
672 17 3
675 17 3
676 17 1
678 17 1
679 17 1
681 17 3
685 17 2
688 17 3
689 17 2
697 17 1
698 17 2
702 17 2
705 17 1
707 17 2
708 17 2
709 17 2
716 17 1
718 17 3
719 17 3
721 17 2
727 17 1
728 17 3
729 17 3
731 17 1
732 17 3
734 17 2
735 17 3
736 17 2
738 17 3
742 17 1
745 17 1
746 17 1
748 17 3
750 17 3
753 17 1
754 17 3
762 17 3
763 17 1
765 17 3
768 17 3
777 17 2
781 17 2
784 17 2
785 17 1
788 17 3
791 17 2
793 17 2
796 17 3
799 17 2
809 17 1
813 17 3
815 17 1
820 17 3
825 17 1
826 17 1
833 17 1
840 17 1
841 17 2
853 17 1
854 17 1
855 17 2
856 17 3
860 17 2
863 17 3
865 17 2
869 17 2
870 17 1
872 17 3
874 17 1
878 17 2
887 17 3
888 17 3
889 17 2
898 17 3
902 17 2
903 17 1
904 17 2
906 17 3
908 17 2
922 17 1
923 17 2
926 17 1
927 17 2
931 17 1
932 17 1
935 17 2
948 17 3
952 17 2
955 17 1
957 17 1
962 17 3
969 17 3
972 17 1
973 17 1
977 17 3
978 17 2
980 17 3
987 17 2
990 17 3
991 17 2
996 17 1
999 17 1
2 18 2
5 18 2
8 18 2
9 18 2
11 18 3
13 18 1
17 18 2
25 18 1
28 18 1
30 18 2
31 18 3
34 18 3
35 18 1
38 18 3
39 18 1
41 18 1
43 18 1
44 18 3
45 18 3
46 18 2
53 18 2
61 18 1
64 18 3
66 18 2
68 18 2
69 18 1
73 18 3
77 18 2
80 18 1
82 18 1
84 18 3
85 18 1
88 18 1
90 18 2
93 18 1
95 18 1
97 18 2
105 18 2
107 18 3
111 18 2
112 18 1
116 18 1
119 18 2
122 18 3
125 18 2
129 18 2
133 18 2
134 18 1
135 18 2
144 18 2
147 18 1
149 18 3
150 18 2
151 18 3
153 18 2
155 18 3
158 18 1
159 18 3
161 18 3
167 18 1
