886 77 1
887 77 3
888 77 2
889 77 1
899 77 3
904 77 3
905 77 2
906 77 3
910 77 1
911 77 2
912 77 3
916 77 3
917 77 2
919 77 2
922 77 2
923 77 3
924 77 3
925 77 3
926 77 2
928 77 1
930 77 2
937 77 1
943 77 2
944 77 2
946 77 2
947 77 3
950 77 3
951 77 2
952 77 3
954 77 2
955 77 1
959 77 3
963 77 1
965 77 2
976 77 2
980 77 1
981 77 3
983 77 3
986 77 2
988 77 1
992 77 2
993 77 2
995 77 2
996 77 2
999 77 1
3 78 1
6 78 2
10 78 3
15 78 2
16 78 2
17 78 3
19 78 2
21 78 1
24 78 2
26 78 1
35 78 1
37 78 1
41 78 1
44 78 3
46 78 1
47 78 1
49 78 1
51 78 1
54 78 3
60 78 1
63 78 2
64 78 2
66 78 2
67 78 1
68 78 3
71 78 3
75 78 1
77 78 1
78 78 1
86 78 3
87 78 1
88 78 3
90 78 2
91 78 2
92 78 1
94 78 1
96 78 1
102 78 2
106 78 1
110 78 3
121 78 2
126 78 1
128 78 3
129 78 1
134 78 2
135 78 3
137 78 2
138 78 2
143 78 3
147 78 2
150 78 1
153 78 3
154 78 2
155 78 3
160 78 3
161 78 3
163 78 3
169 78 3
171 78 3
176 78 3
186 78 2
187 78 2
189 78 2
193 78 1
198 78 1
201 78 2
206 78 1
207 78 3
209 78 3
211 78 2
212 78 1
215 78 3
219 78 3
220 78 2
223 78 1
225 78 2
226 78 2
227 78 2
230 78 2
232 78 3
240 78 2
241 78 1
243 78 3
246 78 1
248 78 2
249 78 3
250 78 3
252 78 1
254 78 2
256 78 1
257 78 2
258 78 1
259 78 2
264 78 2
266 78 3
272 78 1
276 78 3
280 78 2
282 78 3
289 78 1
294 78 3
297 78 2
298 78 1
301 78 1
307 78 1
308 78 3
309 78 3
312 78 1
317 78 1
318 78 3
321 78 2
323 78 1
327 78 1
330 78 3
334 78 3
336 78 1
339 78 3
348 78 3
349 78 3
350 78 3
351 78 1
355 78 1
363 78 3
365 78 3
366 78 1
367 78 1
368 78 1
369 78 3
371 78 1
373 78 1
374 78 2
378 78 2
380 78 1
384 78 3
385 78 3
387 78 3
391 78 2
395 78 2
396 78 1
397 78 3
399 78 2
400 78 1
403 78 1
409 78 2
412 78 2
418 78 3
425 78 2
426 78 3
430 78 1
432 78 2
439 78 3
443 78 1
451 78 1
452 78 1
457 78 1
458 78 2
459 78 1
461 78 2
464 78 1
471 78 3
472 78 3
477 78 2
479 78 1
482 78 3
483 78 3
484 78 3
488 78 1
489 78 3
490 78 1
492 78 3
493 78 3
499 78 2
500 78 2
503 78 2
506 78 1
509 78 2
513 78 2
515 78 3
516 78 2
517 78 1
519 78 3
520 78 2
521 78 3
522 78 2
524 78 3
525 78 1
533 78 2
536 78 1
538 78 3
539 78 1
541 78 1
544 78 1
548 78 2
556 78 1
557 78 1
560 78 3
563 78 1
564 78 1
566 78 2
567 78 3
568 78 1
569 78 1
571 78 1
572 78 1
573 78 1
574 78 1
578 78 3
582 78 1
588 78 1
589 78 1
590 78 2
593 78 3
594 78 1
600 78 1
603 78 1
608 78 2
610 78 3
617 78 1
621 78 1
624 78 1
626 78 3
628 78 3
631 78 1
636 78 2
637 78 1
638 78 3
640 78 1
644 78 1
647 78 2
649 78 2
650 78 3
651 78 2
655 78 3
658 78 3
660 78 3
663 78 3
665 78 3
671 78 2
673 78 2
677 78 2
681 78 1
688 78 1
689 78 3
695 78 1
697 78 2
699 78 1
700 78 1
702 78 3
705 78 3
706 78 3
707 78 2
711 78 1
712 78 3
713 78 3
714 78 2
722 78 1
724 78 2
725 78 3
734 78 2
736 78 2
738 78 1
741 78 1
748 78 3
754 78 2
755 78 1
756 78 1
761 78 1
766 78 3
768 78 2
769 78 3
774 78 1
775 78 1
777 78 3
779 78 1
784 78 2
785 78 3
786 78 3
787 78 1
790 78 3
791 78 3
792 78 2
793 78 2
795 78 2
797 78 1
801 78 3
803 78 1
805 78 2
806 78 3
810 78 2
813 78 2
814 78 2
817 78 2
818 78 2
819 78 1
820 78 2
825 78 3
828 78 2
832 78 2
836 78 2
838 78 2
840 78 2
843 78 3
845 78 3
846 78 1
847 78 1
852 78 3
853 78 3
856 78 1
862 78 2
863 78 1
864 78 3
869 78 2
872 78 2
879 78 1
882 78 2
883 78 2
889 78 1
890 78 1
891 78 2
892 78 1
893 78 3
897 78 1
902 78 2
903 78 3
904 78 2
906 78 2
907 78 1
908 78 3
910 78 3
911 78 1
920 78 1
928 78 3
941 78 2
942 78 3
948 78 2
952 78 2
953 78 3
954 78 1
956 78 2
957 78 1
960 78 3
962 78 3
963 78 2
967 78 2
975 78 3
982 78 1
983 78 1
986 78 3
987 78 1
994 78 2
997 78 2
998 78 1
999 78 2
0 79 1
1 79 3
3 79 3
4 79 2
5 79 3
6 79 1
11 79 1
12 79 1
17 79 3
19 79 2
21 79 3
24 79 2
27 79 3
29 79 1
32 79 1
33 79 3
34 79 1
35 79 2
42 79 1
43 79 1
44 79 2
48 79 3
50 79 1
52 79 1
55 79 3
63 79 2
65 79 2
67 79 2
69 79 3
72 79 2
73 79 1
74 79 1
76 79 1
78 79 1
80 79 1
81 79 1
83 79 2
85 79 3
88 79 1
90 79 3
91 79 3
95 79 3
96 79 1
97 79 1
99 79 1
102 79 2
103 79 3
106 79 1
108 79 3
110 79 1
111 79 1
113 79 3
114 79 3
116 79 1
119 79 3
120 79 1
122 79 2
124 79 3
131 79 3
132 79 3
135 79 2
136 79 3
142 79 3
144 79 3
145 79 2
149 79 3
150 79 3
151 79 2
152 79 2
154 79 3
158 79 3
159 79 1
161 79 2
164 79 3
166 79 3
172 79 3
173 79 2
176 79 2
180 79 3
182 79 1
185 79 1
189 79 1
191 79 2
192 79 2
195 79 3
197 79 3
198 79 2
199 79 2
203 79 1
205 79 3
212 79 3
213 79 2
219 79 2
220 79 1
221 79 3
222 79 3
224 79 1
228 79 2
229 79 3
237 79 1
238 79 1
242 79 1
246 79 2
247 79 2
251 79 3
253 79 2
256 79 1
270 79 3
272 79 1
273 79 1
274 79 2
279 79 2
282 79 3
283 79 1
286 79 3
288 79 2
291 79 3
302 79 1
303 79 2
307 79 3
311 79 1
316 79 1
317 79 2
322 79 1
324 79 1
328 79 1
329 79 2
331 79 2
337 79 2
338 79 3
348 79 2
349 79 1
351 79 1
354 79 3
359 79 1
360 79 1
361 79 2
365 79 3
373 79 3
374 79 3
376 79 2
384 79 3
385 79 2
387 79 3
389 79 3
391 79 2
393 79 1
398 79 3
401 79 3
405 79 2
406 79 1
409 79 2
413 79 2
418 79 1
420 79 1
433 79 1
435 79 2
439 79 2
440 79 1
445 79 1
446 79 1
451 79 2
453 79 2
454 79 2
458 79 2
463 79 3
465 79 1
466 79 2
468 79 3
473 79 1
481 79 2
485 79 2
488 79 1
496 79 1
497 79 2
498 79 3
506 79 1
511 79 2
512 79 2
516 79 1
522 79 2
533 79 1
536 79 2
537 79 2
539 79 3
543 79 2
551 79 1
552 79 3
553 79 3
564 79 3
565 79 1
568 79 3
569 79 3
571 79 2
572 79 1
575 79 2
583 79 2
587 79 2
592 79 1
594 79 1
595 79 1
597 79 2
602 79 2
608 79 2
610 79 2
611 79 1
612 79 2
615 79 1
623 79 2
626 79 1
630 79 1
632 79 2
634 79 3
635 79 3
637 79 3
641 79 2
647 79 1
649 79 3
655 79 3
656 79 2
663 79 1
665 79 3
667 79 2
674 79 3
677 79 3
683 79 2
685 79 3
687 79 3
691 79 2
697 79 2
699 79 3
703 79 3
704 79 3
708 79 1
710 79 1
714 79 2
716 79 1
721 79 2
722 79 3
729 79 2
732 79 2
735 79 2
741 79 3
742 79 1
747 79 2
748 79 1
757 79 1
759 79 3
767 79 2
771 79 1
774 79 3
784 79 1
785 79 3
792 79 2
798 79 1
806 79 2
810 79 1
811 79 2
814 79 3
819 79 2
821 79 3
829 79 3
831 79 2
835 79 3
838 79 3
840 79 3
841 79 1
842 79 1
