256 524 3
257 524 2
260 524 3
270 524 3
276 524 2
277 524 3
278 524 3
279 524 1
280 524 2
286 524 1
287 524 1
288 524 2
296 524 1
299 524 1
302 524 2
304 524 1
313 524 3
315 524 3
316 524 1
320 524 2
322 524 2
329 524 1
331 524 3
332 524 1
333 524 3
334 524 2
338 524 3
339 524 3
346 524 1
350 524 3
351 524 2
365 524 2
366 524 1
368 524 2
374 524 3
376 524 1
380 524 2
381 524 2
383 524 3
385 524 1
390 524 2
394 524 1
395 524 3
398 524 1
405 524 3
406 524 2
413 524 3
415 524 1
419 524 1
429 524 2
430 524 2
432 524 2
434 524 2
435 524 1
436 524 2
437 524 2
438 524 1
441 524 2
442 524 3
444 524 1
447 524 2
448 524 1
450 524 2
452 524 1
454 524 2
456 524 3
460 524 3
461 524 2
463 524 1
465 524 3
469 524 3
470 524 1
472 524 3
476 524 3
477 524 1
478 524 2
479 524 1
480 524 2
481 524 3
482 524 1
486 524 2
492 524 1
494 524 2
497 524 1
501 524 1
502 524 3
506 524 1
509 524 2
511 524 2
514 524 3
515 524 1
517 524 3
523 524 2
526 524 1
536 524 1
539 524 2
542 524 1
543 524 1
544 524 2
546 524 3
547 524 2
551 524 2
553 524 3
557 524 3
559 524 3
567 524 2
568 524 3
570 524 2
576 524 1
578 524 3
581 524 1
583 524 2
585 524 3
588 524 3
592 524 2
593 524 1
597 524 2
601 524 1
602 524 1
605 524 3
606 524 1
607 524 2
609 524 3
613 524 2
615 524 1
619 524 2
621 524 1
624 524 3
625 524 1
641 524 3
642 524 3
644 524 3
645 524 1
646 524 1
649 524 1
650 524 1
653 524 1
656 524 1
657 524 1
658 524 1
660 524 2
667 524 2
669 524 2
673 524 1
674 524 2
675 524 2
683 524 2
684 524 3
686 524 2
687 524 2
689 524 3
690 524 3
691 524 2
692 524 1
694 524 2
700 524 1
702 524 2
703 524 2
705 524 3
706 524 3
709 524 2
715 524 2
716 524 1
718 524 3
723 524 1
726 524 3
727 524 2
733 524 1
734 524 2
735 524 3
739 524 3
746 524 3
750 524 3
751 524 3
755 524 2
757 524 1
759 524 3
762 524 2
769 524 3
772 524 2
776 524 3
777 524 2
782 524 1
784 524 1
785 524 2
786 524 3
788 524 2
793 524 1
798 524 1
802 524 1
803 524 2
806 524 2
811 524 3
812 524 2
813 524 3
815 524 2
816 524 2
817 524 1
825 524 2
828 524 3
829 524 1
831 524 2
834 524 3
836 524 1
837 524 2
839 524 1
840 524 3
846 524 1
847 524 3
852 524 1
853 524 3
857 524 1
862 524 2
864 524 3
867 524 1
869 524 3
870 524 2
876 524 3
877 524 3
879 524 2
880 524 1
881 524 2
884 524 1
886 524 3
895 524 1
899 524 2
902 524 3
908 524 3
909 524 3
913 524 2
914 524 1
915 524 3
916 524 3
919 524 2
923 524 3
924 524 2
926 524 3
927 524 3
929 524 3
933 524 1
941 524 2
943 524 2
944 524 1
948 524 3
951 524 2
952 524 3
954 524 1
955 524 1
959 524 1
960 524 1
968 524 3
970 524 1
971 524 2
976 524 1
980 524 3
981 524 1
990 524 3
993 524 3
994 524 2
996 524 1
998 524 1
2 525 2
4 525 1
5 525 2
11 525 1
12 525 3
13 525 1
18 525 3
21 525 2
24 525 2
26 525 1
29 525 3
30 525 2
35 525 3
48 525 3
49 525 3
54 525 3
55 525 1
56 525 3
58 525 3
60 525 1
62 525 2
64 525 2
68 525 2
71 525 2
72 525 3
77 525 2
80 525 1
83 525 1
86 525 2
89 525 3
93 525 3
96 525 2
97 525 1
100 525 1
101 525 1
103 525 3
105 525 2
111 525 2
115 525 3
118 525 1
119 525 1
124 525 2
126 525 2
131 525 3
133 525 2
134 525 2
135 525 1
139 525 2
149 525 3
150 525 2
159 525 1
163 525 2
169 525 2
174 525 2
183 525 1
188 525 3
189 525 1
196 525 2
197 525 3
200 525 1
201 525 3
210 525 3
211 525 1
212 525 3
214 525 2
215 525 1
216 525 1
223 525 3
224 525 1
226 525 2
229 525 3
231 525 3
232 525 2
235 525 2
240 525 1
242 525 2
245 525 2
246 525 3
249 525 2
254 525 2
257 525 1
258 525 3
259 525 3
264 525 2
267 525 1
269 525 3
270 525 1
279 525 1
280 525 2
281 525 1
284 525 1
287 525 1
291 525 3
292 525 3
296 525 2
302 525 2
305 525 1
306 525 1
311 525 3
314 525 1
317 525 2
320 525 1
321 525 2
322 525 3
325 525 2
326 525 3
327 525 3
332 525 1
333 525 3
334 525 2
337 525 2
340 525 2
341 525 2
344 525 3
345 525 2
352 525 1
355 525 1
358 525 1
363 525 3
367 525 1
369 525 1
371 525 3
372 525 1
375 525 1
378 525 1
379 525 3
383 525 2
384 525 1
390 525 3
396 525 2
398 525 1
400 525 3
401 525 1
402 525 3
403 525 3
406 525 3
410 525 3
412 525 1
415 525 2
418 525 3
422 525 3
426 525 3
435 525 1
440 525 3
442 525 3
445 525 2
449 525 1
450 525 1
452 525 1
455 525 1
458 525 3
460 525 3
461 525 3
470 525 3
472 525 1
474 525 3
475 525 2
477 525 2
480 525 1
483 525 1
488 525 2
490 525 3
492 525 2
498 525 3
499 525 2
500 525 1
502 525 1
505 525 3
506 525 2
508 525 2
516 525 1
517 525 3
519 525 2
525 525 3
532 525 1
533 525 3
536 525 1
542 525 3
543 525 2
559 525 2
561 525 1
563 525 3
566 525 3
575 525 3
580 525 1
586 525 1
593 525 1
594 525 2
595 525 3
599 525 1
603 525 1
604 525 3
605 525 1
610 525 3
615 525 3
616 525 3
620 525 1
622 525 2
628 525 2
630 525 1
633 525 1
635 525 2
638 525 1
647 525 3
648 525 2
650 525 2
651 525 1
653 525 2
656 525 3
659 525 2
660 525 3
663 525 3
664 525 3
666 525 1
674 525 2
678 525 2
679 525 2
682 525 3
683 525 3
685 525 1
686 525 1
688 525 2
700 525 3
701 525 2
702 525 1
704 525 2
705 525 3
708 525 1
709 525 3
722 525 2
724 525 1
725 525 2
727 525 3
728 525 2
729 525 1
738 525 1
743 525 3
745 525 1
746 525 2
747 525 3
749 525 2
750 525 1
754 525 1
756 525 1
759 525 3
760 525 1
766 525 1
768 525 1
769 525 3
770 525 3
772 525 2
781 525 2
782 525 1
786 525 2
787 525 2
789 525 2
792 525 3
795 525 2
799 525 1
802 525 1
804 525 3
805 525 1
806 525 2
808 525 1
811 525 2
813 525 2
814 525 2
816 525 1
819 525 1
821 525 3
824 525 1
826 525 1
827 525 3
829 525 2
831 525 2
835 525 3
838 525 3
840 525 1
842 525 3
843 525 2
847 525 3
854 525 2
860 525 1
871 525 2
873 525 2
878 525 1
879 525 3
884 525 3
886 525 2
889 525 1
890 525 2
891 525 1
896 525 2
901 525 3
902 525 3
909 525 1
912 525 2
916 525 2
921 525 1
925 525 3
931 525 1
932 525 3
942 525 2
943 525 2
944 525 1
951 525 1
954 525 3
956 525 3
959 525 1
960 525 3
961 525 1
968 525 3
969 525 2
970 525 3
978 525 3
984 525 2
985 525 2
988 525 3
989 525 3
992 525 1
993 525 1
994 525 2
998 525 2
1 526 2
3 526 2
4 526 1
6 526 3
10 526 1
12 526 3
17 526 3
18 526 3
19 526 1
33 526 3
43 526 1
47 526 2
50 526 2
54 526 1
55 526 1
57 526 3
60 526 1
61 526 1
64 526 3
65 526 3
75 526 3
77 526 1
82 526 2
83 526 3
84 526 1
88 526 2
94 526 1
95 526 2
98 526 2
99 526 3
103 526 2
105 526 2
107 526 2
108 526 1
111 526 3
112 526 1
115 526 2
119 526 3
120 526 3
121 526 3
122 526 2
125 526 1
126 526 2
129 526 1
132 526 2
133 526 3
136 526 3
143 526 3
150 526 3
155 526 2
160 526 2
166 526 1
173 526 3
176 526 2
178 526 1
179 526 1
181 526 1
182 526 3
187 526 1
190 526 3
191 526 3
194 526 3
196 526 3
198 526 3
201 526 1
204 526 3
207 526 2
209 526 3
217 526 2
218 526 3
220 526 2
227 526 1
228 526 3
229 526 1
232 526 2
240 526 1
242 526 1
248 526 3
249 526 2
250 526 1
251 526 3
252 526 2
