367 281 1
368 281 2
369 281 3
371 281 1
378 281 3
379 281 1
383 281 2
384 281 1
385 281 2
389 281 2
391 281 2
394 281 1
400 281 1
401 281 1
404 281 1
406 281 2
407 281 3
408 281 3
409 281 2
418 281 3
420 281 2
423 281 1
430 281 1
432 281 2
434 281 1
436 281 2
437 281 2
441 281 2
443 281 2
447 281 2
448 281 3
449 281 1
451 281 2
455 281 3
460 281 3
462 281 1
463 281 1
465 281 1
466 281 1
468 281 1
469 281 2
470 281 2
474 281 2
475 281 3
482 281 3
484 281 3
488 281 2
491 281 3
493 281 3
495 281 2
497 281 3
498 281 2
499 281 2
501 281 3
506 281 3
509 281 3
511 281 2
513 281 1
516 281 3
517 281 3
529 281 3
533 281 2
534 281 3
535 281 1
537 281 1
538 281 1
553 281 1
557 281 2
559 281 3
560 281 3
561 281 2
562 281 3
563 281 3
565 281 3
567 281 1
571 281 2
577 281 1
578 281 2
583 281 1
589 281 3
590 281 1
591 281 2
593 281 1
597 281 2
598 281 1
601 281 1
602 281 1
604 281 3
605 281 2
608 281 3
610 281 3
613 281 3
615 281 2
616 281 3
618 281 2
620 281 1
622 281 2
629 281 3
631 281 2
634 281 2
635 281 3
641 281 2
659 281 2
660 281 1
663 281 2
670 281 1
671 281 2
672 281 1
677 281 1
682 281 3
685 281 1
688 281 1
690 281 1
691 281 2
692 281 3
693 281 1
694 281 2
697 281 3
698 281 2
699 281 3
702 281 2
704 281 2
707 281 1
708 281 3
709 281 2
712 281 3
713 281 2
715 281 2
720 281 3
723 281 1
725 281 2
726 281 1
727 281 3
732 281 3
733 281 1
734 281 3
735 281 2
737 281 3
738 281 2
739 281 2
742 281 1
743 281 1
747 281 1
748 281 2
755 281 2
759 281 2
765 281 3
767 281 2
772 281 2
779 281 2
781 281 2
782 281 2
784 281 3
785 281 3
788 281 3
791 281 1
792 281 2
794 281 2
795 281 2
797 281 1
799 281 2
802 281 2
807 281 3
810 281 2
811 281 2
812 281 3
815 281 2
817 281 3
820 281 3
824 281 1
825 281 1
838 281 2
839 281 3
842 281 2
843 281 2
845 281 2
848 281 3
849 281 2
851 281 1
852 281 3
857 281 3
868 281 3
870 281 2
871 281 2
872 281 2
874 281 1
875 281 2
876 281 1
877 281 2
891 281 3
898 281 3
902 281 2
905 281 2
908 281 1
913 281 3
920 281 3
921 281 2
923 281 3
927 281 3
930 281 3
932 281 3
934 281 3
939 281 3
941 281 1
946 281 2
948 281 2
959 281 2
962 281 1
963 281 3
964 281 1
968 281 2
969 281 3
972 281 2
973 281 1
977 281 1
978 281 2
980 281 3
982 281 3
986 281 3
987 281 2
989 281 1
990 281 3
993 281 2
995 281 2
997 281 3
998 281 3
999 281 1
3 282 1
5 282 1
6 282 1
7 282 2
14 282 3
15 282 2
19 282 3
24 282 1
31 282 2
32 282 3
36 282 3
37 282 1
42 282 2
43 282 2
45 282 2
46 282 3
51 282 1
55 282 2
63 282 1
64 282 1
69 282 2
71 282 2
73 282 1
74 282 2
77 282 1
82 282 1
87 282 3
89 282 2
90 282 2
91 282 3
94 282 3
95 282 2
98 282 3
99 282 2
100 282 2
104 282 1
105 282 3
111 282 3
112 282 3
115 282 2
117 282 1
120 282 1
124 282 1
127 282 2
129 282 1
131 282 2
132 282 1
134 282 2
140 282 1
141 282 3
149 282 2
150 282 3
151 282 2
152 282 3
155 282 3
157 282 1
159 282 1
165 282 1
170 282 2
172 282 1
173 282 1
181 282 1
184 282 3
187 282 2
189 282 1
190 282 2
191 282 2
193 282 2
194 282 3
196 282 1
197 282 3
198 282 1
204 282 1
208 282 1
211 282 2
212 282 1
213 282 3
217 282 3
218 282 1
225 282 1
226 282 2
229 282 3
236 282 3
237 282 2
241 282 1
242 282 2
247 282 2
250 282 2
253 282 2
254 282 2
255 282 1
256 282 1
257 282 2
264 282 3
266 282 2
267 282 3
269 282 2
272 282 2
274 282 2
276 282 3
278 282 2
279 282 3
280 282 2
281 282 2
282 282 1
284 282 1
287 282 1
289 282 1
293 282 1
294 282 1
295 282 1
300 282 1
303 282 1
308 282 2
311 282 2
313 282 2
315 282 3
317 282 2
319 282 3
324 282 3
328 282 3
329 282 2
331 282 1
333 282 3
334 282 2
336 282 2
337 282 2
340 282 2
347 282 1
356 282 1
357 282 2
358 282 1
361 282 1
366 282 2
369 282 3
374 282 1
375 282 3
376 282 2
378 282 1
382 282 2
383 282 3
384 282 1
386 282 3
388 282 2
389 282 2
393 282 3
395 282 1
400 282 3
403 282 3
404 282 1
408 282 1
410 282 2
411 282 3
415 282 1
418 282 1
421 282 2
426 282 2
429 282 2
430 282 1
431 282 2
434 282 2
440 282 2
443 282 1
444 282 1
446 282 1
447 282 1
451 282 1
453 282 3
457 282 1
460 282 3
463 282 1
466 282 1
471 282 3
475 282 1
479 282 3
481 282 3
484 282 1
489 282 3
495 282 2
496 282 2
497 282 1
502 282 1
504 282 2
505 282 3
509 282 2
511 282 2
512 282 3
515 282 2
528 282 1
535 282 2
536 282 3
537 282 1
540 282 3
541 282 2
542 282 3
552 282 2
554 282 1
557 282 2
558 282 2
565 282 1
567 282 2
572 282 3
575 282 1
578 282 2
582 282 1
584 282 1
586 282 1
587 282 1
588 282 2
591 282 3
593 282 3
595 282 3
597 282 2
600 282 3
603 282 2
606 282 2
607 282 1
608 282 1
612 282 3
615 282 1
616 282 1
620 282 1
623 282 2
624 282 1
625 282 2
629 282 2
632 282 3
634 282 1
636 282 3
637 282 2
641 282 2
646 282 1
647 282 1
649 282 3
652 282 1
654 282 3
655 282 1
658 282 3
661 282 2
662 282 3
664 282 3
666 282 2
672 282 1
676 282 2
677 282 3
680 282 3
681 282 3
687 282 2
700 282 2
701 282 1
706 282 2
710 282 1
712 282 2
714 282 3
715 282 2
716 282 1
723 282 3
724 282 3
726 282 3
728 282 2
730 282 1
738 282 1
740 282 3
741 282 3
744 282 3
745 282 2
747 282 2
757 282 1
761 282 3
762 282 3
767 282 3
771 282 2
773 282 1
777 282 2
779 282 3
780 282 3
781 282 2
782 282 2
784 282 2
790 282 2
796 282 3
798 282 2
799 282 3
801 282 2
803 282 3
805 282 1
806 282 3
808 282 1
812 282 2
815 282 2
817 282 2
821 282 2
823 282 3
824 282 3
827 282 2
829 282 1
832 282 3
839 282 1
841 282 3
842 282 2
844 282 1
849 282 1
854 282 1
855 282 1
859 282 1
861 282 2
862 282 2
863 282 1
865 282 3
866 282 3
867 282 3
870 282 3
871 282 3
874 282 2
877 282 1
879 282 3
882 282 2
891 282 2
893 282 2
901 282 1
902 282 1
905 282 3
908 282 3
909 282 1
910 282 2
911 282 2
912 282 2
915 282 3
916 282 2
919 282 2
929 282 1
930 282 2
933 282 3
934 282 3
937 282 3
938 282 2
939 282 2
948 282 3
949 282 1
950 282 2
954 282 3
955 282 1
961 282 3
962 282 2
964 282 3
969 282 3
970 282 1
971 282 1
977 282 1
984 282 3
985 282 1
989 282 1
990 282 1
991 282 3
993 282 2
995 282 3
996 282 3
998 282 1
0 283 3
1 283 2
2 283 3
3 283 1
4 283 3
8 283 3
13 283 2
16 283 2
17 283 2
19 283 3
23 283 1
25 283 3
29 283 3
33 283 1
34 283 1
36 283 1
38 283 2
39 283 3
40 283 3
41 283 1
43 283 2
51 283 3
58 283 2
59 283 2
62 283 1
68 283 2
71 283 3
75 283 1
82 283 3
83 283 2
85 283 1
87 283 2
93 283 1
94 283 1
99 283 1
100 283 3
103 283 1
105 283 2
108 283 1
110 283 3
112 283 3
113 283 1
116 283 2
117 283 2
122 283 2
125 283 2
127 283 2
133 283 3
136 283 2
140 283 2
142 283 3
146 283 2
147 283 2
148 283 3
151 283 2
153 283 2
157 283 2
160 283 2
164 283 2
167 283 3
174 283 1
175 283 2
176 283 2
177 283 2
178 283 3
179 283 3
180 283 3
181 283 1
186 283 1
187 283 3
191 283 2
196 283 2
197 283 1
200 283 1
208 283 1
212 283 3
213 283 3
218 283 1
223 283 1
224 283 3
228 283 1
