700 358 3
704 358 1
706 358 3
708 358 2
711 358 1
716 358 3
717 358 1
718 358 1
719 358 3
727 358 1
731 358 1
732 358 3
733 358 3
737 358 1
739 358 2
742 358 1
744 358 3
754 358 1
766 358 3
768 358 2
769 358 3
770 358 3
771 358 3
772 358 2
777 358 3
780 358 1
782 358 2
784 358 2
786 358 2
787 358 2
788 358 2
792 358 3
797 358 2
798 358 2
799 358 2
801 358 3
803 358 3
805 358 2
807 358 3
808 358 3
812 358 3
813 358 2
815 358 2
818 358 1
820 358 2
823 358 3
825 358 1
826 358 2
829 358 2
832 358 2
833 358 3
834 358 3
837 358 2
838 358 1
848 358 3
850 358 2
854 358 2
860 358 3
863 358 3
867 358 2
868 358 2
871 358 3
874 358 3
878 358 3
881 358 2
883 358 2
885 358 1
896 358 3
897 358 2
900 358 2
902 358 2
905 358 3
906 358 2
908 358 2
910 358 3
911 358 3
912 358 1
913 358 3
915 358 1
919 358 2
926 358 3
928 358 3
929 358 2
933 358 2
934 358 2
935 358 2
936 358 1
937 358 1
940 358 1
942 358 2
946 358 1
948 358 3
950 358 2
953 358 3
954 358 1
955 358 1
959 358 1
963 358 3
970 358 1
973 358 2
980 358 1
983 358 1
984 358 2
986 358 1
989 358 3
992 358 3
994 358 1
996 358 3
997 358 2
998 358 1
999 358 2
6 359 3
7 359 3
8 359 1
12 359 1
14 359 1
23 359 1
24 359 3
26 359 2
31 359 3
32 359 2
41 359 2
44 359 1
46 359 2
47 359 3
48 359 3
49 359 2
51 359 1
58 359 2
61 359 1
63 359 1
71 359 2
76 359 2
87 359 3
90 359 3
96 359 3
98 359 3
100 359 2
102 359 3
103 359 3
105 359 1
106 359 2
111 359 2
113 359 3
114 359 1
117 359 1
118 359 2
123 359 2
124 359 1
127 359 1
131 359 3
135 359 3
137 359 3
141 359 3
144 359 1
145 359 3
147 359 3
154 359 1
157 359 2
163 359 2
164 359 3
168 359 3
170 359 3
171 359 1
176 359 3
177 359 2
180 359 3
182 359 3
183 359 2
188 359 2
189 359 2
194 359 1
198 359 3
203 359 1
205 359 1
206 359 2
213 359 3
214 359 3
217 359 1
219 359 2
221 359 1
225 359 1
226 359 3
227 359 3
229 359 1
231 359 2
232 359 2
243 359 3
244 359 2
248 359 2
251 359 1
259 359 1
265 359 1
267 359 1
272 359 1
273 359 2
274 359 2
275 359 3
278 359 3
284 359 3
288 359 2
289 359 2
290 359 2
293 359 3
294 359 2
296 359 1
300 359 1
301 359 1
302 359 3
303 359 1
311 359 1
312 359 2
319 359 2
323 359 3
325 359 2
332 359 3
333 359 3
335 359 2
340 359 2
343 359 2
346 359 2
352 359 1
353 359 2
355 359 3
357 359 1
358 359 1
361 359 1
362 359 2
370 359 1
376 359 1
382 359 2
384 359 3
385 359 3
389 359 2
391 359 2
404 359 2
410 359 2
411 359 3
415 359 3
420 359 2
422 359 2
425 359 2
428 359 2
429 359 2
438 359 2
441 359 2
443 359 2
446 359 3
447 359 2
448 359 3
453 359 2
454 359 1
456 359 2
463 359 2
466 359 1
467 359 1
468 359 2
471 359 1
472 359 3
473 359 1
474 359 3
481 359 2
486 359 2
488 359 1
495 359 3
496 359 2
506 359 1
509 359 2
510 359 2
511 359 3
516 359 3
517 359 3
518 359 2
519 359 3
521 359 1
523 359 3
524 359 2
526 359 1
529 359 3
536 359 3
538 359 1
540 359 2
545 359 2
547 359 2
550 359 2
553 359 1
554 359 1
562 359 1
563 359 1
567 359 2
568 359 2
570 359 2
571 359 2
577 359 2
579 359 2
584 359 3
585 359 2
586 359 3
592 359 1
593 359 3
594 359 3
596 359 3
597 359 2
600 359 2
602 359 3
603 359 3
605 359 2
607 359 2
610 359 1
611 359 1
622 359 1
624 359 3
627 359 2
628 359 2
629 359 3
631 359 2
634 359 3
635 359 1
636 359 2
639 359 1
649 359 1
650 359 1
651 359 1
653 359 1
659 359 3
661 359 1
663 359 3
664 359 2
671 359 3
674 359 2
675 359 3
678 359 2
680 359 1
681 359 2
683 359 3
691 359 3
694 359 2
695 359 2
697 359 2
706 359 3
709 359 1
711 359 2
723 359 1
724 359 3
725 359 1
726 359 1
728 359 1
736 359 3
741 359 2
742 359 3
745 359 3
746 359 1
747 359 2
752 359 1
756 359 3
759 359 1
760 359 2
765 359 3
770 359 3
771 359 3
773 359 1
776 359 2
777 359 2
783 359 3
785 359 3
787 359 1
789 359 1
790 359 3
793 359 2
796 359 3
798 359 1
799 359 3
800 359 2
803 359 1
806 359 2
807 359 1
809 359 2
813 359 2
818 359 3
825 359 1
826 359 1
828 359 3
829 359 1
830 359 1
831 359 3
833 359 2
834 359 3
836 359 2
839 359 2
840 359 1
843 359 1
847 359 2
850 359 1
853 359 2
857 359 3
858 359 3
861 359 1
862 359 1
863 359 2
867 359 2
870 359 2
875 359 1
876 359 1
879 359 3
881 359 2
886 359 2
888 359 2
899 359 2
900 359 3
901 359 1
909 359 3
913 359 2
914 359 2
921 359 1
922 359 3
926 359 2
933 359 3
934 359 3
936 359 1
939 359 2
945 359 3
947 359 3
948 359 1
950 359 3
951 359 2
952 359 2
957 359 2
958 359 1
959 359 2
960 359 1
961 359 2
962 359 1
965 359 3
966 359 2
971 359 3
973 359 3
975 359 3
976 359 1
978 359 1
980 359 2
981 359 3
985 359 1
995 359 3
996 359 2
999 359 1
0 360 2
3 360 3
4 360 1
5 360 2
10 360 2
11 360 1
14 360 1
16 360 1
18 360 1
19 360 3
20 360 2
25 360 3
26 360 3
27 360 1
35 360 2
40 360 3
50 360 3
52 360 1
54 360 2
60 360 2
63 360 3
64 360 3
70 360 3
76 360 3
78 360 1
79 360 3
80 360 2
81 360 1
84 360 3
88 360 3
89 360 1
92 360 1
95 360 1
97 360 1
101 360 2
104 360 2
110 360 3
116 360 1
121 360 1
129 360 2
130 360 3
131 360 2
136 360 2
141 360 2
142 360 1
146 360 2
147 360 2
149 360 2
151 360 3
152 360 3
155 360 3
157 360 1
165 360 1
172 360 2
174 360 3
183 360 3
190 360 2
192 360 1
193 360 1
194 360 2
199 360 2
201 360 3
206 360 1
208 360 2
209 360 2
212 360 3
213 360 1
215 360 2
221 360 3
228 360 2
229 360 1
230 360 1
231 360 2
235 360 1
242 360 1
243 360 1
245 360 1
249 360 1
250 360 2
254 360 2
255 360 2
260 360 1
262 360 3
265 360 2
267 360 2
273 360 2
275 360 2
277 360 2
278 360 3
282 360 1
285 360 1
287 360 1
292 360 3
293 360 3
298 360 2
300 360 1
305 360 1
308 360 1
310 360 2
313 360 1
317 360 3
318 360 3
322 360 1
324 360 3
326 360 3
330 360 3
331 360 2
333 360 1
336 360 2
337 360 3
338 360 3
342 360 2
354 360 2
355 360 1
356 360 3
358 360 3
363 360 1
366 360 1
369 360 1
371 360 3
372 360 1
376 360 1
379 360 3
384 360 3
386 360 1
387 360 3
388 360 3
389 360 3
390 360 2
393 360 2
396 360 1
398 360 1
400 360 2
407 360 1
414 360 1
416 360 1
417 360 1
418 360 1
419 360 1
421 360 2
422 360 3
427 360 3
428 360 3
430 360 2
431 360 2
432 360 1
434 360 2
439 360 1
440 360 3
443 360 1
448 360 3
449 360 3
451 360 2
452 360 3
456 360 3
462 360 3
463 360 1
466 360 2
468 360 2
475 360 1
477 360 3
484 360 1
489 360 1
493 360 1
494 360 1
495 360 3
497 360 2
500 360 3
506 360 2
508 360 2
514 360 1
517 360 2
526 360 2
530 360 1
531 360 1
537 360 3
550 360 3
552 360 1
558 360 2
559 360 2
561 360 2
564 360 3
565 360 2
567 360 3
568 360 2
572 360 2
574 360 1
577 360 1
578 360 1
589 360 1
590 360 3
592 360 3
593 360 3
595 360 3
599 360 2
607 360 3
609 360 2
610 360 1
611 360 3
612 360 1
613 360 2
615 360 3
619 360 1
624 360 2
628 360 1
630 360 3
631 360 1
635 360 3
636 360 1
637 360 2
638 360 3
641 360 1
642 360 2
643 360 2
646 360 3
647 360 1
650 360 3
653 360 1
661 360 2
662 360 1
663 360 1
