730 312 2
731 312 1
733 312 3
735 312 1
737 312 3
738 312 3
745 312 1
754 312 2
761 312 2
762 312 2
765 312 1
766 312 3
769 312 3
777 312 1
781 312 2
782 312 3
784 312 2
785 312 2
788 312 2
795 312 2
797 312 1
798 312 3
801 312 2
802 312 1
804 312 3
805 312 2
810 312 1
815 312 1
816 312 3
823 312 1
826 312 3
831 312 1
833 312 3
836 312 2
842 312 1
845 312 1
847 312 2
851 312 1
852 312 3
856 312 1
860 312 3
861 312 1
868 312 1
870 312 2
871 312 3
872 312 3
878 312 1
880 312 1
881 312 2
888 312 2
889 312 1
895 312 3
903 312 1
917 312 2
922 312 2
925 312 2
926 312 1
930 312 2
935 312 1
936 312 1
937 312 1
938 312 3
939 312 3
943 312 3
945 312 1
947 312 2
954 312 1
955 312 2
966 312 3
968 312 1
971 312 1
972 312 1
977 312 3
979 312 1
982 312 2
985 312 3
986 312 3
991 312 1
994 312 2
997 312 2
0 313 1
2 313 1
4 313 1
6 313 2
8 313 1
12 313 1
23 313 2
27 313 3
29 313 2
32 313 3
33 313 3
34 313 2
37 313 2
38 313 3
40 313 2
45 313 3
47 313 2
48 313 3
52 313 3
54 313 2
56 313 3
59 313 3
63 313 2
64 313 2
69 313 1
72 313 2
73 313 1
74 313 3
75 313 2
77 313 2
79 313 1
80 313 3
81 313 1
82 313 1
84 313 2
85 313 3
87 313 2
95 313 3
96 313 3
97 313 1
99 313 2
100 313 2
101 313 3
102 313 2
104 313 2
105 313 1
107 313 3
111 313 1
112 313 1
113 313 1
115 313 2
120 313 2
121 313 3
124 313 2
127 313 2
132 313 3
135 313 3
151 313 1
159 313 1
166 313 2
167 313 1
170 313 3
172 313 3
173 313 3
174 313 3
176 313 1
177 313 3
178 313 3
191 313 2
199 313 2
204 313 2
208 313 1
210 313 2
211 313 2
213 313 3
215 313 1
216 313 2
219 313 1
226 313 1
227 313 1
228 313 3
229 313 2
230 313 3
231 313 1
233 313 1
234 313 3
235 313 1
244 313 1
249 313 2
254 313 3
255 313 1
264 313 2
265 313 1
268 313 2
273 313 3
276 313 3
283 313 1
284 313 2
288 313 2
291 313 1
295 313 1
296 313 1
298 313 1
300 313 1
301 313 3
307 313 1
308 313 1
309 313 1
310 313 2
312 313 1
319 313 3
320 313 1
321 313 2
322 313 2
323 313 3
327 313 3
328 313 2
329 313 1
341 313 3
343 313 2
346 313 1
351 313 3
353 313 2
355 313 3
356 313 3
357 313 2
360 313 2
362 313 2
363 313 2
370 313 3
375 313 2
376 313 2
379 313 3
381 313 1
384 313 2
388 313 3
390 313 3
392 313 1
394 313 3
396 313 1
397 313 2
398 313 2
399 313 2
402 313 1
403 313 3
404 313 1
406 313 3
416 313 2
417 313 1
419 313 1
423 313 3
424 313 2
426 313 3
430 313 3
434 313 3
435 313 3
436 313 2
437 313 1
438 313 1
442 313 3
444 313 3
447 313 3
450 313 3
455 313 3
456 313 2
457 313 3
460 313 3
462 313 2
465 313 3
466 313 3
467 313 2
470 313 2
477 313 1
480 313 2
484 313 2
486 313 1
487 313 1
490 313 1
494 313 2
496 313 2
498 313 2
503 313 3
505 313 3
510 313 1
512 313 2
514 313 1
516 313 3
520 313 1
521 313 3
525 313 1
528 313 1
536 313 1
538 313 1
540 313 1
541 313 2
546 313 3
547 313 1
549 313 1
553 313 3
554 313 2
557 313 2
558 313 2
559 313 1
560 313 3
562 313 1
563 313 3
564 313 2
566 313 1
567 313 1
571 313 3
572 313 1
582 313 3
586 313 1
589 313 3
590 313 3
599 313 1
602 313 3
610 313 1
617 313 2
619 313 2
625 313 2
626 313 3
628 313 2
630 313 1
636 313 2
642 313 1
644 313 1
646 313 2
647 313 3
649 313 1
653 313 1
654 313 2
656 313 1
659 313 2
660 313 1
661 313 3
663 313 3
665 313 2
669 313 2
674 313 3
675 313 3
678 313 2
684 313 1
686 313 2
692 313 3
693 313 1
695 313 2
698 313 2
699 313 2
703 313 2
705 313 2
707 313 1
708 313 2
712 313 1
717 313 1
721 313 2
722 313 2
728 313 3
732 313 1
734 313 3
741 313 2
745 313 1
746 313 1
752 313 3
753 313 2
759 313 2
760 313 2
762 313 3
769 313 1
771 313 3
775 313 2
777 313 1
779 313 1
780 313 2
783 313 2
785 313 3
786 313 3
791 313 2
799 313 1
803 313 1
808 313 2
811 313 2
812 313 3
818 313 3
819 313 2
820 313 3
822 313 3
824 313 2
825 313 3
826 313 1
830 313 1
833 313 3
834 313 1
844 313 2
849 313 1
852 313 2
854 313 1
861 313 2
863 313 2
864 313 2
867 313 3
869 313 2
870 313 3
873 313 2
874 313 2
877 313 3
878 313 1
887 313 1
888 313 3
891 313 2
897 313 1
901 313 2
902 313 1
906 313 1
910 313 3
917 313 1
925 313 3
934 313 2
937 313 3
942 313 3
945 313 1
948 313 2
952 313 1
956 313 1
960 313 1
966 313 3
970 313 2
971 313 3
976 313 1
978 313 1
983 313 1
984 313 3
986 313 1
987 313 2
988 313 3
991 313 2
993 313 1
994 313 3
2 314 1
3 314 2
4 314 3
6 314 2
11 314 3
13 314 1
14 314 1
22 314 3
23 314 1
24 314 2
28 314 3
30 314 2
32 314 2
36 314 3
37 314 1
38 314 2
39 314 3
43 314 2
52 314 1
54 314 1
61 314 1
62 314 3
63 314 3
69 314 2
72 314 1
73 314 1
75 314 2
84 314 2
85 314 1
86 314 2
90 314 3
91 314 1
94 314 3
96 314 3
98 314 2
100 314 3
101 314 2
104 314 2
107 314 2
109 314 1
110 314 3
116 314 3
118 314 2
121 314 1
122 314 1
126 314 1
130 314 1
131 314 1
136 314 2
138 314 1
140 314 1
141 314 2
144 314 1
149 314 1
152 314 1
163 314 1
165 314 2
166 314 1
170 314 1
171 314 1
172 314 1
173 314 1
176 314 1
178 314 2
184 314 1
186 314 1
189 314 1
191 314 1
192 314 1
193 314 2
197 314 1
199 314 1
201 314 1
210 314 2
219 314 2
229 314 2
238 314 2
239 314 3
243 314 1
250 314 3
259 314 2
260 314 1
261 314 1
263 314 2
264 314 2
265 314 3
266 314 1
267 314 3
276 314 1
278 314 2
281 314 1
287 314 3
289 314 2
290 314 3
292 314 3
295 314 1
297 314 3
301 314 2
302 314 1
303 314 1
306 314 3
310 314 2
315 314 3
321 314 2
325 314 3
328 314 2
331 314 2
332 314 1
333 314 2
337 314 3
347 314 1
348 314 1
349 314 1
355 314 3
362 314 1
363 314 2
370 314 3
373 314 3
378 314 1
379 314 1
380 314 3
383 314 1
384 314 1
391 314 3
393 314 2
395 314 2
396 314 3
397 314 2
398 314 3
399 314 1
405 314 1
406 314 3
410 314 3
416 314 2
421 314 3
422 314 2
423 314 1
425 314 1
429 314 1
433 314 2
435 314 2
439 314 1
441 314 2
443 314 2
446 314 3
447 314 2
454 314 3
455 314 1
458 314 2
459 314 2
463 314 3
464 314 3
465 314 3
469 314 2
474 314 1
475 314 2
484 314 1
486 314 2
488 314 1
490 314 1
491 314 3
497 314 2
498 314 2
499 314 1
500 314 1
504 314 2
508 314 3
509 314 2
510 314 2
511 314 1
516 314 3
517 314 1
521 314 1
522 314 2
523 314 3
524 314 3
525 314 1
526 314 3
527 314 3
530 314 2
531 314 3
535 314 3
538 314 3
544 314 2
550 314 1
555 314 2
560 314 3
561 314 2
562 314 1
563 314 2
564 314 1
565 314 1
566 314 2
567 314 2
568 314 1
569 314 2
570 314 3
580 314 2
581 314 3
584 314 2
586 314 1
593 314 3
594 314 3
599 314 3
602 314 1
606 314 2
609 314 1
610 314 1
613 314 2
615 314 3
617 314 1
623 314 2
625 314 2
633 314 1
635 314 2
637 314 2
640 314 3
641 314 2
643 314 3
644 314 3
649 314 3
653 314 1
654 314 2
655 314 1
661 314 3
664 314 3
665 314 1
666 314 3
670 314 1
673 314 3
674 314 1
677 314 2
678 314 1
679 314 1
681 314 2
682 314 3
683 314 2
685 314 1
687 314 2
690 314 1
693 314 2
694 314 3
699 314 1
700 314 3
706 314 3
707 314 3
708 314 3
709 314 3
