370 38 1
375 38 3
379 38 3
381 38 3
384 38 3
386 38 3
389 38 2
394 38 2
395 38 3
400 38 1
402 38 2
404 38 3
405 38 3
408 38 3
409 38 1
410 38 1
411 38 3
417 38 3
428 38 3
437 38 2
440 38 1
441 38 3
442 38 3
449 38 3
450 38 2
451 38 1
453 38 3
457 38 3
460 38 1
462 38 3
463 38 3
470 38 3
474 38 1
478 38 1
479 38 2
480 38 1
482 38 2
484 38 2
485 38 3
488 38 3
489 38 3
490 38 1
492 38 1
494 38 1
499 38 3
501 38 2
508 38 1
516 38 1
523 38 2
527 38 2
528 38 1
530 38 2
531 38 3
532 38 1
536 38 2
538 38 3
540 38 2
541 38 3
542 38 1
544 38 1
545 38 2
547 38 3
548 38 2
549 38 2
551 38 1
557 38 2
559 38 2
569 38 3
570 38 3
572 38 2
575 38 3
576 38 1
577 38 3
578 38 1
579 38 2
583 38 1
585 38 1
586 38 2
595 38 2
602 38 2
603 38 3
605 38 1
612 38 1
616 38 2
619 38 1
621 38 2
622 38 1
632 38 3
633 38 1
635 38 1
638 38 2
639 38 3
641 38 1
642 38 3
643 38 2
649 38 1
652 38 1
654 38 1
657 38 1
659 38 2
660 38 2
664 38 3
665 38 3
673 38 2
678 38 2
687 38 3
689 38 2
690 38 1
694 38 3
697 38 2
698 38 3
702 38 1
703 38 3
705 38 3
706 38 3
707 38 1
713 38 3
715 38 2
720 38 2
725 38 3
726 38 3
730 38 3
731 38 2
739 38 3
743 38 3
747 38 3
755 38 3
759 38 2
762 38 2
770 38 3
771 38 2
772 38 3
775 38 2
783 38 2
791 38 1
797 38 2
800 38 2
801 38 1
802 38 2
804 38 1
807 38 2
808 38 2
809 38 3
810 38 3
814 38 1
816 38 3
818 38 1
819 38 3
823 38 3
825 38 1
829 38 1
833 38 3
839 38 2
840 38 2
842 38 2
844 38 3
848 38 1
853 38 1
857 38 1
860 38 1
863 38 1
866 38 3
868 38 3
877 38 2
880 38 2
887 38 1
895 38 1
897 38 1
900 38 3
901 38 3
904 38 1
906 38 1
909 38 1
911 38 3
914 38 3
915 38 3
917 38 1
919 38 2
922 38 1
924 38 1
930 38 3
931 38 2
932 38 1
934 38 3
941 38 2
944 38 1
949 38 1
952 38 3
961 38 1
968 38 1
969 38 2
975 38 2
991 38 2
993 38 1
995 38 1
1 39 2
8 39 3
14 39 2
16 39 1
25 39 1
26 39 1
27 39 1
31 39 3
38 39 2
39 39 1
41 39 3
43 39 3
45 39 1
46 39 3
47 39 1
48 39 2
53 39 3
54 39 3
58 39 3
59 39 1
61 39 3
66 39 3
76 39 1
77 39 2
78 39 3
83 39 3
97 39 2
101 39 2
102 39 2
105 39 2
107 39 2
111 39 2
112 39 2
113 39 2
114 39 1
121 39 1
122 39 1
124 39 2
128 39 3
132 39 1
135 39 2
139 39 2
142 39 3
143 39 3
147 39 3
150 39 3
151 39 1
153 39 3
163 39 2
165 39 1
174 39 1
179 39 3
189 39 1
190 39 1
191 39 2
193 39 2
194 39 3
203 39 1
204 39 2
208 39 1
209 39 3
220 39 3
222 39 2
225 39 3
230 39 1
232 39 2
233 39 1
235 39 3
240 39 1
248 39 1
249 39 2
251 39 2
253 39 3
260 39 1
261 39 1
262 39 2
266 39 2
272 39 1
274 39 2
278 39 1
283 39 2
287 39 1
289 39 1
291 39 3
293 39 3
295 39 2
296 39 3
298 39 3
300 39 3
301 39 1
306 39 2
308 39 2
312 39 2
314 39 2
318 39 1
319 39 3
320 39 2
322 39 3
323 39 2
328 39 2
330 39 3
336 39 2
344 39 3
347 39 2
353 39 2
354 39 2
355 39 1
356 39 2
359 39 3
361 39 1
363 39 1
371 39 3
373 39 1
375 39 2
377 39 1
378 39 1
380 39 2
382 39 3
384 39 3
385 39 1
389 39 3
394 39 3
396 39 3
397 39 3
401 39 2
403 39 3
406 39 3
407 39 3
408 39 1
410 39 1
411 39 1
414 39 3
415 39 3
417 39 1
419 39 1
420 39 3
422 39 1
423 39 1
425 39 1
429 39 1
432 39 1
433 39 3
440 39 2
441 39 3
442 39 1
443 39 3
448 39 3
450 39 2
451 39 1
455 39 2
456 39 3
460 39 3
462 39 1
471 39 1
474 39 1
475 39 2
480 39 1
483 39 2
485 39 1
488 39 1
490 39 2
491 39 2
492 39 1
497 39 2
504 39 3
505 39 2
506 39 2
508 39 3
509 39 2
510 39 3
516 39 3
519 39 2
521 39 1
523 39 3
524 39 2
527 39 3
528 39 2
531 39 3
532 39 1
535 39 2
536 39 3
539 39 2
542 39 1
546 39 1
548 39 2
557 39 3
563 39 3
566 39 3
570 39 2
573 39 1
577 39 2
580 39 3
581 39 3
582 39 1
584 39 1
586 39 2
591 39 3
595 39 3
596 39 2
599 39 2
601 39 1
607 39 1
608 39 3
609 39 2
611 39 1
614 39 3
616 39 2
619 39 1
621 39 2
622 39 1
623 39 3
630 39 2
633 39 3
635 39 2
644 39 2
647 39 3
649 39 1
651 39 2
652 39 3
653 39 1
654 39 2
656 39 3
667 39 1
668 39 1
669 39 1
674 39 2
681 39 1
688 39 1
689 39 2
693 39 3
695 39 3
699 39 2
701 39 3
702 39 2
703 39 1
711 39 2
715 39 3
716 39 3
718 39 3
720 39 3
721 39 1
722 39 3
724 39 1
729 39 2
731 39 3
732 39 2
734 39 2
737 39 3
739 39 2
746 39 1
751 39 2
753 39 1
756 39 1
760 39 3
770 39 2
773 39 3
775 39 1
779 39 1
782 39 3
788 39 1
791 39 1
792 39 2
793 39 3
794 39 3
798 39 2
799 39 3
800 39 3
802 39 3
804 39 1
805 39 1
809 39 2
811 39 2
814 39 3
824 39 1
826 39 2
827 39 2
829 39 1
830 39 3
838 39 1
839 39 2
841 39 3
845 39 2
847 39 2
848 39 1
851 39 2
852 39 2
857 39 2
863 39 1
864 39 1
867 39 3
868 39 1
869 39 1
870 39 3
873 39 1
875 39 3
877 39 2
881 39 2
882 39 3
884 39 3
893 39 2
894 39 1
895 39 3
899 39 1
900 39 3
902 39 1
906 39 3
907 39 3
912 39 1
914 39 2
915 39 2
922 39 2
923 39 3
924 39 2
927 39 3
929 39 1
930 39 3
932 39 1
933 39 3
936 39 3
938 39 1
939 39 2
948 39 2
949 39 2
957 39 2
969 39 3
970 39 2
981 39 2
982 39 2
984 39 2
988 39 2
991 39 2
992 39 2
995 39 2
996 39 3
999 39 3
4 40 1
5 40 2
6 40 1
7 40 3
11 40 1
13 40 1
16 40 3
17 40 3
24 40 2
27 40 1
29 40 2
30 40 1
32 40 2
35 40 3
39 40 1
40 40 1
45 40 2
50 40 1
57 40 1
68 40 3
69 40 2
71 40 1
72 40 1
73 40 1
76 40 1
78 40 2
80 40 3
81 40 3
89 40 3
91 40 3
95 40 3
99 40 2
105 40 2
106 40 1
108 40 2
113 40 2
114 40 3
117 40 3
122 40 2
124 40 2
125 40 1
127 40 1
131 40 3
134 40 2
136 40 3
139 40 1
143 40 1
144 40 2
145 40 2
146 40 3
149 40 1
150 40 1
151 40 2
161 40 1
164 40 2
166 40 2
173 40 3
174 40 2
175 40 1
180 40 3
185 40 1
191 40 1
196 40 2
216 40 1
226 40 3
233 40 2
235 40 1
242 40 1
244 40 1
247 40 3
248 40 1
249 40 1
252 40 1
254 40 2
258 40 1
259 40 3
261 40 1
262 40 1
265 40 3
278 40 3
280 40 1
285 40 3
293 40 2
294 40 3
296 40 3
302 40 1
303 40 2
307 40 1
311 40 3
324 40 3
325 40 2
327 40 1
328 40 2
330 40 1
331 40 1
332 40 1
333 40 2
335 40 1
338 40 1
339 40 1
340 40 3
347 40 1
349 40 3
350 40 3
354 40 2
355 40 1
357 40 3
362 40 1
367 40 1
371 40 2
372 40 1
373 40 2
374 40 3
377 40 1
381 40 1
382 40 2
384 40 2
388 40 1
389 40 3
390 40 3
391 40 3
392 40 1
394 40 2
397 40 3
401 40 2
402 40 1
404 40 1
407 40 3
408 40 3
409 40 1
413 40 2
414 40 2
418 40 3
419 40 3
421 40 3
428 40 3
