510 404 2
514 404 3
516 404 1
519 404 1
520 404 1
524 404 3
525 404 3
526 404 2
527 404 3
528 404 3
535 404 3
538 404 3
539 404 2
543 404 2
546 404 3
547 404 1
549 404 1
550 404 2
553 404 1
554 404 3
555 404 3
558 404 3
560 404 1
561 404 2
567 404 2
568 404 3
571 404 3
576 404 1
577 404 1
580 404 2
583 404 2
586 404 3
588 404 3
590 404 2
596 404 2
597 404 1
605 404 3
612 404 1
614 404 3
622 404 1
624 404 1
627 404 1
628 404 2
635 404 1
638 404 1
639 404 2
644 404 2
645 404 1
655 404 1
662 404 3
664 404 3
667 404 1
670 404 3
674 404 2
677 404 1
680 404 1
682 404 3
688 404 1
690 404 1
695 404 2
697 404 2
698 404 1
701 404 3
709 404 1
714 404 2
716 404 1
717 404 3
718 404 2
719 404 3
722 404 2
724 404 1
728 404 3
729 404 1
731 404 3
733 404 1
742 404 1
744 404 2
747 404 3
756 404 3
757 404 1
760 404 2
764 404 1
765 404 3
768 404 2
770 404 1
773 404 3
774 404 2
778 404 1
780 404 1
783 404 2
785 404 3
790 404 3
791 404 2
796 404 2
797 404 2
799 404 1
801 404 2
802 404 2
807 404 1
814 404 1
816 404 3
821 404 1
822 404 1
825 404 3
826 404 2
832 404 2
833 404 2
834 404 1
839 404 3
842 404 2
845 404 1
847 404 3
848 404 3
850 404 3
853 404 2
855 404 3
857 404 2
858 404 2
859 404 2
862 404 2
864 404 1
865 404 3
867 404 1
869 404 2
871 404 3
876 404 3
878 404 2
887 404 3
888 404 2
890 404 2
892 404 2
895 404 3
898 404 2
901 404 1
906 404 3
907 404 1
919 404 1
921 404 3
923 404 2
929 404 1
931 404 1
932 404 2
935 404 3
937 404 1
938 404 3
939 404 1
941 404 2
942 404 2
944 404 2
949 404 3
950 404 1
952 404 1
957 404 1
962 404 1
964 404 1
972 404 1
973 404 1
975 404 1
986 404 1
989 404 3
990 404 3
991 404 1
13 405 1
14 405 1
15 405 3
19 405 3
21 405 2
22 405 1
31 405 3
34 405 3
38 405 3
39 405 3
44 405 3
49 405 3
50 405 2
51 405 1
52 405 3
61 405 3
62 405 2
66 405 3
67 405 3
75 405 3
76 405 1
78 405 1
79 405 1
80 405 1
82 405 1
85 405 1
90 405 3
91 405 2
92 405 3
98 405 3
99 405 3
100 405 3
102 405 1
106 405 2
108 405 2
115 405 1
118 405 2
119 405 3
121 405 1
122 405 3
125 405 1
134 405 1
137 405 1
139 405 1
145 405 1
146 405 2
148 405 1
152 405 3
162 405 1
165 405 1
166 405 1
168 405 2
171 405 2
172 405 1
173 405 1
174 405 2
181 405 2
182 405 3
185 405 1
186 405 2
193 405 3
199 405 1
204 405 1
206 405 3
209 405 3
211 405 3
213 405 1
214 405 2
219 405 1
220 405 1
221 405 1
224 405 3
230 405 2
231 405 1
232 405 2
235 405 3
237 405 2
239 405 3
244 405 3
249 405 3
253 405 1
257 405 3
258 405 2
266 405 1
268 405 3
271 405 1
272 405 1
276 405 3
279 405 1
281 405 3
283 405 3
285 405 3
286 405 2
287 405 1
289 405 3
292 405 3
297 405 2
298 405 1
302 405 2
303 405 3
311 405 2
312 405 2
315 405 2
316 405 2
318 405 2
320 405 3
323 405 1
324 405 1
331 405 1
336 405 2
339 405 2
341 405 3
342 405 3
343 405 3
346 405 3
347 405 3
349 405 2
359 405 2
360 405 1
362 405 1
365 405 2
366 405 3
369 405 2
370 405 1
372 405 1
379 405 1
381 405 1
383 405 1
384 405 2
387 405 1
391 405 1
395 405 2
396 405 1
397 405 1
400 405 2
406 405 3
407 405 1
409 405 2
415 405 3
416 405 1
419 405 3
423 405 2
426 405 2
427 405 3
429 405 1
430 405 3
431 405 3
432 405 3
434 405 2
444 405 2
451 405 1
459 405 2
460 405 1
462 405 1
464 405 3
474 405 1
477 405 1
481 405 1
482 405 2
483 405 3
484 405 3
486 405 3
494 405 3
495 405 2
496 405 3
498 405 2
499 405 2
505 405 2
509 405 2
511 405 3
517 405 3
519 405 3
522 405 1
523 405 3
524 405 2
527 405 2
533 405 2
536 405 1
537 405 1
538 405 3
545 405 3
546 405 2
548 405 1
549 405 1
550 405 2
551 405 2
554 405 1
558 405 1
559 405 3
563 405 2
571 405 1
573 405 1
577 405 1
579 405 1
581 405 2
583 405 3
587 405 3
588 405 1
590 405 2
593 405 3
596 405 3
601 405 3
602 405 1
604 405 2
608 405 3
610 405 2
613 405 2
615 405 2
616 405 2
617 405 3
619 405 1
621 405 2
622 405 2
626 405 3
629 405 2
632 405 1
634 405 3
637 405 1
642 405 2
643 405 2
644 405 2
645 405 1
647 405 1
654 405 1
655 405 1
659 405 1
661 405 2
662 405 2
666 405 2
667 405 2
668 405 3
671 405 1
673 405 3
677 405 3
679 405 2
680 405 2
682 405 1
685 405 2
686 405 1
687 405 1
688 405 2
690 405 3
691 405 2
694 405 1
696 405 2
697 405 2
699 405 2
700 405 1
705 405 1
707 405 1
708 405 2
710 405 1
717 405 2
718 405 3
719 405 2
721 405 3
724 405 3
725 405 3
726 405 1
728 405 3
736 405 1
741 405 1
745 405 3
748 405 3
754 405 2
756 405 3
759 405 3
760 405 2
761 405 3
762 405 3
763 405 3
767 405 2
768 405 1
769 405 3
770 405 3
773 405 1
777 405 3
778 405 3
783 405 1
786 405 1
791 405 1
794 405 3
795 405 3
804 405 1
812 405 1
813 405 2
818 405 3
822 405 2
823 405 2
825 405 2
828 405 3
829 405 1
831 405 2
833 405 3
835 405 1
839 405 2
841 405 1
842 405 1
846 405 1
849 405 2
851 405 3
854 405 1
863 405 2
867 405 3
868 405 3
875 405 3
880 405 1
881 405 2
893 405 2
896 405 3
898 405 3
900 405 2
902 405 2
904 405 1
908 405 2
909 405 1
912 405 3
916 405 1
917 405 3
920 405 2
923 405 1
925 405 1
933 405 1
939 405 1
941 405 1
942 405 1
945 405 2
947 405 2
948 405 2
949 405 2
954 405 3
955 405 3
957 405 1
961 405 1
962 405 1
967 405 2
968 405 2
974 405 3
976 405 1
978 405 3
979 405 3
980 405 2
982 405 1
985 405 2
990 405 1
991 405 3
3 406 2
10 406 1
12 406 2
13 406 3
14 406 3
15 406 3
18 406 1
28 406 3
35 406 1
36 406 3
39 406 1
41 406 2
42 406 3
45 406 3
46 406 1
51 406 1
52 406 3
58 406 2
59 406 3
61 406 2
64 406 1
67 406 2
70 406 3
76 406 1
79 406 1
85 406 2
86 406 3
92 406 3
98 406 1
100 406 1
102 406 3
107 406 3
109 406 1
112 406 2
113 406 3
114 406 1
121 406 3
122 406 3
126 406 2
128 406 2
130 406 3
134 406 1
139 406 2
141 406 2
142 406 2
144 406 3
145 406 1
147 406 1
148 406 1
150 406 3
151 406 2
153 406 2
154 406 3
156 406 2
161 406 3
169 406 3
171 406 3
175 406 3
179 406 2
182 406 1
185 406 2
186 406 1
190 406 2
191 406 3
194 406 3
199 406 1
202 406 2
207 406 3
210 406 2
212 406 1
214 406 3
215 406 1
218 406 1
219 406 1
220 406 2
223 406 1
229 406 3
232 406 1
235 406 2
248 406 2
253 406 1
256 406 1
257 406 3
262 406 2
264 406 1
266 406 1
271 406 2
274 406 1
276 406 1
281 406 1
284 406 1
287 406 1
291 406 2
294 406 1
296 406 3
298 406 3
320 406 3
324 406 2
327 406 2
330 406 3
334 406 1
337 406 3
340 406 1
342 406 3
346 406 3
347 406 2
348 406 2
350 406 2
352 406 1
353 406 1
359 406 1
360 406 2
362 406 2
363 406 1
364 406 3
366 406 2
367 406 3
369 406 3
370 406 2
371 406 1
372 406 2
377 406 2
381 406 2
384 406 1
385 406 1
386 406 2
387 406 3
393 406 2
394 406 2
396 406 2
398 406 2
399 406 1
407 406 2
411 406 1
414 406 3
415 406 2
418 406 2
420 406 2
425 406 1
426 406 2
428 406 3
431 406 3
432 406 3
434 406 2
436 406 1
438 406 3
439 406 1
444 406 2
445 406 3
446 406 3
447 406 2
448 406 1
451 406 3
452 406 3
458 406 3
459 406 1
462 406 2
463 406 2
