523 566 3
526 566 2
530 566 3
532 566 3
534 566 1
536 566 1
538 566 1
544 566 2
548 566 3
554 566 3
556 566 1
559 566 1
561 566 3
563 566 2
565 566 3
572 566 3
575 566 3
576 566 3
577 566 3
579 566 1
583 566 2
590 566 3
597 566 1
603 566 1
606 566 2
608 566 2
609 566 2
611 566 2
614 566 1
616 566 1
617 566 3
619 566 3
620 566 1
625 566 1
626 566 1
627 566 1
628 566 1
629 566 2
632 566 2
636 566 2
637 566 1
638 566 2
640 566 3
649 566 3
651 566 3
654 566 2
655 566 3
662 566 3
664 566 3
667 566 3
672 566 3
673 566 3
677 566 3
678 566 3
680 566 2
682 566 2
684 566 2
686 566 3
698 566 1
699 566 2
707 566 1
708 566 3
709 566 1
710 566 3
714 566 3
715 566 3
718 566 2
722 566 1
724 566 2
726 566 2
727 566 2
730 566 1
733 566 2
735 566 3
736 566 1
740 566 2
743 566 3
744 566 2
745 566 2
750 566 3
751 566 2
754 566 1
757 566 2
758 566 2
761 566 2
763 566 1
764 566 1
766 566 3
768 566 3
769 566 3
771 566 3
772 566 1
779 566 3
780 566 2
783 566 1
785 566 1
793 566 1
796 566 2
797 566 1
799 566 3
800 566 2
803 566 3
804 566 3
806 566 3
810 566 1
811 566 3
817 566 2
822 566 3
827 566 2
829 566 1
830 566 3
831 566 3
836 566 2
840 566 1
845 566 2
846 566 2
848 566 3
850 566 3
851 566 1
855 566 2
858 566 3
861 566 2
862 566 3
870 566 3
876 566 3
883 566 3
885 566 3
889 566 1
894 566 2
895 566 1
897 566 3
904 566 1
911 566 3
915 566 1
916 566 3
917 566 2
919 566 2
920 566 3
922 566 2
926 566 3
928 566 1
931 566 1
937 566 2
946 566 2
947 566 3
949 566 2
952 566 1
955 566 1
956 566 1
958 566 3
959 566 2
962 566 2
971 566 3
977 566 2
978 566 3
984 566 2
991 566 3
992 566 2
995 566 3
997 566 1
999 566 3
6 567 2
7 567 3
11 567 3
15 567 3
23 567 1
25 567 1
28 567 2
29 567 1
30 567 1
31 567 3
32 567 2
33 567 1
36 567 3
37 567 3
40 567 2
41 567 1
45 567 1
46 567 1
54 567 2
56 567 2
57 567 2
59 567 2
60 567 3
61 567 1
63 567 1
65 567 1
68 567 3
69 567 1
71 567 1
73 567 3
74 567 1
75 567 1
77 567 3
78 567 3
84 567 3
85 567 2
86 567 1
89 567 1
91 567 3
92 567 3
95 567 2
97 567 3
98 567 1
104 567 2
105 567 2
106 567 2
109 567 1
112 567 2
116 567 3
117 567 1
119 567 1
122 567 1
124 567 3
125 567 2
131 567 3
132 567 1
133 567 3
138 567 2
151 567 2
153 567 2
156 567 3
161 567 3
162 567 1
168 567 3
169 567 3
172 567 2
177 567 1
178 567 3
179 567 2
183 567 2
194 567 1
196 567 2
206 567 1
210 567 1
215 567 3
217 567 3
226 567 1
228 567 1
230 567 3
234 567 3
235 567 3
239 567 3
241 567 2
242 567 3
243 567 2
244 567 3
245 567 3
247 567 2
248 567 1
249 567 2
252 567 2
256 567 1
257 567 3
260 567 3
267 567 2
270 567 3
271 567 1
275 567 2
283 567 3
284 567 2
285 567 2
288 567 2
289 567 1
290 567 1
291 567 1
292 567 2
294 567 3
296 567 2
301 567 3
302 567 1
307 567 1
316 567 2
320 567 3
323 567 2
328 567 1
330 567 1
333 567 3
334 567 1
336 567 3
337 567 1
341 567 3
343 567 2
344 567 3
345 567 1
347 567 3
351 567 3
358 567 1
359 567 3
361 567 1
362 567 2
364 567 3
367 567 1
369 567 3
372 567 2
373 567 1
374 567 3
375 567 2
381 567 1
383 567 3
384 567 2
386 567 3
387 567 3
388 567 2
390 567 3
393 567 1
396 567 1
397 567 3
398 567 2
403 567 1
404 567 2
405 567 2
409 567 3
413 567 3
422 567 2
426 567 1
431 567 3
436 567 2
439 567 2
440 567 1
445 567 2
448 567 1
454 567 1
455 567 3
460 567 3
461 567 2
467 567 1
475 567 2
476 567 2
477 567 1
484 567 2
485 567 2
487 567 2
489 567 2
494 567 1
497 567 3
498 567 3
500 567 2
503 567 1
512 567 1
514 567 1
517 567 3
518 567 2
523 567 1
524 567 3
530 567 3
534 567 1
535 567 2
538 567 3
539 567 2
541 567 1
543 567 3
544 567 1
545 567 2
550 567 1
556 567 2
557 567 2
559 567 2
560 567 3
562 567 3
563 567 2
564 567 3
565 567 3
568 567 2
569 567 1
573 567 3
574 567 1
584 567 1
586 567 1
590 567 2
592 567 1
594 567 3
596 567 2
597 567 1
598 567 3
604 567 2
610 567 2
611 567 3
615 567 2
618 567 3
620 567 3
622 567 3
626 567 1
628 567 2
629 567 1
634 567 3
635 567 3
642 567 1
645 567 2
647 567 2
652 567 3
653 567 2
655 567 1
659 567 3
660 567 2
662 567 2
663 567 2
665 567 3
668 567 2
671 567 2
672 567 2
674 567 3
679 567 3
683 567 3
684 567 1
687 567 2
688 567 1
697 567 3
698 567 1
702 567 1
703 567 2
704 567 1
706 567 1
708 567 2
710 567 1
711 567 3
715 567 1
717 567 2
718 567 3
720 567 3
723 567 3
724 567 2
727 567 3
730 567 2
731 567 2
741 567 2
742 567 3
744 567 3
745 567 3
747 567 2
748 567 3
754 567 2
756 567 2
758 567 3
759 567 2
773 567 3
777 567 3
782 567 3
785 567 2
786 567 3
788 567 2
789 567 2
794 567 1
796 567 2
799 567 1
801 567 2
803 567 2
805 567 2
809 567 3
812 567 2
819 567 3
820 567 2
821 567 3
823 567 2
826 567 1
827 567 2
828 567 3
829 567 2
833 567 3
837 567 3
843 567 3
846 567 1
850 567 1
856 567 2
857 567 2
859 567 3
860 567 2
861 567 1
862 567 1
866 567 2
869 567 3
871 567 3
872 567 3
877 567 2
878 567 3
881 567 2
885 567 1
887 567 3
890 567 3
894 567 3
895 567 1
899 567 1
906 567 3
909 567 2
911 567 3
912 567 3
913 567 2
914 567 3
916 567 3
922 567 2
930 567 1
939 567 3
941 567 1
942 567 2
950 567 2
952 567 3
955 567 2
956 567 1
959 567 2
961 567 1
977 567 1
981 567 2
986 567 3
988 567 3
989 567 1
990 567 2
993 567 1
5 568 2
8 568 2
9 568 3
29 568 3
30 568 1
35 568 2
37 568 2
38 568 2
39 568 3
43 568 3
45 568 2
47 568 3
48 568 3
55 568 1
56 568 2
58 568 2
59 568 2
63 568 1
64 568 2
65 568 3
66 568 3
75 568 3
77 568 2
81 568 2
83 568 3
88 568 3
92 568 2
93 568 2
94 568 2
95 568 2
105 568 2
108 568 3
109 568 3
112 568 1
113 568 3
120 568 2
121 568 1
122 568 3
127 568 3
128 568 3
138 568 2
139 568 2
141 568 3
145 568 1
148 568 3
149 568 3
150 568 3
151 568 1
153 568 2
155 568 2
156 568 3
160 568 1
161 568 1
163 568 3
165 568 2
173 568 2
175 568 2
177 568 1
182 568 2
186 568 1
191 568 3
197 568 2
198 568 3
206 568 1
208 568 3
213 568 1
222 568 3
224 568 3
227 568 3
230 568 3
235 568 1
238 568 1
239 568 2
240 568 2
242 568 3
246 568 3
248 568 2
253 568 1
256 568 3
265 568 1
269 568 1
273 568 1
276 568 3
280 568 3
281 568 2
283 568 1
285 568 2
286 568 2
287 568 3
288 568 1
289 568 2
290 568 3
294 568 3
296 568 3
297 568 3
298 568 2
299 568 3
304 568 3
305 568 1
308 568 3
312 568 1
313 568 2
325 568 3
328 568 2
329 568 3
330 568 2
335 568 1
342 568 2
345 568 2
346 568 1
347 568 3
353 568 1
355 568 3
359 568 2
360 568 2
370 568 2
374 568 2
379 568 2
383 568 3
384 568 3
386 568 1
395 568 1
397 568 1
401 568 2
405 568 2
419 568 3
421 568 3
423 568 1
427 568 1
429 568 2
433 568 3
437 568 2
447 568 1
451 568 1
453 568 2
454 568 2
456 568 2
458 568 3
459 568 2
460 568 3
466 568 1
467 568 1
471 568 1
473 568 3
476 568 1
478 568 3
480 568 2
481 568 2
485 568 3
486 568 2
490 568 2
498 568 2
500 568 1
501 568 1
503 568 3
504 568 3
506 568 3
511 568 2
512 568 3
