748 139 3
749 139 1
750 139 3
752 139 1
754 139 1
755 139 3
757 139 1
759 139 2
764 139 3
770 139 1
771 139 1
773 139 3
776 139 2
780 139 1
782 139 1
785 139 3
789 139 2
790 139 1
791 139 3
792 139 2
793 139 2
794 139 3
797 139 1
798 139 2
800 139 1
803 139 1
806 139 2
816 139 1
821 139 3
822 139 1
824 139 1
826 139 2
831 139 2
836 139 1
841 139 3
847 139 3
853 139 3
856 139 1
858 139 3
859 139 1
861 139 3
873 139 1
874 139 1
881 139 1
903 139 3
909 139 3
914 139 1
915 139 2
916 139 1
920 139 1
921 139 2
922 139 2
927 139 1
930 139 2
932 139 1
936 139 3
943 139 1
946 139 3
949 139 1
952 139 2
957 139 2
964 139 3
966 139 3
968 139 1
971 139 3
973 139 3
975 139 1
979 139 2
980 139 2
986 139 2
988 139 1
990 139 1
991 139 1
992 139 1
993 139 2
995 139 2
3 140 2
4 140 1
10 140 2
13 140 2
18 140 1
21 140 1
25 140 1
29 140 2
34 140 1
45 140 2
51 140 2
55 140 3
57 140 2
61 140 1
63 140 3
65 140 1
72 140 2
73 140 2
74 140 1
79 140 2
80 140 1
82 140 1
87 140 2
92 140 2
94 140 2
96 140 3
97 140 2
99 140 1
103 140 2
108 140 1
113 140 2
117 140 2
126 140 3
127 140 1
128 140 1
130 140 1
134 140 3
135 140 1
137 140 2
138 140 2
141 140 2
142 140 2
146 140 2
153 140 3
156 140 1
157 140 2
161 140 2
165 140 3
167 140 3
168 140 1
169 140 1
170 140 3
171 140 2
173 140 2
180 140 3
182 140 2
184 140 1
187 140 1
190 140 3
193 140 1
194 140 3
198 140 2
199 140 2
201 140 1
203 140 1
209 140 2
213 140 3
214 140 1
215 140 3
217 140 2
220 140 3
221 140 3
222 140 3
224 140 3
229 140 2
230 140 1
233 140 3
235 140 3
237 140 2
238 140 3
247 140 2
248 140 3
258 140 3
261 140 1
262 140 2
263 140 2
264 140 1
265 140 3
267 140 2
270 140 1
271 140 1
272 140 2
273 140 3
279 140 1
285 140 3
288 140 2
290 140 2
298 140 3
303 140 1
316 140 1
319 140 2
321 140 3
325 140 1
326 140 1
327 140 3
331 140 2
334 140 3
338 140 2
341 140 3
345 140 2
350 140 3
351 140 1
352 140 1
355 140 3
358 140 3
359 140 1
361 140 1
362 140 1
363 140 2
364 140 1
368 140 3
369 140 2
371 140 2
377 140 2
380 140 3
381 140 3
382 140 1
386 140 1
387 140 3
389 140 3
393 140 2
395 140 1
400 140 3
403 140 3
404 140 1
405 140 3
407 140 2
409 140 2
411 140 1
414 140 1
418 140 1
419 140 2
420 140 1
422 140 2
423 140 1
424 140 3
429 140 1
430 140 1
432 140 2
437 140 3
443 140 3
444 140 2
449 140 2
450 140 3
453 140 3
455 140 3
457 140 3
458 140 1
459 140 1
460 140 1
469 140 3
470 140 1
472 140 2
478 140 2
479 140 2
480 140 2
481 140 2
484 140 2
496 140 2
497 140 1
498 140 1
504 140 1
505 140 1
506 140 2
509 140 3
513 140 3
517 140 3
519 140 3
520 140 2
524 140 3
526 140 3
529 140 3
532 140 2
535 140 3
538 140 3
539 140 1
545 140 2
548 140 3
552 140 1
556 140 3
560 140 1
562 140 3
566 140 1
573 140 2
574 140 2
579 140 1
582 140 1
583 140 3
584 140 3
586 140 2
592 140 2
593 140 1
594 140 2
595 140 1
600 140 1
604 140 1
605 140 3
606 140 2
608 140 2
612 140 2
615 140 3
616 140 2
620 140 1
621 140 3
624 140 2
627 140 1
628 140 2
629 140 2
638 140 1
641 140 2
643 140 1
645 140 2
655 140 2
657 140 3
661 140 1
664 140 2
666 140 2
667 140 2
669 140 2
671 140 2
672 140 1
674 140 2
687 140 1
690 140 2
691 140 3
692 140 1
695 140 3
696 140 3
699 140 1
700 140 3
701 140 2
706 140 1
707 140 2
708 140 2
709 140 3
712 140 2
715 140 2
718 140 1
720 140 1
721 140 1
723 140 2
724 140 3
728 140 3
730 140 2
732 140 1
737 140 1
743 140 3
747 140 1
748 140 1
751 140 3
754 140 1
763 140 1
764 140 3
766 140 1
769 140 2
778 140 3
783 140 3
784 140 3
785 140 3
787 140 2
789 140 3
792 140 1
795 140 3
799 140 3
801 140 3
802 140 1
805 140 3
806 140 1
808 140 1
809 140 2
810 140 1
817 140 1
824 140 2
825 140 2
828 140 1
832 140 2
838 140 3
839 140 3
841 140 1
842 140 2
844 140 2
848 140 1
852 140 2
853 140 2
855 140 1
867 140 3
876 140 2
877 140 3
880 140 3
881 140 1
882 140 2
891 140 2
892 140 2
894 140 3
895 140 3
896 140 1
897 140 3
899 140 2
900 140 3
901 140 2
902 140 3
903 140 1
905 140 3
906 140 3
908 140 3
913 140 2
920 140 3
921 140 2
923 140 3
929 140 3
932 140 2
935 140 2
938 140 1
941 140 3
942 140 2
946 140 3
952 140 2
953 140 2
955 140 2
960 140 3
963 140 1
967 140 3
968 140 2
974 140 2
975 140 2
976 140 1
980 140 1
982 140 2
984 140 1
986 140 2
990 140 2
992 140 3
993 140 1
996 140 2
997 140 1
3 141 2
4 141 3
6 141 3
8 141 3
10 141 3
15 141 3
16 141 1
18 141 1
21 141 3
25 141 1
26 141 2
36 141 1
40 141 3
41 141 2
42 141 2
47 141 3
50 141 2
51 141 1
54 141 1
55 141 1
58 141 1
59 141 1
60 141 3
64 141 3
68 141 3
73 141 3
77 141 3
80 141 3
84 141 2
85 141 1
88 141 3
90 141 2
94 141 3
95 141 3
102 141 2
105 141 2
108 141 3
109 141 2
110 141 3
113 141 1
114 141 1
117 141 1
118 141 1
119 141 2
120 141 3
121 141 2
122 141 3
124 141 1
131 141 3
132 141 2
136 141 2
137 141 2
139 141 3
146 141 1
147 141 3
155 141 3
159 141 1
160 141 1
161 141 3
163 141 2
165 141 1
178 141 2
183 141 1
184 141 3
186 141 1
188 141 2
193 141 2
194 141 1
195 141 3
199 141 1
202 141 2
205 141 3
215 141 3
219 141 1
220 141 3
222 141 2
237 141 2
239 141 1
241 141 2
246 141 2
248 141 3
250 141 3
252 141 2
253 141 2
256 141 2
259 141 2
268 141 3
269 141 3
271 141 3
274 141 3
277 141 3
284 141 2
292 141 2
297 141 2
302 141 3
304 141 2
305 141 1
309 141 3
310 141 2
311 141 2
312 141 2
320 141 3
325 141 3
329 141 1
330 141 3
335 141 2
336 141 3
337 141 1
342 141 2
344 141 2
345 141 1
353 141 2
357 141 1
358 141 3
359 141 3
361 141 3
363 141 3
370 141 3
372 141 1
374 141 3
375 141 1
378 141 3
381 141 2
382 141 3
384 141 3
386 141 1
391 141 3
396 141 2
400 141 2
410 141 1
415 141 1
416 141 2
417 141 3
419 141 1
423 141 3
429 141 2
436 141 1
437 141 2
442 141 3
443 141 1
450 141 1
464 141 3
465 141 1
467 141 3
470 141 2
471 141 1
472 141 1
479 141 1
481 141 2
482 141 2
484 141 3
486 141 3
490 141 3
504 141 3
507 141 1
509 141 3
513 141 2
515 141 1
518 141 3
519 141 2
522 141 1
526 141 1
530 141 1
532 141 3
533 141 2
534 141 3
535 141 2
536 141 1
539 141 1
546 141 2
548 141 2
549 141 1
551 141 1
565 141 3
567 141 1
570 141 3
571 141 3
573 141 3
574 141 1
575 141 1
584 141 3
586 141 2
589 141 3
590 141 1
591 141 3
595 141 2
596 141 3
597 141 3
601 141 3
602 141 2
606 141 2
608 141 2
613 141 2
614 141 1
615 141 2
619 141 2
620 141 3
626 141 1
627 141 2
629 141 2
632 141 2
633 141 1
636 141 3
637 141 3
648 141 3
652 141 3
653 141 1
656 141 1
661 141 2
665 141 2
666 141 3
667 141 3
669 141 1
670 141 3
671 141 3
676 141 2
679 141 2
681 141 2
684 141 1
685 141 1
687 141 2
694 141 1
700 141 2
701 141 3
705 141 1
708 141 3
713 141 1
715 141 2
716 141 2
717 141 1
729 141 2
731 141 2
732 141 1
734 141 1
735 141 1
736 141 2
739 141 2
740 141 1
741 141 1
742 141 2
745 141 2
747 141 1
749 141 2
753 141 3
754 141 1
