236 26 1
237 26 1
238 26 3
243 26 2
260 26 2
262 26 2
265 26 1
266 26 2
269 26 1
270 26 2
271 26 1
272 26 2
279 26 2
280 26 2
281 26 1
284 26 2
285 26 3
287 26 2
289 26 3
291 26 3
292 26 3
298 26 3
299 26 3
302 26 2
308 26 1
309 26 2
310 26 1
314 26 1
316 26 3
318 26 1
321 26 3
332 26 1
341 26 3
342 26 2
343 26 2
344 26 1
345 26 1
350 26 3
355 26 1
358 26 2
359 26 1
360 26 3
361 26 2
364 26 3
365 26 2
368 26 2
369 26 1
371 26 3
372 26 2
375 26 2
379 26 2
383 26 1
384 26 2
393 26 1
395 26 3
398 26 3
399 26 1
401 26 3
402 26 1
403 26 2
408 26 2
409 26 3
415 26 1
416 26 3
418 26 2
421 26 3
423 26 2
425 26 3
426 26 1
429 26 3
432 26 1
433 26 3
435 26 2
436 26 2
437 26 3
438 26 3
439 26 3
442 26 2
443 26 3
444 26 3
449 26 3
450 26 3
456 26 2
457 26 3
459 26 1
466 26 1
467 26 3
485 26 3
489 26 1
491 26 1
493 26 1
496 26 2
502 26 1
503 26 3
507 26 3
508 26 2
512 26 2
514 26 3
515 26 1
521 26 1
523 26 3
525 26 3
531 26 3
533 26 2
535 26 3
536 26 3
537 26 1
538 26 1
540 26 3
541 26 1
544 26 1
546 26 1
549 26 2
551 26 3
556 26 3
557 26 2
558 26 1
559 26 1
564 26 1
567 26 2
571 26 3
577 26 1
580 26 2
584 26 2
590 26 3
591 26 3
595 26 2
604 26 3
611 26 1
612 26 1
616 26 1
618 26 3
623 26 3
626 26 3
633 26 1
634 26 3
636 26 2
637 26 1
639 26 1
640 26 1
643 26 2
645 26 1
650 26 3
652 26 1
659 26 3
661 26 1
666 26 3
672 26 2
675 26 3
678 26 2
679 26 2
682 26 3
683 26 2
684 26 2
685 26 1
689 26 2
692 26 3
698 26 2
700 26 1
704 26 1
705 26 1
708 26 2
711 26 1
714 26 3
715 26 1
718 26 2
719 26 3
733 26 2
734 26 3
735 26 1
736 26 3
740 26 1
741 26 2
744 26 3
746 26 3
755 26 2
760 26 1
765 26 3
766 26 3
767 26 3
770 26 1
776 26 3
779 26 3
781 26 2
785 26 3
788 26 3
792 26 1
794 26 3
798 26 2
800 26 3
803 26 3
806 26 3
808 26 1
810 26 1
813 26 3
814 26 1
821 26 1
823 26 3
827 26 3
828 26 3
832 26 2
835 26 2
839 26 1
843 26 2
844 26 3
850 26 1
852 26 3
859 26 3
861 26 2
862 26 1
878 26 3
880 26 2
881 26 2
882 26 3
888 26 3
889 26 3
892 26 3
893 26 1
895 26 1
897 26 3
900 26 3
901 26 2
902 26 1
903 26 3
906 26 2
908 26 3
916 26 1
918 26 3
920 26 2
921 26 3
922 26 1
924 26 1
929 26 3
930 26 3
936 26 1
937 26 1
940 26 3
942 26 3
945 26 1
947 26 1
956 26 2
961 26 3
963 26 1
964 26 2
966 26 3
970 26 1
971 26 2
972 26 3
976 26 2
980 26 2
981 26 3
987 26 2
993 26 3
998 26 2
0 27 2
1 27 1
8 27 2
9 27 1
12 27 2
13 27 3
16 27 3
21 27 3
22 27 1
25 27 2
26 27 2
27 27 2
33 27 3
35 27 1
43 27 3
47 27 1
49 27 2
51 27 1
55 27 2
56 27 3
60 27 2
66 27 1
68 27 3
69 27 2
70 27 1
74 27 2
75 27 1
84 27 1
85 27 1
87 27 1
90 27 1
91 27 2
92 27 1
95 27 3
96 27 1
97 27 2
98 27 3
105 27 1
106 27 2
112 27 3
114 27 2
117 27 2
118 27 3
119 27 2
120 27 2
121 27 1
124 27 2
125 27 1
126 27 3
130 27 1
131 27 1
139 27 3
142 27 2
145 27 3
146 27 2
149 27 2
150 27 1
152 27 3
153 27 1
155 27 1
156 27 2
157 27 2
164 27 2
165 27 2
167 27 1
168 27 1
169 27 2
170 27 3
178 27 3
180 27 2
182 27 2
183 27 1
185 27 3
190 27 2
196 27 1
199 27 2
200 27 3
202 27 2
207 27 2
208 27 1
210 27 3
212 27 2
214 27 1
220 27 2
221 27 3
227 27 1
229 27 1
232 27 1
234 27 1
240 27 3
244 27 3
245 27 1
250 27 2
258 27 2
259 27 1
260 27 1
264 27 2
265 27 1
266 27 2
272 27 3
273 27 3
274 27 1
275 27 1
278 27 3
279 27 3
286 27 1
288 27 1
289 27 3
291 27 2
292 27 2
293 27 2
294 27 2
297 27 1
299 27 2
301 27 1
306 27 1
312 27 1
318 27 3
320 27 3
323 27 2
324 27 1
343 27 3
345 27 3
346 27 1
347 27 3
348 27 2
349 27 1
358 27 1
360 27 3
365 27 2
369 27 2
377 27 3
390 27 2
392 27 3
397 27 1
405 27 2
407 27 3
411 27 3
412 27 1
421 27 1
422 27 2
423 27 3
434 27 3
440 27 2
442 27 1
448 27 1
449 27 2
454 27 2
456 27 3
467 27 2
469 27 2
471 27 2
473 27 3
474 27 3
477 27 3
480 27 3
484 27 1
485 27 2
491 27 3
492 27 1
497 27 3
502 27 1
503 27 1
505 27 2
514 27 2
519 27 2
520 27 3
522 27 1
524 27 3
526 27 1
529 27 2
535 27 1
536 27 1
539 27 3
540 27 1
543 27 2
544 27 3
546 27 2
548 27 3
554 27 2
555 27 1
560 27 1
563 27 3
565 27 3
568 27 3
569 27 1
574 27 3
581 27 1
582 27 3
586 27 1
589 27 2
592 27 3
594 27 1
596 27 3
599 27 2
605 27 3
609 27 3
611 27 1
614 27 1
618 27 1
619 27 2
620 27 2
623 27 1
624 27 1
629 27 1
637 27 2
639 27 2
643 27 2
645 27 1
649 27 3
651 27 1
652 27 3
654 27 2
655 27 1
659 27 3
663 27 1
669 27 3
674 27 2
675 27 3
679 27 2
682 27 2
683 27 1
689 27 3
694 27 1
695 27 1
699 27 1
704 27 3
707 27 1
709 27 1
713 27 2
714 27 3
722 27 3
724 27 2
727 27 2
733 27 2
737 27 1
745 27 1
746 27 2
752 27 2
755 27 3
758 27 1
760 27 1
767 27 3
775 27 3
784 27 1
786 27 1
791 27 1
793 27 2
795 27 3
796 27 1
798 27 2
802 27 3
803 27 3
814 27 2
815 27 1
822 27 2
823 27 3
827 27 2
831 27 3
832 27 3
833 27 2
838 27 3
840 27 3
846 27 3
851 27 3
856 27 1
857 27 2
862 27 1
863 27 3
864 27 2
867 27 1
868 27 3
870 27 1
873 27 2
876 27 1
877 27 2
880 27 3
882 27 2
886 27 3
888 27 2
889 27 2
896 27 1
897 27 1
898 27 3
901 27 3
908 27 2
909 27 3
911 27 3
912 27 2
913 27 3
937 27 1
938 27 1
948 27 3
949 27 1
952 27 3
954 27 1
959 27 3
960 27 3
961 27 3
962 27 2
965 27 1
966 27 2
974 27 3
976 27 3
980 27 3
986 27 2
988 27 2
990 27 3
993 27 3
3 28 3
6 28 2
10 28 2
19 28 1
24 28 1
25 28 1
26 28 3
30 28 2
35 28 1
40 28 3
41 28 1
42 28 1
45 28 1
49 28 1
52 28 2
55 28 3
56 28 3
57 28 1
62 28 2
63 28 3
65 28 1
77 28 2
82 28 2
83 28 1
85 28 1
87 28 1
92 28 3
96 28 3
106 28 1
111 28 2
113 28 1
115 28 1
117 28 3
119 28 2
127 28 1
129 28 1
130 28 1
131 28 2
135 28 1
136 28 1
138 28 1
141 28 1
142 28 1
145 28 1
158 28 2
159 28 3
160 28 3
168 28 1
171 28 2
177 28 3
179 28 2
187 28 3
188 28 3
190 28 2
193 28 2
195 28 1
198 28 1
205 28 2
206 28 3
208 28 3
210 28 1
211 28 3
213 28 2
215 28 3
216 28 1
218 28 3
220 28 1
223 28 3
224 28 2
226 28 1
227 28 2
228 28 1
235 28 1
236 28 3
239 28 2
240 28 1
243 28 1
247 28 3
250 28 3
256 28 1
258 28 3
259 28 3
268 28 2
269 28 1
271 28 1
276 28 1
277 28 1
278 28 1
280 28 1
286 28 3
290 28 3
291 28 3
293 28 3
294 28 3
296 28 2
298 28 2
302 28 2
305 28 2
307 28 3
309 28 2
311 28 2
312 28 3
318 28 2
