680 328 3
685 328 1
689 328 2
692 328 3
693 328 3
697 328 3
703 328 2
711 328 1
714 328 2
715 328 2
718 328 3
720 328 2
723 328 2
727 328 1
728 328 2
729 328 2
730 328 1
732 328 3
733 328 2
739 328 3
741 328 3
742 328 3
744 328 1
747 328 2
748 328 2
752 328 1
756 328 2
760 328 3
769 328 3
774 328 3
777 328 3
783 328 2
791 328 2
793 328 3
798 328 3
800 328 2
802 328 2
804 328 1
805 328 3
807 328 2
808 328 2
813 328 3
814 328 2
815 328 3
817 328 1
819 328 2
821 328 2
823 328 3
831 328 1
838 328 2
840 328 2
843 328 1
846 328 1
847 328 1
848 328 2
851 328 2
852 328 2
855 328 1
858 328 2
860 328 3
867 328 1
868 328 2
870 328 2
872 328 2
873 328 1
876 328 3
877 328 3
878 328 2
879 328 3
882 328 2
884 328 2
888 328 3
889 328 3
890 328 3
895 328 2
897 328 3
898 328 2
899 328 1
900 328 3
901 328 1
902 328 2
904 328 3
908 328 2
917 328 1
918 328 2
921 328 3
926 328 1
931 328 2
932 328 1
940 328 3
941 328 3
958 328 2
959 328 1
961 328 1
964 328 1
966 328 3
967 328 3
970 328 1
980 328 2
982 328 3
983 328 3
985 328 2
987 328 1
990 328 3
992 328 3
994 328 3
995 328 3
999 328 3
1 329 2
2 329 3
3 329 2
5 329 2
6 329 2
8 329 3
11 329 2
13 329 3
14 329 3
20 329 2
22 329 2
28 329 3
34 329 3
37 329 1
44 329 2
52 329 3
54 329 2
60 329 3
63 329 2
65 329 2
66 329 2
74 329 2
79 329 3
80 329 1
84 329 2
85 329 1
86 329 1
87 329 1
92 329 2
95 329 2
101 329 2
102 329 1
103 329 1
109 329 3
110 329 1
115 329 1
116 329 3
118 329 1
126 329 1
127 329 1
129 329 2
137 329 1
138 329 1
140 329 1
141 329 2
142 329 1
143 329 2
144 329 3
147 329 2
151 329 3
152 329 2
155 329 2
159 329 2
162 329 1
163 329 1
166 329 1
168 329 3
172 329 1
178 329 3
187 329 2
196 329 2
198 329 2
201 329 3
206 329 3
208 329 3
212 329 2
213 329 2
214 329 1
216 329 3
217 329 3
225 329 1
226 329 1
227 329 2
230 329 2
239 329 1
242 329 1
250 329 3
252 329 3
255 329 3
256 329 2
257 329 3
258 329 3
259 329 3
267 329 2
271 329 3
273 329 1
275 329 1
276 329 3
278 329 1
279 329 2
281 329 2
282 329 3
283 329 1
284 329 2
286 329 1
287 329 3
288 329 2
291 329 1
292 329 2
293 329 2
302 329 3
305 329 1
306 329 1
308 329 3
309 329 3
325 329 1
326 329 2
331 329 3
332 329 3
334 329 1
335 329 2
339 329 3
341 329 1
343 329 1
344 329 1
345 329 1
346 329 3
348 329 3
359 329 2
360 329 3
367 329 3
375 329 1
379 329 3
381 329 1
385 329 2
386 329 1
387 329 3
389 329 1
391 329 3
398 329 2
401 329 3
402 329 2
404 329 2
406 329 3
408 329 2
409 329 2
412 329 3
413 329 1
415 329 3
419 329 3
420 329 2
421 329 3
422 329 1
424 329 1
430 329 3
432 329 3
434 329 1
436 329 3
437 329 1
438 329 3
439 329 2
447 329 1
449 329 3
450 329 1
453 329 3
457 329 2
458 329 3
461 329 2
462 329 2
464 329 1
466 329 3
468 329 1
472 329 1
477 329 1
479 329 1
482 329 3
485 329 3
488 329 3
493 329 3
498 329 2
502 329 2
504 329 2
506 329 3
511 329 1
516 329 3
519 329 1
521 329 2
523 329 1
525 329 3
526 329 3
530 329 2
532 329 2
535 329 2
536 329 2
543 329 3
547 329 1
549 329 2
550 329 2
551 329 3
554 329 2
558 329 1
563 329 1
568 329 2
569 329 2
570 329 1
571 329 1
572 329 1
573 329 2
582 329 1
584 329 3
589 329 2
591 329 2
594 329 1
605 329 3
608 329 1
609 329 1
612 329 1
614 329 3
620 329 2
622 329 1
626 329 1
629 329 3
631 329 2
640 329 1
642 329 2
643 329 1
648 329 1
657 329 2
660 329 3
663 329 2
664 329 3
679 329 1
681 329 2
683 329 1
684 329 3
690 329 3
693 329 3
698 329 1
699 329 3
702 329 1
704 329 2
705 329 2
707 329 1
710 329 3
711 329 2
714 329 1
716 329 2
717 329 2
726 329 2
727 329 1
728 329 1
731 329 1
732 329 2
734 329 2
737 329 3
738 329 2
742 329 3
744 329 3
748 329 3
758 329 1
769 329 3
775 329 1
778 329 1
780 329 2
787 329 2
790 329 3
791 329 2
799 329 1
801 329 1
806 329 2
807 329 3
808 329 1
809 329 1
810 329 2
811 329 2
814 329 2
815 329 2
816 329 3
817 329 2
820 329 1
823 329 1
824 329 2
832 329 1
835 329 3
836 329 1
839 329 3
840 329 1
841 329 3
842 329 2
843 329 2
847 329 1
849 329 1
853 329 3
854 329 2
855 329 2
857 329 3
859 329 2
861 329 2
862 329 1
863 329 1
867 329 2
869 329 3
871 329 3
876 329 2
877 329 1
878 329 3
879 329 1
880 329 2
881 329 3
883 329 2
884 329 3
885 329 1
888 329 3
890 329 1
891 329 2
892 329 3
896 329 1
897 329 3
898 329 1
900 329 3
902 329 3
909 329 2
911 329 2
916 329 2
917 329 3
918 329 2
919 329 2
927 329 3
928 329 3
932 329 2
936 329 1
937 329 1
938 329 1
941 329 3
942 329 1
943 329 3
944 329 2
946 329 3
948 329 3
952 329 3
957 329 2
961 329 2
962 329 1
969 329 2
973 329 1
977 329 2
980 329 1
981 329 2
983 329 2
986 329 1
989 329 2
997 329 1
0 330 3
2 330 2
4 330 3
6 330 1
21 330 1
22 330 3
23 330 1
24 330 1
26 330 3
31 330 2
32 330 2
36 330 1
42 330 3
45 330 1
48 330 1
50 330 1
52 330 1
58 330 2
60 330 3
63 330 3
64 330 2
65 330 1
70 330 2
72 330 1
74 330 2
76 330 3
77 330 2
78 330 1
79 330 1
82 330 3
84 330 1
89 330 2
90 330 1
91 330 1
93 330 1
99 330 3
104 330 3
106 330 1
108 330 1
109 330 3
110 330 2
115 330 2
117 330 1
119 330 1
122 330 3
128 330 2
129 330 3
131 330 2
133 330 1
137 330 3
144 330 2
149 330 1
153 330 3
156 330 2
158 330 1
161 330 3
165 330 1
168 330 3
175 330 2
178 330 3
185 330 2
190 330 2
191 330 1
192 330 2
195 330 1
204 330 3
211 330 1
214 330 2
217 330 3
218 330 2
219 330 1
225 330 2
231 330 3
232 330 1
234 330 3
237 330 1
238 330 3
239 330 1
240 330 3
251 330 3
259 330 1
269 330 2
271 330 3
276 330 2
279 330 1
280 330 1
283 330 1
288 330 3
292 330 1
295 330 1
296 330 2
298 330 3
299 330 1
300 330 3
302 330 3
305 330 1
307 330 1
308 330 1
309 330 1
311 330 1
312 330 2
321 330 3
322 330 1
326 330 2
327 330 1
336 330 1
338 330 3
340 330 2
342 330 3
344 330 3
351 330 2
359 330 3
360 330 2
361 330 3
362 330 1
364 330 2
368 330 3
369 330 3
375 330 3
377 330 2
383 330 1
384 330 3
385 330 2
391 330 1
397 330 2
402 330 1
407 330 1
408 330 1
412 330 2
415 330 2
416 330 2
417 330 3
421 330 2
424 330 2
426 330 2
428 330 2
433 330 3
435 330 1
436 330 2
441 330 2
442 330 2
446 330 3
454 330 3
455 330 1
457 330 2
458 330 2
459 330 3
461 330 2
462 330 2
467 330 1
468 330 1
470 330 2
471 330 3
472 330 3
479 330 1
481 330 3
484 330 3
487 330 2
490 330 1
493 330 3
497 330 1
501 330 3
502 330 1
503 330 3
504 330 1
505 330 2
510 330 2
512 330 2
513 330 1
514 330 2
533 330 2
539 330 3
540 330 2
545 330 2
547 330 1
550 330 3
558 330 2
559 330 1
560 330 3
561 330 2
562 330 1
563 330 3
565 330 2
567 330 1
570 330 2
576 330 2
581 330 2
586 330 1
589 330 2
590 330 2
594 330 3
597 330 2
601 330 3
602 330 1
604 330 1
608 330 2
609 330 2
613 330 3
615 330 1
620 330 1
623 330 3
628 330 3
632 330 1
633 330 1
634 330 1
636 330 3
660 330 2
669 330 1
670 330 2
674 330 3
676 330 1
678 330 2
679 330 3
680 330 2
681 330 1
684 330 2
