724 600 1
725 600 1
729 600 1
731 600 2
736 600 3
740 600 2
742 600 1
743 600 3
754 600 2
755 600 3
762 600 3
763 600 1
764 600 1
767 600 3
768 600 2
772 600 3
779 600 3
783 600 3
785 600 1
790 600 2
791 600 2
792 600 2
795 600 1
797 600 2
800 600 3
801 600 1
803 600 1
805 600 3
808 600 1
810 600 2
816 600 1
819 600 2
821 600 3
825 600 1
827 600 2
828 600 1
831 600 2
832 600 2
833 600 3
835 600 2
836 600 1
838 600 2
839 600 1
845 600 3
846 600 3
853 600 1
861 600 2
865 600 3
869 600 1
871 600 1
875 600 2
880 600 3
882 600 1
888 600 1
890 600 2
892 600 3
893 600 3
897 600 1
898 600 1
899 600 3
902 600 3
907 600 3
908 600 2
909 600 3
910 600 2
913 600 3
915 600 1
917 600 3
921 600 3
922 600 2
924 600 1
925 600 3
929 600 3
930 600 3
931 600 2
935 600 3
937 600 2
940 600 2
942 600 2
951 600 2
954 600 2
955 600 2
957 600 1
960 600 3
962 600 3
965 600 2
966 600 3
967 600 3
972 600 3
973 600 2
976 600 3
977 600 1
979 600 3
981 600 2
982 600 2
988 600 1
989 600 2
990 600 2
991 600 2
992 600 3
996 600 1
998 600 2
999 600 3
1 601 1
2 601 2
3 601 1
10 601 1
11 601 1
17 601 1
19 601 2
24 601 3
25 601 2
35 601 3
38 601 3
40 601 3
41 601 2
42 601 1
43 601 2
46 601 3
52 601 1
55 601 2
57 601 3
61 601 2
67 601 3
68 601 2
69 601 3
73 601 2
76 601 3
78 601 3
79 601 1
81 601 3
86 601 2
90 601 3
91 601 3
92 601 2
94 601 3
96 601 2
105 601 1
106 601 1
108 601 3
112 601 2
114 601 2
115 601 3
117 601 3
121 601 2
126 601 1
130 601 2
132 601 2
134 601 1
138 601 2
139 601 3
143 601 3
144 601 3
150 601 1
153 601 2
158 601 3
160 601 2
163 601 1
165 601 3
168 601 1
175 601 3
176 601 3
177 601 1
178 601 1
181 601 1
183 601 2
186 601 1
194 601 1
204 601 3
205 601 2
207 601 2
208 601 1
209 601 2
210 601 2
211 601 1
219 601 1
222 601 3
226 601 1
230 601 2
234 601 1
235 601 3
237 601 3
238 601 1
242 601 3
244 601 3
245 601 2
246 601 1
249 601 2
251 601 1
253 601 1
256 601 3
258 601 3
265 601 3
269 601 1
271 601 2
272 601 2
275 601 2
279 601 3
282 601 1
285 601 3
286 601 1
291 601 3
293 601 3
296 601 2
312 601 3
314 601 3
315 601 3
319 601 2
321 601 1
327 601 2
334 601 3
335 601 1
337 601 1
341 601 1
342 601 1
344 601 1
346 601 1
347 601 2
350 601 2
351 601 3
352 601 2
353 601 1
354 601 3
356 601 1
359 601 1
365 601 2
367 601 1
371 601 3
372 601 1
379 601 2
380 601 3
381 601 2
384 601 3
387 601 3
389 601 3
390 601 1
393 601 1
395 601 3
398 601 3
404 601 2
413 601 1
415 601 3
416 601 1
418 601 2
419 601 2
422 601 1
423 601 2
424 601 3
426 601 1
438 601 2
440 601 3
441 601 2
444 601 2
447 601 3
450 601 1
453 601 3
458 601 2
465 601 2
472 601 2
476 601 1
480 601 1
482 601 3
483 601 1
485 601 2
489 601 1
496 601 1
500 601 2
501 601 1
510 601 2
518 601 1
523 601 2
524 601 3
526 601 3
527 601 1
528 601 2
535 601 3
538 601 2
539 601 2
544 601 2
545 601 3
549 601 1
553 601 2
554 601 3
558 601 3
560 601 1
564 601 1
566 601 1
567 601 2
568 601 1
570 601 1
573 601 2
574 601 1
576 601 3
581 601 3
582 601 1
586 601 1
591 601 1
593 601 2
597 601 1
598 601 2
604 601 3
608 601 1
610 601 3
613 601 3
615 601 3
618 601 2
621 601 2
624 601 3
626 601 3
627 601 2
628 601 3
633 601 3
635 601 3
640 601 1
643 601 1
644 601 2
649 601 2
650 601 1
654 601 2
657 601 2
664 601 1
671 601 2
673 601 3
676 601 3
682 601 2
683 601 1
685 601 1
687 601 1
688 601 1
691 601 1
694 601 2
696 601 2
697 601 2
698 601 1
705 601 1
706 601 1
710 601 1
712 601 2
718 601 2
728 601 3
731 601 1
733 601 1
736 601 3
738 601 1
739 601 1
744 601 3
748 601 1
752 601 1
755 601 2
756 601 3
758 601 2
763 601 2
764 601 3
767 601 2
769 601 1
770 601 2
775 601 3
779 601 1
784 601 1
798 601 1
800 601 2
804 601 3
806 601 1
813 601 2
814 601 3
815 601 1
816 601 1
819 601 1
820 601 2
821 601 3
828 601 2
829 601 2
830 601 2
833 601 2
836 601 3
838 601 2
839 601 3
843 601 3
845 601 1
854 601 2
858 601 1
863 601 3
867 601 2
868 601 1
874 601 1
875 601 2
880 601 3
881 601 3
882 601 1
884 601 2
891 601 2
899 601 1
905 601 1
906 601 1
912 601 3
913 601 3
915 601 1
919 601 3
931 601 1
933 601 1
935 601 3
939 601 2
942 601 2
947 601 2
948 601 3
950 601 3
952 601 2
953 601 1
957 601 2
958 601 2
962 601 1
963 601 3
964 601 1
971 601 1
976 601 1
980 601 2
982 601 2
984 601 3
985 601 2
986 601 3
993 601 2
996 601 1
0 602 1
1 602 1
3 602 1
5 602 1
7 602 1
9 602 1
12 602 2
15 602 3
24 602 1
27 602 2
32 602 2
38 602 3
39 602 3
40 602 1
41 602 1
48 602 2
50 602 1
51 602 3
52 602 2
62 602 3
68 602 2
73 602 2
74 602 3
75 602 2
78 602 1
81 602 1
84 602 2
90 602 2
93 602 2
101 602 3
110 602 3
111 602 1
113 602 2
119 602 1
126 602 2
132 602 1
139 602 2
140 602 3
143 602 2
144 602 3
148 602 3
150 602 2
151 602 1
154 602 2
156 602 1
157 602 2
161 602 3
162 602 3
165 602 1
169 602 3
170 602 1
171 602 3
173 602 2
175 602 2
176 602 3
181 602 2
182 602 2
186 602 2
190 602 2
191 602 1
192 602 2
193 602 3
196 602 1
203 602 2
204 602 2
205 602 1
210 602 2
211 602 1
222 602 1
225 602 1
228 602 1
230 602 2
232 602 1
240 602 1
243 602 3
246 602 1
247 602 3
249 602 3
251 602 2
252 602 3
254 602 1
255 602 1
256 602 1
259 602 3
261 602 3
262 602 3
265 602 3
269 602 2
271 602 2
273 602 2
274 602 2
277 602 1
280 602 2
281 602 1
282 602 2
288 602 3
291 602 2
303 602 1
305 602 1
308 602 1
310 602 3
311 602 3
316 602 1
318 602 3
319 602 1
323 602 2
324 602 1
326 602 3
327 602 3
329 602 2
330 602 2
331 602 1
333 602 3
335 602 3
338 602 2
340 602 3
353 602 3
357 602 2
359 602 1
360 602 1
364 602 3
374 602 2
376 602 3
379 602 2
380 602 3
385 602 1
386 602 2
387 602 3
390 602 2
393 602 3
399 602 1
401 602 3
408 602 3
414 602 1
416 602 1
417 602 2
424 602 2
436 602 2
440 602 1
444 602 1
446 602 2
451 602 2
454 602 1
455 602 1
459 602 1
461 602 3
470 602 3
472 602 2
476 602 2
480 602 1
481 602 2
485 602 3
488 602 3
489 602 3
493 602 2
494 602 1
496 602 1
498 602 1
499 602 1
500 602 3
504 602 2
506 602 3
512 602 1
514 602 2
519 602 2
520 602 3
521 602 1
531 602 2
532 602 2
535 602 2
537 602 2
539 602 2
541 602 2
546 602 2
551 602 1
555 602 2
556 602 1
558 602 2
560 602 3
561 602 1
564 602 1
569 602 2
570 602 3
572 602 2
576 602 3
577 602 3
584 602 3
585 602 3
586 602 3
587 602 1
592 602 1
601 602 3
602 602 2
605 602 2
608 602 2
611 602 2
613 602 1
617 602 2
619 602 3
620 602 2
623 602 1
627 602 2
628 602 1
636 602 3
639 602 2
641 602 2
647 602 3
650 602 3
651 602 2
654 602 1
656 602 3
657 602 1
659 602 2
665 602 1
674 602 2
676 602 1
678 602 2
679 602 2
683 602 2
686 602 1
690 602 1
691 602 3
699 602 3
701 602 2
702 602 3
705 602 3
706 602 2
707 602 3
708 602 3
712 602 3
714 602 3
715 602 3
718 602 3
720 602 3
722 602 1
724 602 3
727 602 1
730 602 3
735 602 2
738 602 3
741 602 3
742 602 1
743 602 1
751 602 1
