835 994 2
838 994 1
840 994 2
842 994 3
843 994 1
844 994 3
847 994 1
848 994 1
849 994 2
850 994 1
856 994 1
857 994 1
859 994 1
864 994 1
866 994 2
867 994 1
873 994 2
875 994 2
876 994 2
878 994 1
879 994 1
881 994 1
882 994 1
884 994 1
885 994 2
890 994 1
891 994 3
895 994 3
896 994 2
897 994 2
903 994 1
906 994 3
907 994 1
914 994 1
919 994 2
922 994 3
927 994 1
933 994 1
936 994 2
943 994 1
948 994 2
950 994 2
957 994 3
960 994 3
968 994 1
978 994 2
979 994 3
980 994 1
981 994 1
982 994 3
985 994 1
986 994 1
992 994 2
994 994 3
997 994 3
998 994 3
999 994 2
0 995 2
3 995 3
9 995 3
12 995 3
13 995 2
15 995 1
18 995 3
20 995 1
24 995 2
25 995 1
26 995 1
31 995 1
32 995 3
33 995 2
48 995 1
50 995 2
51 995 2
61 995 3
69 995 2
71 995 2
72 995 3
73 995 3
76 995 1
81 995 2
83 995 1
86 995 1
87 995 3
88 995 2
93 995 3
100 995 3
102 995 2
103 995 3
106 995 2
108 995 1
115 995 2
122 995 1
123 995 1
124 995 3
131 995 2
135 995 1
136 995 2
143 995 1
145 995 2
152 995 3
153 995 3
155 995 1
160 995 3
161 995 2
163 995 1
165 995 1
167 995 3
168 995 2
169 995 2
182 995 2
184 995 1
186 995 3
187 995 2
189 995 2
193 995 1
198 995 3
201 995 3
208 995 3
212 995 2
218 995 3
224 995 3
227 995 2
234 995 1
237 995 2
238 995 2
240 995 1
248 995 2
251 995 1
260 995 3
265 995 3
271 995 3
277 995 2
278 995 3
280 995 2
281 995 1
288 995 3
297 995 3
298 995 1
300 995 3
303 995 2
312 995 1
313 995 3
317 995 2
320 995 1
321 995 1
322 995 3
324 995 3
325 995 2
333 995 2
334 995 3
339 995 2
343 995 1
348 995 2
350 995 3
352 995 3
355 995 1
358 995 2
359 995 1
360 995 1
364 995 3
365 995 3
368 995 2
370 995 2
371 995 2
374 995 1
384 995 3
386 995 3
387 995 3
392 995 3
396 995 2
409 995 2
411 995 3
412 995 3
417 995 2
422 995 3
423 995 3
426 995 2
432 995 3
437 995 2
445 995 3
449 995 1
450 995 2
454 995 3
459 995 1
464 995 1
466 995 1
469 995 2
471 995 2
473 995 2
479 995 2
481 995 1
492 995 1
493 995 1
497 995 1
498 995 2
504 995 2
506 995 1
508 995 1
509 995 1
514 995 2
516 995 2
519 995 3
524 995 2
527 995 1
531 995 2
538 995 2
543 995 2
545 995 3
546 995 3
552 995 2
557 995 2
558 995 3
565 995 3
566 995 3
567 995 1
569 995 3
571 995 1
575 995 1
578 995 2
581 995 2
582 995 3
585 995 1
593 995 2
594 995 1
600 995 3
605 995 2
607 995 2
616 995 1
617 995 2
620 995 2
626 995 1
633 995 2
634 995 1
636 995 2
641 995 3
652 995 1
654 995 2
656 995 2
659 995 1
665 995 3
666 995 1
671 995 1
673 995 1
674 995 2
679 995 2
682 995 3
684 995 2
688 995 2
692 995 3
693 995 2
699 995 1
701 995 2
705 995 1
716 995 3
720 995 1
724 995 3
725 995 2
727 995 3
731 995 3
738 995 3
741 995 3
742 995 3
751 995 2
752 995 3
755 995 1
756 995 3
771 995 2
783 995 1
786 995 3
791 995 2
793 995 3
795 995 2
796 995 1
798 995 3
802 995 1
804 995 3
810 995 3
811 995 1
812 995 3
813 995 3
817 995 3
821 995 1
832 995 1
836 995 1
838 995 3
844 995 2
846 995 1
848 995 3
853 995 3
855 995 3
861 995 1
863 995 2
864 995 3
865 995 2
866 995 3
870 995 1
871 995 2
875 995 1
877 995 2
879 995 2
881 995 3
887 995 3
891 995 1
892 995 1
893 995 1
894 995 2
897 995 3
898 995 3
899 995 1
900 995 3
902 995 3
907 995 3
908 995 2
914 995 2
915 995 1
918 995 2
924 995 3
925 995 3
926 995 3
928 995 2
931 995 1
934 995 1
940 995 2
946 995 1
949 995 3
950 995 2
951 995 2
953 995 1
954 995 3
959 995 2
960 995 1
963 995 3
969 995 1
971 995 3
972 995 1
973 995 3
974 995 2
978 995 1
980 995 1
981 995 2
982 995 3
984 995 1
988 995 1
990 995 3
996 995 3
997 995 2
998 995 1
999 995 2
0 996 1
1 996 1
2 996 1
6 996 3
12 996 1
13 996 2
14 996 1
16 996 3
21 996 1
26 996 3
27 996 2
30 996 1
32 996 3
34 996 1
37 996 3
39 996 1
41 996 3
45 996 2
47 996 3
49 996 1
51 996 2
55 996 2
58 996 2
63 996 1
64 996 1
65 996 2
68 996 3
74 996 1
75 996 1
80 996 1
81 996 1
87 996 1
91 996 3
93 996 3
94 996 2
97 996 2
102 996 3
106 996 3
109 996 1
110 996 2
113 996 2
119 996 2
120 996 1
124 996 2
127 996 2
132 996 2
140 996 2
141 996 3
145 996 3
152 996 3
154 996 1
162 996 3
163 996 2
165 996 3
166 996 1
167 996 1
172 996 1
176 996 3
187 996 3
189 996 3
192 996 3
195 996 1
201 996 2
204 996 2
205 996 1
209 996 1
214 996 2
216 996 2
217 996 1
218 996 3
219 996 1
223 996 3
224 996 2
229 996 3
230 996 2
233 996 2
236 996 2
245 996 3
254 996 3
256 996 2
257 996 2
262 996 2
263 996 3
267 996 3
268 996 2
270 996 2
271 996 1
275 996 3
277 996 3
285 996 3
287 996 3
292 996 2
293 996 2
295 996 1
300 996 1
301 996 2
302 996 2
304 996 2
306 996 3
318 996 1
320 996 2
323 996 3
326 996 2
332 996 3
334 996 3
335 996 3
336 996 1
339 996 2
340 996 1
342 996 2
343 996 3
347 996 3
357 996 1
360 996 1
364 996 3
365 996 2
366 996 1
367 996 3
368 996 3
370 996 1
373 996 2
375 996 2
376 996 2
377 996 1
378 996 2
379 996 3
382 996 1
383 996 1
385 996 1
388 996 3
395 996 2
404 996 3
411 996 1
419 996 3
426 996 3
428 996 2
432 996 2
434 996 2
435 996 2
436 996 2
438 996 2
439 996 1
442 996 3
444 996 2
449 996 1
451 996 3
452 996 1
453 996 2
454 996 2
455 996 2
457 996 2
458 996 1
459 996 3
461 996 3
462 996 3
463 996 3
465 996 2
469 996 3
471 996 2
472 996 2
474 996 2
482 996 1
483 996 1
485 996 1
486 996 2
495 996 3
497 996 2
498 996 2
507 996 2
508 996 2
511 996 2
513 996 1
514 996 2
519 996 1
521 996 1
526 996 3
529 996 3
533 996 1
535 996 2
539 996 2
545 996 1
546 996 3
547 996 1
551 996 3
552 996 3
554 996 2
561 996 1
564 996 2
567 996 3
572 996 2
575 996 1
577 996 1
584 996 1
586 996 2
589 996 3
590 996 2
591 996 2
594 996 1
595 996 2
600 996 1
601 996 1
602 996 3
605 996 3
608 996 1
614 996 1
616 996 1
618 996 2
621 996 2
627 996 2
629 996 2
631 996 3
634 996 1
637 996 1
641 996 1
643 996 3
644 996 2
645 996 2
646 996 2
648 996 3
650 996 3
651 996 2
652 996 1
655 996 2
661 996 1
662 996 2
675 996 3
677 996 2
678 996 1
685 996 1
689 996 2
691 996 3
692 996 1
698 996 3
702 996 2
703 996 1
710 996 1
711 996 3
718 996 3
721 996 2
726 996 2
727 996 3
728 996 3
729 996 2
731 996 3
732 996 3
733 996 1
734 996 2
735 996 3
736 996 3
738 996 1
744 996 2
749 996 1
752 996 2
753 996 2
762 996 2
763 996 2
766 996 2
767 996 1
783 996 2
785 996 1
786 996 2
789 996 1
793 996 3
799 996 1
801 996 3
804 996 2
808 996 2
810 996 3
816 996 3
820 996 3
821 996 1
827 996 1
834 996 1
838 996 3
840 996 2
847 996 1
855 996 2
860 996 1
867 996 2
877 996 3
882 996 2
883 996 1
884 996 3
893 996 1
894 996 1
898 996 2
900 996 3
901 996 2
908 996 2
911 996 2
913 996 3
918 996 3
924 996 1
925 996 2
936 996 3
943 996 3
948 996 3
950 996 1
952 996 3
953 996 1
955 996 2
962 996 3
963 996 1
964 996 1
965 996 2
968 996 3
970 996 1
972 996 1
973 996 3
976 996 2
990 996 3
994 996 1
998 996 2
1 997 1
4 997 1
7 997 1
10 997 2
