239 474 2
248 474 3
250 474 2
252 474 1
260 474 1
261 474 2
262 474 3
265 474 3
267 474 2
274 474 2
277 474 1
278 474 1
281 474 2
283 474 3
286 474 1
289 474 3
291 474 2
294 474 2
295 474 3
296 474 1
304 474 1
306 474 3
307 474 2
308 474 1
319 474 2
327 474 3
334 474 1
337 474 2
340 474 3
341 474 1
342 474 3
344 474 2
348 474 2
349 474 2
350 474 1
352 474 3
358 474 3
359 474 1
360 474 1
361 474 1
363 474 2
365 474 1
372 474 3
373 474 3
378 474 2
385 474 2
386 474 3
392 474 1
393 474 1
394 474 3
401 474 2
403 474 3
407 474 3
409 474 1
414 474 2
416 474 3
418 474 3
420 474 1
427 474 3
429 474 2
430 474 3
436 474 2
447 474 3
453 474 1
455 474 3
459 474 3
461 474 3
462 474 1
463 474 1
464 474 3
467 474 1
469 474 2
470 474 2
471 474 2
472 474 1
474 474 1
475 474 1
479 474 2
483 474 2
484 474 2
490 474 2
492 474 3
495 474 1
497 474 1
498 474 2
501 474 2
502 474 3
507 474 2
509 474 2
517 474 1
525 474 3
526 474 3
528 474 3
534 474 3
539 474 3
542 474 1
544 474 2
546 474 2
547 474 2
552 474 2
554 474 3
564 474 3
566 474 3
569 474 1
572 474 1
575 474 1
576 474 3
577 474 3
579 474 2
580 474 1
581 474 1
587 474 3
594 474 3
596 474 3
603 474 1
606 474 3
608 474 1
611 474 1
622 474 2
624 474 3
625 474 3
627 474 2
633 474 1
637 474 3
639 474 2
641 474 3
645 474 3
649 474 3
651 474 1
653 474 2
656 474 2
657 474 3
658 474 3
662 474 3
664 474 3
668 474 1
677 474 2
679 474 3
680 474 2
685 474 3
691 474 3
693 474 1
694 474 1
696 474 3
700 474 1
702 474 2
704 474 1
705 474 1
707 474 1
710 474 2
713 474 2
723 474 3
726 474 1
732 474 3
738 474 2
741 474 3
749 474 3
754 474 2
757 474 3
773 474 2
779 474 2
780 474 3
781 474 3
784 474 1
789 474 3
790 474 1
791 474 1
792 474 3
794 474 3
801 474 2
804 474 1
805 474 3
806 474 3
808 474 3
815 474 2
818 474 1
820 474 2
821 474 2
822 474 3
825 474 2
826 474 1
827 474 3
831 474 1
832 474 1
836 474 3
838 474 3
843 474 1
845 474 1
847 474 2
854 474 2
858 474 2
860 474 3
861 474 3
864 474 2
866 474 2
867 474 3
868 474 1
871 474 3
873 474 3
874 474 1
879 474 2
881 474 1
887 474 3
888 474 2
892 474 2
895 474 1
898 474 1
900 474 2
902 474 2
908 474 3
909 474 1
918 474 3
920 474 2
921 474 3
926 474 1
932 474 1
935 474 1
938 474 1
939 474 1
940 474 3
942 474 2
945 474 2
948 474 2
964 474 1
965 474 3
966 474 3
968 474 3
971 474 2
972 474 3
977 474 3
978 474 3
979 474 1
982 474 3
986 474 3
989 474 3
991 474 3
992 474 3
994 474 1
996 474 3
999 474 1
1 475 1
2 475 1
7 475 1
10 475 1
12 475 3
13 475 3
15 475 1
18 475 2
19 475 3
23 475 2
28 475 3
31 475 3
33 475 2
34 475 3
37 475 2
40 475 1
42 475 2
44 475 1
47 475 3
53 475 1
54 475 2
56 475 1
67 475 3
68 475 1
70 475 1
72 475 2
74 475 2
75 475 3
79 475 2
82 475 1
83 475 1
84 475 2
85 475 1
86 475 1
90 475 2
92 475 3
98 475 3
103 475 3
104 475 3
107 475 1
108 475 2
110 475 3
111 475 2
114 475 1
115 475 3
121 475 1
122 475 1
123 475 1
125 475 3
129 475 1
133 475 3
140 475 1
143 475 3
148 475 2
149 475 3
150 475 1
151 475 3
153 475 1
155 475 1
156 475 1
158 475 1
160 475 1
164 475 2
168 475 2
169 475 1
170 475 1
173 475 1
178 475 1
179 475 2
181 475 3
182 475 1
184 475 2
185 475 2
188 475 1
189 475 2
191 475 1
193 475 1
198 475 2
206 475 3
209 475 1
214 475 1
218 475 3
219 475 1
224 475 1
225 475 2
226 475 2
227 475 2
229 475 1
231 475 2
233 475 2
237 475 3
243 475 3
248 475 2
249 475 2
250 475 2
259 475 2
262 475 3
263 475 3
264 475 3
269 475 2
277 475 1
289 475 3
292 475 1
294 475 1
295 475 2
297 475 2
298 475 2
299 475 1
302 475 2
304 475 1
307 475 1
311 475 3
312 475 3
314 475 2
316 475 2
320 475 3
321 475 2
326 475 1
333 475 2
336 475 3
340 475 2
342 475 1
344 475 3
345 475 1
347 475 3
348 475 3
349 475 2
351 475 2
352 475 1
353 475 1
358 475 3
360 475 1
367 475 1
368 475 3
371 475 2
372 475 3
375 475 3
383 475 3
384 475 2
387 475 1
388 475 2
391 475 2
393 475 3
397 475 1
404 475 3
406 475 2
411 475 2
413 475 2
414 475 2
419 475 3
427 475 1
428 475 2
430 475 1
432 475 1
436 475 3
437 475 1
441 475 1
442 475 1
445 475 2
446 475 1
452 475 2
459 475 2
460 475 2
461 475 3
463 475 2
464 475 2
470 475 1
471 475 1
472 475 1
474 475 2
477 475 3
480 475 2
485 475 1
487 475 3
488 475 3
494 475 2
495 475 3
502 475 1
506 475 3
507 475 2
511 475 3
514 475 3
516 475 1
522 475 2
528 475 1
532 475 3
537 475 2
540 475 1
547 475 1
552 475 1
557 475 3
559 475 3
565 475 2
570 475 2
571 475 3
573 475 3
575 475 1
581 475 1
582 475 2
591 475 1
595 475 1
597 475 2
598 475 2
600 475 3
608 475 1
609 475 2
611 475 3
614 475 3
615 475 2
623 475 2
628 475 2
629 475 2
631 475 1
632 475 1
635 475 3
642 475 2
643 475 2
644 475 1
656 475 3
659 475 2
663 475 1
668 475 2
671 475 3
673 475 3
675 475 1
676 475 1
679 475 3
682 475 2
684 475 2
688 475 3
690 475 3
694 475 2
700 475 3
702 475 3
705 475 2
706 475 1
707 475 3
709 475 2
715 475 3
716 475 2
719 475 2
728 475 2
729 475 2
732 475 3
733 475 2
735 475 1
737 475 3
744 475 3
750 475 1
751 475 1
757 475 2
763 475 3
766 475 3
768 475 2
775 475 2
777 475 3
785 475 3
786 475 3
787 475 2
789 475 3
791 475 1
794 475 2
796 475 1
798 475 2
810 475 1
814 475 3
816 475 2
818 475 2
820 475 3
822 475 2
831 475 1
840 475 2
844 475 3
847 475 2
853 475 1
858 475 1
859 475 2
860 475 1
866 475 1
867 475 3
870 475 2
875 475 3
876 475 3
880 475 2
881 475 2
883 475 2
885 475 1
891 475 3
892 475 2
893 475 1
895 475 2
896 475 1
897 475 1
902 475 2
912 475 1
916 475 1
919 475 2
920 475 2
921 475 1
923 475 3
924 475 2
925 475 1
927 475 1
931 475 3
934 475 1
936 475 3
938 475 2
939 475 3
945 475 1
949 475 2
950 475 3
956 475 2
957 475 3
960 475 3
963 475 1
964 475 2
966 475 1
967 475 3
973 475 1
975 475 2
976 475 1
978 475 2
979 475 2
980 475 1
988 475 1
989 475 1
991 475 3
995 475 2
0 476 2
4 476 3
6 476 2
12 476 3
20 476 3
25 476 1
31 476 2
34 476 1
45 476 1
48 476 2
50 476 1
56 476 1
58 476 3
59 476 2
60 476 3
61 476 2
64 476 2
65 476 1
70 476 2
73 476 3
78 476 3
80 476 3
86 476 3
87 476 3
88 476 1
105 476 3
107 476 1
109 476 1
112 476 2
120 476 3
123 476 2
126 476 1
129 476 1
135 476 1
136 476 2
139 476 1
144 476 1
145 476 3
147 476 1
152 476 2
154 476 1
155 476 3
159 476 2
162 476 1
163 476 2
164 476 2
165 476 2
166 476 2
168 476 1
169 476 3
170 476 2
174 476 1
177 476 3
180 476 3
181 476 2
184 476 1
186 476 3
187 476 2
192 476 1
193 476 2
198 476 3
201 476 3
206 476 1
207 476 1
213 476 2
222 476 3
224 476 1
227 476 3
228 476 1
233 476 1
237 476 2
241 476 2
242 476 1
244 476 3
245 476 2
246 476 1
247 476 2
248 476 1
250 476 2
252 476 2
253 476 2
257 476 3
259 476 1
260 476 1
261 476 1
263 476 1
266 476 1
271 476 1
277 476 3
279 476 2
292 476 3
296 476 3
297 476 1
298 476 2
300 476 1
306 476 1
307 476 1
308 476 2
