373 776 1
375 776 3
376 776 3
377 776 3
380 776 2
381 776 1
383 776 3
394 776 1
396 776 3
400 776 2
403 776 3
408 776 3
409 776 3
410 776 3
413 776 2
422 776 2
423 776 2
426 776 1
429 776 1
433 776 2
438 776 1
439 776 2
440 776 3
444 776 2
446 776 3
449 776 2
450 776 1
452 776 2
459 776 1
463 776 2
464 776 3
468 776 2
469 776 1
473 776 2
475 776 3
476 776 2
481 776 3
483 776 2
487 776 2
492 776 2
493 776 2
495 776 2
499 776 2
500 776 2
503 776 3
505 776 3
506 776 3
507 776 2
510 776 3
521 776 3
522 776 3
524 776 2
531 776 1
533 776 1
535 776 3
536 776 2
537 776 3
538 776 3
543 776 2
544 776 3
548 776 3
549 776 3
550 776 1
551 776 2
552 776 1
555 776 3
556 776 2
558 776 3
560 776 3
561 776 1
565 776 3
569 776 1
571 776 1
579 776 3
581 776 1
586 776 3
589 776 3
591 776 2
594 776 2
595 776 3
596 776 2
599 776 3
609 776 3
612 776 1
614 776 1
616 776 2
617 776 1
621 776 3
624 776 1
625 776 1
626 776 2
628 776 1
629 776 1
633 776 3
635 776 3
638 776 3
641 776 3
642 776 1
643 776 1
647 776 3
650 776 3
653 776 3
654 776 1
655 776 2
656 776 2
657 776 3
666 776 3
667 776 2
673 776 2
675 776 3
677 776 3
679 776 3
681 776 1
687 776 3
690 776 3
692 776 2
695 776 2
705 776 3
707 776 1
715 776 2
721 776 1
727 776 3
729 776 1
731 776 1
735 776 2
736 776 2
739 776 2
742 776 1
744 776 2
749 776 2
752 776 3
754 776 2
755 776 2
759 776 2
764 776 3
765 776 3
767 776 1
768 776 3
770 776 1
773 776 2
775 776 2
776 776 3
777 776 2
782 776 2
785 776 2
786 776 1
791 776 3
795 776 3
796 776 2
798 776 3
799 776 1
801 776 1
806 776 3
809 776 2
811 776 1
812 776 3
815 776 2
817 776 2
824 776 3
825 776 3
833 776 3
835 776 2
842 776 2
844 776 2
848 776 2
849 776 2
850 776 3
851 776 1
855 776 2
858 776 2
860 776 3
863 776 3
865 776 2
868 776 1
869 776 3
870 776 3
880 776 1
881 776 1
885 776 1
887 776 3
888 776 3
891 776 1
894 776 1
898 776 1
899 776 3
908 776 2
913 776 2
914 776 2
915 776 1
917 776 2
919 776 1
925 776 2
926 776 3
934 776 1
937 776 1
939 776 1
942 776 1
948 776 2
951 776 2
953 776 2
955 776 1
956 776 2
957 776 1
960 776 1
961 776 3
965 776 2
966 776 2
969 776 1
970 776 1
979 776 3
980 776 3
981 776 3
983 776 2
984 776 1
986 776 3
988 776 1
993 776 3
998 776 2
0 777 3
2 777 3
3 777 2
6 777 3
8 777 3
9 777 3
12 777 2
15 777 2
17 777 2
20 777 2
22 777 3
23 777 3
29 777 1
39 777 2
40 777 1
50 777 2
60 777 1
63 777 2
67 777 3
69 777 1
70 777 1
72 777 3
74 777 2
75 777 2
77 777 1
79 777 2
80 777 2
81 777 2
82 777 3
86 777 1
89 777 3
95 777 3
103 777 3
106 777 2
107 777 2
109 777 1
111 777 2
112 777 3
128 777 1
134 777 2
138 777 3
141 777 1
142 777 2
143 777 2
145 777 3
160 777 1
162 777 1
163 777 2
164 777 1
168 777 2
172 777 3
174 777 3
175 777 1
178 777 2
179 777 1
181 777 3
189 777 3
190 777 1
191 777 3
192 777 1
197 777 2
199 777 3
203 777 1
208 777 2
213 777 3
217 777 1
221 777 1
222 777 3
223 777 2
225 777 1
228 777 1
231 777 2
233 777 3
234 777 3
240 777 2
242 777 2
248 777 2
250 777 3
251 777 3
253 777 2
255 777 1
256 777 1
257 777 2
263 777 3
266 777 1
268 777 1
269 777 2
282 777 2
292 777 1
295 777 1
297 777 2
299 777 2
305 777 3
309 777 3
314 777 2
317 777 3
322 777 2
325 777 3
326 777 2
328 777 1
334 777 3
343 777 3
346 777 1
348 777 2
352 777 2
355 777 2
358 777 2
360 777 2
364 777 1
370 777 3
374 777 3
378 777 3
380 777 1
381 777 2
384 777 1
386 777 1
387 777 2
391 777 2
392 777 3
393 777 3
394 777 3
395 777 2
396 777 3
397 777 1
404 777 1
407 777 1
409 777 2
411 777 1
413 777 3
414 777 1
417 777 3
421 777 1
427 777 1
429 777 1
430 777 3
435 777 1
439 777 3
440 777 1
442 777 1
444 777 1
445 777 3
447 777 3
449 777 1
450 777 2
457 777 2
467 777 2
469 777 2
470 777 3
478 777 1
481 777 2
489 777 2
490 777 1
491 777 2
494 777 1
497 777 1
498 777 3
499 777 1
502 777 2
504 777 2
506 777 1
507 777 1
512 777 1
521 777 1
528 777 1
532 777 1
538 777 2
539 777 3
543 777 2
549 777 2
550 777 1
556 777 3
558 777 1
560 777 2
563 777 3
564 777 1
565 777 1
568 777 3
569 777 1
570 777 3
571 777 2
575 777 3
576 777 1
578 777 3
581 777 1
583 777 3
585 777 3
587 777 1
589 777 1
596 777 1
597 777 2
607 777 3
613 777 3
617 777 3
621 777 1
622 777 3
628 777 2
633 777 2
634 777 3
635 777 1
638 777 1
639 777 2
640 777 3
641 777 1
644 777 2
648 777 1
649 777 3
650 777 3
651 777 1
661 777 2
664 777 3
665 777 3
669 777 2
672 777 3
676 777 2
677 777 3
678 777 3
684 777 1
685 777 3
688 777 1
690 777 1
697 777 1
701 777 1
704 777 1
705 777 1
706 777 3
707 777 1
711 777 3
714 777 1
719 777 2
723 777 3
725 777 2
727 777 3
732 777 3
737 777 3
739 777 3
741 777 1
742 777 3
749 777 2
750 777 2
751 777 2
752 777 1
755 777 2
756 777 3
758 777 1
760 777 2
763 777 2
765 777 1
768 777 2
769 777 2
771 777 1
772 777 3
777 777 2
784 777 3
791 777 2
796 777 1
797 777 2
798 777 1
801 777 1
803 777 2
812 777 1
815 777 2
817 777 1
823 777 1
824 777 1
829 777 3
831 777 3
834 777 2
838 777 1
839 777 3
840 777 3
841 777 2
842 777 1
846 777 3
849 777 1
858 777 3
863 777 2
864 777 1
866 777 2
867 777 3
868 777 1
871 777 2
873 777 1
875 777 3
876 777 3
878 777 1
883 777 1
884 777 2
889 777 2
891 777 2
892 777 1
893 777 1
906 777 1
907 777 2
909 777 3
918 777 3
919 777 3
922 777 1
923 777 2
924 777 3
926 777 3
928 777 2
931 777 3
934 777 2
942 777 2
945 777 3
948 777 1
950 777 1
953 777 3
955 777 2
958 777 2
960 777 1
962 777 3
980 777 2
982 777 3
983 777 1
984 777 1
988 777 1
992 777 1
994 777 3
995 777 3
997 777 2
4 778 3
8 778 3
9 778 1
18 778 2
19 778 1
29 778 1
32 778 2
36 778 1
39 778 3
40 778 1
44 778 2
47 778 3
52 778 3
53 778 2
56 778 2
57 778 2
61 778 1
65 778 1
67 778 1
68 778 3
71 778 3
73 778 1
76 778 2
81 778 3
82 778 2
83 778 2
85 778 3
86 778 2
90 778 1
93 778 2
94 778 1
99 778 1
102 778 3
105 778 1
106 778 3
108 778 1
109 778 3
112 778 2
118 778 3
127 778 1
128 778 3
133 778 2
135 778 2
136 778 2
143 778 1
152 778 2
159 778 3
163 778 1
166 778 3
167 778 1
172 778 1
183 778 3
186 778 2
188 778 3
191 778 1
193 778 2
195 778 1
200 778 2
201 778 2
204 778 2
205 778 1
207 778 3
210 778 2
215 778 3
216 778 3
217 778 1
220 778 2
222 778 1
227 778 1
228 778 1
229 778 2
232 778 1
235 778 3
241 778 2
244 778 3
247 778 2
252 778 3
255 778 2
258 778 2
262 778 3
263 778 1
267 778 3
269 778 2
273 778 3
275 778 2
276 778 3
281 778 1
282 778 3
286 778 1
287 778 3
291 778 3
296 778 2
298 778 1
301 778 3
303 778 1
305 778 2
306 778 2
308 778 2
309 778 3
311 778 2
312 778 3
313 778 2
319 778 1
321 778 2
328 778 2
329 778 3
331 778 1
332 778 3
335 778 1
338 778 3
340 778 2
341 778 3
353 778 3
357 778 1
359 778 3
360 778 2
362 778 1
364 778 2
366 778 2
367 778 1
370 778 3
371 778 1
374 778 3
375 778 3
383 778 1
384 778 2
387 778 1
