524 678 2
527 678 2
529 678 1
531 678 1
534 678 2
537 678 3
539 678 3
547 678 1
548 678 1
549 678 2
552 678 1
553 678 2
556 678 3
557 678 2
558 678 2
560 678 1
561 678 3
567 678 3
568 678 2
571 678 2
574 678 3
577 678 2
581 678 1
586 678 1
587 678 2
589 678 2
590 678 1
593 678 2
595 678 2
597 678 3
606 678 2
607 678 3
610 678 2
613 678 1
621 678 1
627 678 3
628 678 2
629 678 1
634 678 3
635 678 3
643 678 2
649 678 3
650 678 3
651 678 2
652 678 1
653 678 1
656 678 3
657 678 3
659 678 2
662 678 2
663 678 2
664 678 3
665 678 3
666 678 1
667 678 3
670 678 1
672 678 1
678 678 3
682 678 3
683 678 3
684 678 3
695 678 1
697 678 2
698 678 2
711 678 2
712 678 1
716 678 2
719 678 3
720 678 2
721 678 1
724 678 2
732 678 1
733 678 2
736 678 3
740 678 3
742 678 2
744 678 2
755 678 2
757 678 3
760 678 3
761 678 3
764 678 3
765 678 1
766 678 3
769 678 2
773 678 1
777 678 1
782 678 1
783 678 3
784 678 3
787 678 3
789 678 3
790 678 2
791 678 2
792 678 3
793 678 1
797 678 1
799 678 2
802 678 3
804 678 2
805 678 3
806 678 2
810 678 3
811 678 3
812 678 1
819 678 3
824 678 2
825 678 1
826 678 3
827 678 3
828 678 1
831 678 2
835 678 3
836 678 1
841 678 1
844 678 3
848 678 3
850 678 3
852 678 2
861 678 3
862 678 2
863 678 3
865 678 2
866 678 2
871 678 3
875 678 1
878 678 1
881 678 2
883 678 2
887 678 3
889 678 3
893 678 2
894 678 3
899 678 1
902 678 3
904 678 2
905 678 1
911 678 1
914 678 1
916 678 2
917 678 1
922 678 3
925 678 3
927 678 3
928 678 3
929 678 2
931 678 3
932 678 2
933 678 3
934 678 2
937 678 2
938 678 2
940 678 2
942 678 3
943 678 3
947 678 2
949 678 1
951 678 2
956 678 3
961 678 2
966 678 1
967 678 1
969 678 3
970 678 2
973 678 2
978 678 2
985 678 1
993 678 2
994 678 1
998 678 3
999 678 2
1 679 3
3 679 1
5 679 2
6 679 2
9 679 2
10 679 2
11 679 1
15 679 2
16 679 2
28 679 2
31 679 2
33 679 1
34 679 1
35 679 1
38 679 1
39 679 3
41 679 2
43 679 1
45 679 1
46 679 3
48 679 2
50 679 1
51 679 1
63 679 1
65 679 3
74 679 3
79 679 2
83 679 2
84 679 3
86 679 2
87 679 2
91 679 3
96 679 2
101 679 3
104 679 1
105 679 1
107 679 2
108 679 1
110 679 3
120 679 1
121 679 3
123 679 1
124 679 1
125 679 1
127 679 2
128 679 2
131 679 2
132 679 1
139 679 2
140 679 1
141 679 3
143 679 3
147 679 1
153 679 1
155 679 3
157 679 2
159 679 1
163 679 2
165 679 2
167 679 3
171 679 2
173 679 1
174 679 1
177 679 1
179 679 2
184 679 1
186 679 2
188 679 3
190 679 2
191 679 3
194 679 2
198 679 1
199 679 3
201 679 2
202 679 2
203 679 2
204 679 3
205 679 1
210 679 3
214 679 3
215 679 1
217 679 3
219 679 2
221 679 1
222 679 2
225 679 1
227 679 2
230 679 2
236 679 3
237 679 3
239 679 2
243 679 2
245 679 1
247 679 1
248 679 2
249 679 2
257 679 3
258 679 2
263 679 2
264 679 2
267 679 2
269 679 2
270 679 3
275 679 2
279 679 2
280 679 3
283 679 2
284 679 1
287 679 3
289 679 1
291 679 2
292 679 2
296 679 2
297 679 3
298 679 2
302 679 3
303 679 3
305 679 3
309 679 3
310 679 3
311 679 3
317 679 3
319 679 1
320 679 1
331 679 3
332 679 1
336 679 2
340 679 2
341 679 2
343 679 2
344 679 3
345 679 1
347 679 3
353 679 3
355 679 1
362 679 2
364 679 2
368 679 3
370 679 3
373 679 3
377 679 1
378 679 1
379 679 3
380 679 3
383 679 3
386 679 2
388 679 2
396 679 1
398 679 3
408 679 2
409 679 2
410 679 3
411 679 1
413 679 1
414 679 2
415 679 2
422 679 1
423 679 2
427 679 1
428 679 2
433 679 2
439 679 2
443 679 2
445 679 2
448 679 3
449 679 3
459 679 1
464 679 3
465 679 2
466 679 3
473 679 3
476 679 2
479 679 3
483 679 2
484 679 1
486 679 3
488 679 2
489 679 3
490 679 1
493 679 2
498 679 3
499 679 1
510 679 2
512 679 3
513 679 1
514 679 3
517 679 3
519 679 3
522 679 2
523 679 3
528 679 1
533 679 2
539 679 3
542 679 3
546 679 2
547 679 1
553 679 1
555 679 1
559 679 2
562 679 1
563 679 3
565 679 1
568 679 3
569 679 1
573 679 2
574 679 1
578 679 3
579 679 3
581 679 3
582 679 3
583 679 3
584 679 3
587 679 2
599 679 1
605 679 3
620 679 1
622 679 3
623 679 2
626 679 3
629 679 3
631 679 3
632 679 1
633 679 3
634 679 2
643 679 1
644 679 3
645 679 3
647 679 3
649 679 1
650 679 2
652 679 1
653 679 1
656 679 3
657 679 3
677 679 1
679 679 1
680 679 2
695 679 2
706 679 2
713 679 1
714 679 3
715 679 3
717 679 2
719 679 1
720 679 1
722 679 2
723 679 3
724 679 3
727 679 2
729 679 3
731 679 1
734 679 1
739 679 2
740 679 2
742 679 1
743 679 2
749 679 1
751 679 3
752 679 1
758 679 3
760 679 1
761 679 2
765 679 2
770 679 2
771 679 1
781 679 3
782 679 1
783 679 2
784 679 2
790 679 3
802 679 1
806 679 1
807 679 1
810 679 2
813 679 3
817 679 2
820 679 1
821 679 3
823 679 2
826 679 3
827 679 1
828 679 1
829 679 2
831 679 1
833 679 1
837 679 2
838 679 3
841 679 2
843 679 3
844 679 1
848 679 2
849 679 1
860 679 1
861 679 3
864 679 3
865 679 1
866 679 3
867 679 1
868 679 1
869 679 2
876 679 1
878 679 1
883 679 2
887 679 1
894 679 1
895 679 1
899 679 1
900 679 3
903 679 3
907 679 2
912 679 1
913 679 2
914 679 1
916 679 3
918 679 3
919 679 1
922 679 3
923 679 1
924 679 3
926 679 1
927 679 2
930 679 3
933 679 2
938 679 2
939 679 3
940 679 2
947 679 3
949 679 3
951 679 1
960 679 2
961 679 2
962 679 3
964 679 2
965 679 1
975 679 1
976 679 1
977 679 2
980 679 2
985 679 2
986 679 2
989 679 2
990 679 3
994 679 2
999 679 2
2 680 1
5 680 3
12 680 3
17 680 3
21 680 3
24 680 2
26 680 2
29 680 3
33 680 2
36 680 1
38 680 2
39 680 3
40 680 1
42 680 2
44 680 2
45 680 3
49 680 2
50 680 3
54 680 1
56 680 1
58 680 3
60 680 3
62 680 2
63 680 3
64 680 2
67 680 3
68 680 2
70 680 3
74 680 3
77 680 1
79 680 3
80 680 1
82 680 1
83 680 1
86 680 1
87 680 2
88 680 2
90 680 3
91 680 1
92 680 2
95 680 3
97 680 3
98 680 1
100 680 2
101 680 1
102 680 3
111 680 3
114 680 3
116 680 2
118 680 1
120 680 2
123 680 2
125 680 3
127 680 2
128 680 2
129 680 2
131 680 3
134 680 3
135 680 2
136 680 2
138 680 3
139 680 2
140 680 1
153 680 2
157 680 3
158 680 2
159 680 1
161 680 3
168 680 2
170 680 1
171 680 3
176 680 1
177 680 2
179 680 2
182 680 2
183 680 1
188 680 2
194 680 2
195 680 3
204 680 1
209 680 1
210 680 3
213 680 2
214 680 2
215 680 3
216 680 2
217 680 1
223 680 2
226 680 2
227 680 3
229 680 2
231 680 3
232 680 2
241 680 3
245 680 2
248 680 2
251 680 3
252 680 1
259 680 3
261 680 1
262 680 2
263 680 3
266 680 1
270 680 2
281 680 2
285 680 3
289 680 2
298 680 1
299 680 2
300 680 1
303 680 2
312 680 1
313 680 2
316 680 2
324 680 1
326 680 1
328 680 3
331 680 3
336 680 1
339 680 1
340 680 1
341 680 1
344 680 2
345 680 2
348 680 1
350 680 2
352 680 3
362 680 3
369 680 1
370 680 1
375 680 3
376 680 1
382 680 2
383 680 3
385 680 2
397 680 3
402 680 2
409 680 1
412 680 1
417 680 2
419 680 3
422 680 3
423 680 2
424 680 3
431 680 2
434 680 1
443 680 3
444 680 1
447 680 1
449 680 2
452 680 1
