698 388 3
700 388 2
702 388 2
704 388 2
706 388 2
709 388 1
710 388 2
715 388 1
718 388 1
720 388 1
721 388 2
724 388 3
725 388 1
729 388 2
735 388 2
738 388 1
739 388 2
744 388 2
746 388 1
747 388 1
750 388 3
757 388 3
759 388 3
762 388 3
766 388 2
767 388 2
771 388 1
774 388 1
775 388 1
777 388 2
781 388 1
786 388 3
787 388 2
789 388 2
792 388 1
793 388 2
795 388 3
797 388 3
798 388 3
803 388 1
804 388 2
805 388 3
806 388 1
807 388 3
813 388 1
815 388 1
816 388 2
817 388 3
818 388 3
821 388 1
824 388 3
830 388 3
839 388 1
840 388 1
841 388 3
845 388 3
849 388 2
859 388 1
861 388 1
865 388 1
869 388 1
871 388 3
874 388 2
876 388 3
877 388 3
880 388 2
882 388 1
898 388 1
899 388 2
900 388 3
901 388 2
905 388 2
907 388 3
915 388 3
917 388 1
920 388 2
924 388 1
926 388 1
927 388 1
932 388 1
938 388 2
939 388 3
941 388 2
945 388 2
948 388 3
951 388 1
953 388 1
955 388 2
958 388 2
961 388 2
965 388 2
967 388 1
968 388 2
976 388 3
978 388 2
981 388 3
983 388 2
987 388 1
988 388 3
989 388 1
990 388 3
997 388 2
998 388 2
999 388 1
0 389 3
2 389 2
11 389 1
13 389 2
17 389 3
19 389 3
21 389 1
22 389 3
27 389 2
35 389 2
43 389 2
44 389 2
49 389 1
56 389 1
62 389 1
64 389 2
65 389 3
66 389 1
68 389 2
73 389 1
74 389 1
76 389 1
79 389 3
80 389 2
82 389 3
89 389 1
92 389 1
94 389 2
95 389 3
97 389 2
104 389 3
108 389 3
110 389 3
116 389 2
122 389 2
123 389 1
127 389 2
130 389 2
131 389 3
134 389 2
136 389 1
137 389 2
140 389 2
144 389 2
149 389 3
150 389 1
151 389 1
152 389 3
154 389 1
156 389 2
160 389 3
165 389 1
168 389 2
170 389 3
171 389 2
172 389 1
176 389 2
177 389 2
179 389 1
182 389 2
184 389 3
188 389 1
189 389 3
190 389 3
192 389 3
193 389 3
198 389 3
201 389 2
207 389 1
209 389 3
211 389 2
214 389 1
218 389 3
219 389 3
220 389 3
224 389 1
230 389 2
232 389 3
233 389 1
234 389 2
235 389 1
241 389 3
246 389 3
250 389 3
256 389 3
258 389 2
259 389 2
261 389 1
262 389 2
273 389 1
277 389 1
283 389 2
289 389 3
290 389 1
295 389 3
296 389 2
300 389 2
301 389 2
303 389 2
307 389 1
309 389 1
312 389 2
322 389 2
323 389 3
326 389 1
327 389 3
328 389 1
329 389 3
334 389 1
336 389 3
339 389 2
340 389 1
341 389 2
347 389 1
348 389 1
349 389 2
358 389 2
361 389 2
362 389 1
364 389 1
365 389 2
366 389 1
367 389 2
368 389 2
369 389 1
371 389 2
372 389 1
373 389 3
378 389 2
384 389 3
400 389 1
401 389 3
403 389 1
407 389 1
408 389 3
409 389 1
410 389 2
415 389 2
416 389 3
421 389 1
425 389 1
435 389 1
436 389 3
440 389 2
446 389 3
447 389 1
449 389 2
452 389 1
454 389 2
455 389 1
461 389 1
473 389 2
474 389 2
477 389 3
482 389 3
483 389 2
488 389 2
489 389 3
493 389 2
496 389 1
503 389 1
505 389 1
507 389 3
509 389 3
514 389 1
515 389 1
519 389 3
523 389 1
525 389 1
527 389 3
528 389 1
530 389 2
532 389 3
533 389 2
537 389 2
539 389 2
540 389 3
546 389 3
550 389 2
553 389 2
556 389 1
558 389 1
559 389 2
563 389 3
568 389 2
573 389 2
577 389 3
579 389 2
582 389 3
592 389 3
598 389 1
600 389 3
602 389 1
608 389 3
610 389 3
612 389 1
615 389 1
616 389 3
618 389 3
620 389 2
621 389 3
623 389 3
628 389 1
634 389 1
636 389 2
637 389 2
638 389 2
640 389 1
647 389 3
648 389 1
654 389 1
656 389 2
658 389 3
661 389 1
667 389 3
670 389 1
678 389 2
683 389 1
684 389 1
685 389 2
686 389 3
694 389 3
699 389 3
700 389 1
702 389 2
707 389 3
710 389 2
712 389 2
713 389 3
714 389 3
715 389 3
717 389 3
718 389 1
719 389 1
725 389 1
728 389 1
729 389 3
730 389 2
733 389 3
735 389 3
737 389 1
741 389 2
743 389 1
752 389 1
756 389 2
763 389 1
765 389 2
769 389 3
771 389 1
773 389 1
776 389 3
780 389 2
782 389 2
785 389 2
787 389 1
788 389 1
789 389 2
791 389 1
794 389 3
795 389 2
797 389 2
803 389 3
811 389 2
812 389 1
816 389 2
817 389 2
819 389 1
822 389 1
828 389 2
834 389 3
835 389 3
837 389 3
845 389 2
847 389 1
849 389 2
850 389 1
851 389 3
852 389 1
858 389 1
863 389 1
869 389 3
875 389 2
876 389 1
877 389 1
880 389 2
881 389 3
882 389 3
883 389 3
885 389 1
899 389 3
901 389 2
909 389 3
911 389 1
915 389 1
916 389 2
924 389 1
927 389 2
930 389 2
932 389 3
934 389 1
938 389 1
939 389 2
940 389 1
942 389 2
952 389 3
956 389 2
958 389 1
964 389 1
967 389 1
969 389 1
970 389 1
971 389 1
972 389 1
975 389 2
976 389 3
979 389 3
980 389 2
982 389 2
983 389 3
988 389 3
994 389 2
996 389 3
997 389 1
999 389 2
4 390 1
8 390 3
12 390 3
13 390 1
14 390 2
15 390 2
18 390 2
19 390 3
22 390 2
23 390 1
25 390 2
26 390 3
28 390 2
33 390 2
38 390 2
39 390 2
42 390 1
46 390 1
49 390 1
54 390 2
65 390 3
67 390 1
74 390 2
80 390 1
81 390 2
82 390 2
86 390 1
87 390 2
88 390 2
94 390 3
96 390 2
97 390 2
100 390 2
102 390 2
109 390 2
110 390 2
112 390 2
113 390 1
116 390 3
118 390 2
121 390 3
124 390 3
129 390 1
133 390 3
138 390 2
140 390 3
142 390 2
143 390 3
144 390 3
146 390 3
147 390 2
148 390 2
149 390 2
151 390 2
159 390 1
160 390 1
162 390 1
163 390 3
166 390 2
172 390 3
181 390 1
182 390 2
184 390 2
187 390 1
188 390 2
189 390 3
190 390 2
193 390 3
195 390 3
196 390 2
197 390 3
201 390 3
204 390 1
206 390 3
211 390 3
216 390 3
217 390 2
221 390 1
222 390 3
224 390 1
228 390 1
229 390 2
234 390 2
238 390 3
245 390 1
246 390 2
247 390 2
250 390 1
254 390 3
256 390 1
257 390 2
258 390 3
259 390 2
262 390 2
264 390 3
267 390 2
269 390 3
273 390 1
275 390 3
276 390 3
277 390 3
283 390 3
284 390 3
287 390 3
293 390 1
294 390 2
296 390 2
298 390 3
301 390 2
302 390 1
313 390 2
319 390 1
320 390 3
322 390 1
327 390 2
334 390 2
335 390 3
337 390 1
342 390 2
346 390 2
374 390 2
375 390 2
377 390 2
378 390 1
382 390 3
389 390 1
394 390 2
396 390 2
398 390 3
401 390 3
402 390 1
404 390 3
407 390 3
411 390 3
412 390 3
414 390 3
415 390 3
416 390 2
417 390 3
420 390 2
421 390 2
423 390 2
426 390 3
430 390 1
433 390 3
435 390 2
437 390 3
438 390 2
439 390 1
441 390 2
443 390 1
446 390 3
449 390 1
452 390 2
453 390 1
457 390 1
459 390 2
462 390 3
463 390 2
464 390 3
465 390 2
467 390 2
470 390 1
473 390 2
474 390 1
475 390 2
479 390 1
480 390 1
482 390 1
483 390 3
484 390 2
488 390 3
489 390 2
491 390 1
498 390 3
502 390 2
504 390 2
505 390 1
506 390 1
507 390 1
512 390 1
513 390 3
517 390 3
518 390 1
519 390 2
525 390 1
527 390 1
529 390 1
533 390 2
542 390 2
544 390 2
547 390 2
555 390 1
556 390 1
557 390 3
565 390 2
566 390 1
570 390 2
571 390 3
572 390 1
573 390 1
574 390 1
576 390 1
580 390 2
582 390 3
584 390 1
587 390 3
594 390 3
595 390 1
597 390 1
601 390 3
602 390 3
607 390 1
609 390 2
613 390 2
615 390 2
616 390 1
619 390 3
622 390 1
623 390 3
624 390 3
627 390 2
632 390 3
633 390 2
634 390 3
646 390 1
647 390 2
648 390 3
657 390 3
661 390 3
665 390 1
667 390 3
668 390 3
671 390 1
672 390 3
679 390 3
680 390 2
684 390 1
