463 171 2
468 171 3
472 171 3
476 171 1
478 171 3
481 171 1
484 171 2
488 171 1
489 171 1
491 171 3
493 171 2
498 171 3
501 171 3
504 171 2
508 171 1
510 171 3
513 171 1
514 171 3
519 171 2
520 171 2
525 171 3
531 171 1
532 171 1
534 171 1
535 171 3
539 171 2
542 171 1
546 171 2
553 171 1
554 171 1
559 171 3
564 171 2
569 171 3
572 171 1
574 171 2
575 171 2
577 171 3
580 171 2
582 171 1
585 171 1
591 171 2
593 171 1
594 171 3
598 171 1
603 171 3
604 171 3
610 171 1
612 171 2
615 171 3
618 171 3
619 171 3
630 171 3
631 171 3
633 171 2
634 171 1
635 171 2
636 171 2
644 171 1
645 171 1
646 171 2
648 171 3
649 171 3
650 171 3
651 171 2
652 171 1
658 171 1
660 171 2
664 171 3
665 171 2
668 171 3
670 171 3
671 171 1
673 171 2
679 171 1
680 171 2
684 171 1
685 171 1
690 171 3
691 171 3
695 171 2
696 171 2
701 171 2
703 171 1
705 171 3
707 171 1
708 171 3
710 171 2
717 171 3
723 171 2
729 171 3
732 171 2
738 171 1
740 171 3
744 171 1
745 171 3
747 171 1
748 171 1
754 171 2
755 171 3
756 171 1
760 171 3
762 171 2
765 171 1
780 171 2
782 171 3
787 171 1
789 171 3
792 171 2
795 171 1
796 171 1
802 171 2
804 171 1
809 171 2
813 171 2
814 171 1
815 171 1
816 171 1
829 171 1
830 171 2
831 171 3
832 171 3
834 171 2
835 171 3
836 171 1
843 171 1
844 171 3
848 171 3
849 171 3
853 171 2
854 171 2
855 171 3
885 171 3
887 171 1
889 171 1
894 171 2
897 171 2
898 171 3
904 171 2
905 171 1
911 171 2
913 171 1
914 171 1
924 171 3
934 171 3
935 171 1
940 171 2
944 171 1
945 171 2
947 171 3
949 171 2
952 171 3
958 171 2
967 171 1
972 171 1
977 171 3
978 171 3
981 171 2
986 171 1
990 171 3
991 171 2
992 171 2
993 171 3
994 171 3
996 171 1
2 172 1
3 172 2
4 172 2
7 172 3
9 172 1
10 172 3
11 172 1
12 172 2
17 172 3
18 172 1
19 172 3
23 172 3
25 172 3
27 172 2
30 172 3
35 172 3
39 172 3
40 172 3
43 172 1
50 172 1
51 172 2
53 172 2
54 172 3
58 172 1
61 172 3
62 172 2
63 172 2
71 172 3
76 172 2
77 172 3
78 172 1
79 172 2
81 172 3
84 172 2
85 172 1
86 172 1
90 172 1
93 172 1
94 172 1
102 172 2
103 172 2
104 172 1
105 172 2
109 172 3
114 172 3
117 172 3
124 172 3
126 172 1
133 172 3
136 172 3
137 172 2
140 172 1
144 172 3
145 172 1
148 172 3
151 172 2
153 172 2
159 172 1
160 172 1
163 172 3
168 172 3
169 172 3
171 172 1
173 172 2
175 172 3
177 172 2
179 172 3
181 172 2
183 172 2
193 172 2
196 172 3
197 172 3
199 172 1
204 172 1
205 172 2
207 172 1
213 172 3
216 172 2
217 172 3
220 172 2
223 172 1
228 172 2
230 172 2
231 172 2
236 172 1
238 172 3
239 172 3
249 172 3
255 172 2
257 172 3
261 172 3
265 172 3
266 172 3
268 172 1
271 172 1
273 172 3
274 172 2
282 172 1
291 172 3
296 172 2
297 172 3
298 172 3
299 172 1
302 172 2
303 172 3
307 172 1
310 172 3
316 172 1
317 172 2
320 172 1
321 172 3
323 172 1
331 172 3
340 172 3
348 172 2
351 172 1
353 172 1
354 172 2
355 172 2
359 172 1
362 172 3
363 172 3
368 172 3
374 172 2
379 172 2
382 172 2
384 172 1
388 172 1
392 172 1
395 172 1
397 172 1
399 172 3
400 172 3
402 172 1
404 172 1
405 172 3
407 172 3
408 172 2
410 172 2
413 172 2
416 172 3
417 172 2
419 172 1
425 172 2
427 172 3
431 172 2
432 172 1
435 172 2
437 172 3
438 172 1
449 172 1
451 172 1
452 172 1
457 172 2
458 172 3
460 172 1
462 172 3
464 172 2
465 172 2
473 172 2
476 172 1
480 172 1
481 172 2
483 172 3
484 172 2
487 172 1
489 172 3
491 172 3
493 172 3
496 172 3
497 172 3
499 172 2
500 172 2
502 172 1
505 172 2
513 172 3
514 172 2
516 172 3
517 172 2
518 172 2
522 172 1
524 172 2
525 172 1
526 172 2
529 172 3
530 172 2
533 172 1
534 172 3
535 172 3
537 172 2
539 172 1
540 172 1
546 172 2
548 172 3
549 172 2
550 172 2
553 172 3
555 172 3
560 172 3
561 172 2
566 172 3
572 172 3
574 172 2
577 172 3
582 172 1
585 172 1
588 172 3
589 172 3
590 172 3
592 172 3
593 172 3
596 172 1
598 172 3
601 172 1
603 172 2
604 172 3
605 172 1
606 172 3
609 172 1
610 172 3
611 172 1
625 172 3
629 172 2
632 172 2
634 172 3
637 172 2
638 172 1
639 172 2
641 172 3
643 172 2
646 172 1
649 172 2
651 172 3
652 172 2
655 172 1
662 172 1
663 172 3
665 172 1
669 172 1
670 172 2
675 172 3
678 172 3
679 172 3
680 172 1
681 172 2
684 172 3
686 172 2
690 172 2
691 172 3
693 172 3
694 172 2
696 172 1
698 172 3
700 172 1
701 172 1
710 172 2
711 172 2
713 172 1
715 172 1
717 172 1
718 172 1
719 172 2
724 172 1
728 172 2
733 172 3
734 172 2
735 172 1
739 172 1
741 172 2
743 172 3
746 172 3
748 172 3
749 172 3
755 172 3
758 172 1
759 172 1
762 172 2
763 172 3
766 172 2
768 172 3
769 172 3
770 172 3
771 172 2
773 172 1
791 172 3
793 172 3
797 172 1
801 172 2
808 172 2
815 172 2
820 172 2
821 172 1
822 172 2
828 172 1
829 172 1
834 172 2
842 172 3
843 172 1
844 172 1
845 172 2
848 172 3
854 172 3
860 172 2
867 172 1
868 172 1
875 172 3
881 172 2
883 172 3
888 172 2
891 172 3
892 172 2
893 172 1
894 172 3
895 172 1
897 172 2
899 172 2
903 172 2
905 172 2
907 172 1
909 172 3
913 172 2
915 172 1
916 172 1
917 172 3
918 172 2
920 172 3
921 172 3
922 172 2
925 172 3
926 172 1
932 172 2
937 172 3
938 172 1
939 172 3
954 172 2
960 172 3
961 172 2
962 172 2
963 172 1
967 172 2
971 172 3
974 172 1
983 172 3
986 172 1
988 172 2
994 172 1
997 172 3
1 173 2
2 173 1
6 173 2
10 173 3
16 173 2
18 173 2
21 173 1
25 173 3
27 173 2
28 173 2
34 173 3
35 173 1
36 173 1
41 173 3
42 173 1
50 173 1
51 173 1
54 173 1
55 173 2
58 173 1
59 173 2
60 173 3
62 173 2
64 173 1
65 173 3
73 173 1
75 173 1
80 173 3
87 173 1
88 173 1
92 173 3
93 173 2
95 173 3
97 173 1
101 173 1
106 173 3
112 173 1
116 173 1
118 173 3
119 173 1
120 173 1
122 173 2
123 173 3
131 173 2
142 173 3
147 173 3
148 173 2
149 173 1
150 173 1
154 173 1
158 173 3
169 173 1
171 173 2
173 173 3
175 173 2
178 173 1
179 173 1
180 173 1
184 173 2
185 173 3
187 173 2
188 173 1
190 173 3
198 173 1
201 173 3
203 173 2
210 173 2
213 173 2
214 173 1
215 173 1
221 173 1
223 173 1
225 173 2
235 173 3
237 173 1
238 173 2
239 173 1
242 173 2
245 173 3
250 173 1
251 173 2
255 173 1
258 173 3
260 173 3
263 173 2
264 173 2
267 173 1
268 173 1
270 173 2
271 173 3
272 173 2
276 173 2
277 173 3
278 173 3
281 173 2
286 173 1
295 173 1
297 173 3
300 173 1
301 173 2
302 173 2
303 173 3
304 173 2
306 173 3
309 173 2
312 173 2
318 173 3
321 173 3
324 173 1
331 173 1
332 173 1
335 173 1
336 173 2
344 173 1
345 173 2
347 173 1
348 173 1
350 173 1
351 173 1
355 173 2
361 173 2
362 173 2
364 173 3
368 173 2
370 173 1
373 173 2
379 173 1
380 173 3
381 173 2
383 173 3
392 173 1
394 173 3
395 173 2
398 173 2
399 173 2
400 173 1
405 173 2
406 173 3
407 173 3
408 173 3
412 173 3
413 173 1
414 173 2
421 173 2
422 173 3
425 173 3
426 173 2
432 173 1
442 173 2
443 173 2
454 173 3
456 173 2
457 173 3
460 173 1
462 173 2
