646 608 2
649 608 3
653 608 1
654 608 2
655 608 1
659 608 2
660 608 2
661 608 2
662 608 1
672 608 3
674 608 3
679 608 1
681 608 1
683 608 2
686 608 1
691 608 3
694 608 3
697 608 3
698 608 1
699 608 1
701 608 3
709 608 2
712 608 3
715 608 3
720 608 1
721 608 1
722 608 3
727 608 1
728 608 3
729 608 3
731 608 2
732 608 3
733 608 3
739 608 2
742 608 3
743 608 3
746 608 1
749 608 2
750 608 1
754 608 2
766 608 1
770 608 3
777 608 3
781 608 2
782 608 2
783 608 3
784 608 1
785 608 3
787 608 2
789 608 2
792 608 2
802 608 1
803 608 3
805 608 1
806 608 3
808 608 1
811 608 2
812 608 1
815 608 3
818 608 3
821 608 2
824 608 3
830 608 3
834 608 1
839 608 2
847 608 1
850 608 3
853 608 2
857 608 1
858 608 3
861 608 1
862 608 1
870 608 3
879 608 3
883 608 2
884 608 1
885 608 3
890 608 1
894 608 2
895 608 1
896 608 3
899 608 3
903 608 2
904 608 3
907 608 1
910 608 2
915 608 1
917 608 2
919 608 1
922 608 3
926 608 1
929 608 2
932 608 1
933 608 2
941 608 3
944 608 2
949 608 1
950 608 2
954 608 1
956 608 1
957 608 1
965 608 3
970 608 2
979 608 2
980 608 2
981 608 3
985 608 3
993 608 3
994 608 1
995 608 3
996 608 2
1 609 2
3 609 2
6 609 1
7 609 2
10 609 2
11 609 2
13 609 1
16 609 1
17 609 1
22 609 1
28 609 3
31 609 3
32 609 2
38 609 3
44 609 3
46 609 1
47 609 2
49 609 2
50 609 1
52 609 1
53 609 3
54 609 2
57 609 2
61 609 1
66 609 3
67 609 1
68 609 3
73 609 2
75 609 2
76 609 1
79 609 3
81 609 3
83 609 1
84 609 3
85 609 2
88 609 3
89 609 1
92 609 3
95 609 1
99 609 3
100 609 2
101 609 1
103 609 2
105 609 3
114 609 1
121 609 3
122 609 1
125 609 3
126 609 2
127 609 1
128 609 2
129 609 1
130 609 2
131 609 2
133 609 2
135 609 2
143 609 3
144 609 3
148 609 3
149 609 2
160 609 1
161 609 1
162 609 2
166 609 1
169 609 3
171 609 3
175 609 3
176 609 3
184 609 1
189 609 3
197 609 1
198 609 1
202 609 2
208 609 1
209 609 3
213 609 2
214 609 2
221 609 1
222 609 1
223 609 3
236 609 3
237 609 3
240 609 1
241 609 2
245 609 2
249 609 1
251 609 1
255 609 2
259 609 1
262 609 3
272 609 2
277 609 2
278 609 1
279 609 1
285 609 2
288 609 1
292 609 2
295 609 1
298 609 1
299 609 1
303 609 1
305 609 1
308 609 3
309 609 1
310 609 1
315 609 2
316 609 3
326 609 3
329 609 2
330 609 2
331 609 3
332 609 3
335 609 3
336 609 1
340 609 3
346 609 1
348 609 3
351 609 1
357 609 2
358 609 2
367 609 1
369 609 3
374 609 1
376 609 2
377 609 3
380 609 1
381 609 3
383 609 1
386 609 2
388 609 1
392 609 1
393 609 2
396 609 2
397 609 3
398 609 2
403 609 3
404 609 1
406 609 1
408 609 3
410 609 3
411 609 1
412 609 1
418 609 3
427 609 2
433 609 1
435 609 1
436 609 1
438 609 3
440 609 1
442 609 3
443 609 1
454 609 1
459 609 3
461 609 2
463 609 3
468 609 3
469 609 2
470 609 2
478 609 1
480 609 3
481 609 2
484 609 3
485 609 2
486 609 3
491 609 3
493 609 3
494 609 1
498 609 1
499 609 2
500 609 1
504 609 3
510 609 1
515 609 3
517 609 2
524 609 1
529 609 2
533 609 3
534 609 1
535 609 3
537 609 3
539 609 1
544 609 1
552 609 2
554 609 2
555 609 1
557 609 1
563 609 2
564 609 3
565 609 1
570 609 1
571 609 2
573 609 3
574 609 1
580 609 1
581 609 3
585 609 2
594 609 2
595 609 2
598 609 2
604 609 2
605 609 3
607 609 3
608 609 2
609 609 3
612 609 3
615 609 2
618 609 2
620 609 1
625 609 2
627 609 1
628 609 2
633 609 1
639 609 1
642 609 3
643 609 2
645 609 1
649 609 3
651 609 2
654 609 2
656 609 1
659 609 2
670 609 2
674 609 3
675 609 3
682 609 2
684 609 2
685 609 2
688 609 3
690 609 2
691 609 1
692 609 2
699 609 1
706 609 2
709 609 2
711 609 2
713 609 3
715 609 2
716 609 2
717 609 3
719 609 1
721 609 1
722 609 2
727 609 2
731 609 1
733 609 1
734 609 1
742 609 3
743 609 1
744 609 1
746 609 3
747 609 3
748 609 2
753 609 2
754 609 2
759 609 1
761 609 2
762 609 1
766 609 1
769 609 2
778 609 3
779 609 3
780 609 1
784 609 1
785 609 3
787 609 2
792 609 3
793 609 1
795 609 2
796 609 2
797 609 3
800 609 1
802 609 1
804 609 3
805 609 3
808 609 3
812 609 3
814 609 1
815 609 2
817 609 1
820 609 1
823 609 2
825 609 3
828 609 3
830 609 2
833 609 3
838 609 2
839 609 2
842 609 1
844 609 2
845 609 1
855 609 1
857 609 3
858 609 2
861 609 2
865 609 1
871 609 3
872 609 3
874 609 1
876 609 1
878 609 3
879 609 2
882 609 1
885 609 3
887 609 1
895 609 1
900 609 3
901 609 3
903 609 1
904 609 1
908 609 3
909 609 3
917 609 1
919 609 2
920 609 1
925 609 3
927 609 3
930 609 3
932 609 3
936 609 1
945 609 2
946 609 3
947 609 1
949 609 1
952 609 3
953 609 2
959 609 1
961 609 2
964 609 2
966 609 1
967 609 1
968 609 2
969 609 1
973 609 1
979 609 2
985 609 1
998 609 1
0 610 1
3 610 3
4 610 3
8 610 3
11 610 1
12 610 3
16 610 2
20 610 1
23 610 2
27 610 2
28 610 2
30 610 2
37 610 1
44 610 2
45 610 1
47 610 3
53 610 1
57 610 1
58 610 1
61 610 1
64 610 2
70 610 1
73 610 2
76 610 1
81 610 3
87 610 2
89 610 2
91 610 2
93 610 3
94 610 1
99 610 3
101 610 1
103 610 3
106 610 2
107 610 1
112 610 3
117 610 3
118 610 3
123 610 3
125 610 3
128 610 3
135 610 1
136 610 2
139 610 3
140 610 2
141 610 3
142 610 1
152 610 1
157 610 2
169 610 3
173 610 3
177 610 3
178 610 2
180 610 1
183 610 1
189 610 1
190 610 1
193 610 1
194 610 2
196 610 3
197 610 1
198 610 2
202 610 3
203 610 3
204 610 2
206 610 2
214 610 2
219 610 2
225 610 3
226 610 1
227 610 2
231 610 2
232 610 3
236 610 2
237 610 1
243 610 3
244 610 1
254 610 2
255 610 3
261 610 3
264 610 3
265 610 2
267 610 1
270 610 1
272 610 3
275 610 1
276 610 1
280 610 1
286 610 2
287 610 3
288 610 3
292 610 2
295 610 3
296 610 2
299 610 3
304 610 3
305 610 1
310 610 1
311 610 3
312 610 1
314 610 2
318 610 1
322 610 3
324 610 3
330 610 1
331 610 2
333 610 2
335 610 3
340 610 2
341 610 1
342 610 2
348 610 3
350 610 2
354 610 1
360 610 1
364 610 2
366 610 3
368 610 3
369 610 1
370 610 1
372 610 3
373 610 1
374 610 2
379 610 3
380 610 2
385 610 2
390 610 3
393 610 1
395 610 1
399 610 2
405 610 3
407 610 2
409 610 3
410 610 2
418 610 2
419 610 2
420 610 1
425 610 3
426 610 2
427 610 1
429 610 3
430 610 2
436 610 3
438 610 3
441 610 3
442 610 1
449 610 3
453 610 2
456 610 1
460 610 2
462 610 2
467 610 1
469 610 3
470 610 2
477 610 3
478 610 2
482 610 1
488 610 1
490 610 2
492 610 2
493 610 3
494 610 1
496 610 1
497 610 1
503 610 3
505 610 1
507 610 3
510 610 2
520 610 1
527 610 3
529 610 2
531 610 1
533 610 1
534 610 3
535 610 2
538 610 2
540 610 3
541 610 2
542 610 1
544 610 2
546 610 2
549 610 3
551 610 1
554 610 1
556 610 1
561 610 3
562 610 1
563 610 1
568 610 2
569 610 1
572 610 1
573 610 2
579 610 1
584 610 2
592 610 1
599 610 2
600 610 3
602 610 1
603 610 2
604 610 1
611 610 3
612 610 1
618 610 3
619 610 3
621 610 1
622 610 3
623 610 1
625 610 2
626 610 1
630 610 2
636 610 3
640 610 2
644 610 2
648 610 1
651 610 1
652 610 1
655 610 2
656 610 3
658 610 2
