330 444 1
331 444 3
339 444 3
344 444 3
345 444 1
349 444 3
351 444 1
356 444 1
361 444 1
367 444 2
368 444 1
371 444 3
375 444 1
380 444 3
383 444 2
385 444 3
388 444 1
391 444 1
399 444 3
400 444 3
402 444 2
409 444 1
413 444 2
414 444 2
416 444 1
418 444 2
422 444 1
424 444 2
426 444 1
428 444 2
436 444 1
439 444 1
440 444 3
443 444 1
446 444 2
449 444 2
450 444 1
451 444 2
452 444 3
453 444 2
454 444 3
458 444 2
459 444 3
461 444 2
462 444 3
463 444 3
464 444 1
465 444 1
466 444 1
469 444 1
471 444 3
479 444 3
481 444 2
486 444 2
487 444 2
493 444 2
495 444 3
498 444 1
499 444 2
506 444 1
509 444 3
512 444 2
513 444 2
514 444 3
515 444 1
523 444 2
525 444 1
528 444 1
529 444 3
531 444 3
534 444 3
536 444 1
538 444 3
539 444 3
541 444 1
542 444 1
548 444 3
552 444 2
554 444 2
558 444 2
561 444 2
562 444 3
567 444 2
568 444 2
570 444 2
575 444 2
579 444 3
580 444 3
582 444 2
584 444 1
588 444 2
589 444 2
591 444 2
593 444 2
594 444 3
595 444 1
597 444 1
599 444 3
605 444 2
608 444 2
610 444 3
616 444 3
620 444 1
624 444 2
632 444 2
633 444 2
635 444 3
636 444 3
637 444 3
640 444 3
643 444 1
644 444 1
646 444 3
653 444 2
654 444 3
655 444 2
664 444 2
667 444 3
669 444 2
670 444 1
671 444 2
676 444 2
681 444 1
684 444 3
692 444 1
693 444 2
699 444 1
700 444 1
702 444 1
706 444 1
708 444 3
710 444 2
718 444 3
719 444 2
723 444 1
725 444 3
727 444 2
733 444 1
734 444 2
740 444 2
746 444 3
748 444 3
751 444 1
754 444 3
755 444 3
763 444 2
765 444 3
768 444 1
769 444 1
774 444 2
775 444 3
778 444 1
779 444 1
790 444 2
792 444 3
796 444 1
798 444 3
812 444 1
820 444 3
822 444 3
823 444 1
827 444 3
829 444 2
830 444 2
831 444 3
832 444 3
835 444 1
838 444 1
839 444 3
840 444 3
844 444 1
845 444 3
849 444 2
852 444 1
854 444 2
863 444 2
864 444 1
867 444 3
868 444 1
874 444 3
879 444 2
880 444 3
888 444 3
890 444 3
894 444 3
896 444 1
900 444 3
901 444 2
904 444 1
910 444 3
913 444 3
916 444 2
917 444 3
918 444 3
919 444 2
924 444 3
925 444 1
927 444 2
928 444 3
929 444 2
934 444 3
941 444 1
942 444 1
943 444 2
945 444 2
948 444 1
949 444 2
950 444 3
951 444 2
963 444 3
965 444 3
972 444 1
973 444 2
977 444 2
981 444 2
984 444 3
996 444 2
999 444 3
1 445 1
4 445 3
9 445 3
10 445 2
11 445 3
15 445 2
17 445 3
18 445 3
20 445 3
24 445 3
26 445 2
28 445 2
33 445 1
34 445 1
38 445 2
39 445 2
40 445 1
42 445 1
45 445 2
47 445 3
52 445 3
55 445 1
58 445 3
62 445 3
63 445 3
64 445 3
68 445 3
69 445 2
70 445 3
71 445 3
73 445 3
74 445 3
79 445 1
80 445 1
82 445 3
83 445 1
84 445 3
88 445 3
95 445 1
97 445 3
99 445 2
100 445 1
104 445 3
106 445 2
108 445 3
117 445 1
130 445 2
131 445 3
136 445 3
137 445 3
142 445 1
145 445 3
147 445 1
149 445 1
150 445 1
152 445 3
155 445 2
156 445 1
157 445 1
159 445 2
162 445 1
167 445 2
168 445 2
171 445 3
176 445 2
181 445 2
183 445 3
192 445 2
193 445 1
194 445 2
199 445 1
201 445 3
209 445 2
212 445 1
214 445 1
218 445 1
220 445 2
225 445 1
233 445 2
234 445 2
235 445 1
237 445 1
238 445 3
239 445 2
241 445 1
242 445 2
243 445 3
244 445 1
253 445 3
256 445 2
259 445 1
262 445 2
263 445 1
264 445 2
270 445 3
273 445 3
274 445 1
275 445 2
278 445 3
280 445 1
284 445 1
286 445 3
289 445 3
292 445 1
295 445 3
297 445 2
298 445 1
299 445 1
300 445 3
301 445 2
302 445 2
305 445 3
311 445 1
317 445 3
318 445 1
321 445 3
322 445 2
327 445 3
329 445 1
332 445 1
345 445 3
347 445 3
350 445 1
351 445 1
354 445 1
357 445 2
359 445 3
363 445 3
365 445 1
368 445 2
369 445 2
370 445 2
375 445 2
377 445 2
378 445 3
380 445 2
385 445 3
387 445 3
389 445 1
390 445 2
400 445 3
401 445 2
407 445 2
416 445 1
419 445 3
422 445 3
425 445 2
428 445 1
429 445 1
438 445 3
446 445 2
447 445 1
448 445 3
449 445 2
450 445 1
460 445 1
462 445 2
472 445 1
474 445 1
476 445 2
481 445 3
483 445 3
487 445 1
490 445 3
491 445 1
492 445 2
499 445 2
500 445 1
501 445 3
502 445 1
504 445 1
506 445 3
508 445 3
509 445 3
519 445 2
521 445 1
526 445 3
529 445 3
532 445 3
534 445 2
538 445 1
542 445 2
545 445 3
546 445 2
547 445 1
548 445 3
549 445 1
552 445 1
555 445 2
556 445 3
557 445 1
558 445 1
559 445 2
567 445 3
574 445 3
575 445 2
576 445 2
577 445 3
578 445 1
579 445 2
581 445 2
583 445 2
585 445 2
588 445 3
596 445 3
597 445 3
599 445 3
608 445 2
611 445 2
612 445 2
617 445 3
618 445 1
619 445 2
622 445 2
623 445 3
625 445 2
626 445 3
631 445 1
632 445 1
635 445 1
637 445 2
638 445 1
642 445 1
643 445 2
645 445 3
647 445 3
648 445 2
650 445 2
652 445 3
655 445 2
656 445 2
659 445 3
666 445 2
669 445 3
670 445 1
674 445 1
678 445 3
681 445 2
686 445 2
687 445 2
689 445 1
690 445 1
691 445 1
693 445 1
694 445 2
702 445 2
703 445 2
704 445 2
705 445 1
706 445 1
709 445 2
714 445 1
716 445 2
720 445 2
723 445 3
729 445 1
732 445 2
733 445 2
736 445 3
738 445 1
745 445 3
746 445 2
751 445 2
755 445 2
758 445 2
769 445 1
771 445 1
773 445 3
778 445 3
779 445 3
781 445 2
786 445 2
787 445 1
790 445 3
798 445 3
800 445 3
802 445 3
805 445 1
806 445 3
813 445 2
833 445 2
835 445 3
842 445 1
846 445 1
852 445 3
853 445 2
855 445 1
856 445 3
859 445 3
861 445 2
863 445 3
866 445 1
872 445 3
877 445 1
880 445 3
882 445 2
885 445 2
890 445 3
896 445 2
897 445 3
898 445 1
899 445 2
914 445 2
915 445 2
918 445 2
926 445 3
927 445 1
929 445 2
930 445 2
931 445 3
934 445 1
935 445 2
937 445 3
941 445 3
943 445 2
944 445 3
945 445 3
956 445 2
958 445 1
962 445 2
965 445 1
970 445 1
973 445 2
978 445 3
984 445 3
985 445 1
988 445 2
989 445 2
990 445 2
991 445 1
992 445 2
993 445 1
995 445 1
996 445 3
999 445 3
0 446 3
2 446 2
4 446 1
5 446 3
6 446 3
10 446 1
11 446 3
17 446 1
23 446 1
25 446 1
27 446 1
28 446 2
36 446 3
39 446 1
43 446 1
44 446 3
51 446 2
55 446 2
56 446 1
62 446 3
65 446 3
66 446 2
69 446 1
70 446 2
73 446 3
75 446 2
78 446 1
79 446 3
86 446 2
88 446 3
91 446 2
93 446 3
96 446 3
97 446 2
98 446 2
100 446 2
103 446 2
104 446 3
105 446 2
106 446 2
108 446 3
110 446 2
122 446 1
124 446 3
126 446 3
129 446 1
130 446 2
149 446 1
151 446 3
157 446 3
160 446 2
163 446 2
165 446 3
166 446 2
177 446 1
184 446 2
185 446 3
190 446 1
197 446 2
201 446 1
203 446 1
205 446 2
208 446 2
214 446 1
215 446 1
216 446 1
221 446 1
223 446 3
231 446 3
237 446 3
240 446 2
242 446 2
245 446 3
247 446 3
249 446 3
250 446 1
256 446 2
257 446 2
259 446 3
264 446 3
265 446 3
266 446 2
268 446 3
277 446 1
278 446 1
279 446 2
282 446 3
283 446 3
285 446 3
286 446 1
288 446 1
290 446 1
295 446 1
297 446 2
302 446 1
305 446 2
312 446 3
321 446 3
323 446 2
324 446 1
327 446 3
330 446 1
332 446 2
343 446 2
344 446 1
346 446 1
347 446 2
349 446 1
357 446 1
360 446 2
361 446 1
362 446 2
364 446 3
