331 910 2
338 910 1
339 910 3
341 910 2
343 910 3
353 910 2
357 910 2
362 910 2
368 910 2
370 910 2
371 910 3
374 910 2
382 910 1
386 910 3
387 910 1
392 910 2
396 910 3
397 910 2
399 910 3
400 910 3
403 910 1
405 910 2
408 910 2
412 910 1
417 910 3
427 910 2
428 910 1
431 910 2
436 910 3
441 910 2
443 910 2
445 910 3
447 910 3
450 910 3
452 910 3
456 910 2
458 910 3
460 910 3
462 910 3
463 910 3
466 910 1
468 910 2
473 910 1
477 910 1
487 910 1
488 910 2
490 910 3
494 910 1
496 910 1
498 910 2
499 910 3
501 910 2
503 910 1
507 910 3
508 910 1
509 910 2
510 910 2
513 910 1
515 910 2
516 910 3
522 910 1
523 910 3
529 910 3
532 910 1
534 910 3
535 910 3
537 910 1
539 910 2
543 910 2
544 910 2
546 910 1
547 910 3
549 910 2
553 910 3
559 910 2
564 910 2
566 910 3
568 910 2
573 910 2
574 910 2
592 910 2
598 910 2
601 910 3
606 910 2
612 910 1
615 910 2
617 910 3
618 910 2
620 910 3
622 910 3
623 910 3
626 910 3
627 910 3
635 910 2
636 910 3
637 910 1
643 910 3
645 910 3
646 910 2
648 910 1
649 910 1
652 910 2
658 910 3
659 910 3
660 910 1
666 910 1
672 910 1
674 910 2
676 910 2
681 910 3
683 910 3
690 910 3
692 910 3
693 910 3
700 910 2
705 910 3
711 910 1
715 910 1
719 910 3
723 910 2
724 910 2
731 910 1
733 910 2
736 910 2
740 910 2
744 910 2
746 910 2
757 910 2
758 910 2
759 910 1
760 910 1
762 910 3
766 910 3
767 910 3
770 910 3
771 910 1
777 910 2
782 910 1
789 910 2
798 910 1
801 910 3
803 910 1
805 910 3
806 910 1
811 910 2
815 910 3
818 910 1
819 910 2
820 910 3
821 910 2
825 910 2
827 910 3
828 910 1
829 910 2
831 910 3
837 910 1
838 910 1
839 910 1
840 910 3
841 910 1
847 910 1
850 910 3
851 910 3
854 910 3
855 910 3
861 910 1
862 910 1
863 910 3
864 910 2
868 910 1
878 910 3
886 910 3
890 910 2
892 910 1
894 910 2
901 910 3
903 910 3
904 910 1
905 910 1
908 910 3
920 910 1
923 910 2
925 910 1
929 910 2
931 910 2
932 910 1
935 910 3
936 910 2
938 910 3
939 910 1
944 910 2
946 910 3
947 910 1
948 910 3
952 910 3
953 910 2
955 910 2
956 910 2
957 910 3
960 910 3
962 910 1
964 910 1
968 910 1
975 910 3
976 910 3
982 910 3
983 910 3
988 910 3
989 910 1
990 910 2
991 910 2
2 911 1
3 911 1
18 911 2
21 911 1
26 911 1
28 911 1
33 911 2
36 911 2
38 911 3
41 911 2
43 911 3
44 911 2
46 911 2
47 911 3
50 911 3
55 911 2
60 911 2
63 911 1
64 911 1
66 911 3
67 911 2
69 911 1
72 911 2
73 911 1
74 911 2
81 911 3
82 911 1
85 911 1
88 911 3
91 911 1
92 911 2
98 911 3
100 911 2
102 911 1
108 911 1
115 911 3
120 911 2
124 911 1
130 911 1
133 911 3
134 911 1
137 911 2
139 911 3
140 911 3
141 911 2
147 911 1
148 911 3
149 911 2
150 911 1
156 911 3
161 911 1
162 911 3
163 911 2
165 911 2
166 911 2
171 911 3
173 911 1
174 911 2
175 911 2
176 911 2
178 911 1
180 911 2
185 911 3
189 911 1
193 911 2
198 911 2
202 911 2
204 911 2
214 911 3
216 911 2
217 911 2
220 911 2
225 911 2
227 911 3
229 911 2
231 911 3
235 911 2
238 911 1
241 911 2
242 911 3
247 911 1
249 911 1
250 911 3
251 911 2
252 911 1
253 911 1
254 911 2
255 911 2
259 911 2
261 911 3
265 911 1
268 911 2
271 911 3
278 911 1
281 911 2
282 911 3
284 911 3
288 911 1
292 911 2
294 911 3
298 911 3
302 911 1
304 911 2
316 911 2
317 911 2
320 911 1
322 911 1
323 911 1
324 911 2
327 911 3
328 911 2
330 911 3
331 911 1
332 911 3
339 911 2
342 911 1
343 911 1
348 911 2
352 911 3
353 911 3
354 911 2
359 911 2
361 911 3
363 911 3
368 911 2
369 911 2
370 911 2
373 911 3
377 911 1
378 911 3
381 911 3
383 911 2
385 911 1
388 911 3
392 911 2
394 911 3
397 911 1
400 911 2
402 911 1
403 911 1
404 911 1
405 911 2
412 911 2
414 911 3
416 911 3
419 911 2
423 911 1
424 911 3
426 911 1
428 911 1
433 911 3
434 911 1
436 911 2
438 911 3
439 911 1
443 911 2
444 911 3
446 911 1
447 911 1
448 911 2
449 911 3
450 911 1
452 911 2
454 911 1
461 911 2
462 911 1
464 911 3
466 911 1
468 911 2
472 911 1
475 911 3
476 911 2
479 911 3
480 911 1
485 911 2
486 911 3
488 911 2
489 911 2
490 911 1
492 911 1
493 911 3
496 911 2
501 911 2
508 911 3
514 911 2
517 911 3
521 911 1
525 911 2
527 911 1
529 911 3
532 911 2
533 911 3
535 911 3
537 911 3
538 911 3
539 911 1
540 911 2
546 911 3
547 911 1
549 911 1
550 911 3
552 911 3
555 911 2
556 911 3
557 911 3
558 911 3
562 911 3
566 911 2
567 911 1
569 911 3
573 911 3
574 911 2
576 911 2
578 911 3
580 911 3
581 911 3
582 911 3
583 911 3
584 911 2
585 911 3
590 911 1
596 911 1
597 911 1
601 911 3
608 911 2
609 911 2
611 911 1
615 911 2
616 911 3
617 911 1
619 911 2
625 911 1
626 911 2
628 911 2
631 911 2
634 911 3
643 911 3
645 911 1
648 911 2
652 911 1
653 911 1
660 911 3
666 911 2
667 911 3
681 911 1
682 911 3
684 911 1
685 911 3
686 911 3
687 911 1
689 911 3
695 911 2
696 911 1
697 911 1
699 911 2
702 911 2
703 911 3
704 911 3
706 911 3
720 911 3
727 911 3
730 911 3
732 911 2
736 911 3
738 911 3
742 911 1
746 911 2
747 911 2
749 911 2
763 911 3
767 911 1
770 911 1
773 911 3
774 911 3
775 911 2
776 911 1
777 911 3
778 911 2
783 911 3
784 911 3
785 911 3
786 911 2
790 911 2
791 911 2
793 911 2
798 911 3
799 911 3
802 911 2
803 911 2
804 911 3
805 911 2
808 911 2
811 911 1
816 911 1
827 911 2
829 911 3
833 911 3
834 911 3
837 911 2
838 911 2
840 911 2
842 911 2
843 911 3
850 911 1
862 911 1
869 911 3
870 911 3
871 911 1
874 911 2
875 911 1
876 911 1
885 911 1
886 911 1
894 911 1
899 911 2
903 911 2
905 911 1
908 911 3
914 911 3
917 911 2
918 911 1
919 911 2
920 911 2
921 911 3
926 911 1
927 911 2
932 911 1
933 911 2
936 911 3
939 911 1
940 911 2
944 911 2
945 911 1
947 911 2
948 911 2
949 911 2
953 911 3
955 911 3
956 911 2
958 911 2
962 911 3
964 911 3
965 911 1
976 911 1
979 911 3
986 911 2
987 911 2
997 911 2
999 911 3
1 912 3
4 912 2
5 912 2
16 912 2
27 912 3
34 912 1
37 912 1
39 912 3
44 912 1
46 912 2
48 912 1
50 912 3
51 912 2
53 912 1
54 912 2
57 912 1
75 912 2
76 912 1
77 912 1
85 912 3
88 912 2
91 912 1
94 912 3
97 912 1
101 912 3
103 912 1
105 912 1
108 912 2
111 912 2
120 912 2
122 912 3
129 912 3
131 912 3
133 912 3
134 912 2
135 912 1
136 912 2
139 912 1
141 912 2
146 912 3
149 912 1
150 912 3
153 912 3
157 912 3
158 912 3
161 912 1
166 912 2
168 912 1
173 912 1
174 912 3
176 912 2
177 912 3
178 912 3
187 912 2
188 912 2
190 912 3
192 912 3
193 912 1
197 912 2
198 912 3
206 912 1
210 912 3
212 912 3
213 912 2
224 912 2
229 912 1
235 912 2
237 912 3
240 912 3
245 912 2
246 912 2
248 912 3
249 912 2
252 912 1
254 912 1
255 912 1
262 912 3
266 912 3
271 912 2
272 912 1
276 912 2
281 912 3
282 912 3
286 912 1
289 912 1
294 912 1
295 912 1
299 912 3
302 912 2
303 912 3
305 912 1
306 912 2
307 912 3
313 912 1
323 912 2
327 912 2
328 912 3
337 912 3
338 912 3
340 912 2
343 912 2
344 912 3
346 912 3
348 912 3
349 912 3
351 912 1
