391 936 3
393 936 2
397 936 1
401 936 3
405 936 1
408 936 1
410 936 1
412 936 2
421 936 1
422 936 1
432 936 1
435 936 2
438 936 1
440 936 3
442 936 1
444 936 3
445 936 3
446 936 2
451 936 3
453 936 2
457 936 1
460 936 1
463 936 3
468 936 2
470 936 2
476 936 3
478 936 2
482 936 2
483 936 3
486 936 1
487 936 3
489 936 2
491 936 2
495 936 3
502 936 2
504 936 2
506 936 1
508 936 1
511 936 1
512 936 1
514 936 3
526 936 3
530 936 2
534 936 2
535 936 2
537 936 1
540 936 3
542 936 3
544 936 3
549 936 2
550 936 1
552 936 2
555 936 3
556 936 2
558 936 2
559 936 2
561 936 3
564 936 2
565 936 3
567 936 3
568 936 2
575 936 3
577 936 1
587 936 2
588 936 2
591 936 2
595 936 3
598 936 3
610 936 2
615 936 2
617 936 1
619 936 2
621 936 3
622 936 3
624 936 1
625 936 3
626 936 2
628 936 2
633 936 2
634 936 1
635 936 1
638 936 2
641 936 2
651 936 1
652 936 2
658 936 1
659 936 1
664 936 1
665 936 2
667 936 1
668 936 2
669 936 2
672 936 1
673 936 2
675 936 2
678 936 1
681 936 1
684 936 3
686 936 3
693 936 3
696 936 2
698 936 3
699 936 3
700 936 3
701 936 3
704 936 2
705 936 1
706 936 1
708 936 2
710 936 1
711 936 3
713 936 3
715 936 1
716 936 2
718 936 3
724 936 1
725 936 3
732 936 3
738 936 2
742 936 1
743 936 3
744 936 3
745 936 2
746 936 1
747 936 2
750 936 2
751 936 3
752 936 1
755 936 2
760 936 1
761 936 3
763 936 2
769 936 3
771 936 3
772 936 1
776 936 1
780 936 3
783 936 3
786 936 2
788 936 2
796 936 2
797 936 3
805 936 3
814 936 2
815 936 1
816 936 1
821 936 2
823 936 3
831 936 3
832 936 1
836 936 1
837 936 1
840 936 1
843 936 1
847 936 1
848 936 2
849 936 1
855 936 3
856 936 3
858 936 2
863 936 3
864 936 2
865 936 1
869 936 2
873 936 3
875 936 2
877 936 2
879 936 1
881 936 2
885 936 1
890 936 3
892 936 1
896 936 1
898 936 3
899 936 2
902 936 1
903 936 3
905 936 1
907 936 3
908 936 2
912 936 3
914 936 2
919 936 3
921 936 2
922 936 1
930 936 1
935 936 2
936 936 3
944 936 1
945 936 1
966 936 3
967 936 2
976 936 2
979 936 2
980 936 3
982 936 2
983 936 2
984 936 3
985 936 3
989 936 1
992 936 3
993 936 3
997 936 2
998 936 1
6 937 3
7 937 1
9 937 1
10 937 1
13 937 2
14 937 3
15 937 1
17 937 2
20 937 3
21 937 3
28 937 1
29 937 3
36 937 1
37 937 3
38 937 3
44 937 1
49 937 2
53 937 3
55 937 3
58 937 1
60 937 3
62 937 3
66 937 1
69 937 1
77 937 3
78 937 3
79 937 2
81 937 3
82 937 1
88 937 3
89 937 3
93 937 1
96 937 3
97 937 3
99 937 3
101 937 1
107 937 1
108 937 1
110 937 2
112 937 3
114 937 2
117 937 2
118 937 3
119 937 1
120 937 3
124 937 2
125 937 3
127 937 2
129 937 2
130 937 2
132 937 1
135 937 2
136 937 3
137 937 2
138 937 1
148 937 3
149 937 3
153 937 1
154 937 1
155 937 3
157 937 3
158 937 3
160 937 3
161 937 2
165 937 3
169 937 1
174 937 1
178 937 2
179 937 1
185 937 3
188 937 3
191 937 3
192 937 2
193 937 1
195 937 1
198 937 1
201 937 1
205 937 1
206 937 1
208 937 1
210 937 1
218 937 1
219 937 1
222 937 1
224 937 2
228 937 3
229 937 3
242 937 3
243 937 3
245 937 1
250 937 2
252 937 3
254 937 3
256 937 2
259 937 1
261 937 3
263 937 2
264 937 1
269 937 3
270 937 3
272 937 2
274 937 3
275 937 1
278 937 1
279 937 1
280 937 1
282 937 2
288 937 3
292 937 1
295 937 3
301 937 1
303 937 3
307 937 2
308 937 1
312 937 3
313 937 3
314 937 2
315 937 3
316 937 3
317 937 2
322 937 2
324 937 3
330 937 3
331 937 2
333 937 1
334 937 3
342 937 3
344 937 2
349 937 2
353 937 2
358 937 3
362 937 1
363 937 2
364 937 3
366 937 1
370 937 1
373 937 3
375 937 3
379 937 3
382 937 2
383 937 1
387 937 2
389 937 2
392 937 2
394 937 3
395 937 3
396 937 3
400 937 3
401 937 2
402 937 2
405 937 3
409 937 3
415 937 3
416 937 2
417 937 1
418 937 1
421 937 1
422 937 1
423 937 2
426 937 1
427 937 3
429 937 2
432 937 2
433 937 2
437 937 1
438 937 3
440 937 1
451 937 1
452 937 2
454 937 1
456 937 3
460 937 2
462 937 1
465 937 2
467 937 1
481 937 3
483 937 2
486 937 1
492 937 1
493 937 3
494 937 1
495 937 2
497 937 1
498 937 3
501 937 1
502 937 1
505 937 1
510 937 2
513 937 3
517 937 2
519 937 2
525 937 3
532 937 1
533 937 3
535 937 3
537 937 1
539 937 1
548 937 2
549 937 1
550 937 2
553 937 1
554 937 3
558 937 3
559 937 1
560 937 2
563 937 2
565 937 2
566 937 2
569 937 1
570 937 1
571 937 1
572 937 1
573 937 3
574 937 2
577 937 3
579 937 1
585 937 3
595 937 2
596 937 3
600 937 1
602 937 1
608 937 1
609 937 3
611 937 1
613 937 2
616 937 3
617 937 3
619 937 1
620 937 2
623 937 1
629 937 3
632 937 3
633 937 1
643 937 2
646 937 3
653 937 3
654 937 3
661 937 1
662 937 2
666 937 1
667 937 1
668 937 1
672 937 1
676 937 3
678 937 3
683 937 3
685 937 3
686 937 1
690 937 2
696 937 2
700 937 3
706 937 3
708 937 2
711 937 1
716 937 2
717 937 1
718 937 1
720 937 3
723 937 2
724 937 3
725 937 3
728 937 2
731 937 1
732 937 3
733 937 3
736 937 3
737 937 1
739 937 1
742 937 1
744 937 1
746 937 1
751 937 1
752 937 3
758 937 1
759 937 1
760 937 1
764 937 1
767 937 2
768 937 2
776 937 2
786 937 1
787 937 3
789 937 3
792 937 1
795 937 1
802 937 3
804 937 2
807 937 3
809 937 2
810 937 3
811 937 2
824 937 3
825 937 1
830 937 2
831 937 3
833 937 1
837 937 3
838 937 3
840 937 2
843 937 1
845 937 2
849 937 1
850 937 3
853 937 1
858 937 2
861 937 1
865 937 2
870 937 2
874 937 2
877 937 1
879 937 1
880 937 1
886 937 2
889 937 1
890 937 3
891 937 2
892 937 2
898 937 3
900 937 1
901 937 1
902 937 1
903 937 1
907 937 3
908 937 1
910 937 3
911 937 3
913 937 2
914 937 3
918 937 3
919 937 1
922 937 3
924 937 1
926 937 2
932 937 3
935 937 2
939 937 2
952 937 1
955 937 1
959 937 1
961 937 2
962 937 2
974 937 2
976 937 1
979 937 2
981 937 3
982 937 2
983 937 1
989 937 3
997 937 3
998 937 1
0 938 1
2 938 3
13 938 1
17 938 2
20 938 2
23 938 3
28 938 1
32 938 1
33 938 3
36 938 2
37 938 2
38 938 1
45 938 1
47 938 2
49 938 2
52 938 3
54 938 2
58 938 3
60 938 1
62 938 2
63 938 3
65 938 3
67 938 3
75 938 2
76 938 3
78 938 1
79 938 3
82 938 1
83 938 3
84 938 1
85 938 3
89 938 1
94 938 3
97 938 1
98 938 1
99 938 1
102 938 1
106 938 2
107 938 1
111 938 3
113 938 1
117 938 1
120 938 3
121 938 2
124 938 2
125 938 3
128 938 2
131 938 1
136 938 2
137 938 1
140 938 3
148 938 2
154 938 3
157 938 2
159 938 3
160 938 3
161 938 1
167 938 3
170 938 3
173 938 2
179 938 2
190 938 1
192 938 1
193 938 2
197 938 3
199 938 2
200 938 2
202 938 1
207 938 3
209 938 2
212 938 2
214 938 1
216 938 3
219 938 1
222 938 2
224 938 3
226 938 3
227 938 2
233 938 2
235 938 3
237 938 3
242 938 3
243 938 2
249 938 2
251 938 2
253 938 3
261 938 1
263 938 2
264 938 1
269 938 1
276 938 1
277 938 3
283 938 1
291 938 1
292 938 1
293 938 2
296 938 1
299 938 3
301 938 1
311 938 2
312 938 2
317 938 3
318 938 1
326 938 1
327 938 1
328 938 3
330 938 2
332 938 1
334 938 3
335 938 3
340 938 1
341 938 1
