274 213 3
276 213 3
280 213 1
281 213 3
284 213 2
285 213 2
287 213 3
288 213 1
292 213 1
293 213 1
299 213 1
301 213 2
303 213 2
304 213 1
306 213 3
314 213 3
319 213 3
331 213 1
336 213 1
340 213 2
345 213 1
354 213 1
358 213 2
361 213 1
364 213 2
365 213 3
366 213 1
367 213 1
369 213 1
370 213 2
371 213 3
372 213 2
373 213 1
374 213 2
375 213 1
376 213 3
377 213 2
383 213 2
384 213 1
386 213 2
397 213 3
401 213 2
409 213 3
412 213 1
413 213 1
423 213 2
424 213 1
426 213 2
429 213 1
434 213 2
437 213 3
438 213 1
440 213 1
442 213 1
443 213 1
445 213 3
446 213 3
449 213 2
450 213 2
451 213 2
454 213 2
455 213 1
458 213 1
459 213 1
462 213 1
463 213 3
464 213 2
465 213 1
468 213 1
475 213 3
476 213 3
479 213 2
487 213 1
494 213 1
498 213 2
500 213 3
502 213 1
504 213 3
506 213 1
509 213 3
514 213 3
519 213 2
520 213 2
524 213 1
532 213 1
533 213 2
534 213 1
538 213 1
540 213 2
541 213 1
542 213 2
544 213 3
548 213 3
553 213 2
555 213 1
557 213 1
566 213 3
569 213 1
573 213 1
575 213 2
576 213 3
577 213 3
585 213 1
586 213 2
589 213 2
597 213 1
610 213 1
613 213 1
616 213 2
620 213 3
623 213 2
624 213 2
625 213 3
633 213 3
638 213 1
640 213 1
641 213 2
642 213 3
643 213 3
644 213 3
646 213 2
651 213 2
655 213 1
657 213 3
658 213 1
660 213 2
662 213 2
663 213 1
664 213 1
665 213 1
666 213 1
668 213 2
671 213 1
676 213 1
677 213 3
679 213 2
681 213 1
683 213 3
688 213 1
689 213 1
692 213 1
700 213 3
702 213 3
705 213 3
707 213 2
713 213 1
717 213 1
721 213 1
724 213 2
725 213 1
726 213 3
737 213 2
741 213 1
742 213 3
745 213 1
747 213 3
748 213 2
749 213 1
750 213 3
751 213 3
759 213 3
760 213 2
763 213 1
764 213 3
766 213 1
774 213 1
777 213 3
784 213 1
786 213 2
787 213 2
789 213 3
790 213 2
794 213 1
796 213 3
797 213 3
799 213 3
800 213 1
802 213 1
803 213 3
806 213 2
807 213 2
809 213 3
812 213 2
813 213 1
814 213 1
815 213 1
820 213 2
827 213 1
830 213 3
833 213 2
837 213 1
839 213 3
841 213 2
842 213 2
849 213 2
851 213 3
852 213 1
853 213 2
854 213 3
855 213 3
856 213 2
857 213 3
859 213 3
861 213 1
864 213 2
865 213 2
871 213 3
874 213 3
876 213 1
878 213 2
881 213 1
883 213 2
884 213 3
887 213 3
890 213 3
892 213 3
894 213 3
896 213 1
899 213 2
901 213 1
906 213 2
908 213 3
910 213 3
912 213 2
922 213 3
923 213 3
924 213 1
925 213 2
938 213 2
947 213 2
949 213 3
957 213 2
958 213 2
959 213 1
960 213 3
966 213 3
970 213 1
971 213 3
972 213 2
973 213 2
981 213 2
982 213 1
983 213 3
988 213 3
990 213 1
992 213 2
996 213 1
998 213 1
999 213 3
0 214 2
6 214 2
8 214 2
9 214 3
12 214 1
16 214 2
18 214 3
22 214 2
24 214 3
28 214 2
30 214 3
31 214 3
36 214 1
46 214 2
49 214 2
54 214 2
55 214 1
56 214 2
59 214 1
60 214 2
64 214 2
65 214 2
67 214 1
68 214 3
70 214 2
74 214 1
75 214 3
82 214 2
83 214 3
84 214 2
88 214 2
93 214 1
95 214 1
100 214 1
101 214 2
103 214 2
104 214 2
111 214 3
120 214 2
121 214 3
122 214 2
123 214 3
131 214 1
138 214 3
139 214 3
140 214 3
142 214 2
146 214 2
150 214 2
151 214 3
156 214 2
159 214 3
164 214 2
168 214 2
170 214 3
171 214 3
176 214 3
180 214 2
184 214 2
186 214 2
187 214 3
189 214 1
196 214 2
202 214 1
203 214 1
204 214 3
206 214 1
210 214 2
211 214 2
215 214 1
220 214 2
222 214 1
223 214 3
224 214 3
225 214 2
231 214 1
232 214 1
233 214 3
237 214 2
238 214 2
240 214 3
243 214 1
245 214 3
247 214 2
252 214 3
254 214 3
260 214 2
268 214 3
269 214 1
270 214 1
273 214 2
278 214 1
283 214 1
287 214 1
288 214 2
307 214 3
309 214 3
317 214 3
319 214 2
324 214 2
325 214 3
327 214 2
328 214 3
339 214 3
343 214 3
351 214 1
354 214 2
356 214 3
359 214 2
367 214 3
368 214 2
370 214 3
373 214 3
377 214 3
379 214 2
384 214 1
387 214 1
390 214 3
392 214 2
395 214 2
397 214 3
399 214 3
402 214 3
404 214 1
405 214 1
406 214 1
413 214 3
414 214 1
416 214 1
417 214 2
425 214 2
428 214 1
430 214 3
434 214 1
436 214 1
439 214 2
443 214 1
445 214 1
446 214 3
451 214 3
453 214 1
456 214 3
459 214 1
460 214 1
461 214 1
464 214 1
467 214 2
473 214 3
475 214 1
478 214 2
480 214 3
487 214 3
491 214 1
495 214 3
496 214 2
504 214 1
505 214 1
508 214 3
511 214 1
515 214 2
518 214 1
524 214 3
526 214 1
533 214 1
537 214 3
539 214 2
546 214 2
550 214 2
551 214 2
560 214 1
562 214 3
566 214 3
567 214 1
573 214 3
575 214 3
583 214 3
592 214 1
593 214 3
601 214 2
604 214 2
607 214 2
608 214 2
612 214 1
614 214 3
617 214 1
623 214 2
624 214 3
625 214 1
626 214 1
632 214 2
634 214 3
647 214 1
648 214 2
649 214 3
650 214 2
656 214 2
663 214 3
664 214 3
666 214 3
668 214 3
670 214 3
676 214 2
680 214 2
686 214 1
689 214 1
690 214 3
691 214 3
692 214 3
697 214 1
703 214 3
713 214 2
714 214 2
719 214 2
722 214 1
725 214 1
726 214 3
730 214 1
732 214 1
733 214 3
735 214 2
736 214 1
738 214 3
740 214 3
744 214 2
746 214 1
748 214 2
749 214 1
752 214 3
754 214 2
755 214 3
756 214 3
757 214 1
762 214 3
766 214 2
767 214 1
770 214 2
771 214 2
776 214 3
783 214 2
785 214 1
790 214 1
791 214 3
792 214 3
794 214 2
799 214 2
800 214 2
806 214 1
808 214 2
821 214 2
825 214 1
828 214 2
829 214 1
831 214 3
834 214 1
837 214 1
846 214 3
847 214 3
850 214 2
852 214 1
856 214 3
859 214 3
862 214 3
863 214 1
865 214 2
867 214 2
869 214 2
870 214 3
874 214 2
879 214 3
884 214 1
885 214 2
889 214 1
892 214 3
893 214 2
894 214 1
895 214 1
896 214 3
906 214 3
907 214 2
908 214 3
909 214 1
911 214 3
923 214 3
926 214 3
931 214 1
933 214 3
935 214 2
938 214 1
940 214 1
943 214 1
945 214 3
947 214 1
949 214 2
954 214 1
960 214 2
966 214 1
970 214 1
977 214 3
980 214 3
981 214 2
986 214 3
989 214 1
990 214 1
992 214 2
996 214 3
998 214 3
4 215 3
11 215 2
18 215 2
20 215 1
22 215 2
25 215 3
30 215 1
32 215 2
34 215 3
36 215 2
37 215 2
39 215 3
43 215 2
44 215 3
45 215 2
55 215 3
59 215 1
68 215 3
73 215 1
77 215 3
79 215 1
83 215 1
85 215 3
89 215 3
92 215 2
99 215 3
101 215 1
103 215 2
104 215 3
107 215 1
108 215 1
111 215 2
112 215 1
116 215 2
120 215 3
122 215 2
124 215 2
128 215 3
132 215 1
136 215 2
137 215 2
139 215 2
149 215 2
150 215 3
161 215 2
162 215 1
171 215 2
173 215 2
175 215 1
178 215 2
179 215 2
180 215 2
183 215 2
186 215 2
189 215 1
193 215 1
196 215 3
199 215 2
200 215 3
202 215 1
204 215 1
206 215 1
211 215 1
213 215 3
214 215 1
215 215 2
220 215 1
223 215 3
224 215 1
225 215 2
226 215 3
228 215 3
230 215 3
231 215 3
233 215 1
236 215 1
239 215 3
240 215 3
247 215 1
251 215 2
254 215 2
257 215 3
260 215 3
262 215 3
263 215 1
264 215 2
267 215 1
271 215 2
272 215 1
276 215 1
279 215 2
281 215 2
286 215 3
288 215 3
295 215 1
296 215 2
299 215 1
309 215 2
311 215 1
316 215 2
320 215 2
322 215 1
325 215 2
333 215 3
337 215 1
339 215 1
341 215 1
344 215 2
345 215 1
347 215 3
352 215 1
