733 326 3
735 326 1
737 326 1
743 326 1
752 326 1
761 326 2
764 326 3
773 326 1
784 326 2
786 326 3
787 326 3
791 326 3
792 326 3
794 326 1
799 326 1
802 326 2
807 326 3
813 326 1
814 326 3
815 326 3
823 326 2
824 326 2
825 326 3
826 326 2
827 326 3
829 326 2
833 326 3
834 326 1
837 326 1
840 326 1
842 326 3
845 326 2
846 326 3
849 326 3
855 326 2
857 326 2
858 326 2
859 326 3
861 326 2
865 326 3
869 326 2
870 326 1
871 326 1
873 326 1
875 326 2
876 326 1
878 326 2
883 326 1
888 326 3
889 326 2
895 326 3
900 326 3
902 326 1
906 326 2
907 326 3
908 326 3
909 326 3
915 326 3
919 326 2
921 326 3
926 326 2
930 326 2
932 326 3
934 326 2
935 326 1
936 326 3
938 326 1
944 326 2
945 326 1
946 326 1
949 326 3
950 326 3
952 326 3
954 326 3
959 326 3
960 326 3
963 326 2
965 326 1
968 326 2
969 326 1
971 326 3
975 326 1
976 326 2
977 326 3
978 326 1
980 326 2
981 326 3
985 326 3
986 326 2
990 326 1
993 326 3
995 326 1
997 326 1
998 326 1
0 327 1
2 327 3
3 327 3
9 327 3
16 327 3
21 327 3
22 327 3
27 327 2
28 327 3
29 327 3
35 327 3
36 327 1
43 327 1
49 327 2
53 327 1
55 327 2
59 327 1
60 327 2
62 327 2
64 327 1
66 327 1
68 327 2
71 327 2
72 327 1
74 327 2
76 327 1
81 327 2
86 327 3
88 327 3
94 327 2
95 327 2
99 327 2
103 327 1
105 327 1
106 327 1
113 327 3
116 327 1
132 327 2
133 327 3
134 327 3
135 327 3
140 327 2
142 327 2
149 327 1
150 327 3
153 327 1
154 327 3
156 327 2
160 327 3
168 327 3
172 327 3
174 327 1
176 327 2
177 327 2
179 327 1
180 327 1
183 327 1
187 327 1
194 327 3
202 327 2
203 327 3
204 327 2
206 327 2
210 327 3
213 327 2
217 327 2
218 327 3
219 327 2
220 327 3
221 327 3
229 327 1
231 327 2
235 327 1
236 327 1
239 327 2
242 327 1
243 327 1
251 327 3
252 327 3
254 327 3
256 327 3
258 327 2
261 327 2
262 327 3
263 327 1
264 327 1
265 327 2
267 327 2
268 327 3
273 327 1
276 327 3
281 327 2
282 327 3
285 327 1
287 327 1
293 327 3
295 327 2
300 327 2
301 327 3
302 327 3
303 327 3
309 327 3
310 327 3
314 327 3
316 327 3
317 327 3
318 327 1
320 327 1
321 327 3
322 327 2
325 327 2
326 327 3
329 327 2
333 327 1
337 327 1
342 327 2
343 327 2
346 327 3
347 327 3
348 327 3
351 327 3
353 327 2
354 327 1
357 327 1
362 327 3
365 327 1
370 327 1
378 327 3
386 327 2
391 327 1
393 327 1
399 327 3
406 327 1
415 327 1
417 327 1
418 327 2
424 327 1
432 327 2
434 327 1
435 327 2
437 327 2
438 327 3
448 327 2
449 327 2
450 327 2
451 327 3
454 327 1
457 327 3
458 327 2
459 327 1
465 327 2
471 327 3
472 327 3
473 327 3
477 327 2
480 327 2
484 327 3
485 327 3
491 327 2
493 327 1
496 327 3
500 327 3
504 327 1
505 327 3
506 327 1
511 327 3
516 327 3
520 327 1
521 327 3
523 327 3
524 327 3
525 327 2
526 327 1
527 327 3
533 327 3
535 327 1
536 327 3
538 327 1
539 327 2
550 327 2
551 327 1
554 327 2
555 327 2
556 327 2
562 327 2
563 327 3
564 327 3
568 327 3
571 327 2
573 327 1
575 327 2
576 327 1
582 327 3
583 327 2
586 327 2
589 327 2
590 327 1
593 327 2
595 327 2
596 327 3
600 327 1
601 327 3
602 327 3
603 327 1
604 327 3
607 327 1
610 327 1
611 327 3
612 327 1
616 327 1
619 327 2
620 327 1
623 327 1
624 327 3
625 327 2
628 327 3
630 327 2
631 327 2
637 327 1
640 327 2
643 327 1
647 327 1
648 327 2
660 327 3
662 327 3
666 327 1
667 327 1
669 327 2
670 327 3
671 327 3
672 327 2
676 327 1
678 327 2
686 327 3
689 327 2
692 327 1
694 327 2
696 327 3
698 327 2
699 327 2
701 327 1
702 327 3
703 327 2
707 327 1
713 327 3
720 327 3
722 327 2
725 327 1
727 327 1
731 327 2
732 327 2
748 327 1
751 327 1
752 327 3
757 327 2
758 327 3
763 327 3
765 327 1
766 327 1
770 327 1
773 327 2
775 327 1
776 327 2
791 327 2
797 327 2
800 327 2
808 327 2
809 327 3
813 327 2
816 327 1
817 327 3
820 327 2
823 327 1
827 327 2
837 327 1
839 327 2
841 327 1
844 327 2
847 327 2
848 327 1
853 327 1
856 327 2
859 327 2
862 327 3
865 327 1
866 327 3
869 327 1
870 327 3
872 327 3
873 327 2
874 327 1
875 327 1
883 327 2
884 327 3
886 327 1
889 327 1
891 327 2
897 327 3
899 327 2
904 327 1
905 327 1
906 327 3
912 327 3
915 327 3
920 327 2
921 327 2
924 327 3
926 327 2
928 327 3
932 327 2
934 327 3
940 327 2
941 327 3
942 327 1
949 327 3
950 327 3
952 327 1
953 327 1
958 327 1
962 327 1
963 327 3
969 327 2
972 327 2
975 327 2
977 327 2
984 327 3
987 327 1
988 327 1
989 327 1
991 327 1
993 327 2
995 327 3
996 327 3
998 327 1
3 328 1
5 328 2
7 328 1
10 328 2
13 328 3
14 328 3
15 328 1
19 328 2
21 328 1
22 328 1
23 328 3
26 328 1
30 328 2
34 328 3
46 328 3
54 328 2
55 328 1
56 328 2
57 328 1
60 328 3
66 328 1
71 328 1
73 328 3
74 328 1
76 328 3
77 328 2
87 328 1
88 328 1
93 328 2
95 328 1
96 328 1
97 328 1
100 328 1
101 328 1
105 328 3
106 328 2
107 328 1
114 328 3
120 328 1
121 328 1
125 328 3
126 328 3
127 328 3
130 328 1
133 328 3
135 328 3
144 328 2
149 328 1
152 328 1
155 328 2
156 328 2
158 328 3
163 328 1
165 328 2
166 328 2
168 328 1
170 328 3
171 328 1
176 328 1
179 328 3
180 328 3
181 328 3
182 328 2
189 328 2
191 328 2
194 328 3
196 328 2
197 328 3
199 328 1
204 328 3
206 328 3
209 328 1
211 328 2
217 328 1
219 328 1
222 328 3
229 328 3
230 328 2
231 328 1
232 328 2
233 328 1
237 328 3
238 328 2
239 328 2
245 328 3
248 328 1
252 328 3
253 328 1
254 328 3
258 328 1
265 328 1
266 328 1
269 328 3
270 328 2
273 328 2
274 328 2
277 328 1
278 328 2
281 328 1
282 328 1
284 328 1
285 328 1
288 328 1
289 328 3
292 328 2
293 328 2
297 328 1
299 328 1
300 328 3
303 328 1
304 328 1
307 328 2
312 328 3
313 328 2
315 328 2
329 328 2
333 328 1
335 328 2
338 328 3
339 328 2
342 328 1
349 328 2
351 328 1
353 328 1
356 328 1
359 328 1
363 328 3
364 328 2
366 328 2
371 328 3
375 328 1
377 328 2
379 328 3
383 328 1
385 328 1
387 328 2
389 328 3
395 328 3
398 328 3
399 328 1
400 328 3
402 328 3
404 328 2
406 328 1
411 328 3
414 328 1
415 328 3
417 328 1
424 328 2
426 328 2
428 328 1
431 328 3
433 328 3
434 328 1
436 328 2
438 328 3
439 328 2
447 328 1
448 328 3
449 328 3
453 328 2
460 328 3
461 328 1
464 328 3
465 328 2
466 328 1
468 328 3
469 328 3
470 328 1
471 328 2
474 328 1
477 328 3
479 328 1
485 328 1
488 328 2
490 328 2
494 328 2
508 328 2
509 328 3
512 328 2
514 328 2
515 328 1
516 328 2
526 328 1
528 328 3
532 328 3
533 328 1
537 328 1
542 328 2
543 328 1
544 328 2
545 328 1
551 328 3
552 328 3
557 328 1
558 328 3
560 328 1
567 328 2
568 328 3
571 328 1
572 328 1
573 328 2
576 328 2
579 328 2
581 328 1
585 328 3
586 328 2
589 328 1
590 328 3
594 328 2
596 328 2
597 328 1
602 328 3
608 328 2
610 328 2
612 328 3
616 328 2
618 328 1
620 328 2
626 328 3
628 328 3
632 328 1
636 328 3
638 328 3
640 328 2
642 328 1
649 328 2
650 328 2
651 328 1
652 328 1
655 328 3
660 328 1
663 328 3
671 328 2
673 328 1
674 328 3
676 328 2
679 328 1
