2 0 3
4 0 1
11 0 1
12 0 1
16 0 1
17 0 3
24 0 3
31 0 1
33 0 2
35 0 2
37 0 2
38 0 3
39 0 2
41 0 3
42 0 3
46 0 3
52 0 2
58 0 3
60 0 2
63 0 3
64 0 1
70 0 1
72 0 3
76 0 3
77 0 3
79 0 1
85 0 2
86 0 3
87 0 2
88 0 3
90 0 3
97 0 2
100 0 3
105 0 3
108 0 1
113 0 1
116 0 1
117 0 3
120 0 1
121 0 3
122 0 2
129 0 3
140 0 2
145 0 2
146 0 1
150 0 1
152 0 2
158 0 2
159 0 1
160 0 2
161 0 2
164 0 3
167 0 3
169 0 3
172 0 1
173 0 2
176 0 3
177 0 3
178 0 1
180 0 3
184 0 2
188 0 2
190 0 2
191 0 2
192 0 3
193 0 2
196 0 1
199 0 1
206 0 2
211 0 1
212 0 3
214 0 3
215 0 2
217 0 3
220 0 3
222 0 1
223 0 2
226 0 3
227 0 3
228 0 2
237 0 2
242 0 1
246 0 3
248 0 2
249 0 3
254 0 3
255 0 2
266 0 3
273 0 3
276 0 3
277 0 3
279 0 1
284 0 3
286 0 2
290 0 2
291 0 1
292 0 3
295 0 1
296 0 2
299 0 2
303 0 1
306 0 2
309 0 1
311 0 2
315 0 1
316 0 3
320 0 1
331 0 2
337 0 1
342 0 1
344 0 3
348 0 2
355 0 1
356 0 2
357 0 2
358 0 3
360 0 2
361 0 3
365 0 1
376 0 3
383 0 1
385 0 1
387 0 1
390 0 3
393 0 3
394 0 1
398 0 1
406 0 1
409 0 1
410 0 3
411 0 3
418 0 2
423 0 2
425 0 3
430 0 3
432 0 3
442 0 2
443 0 1
445 0 1
446 0 2
447 0 3
449 0 3
461 0 1
462 0 1
463 0 1
464 0 2
469 0 3
471 0 3
473 0 2
483 0 1
488 0 1
499 0 1
500 0 1
501 0 2
502 0 3
518 0 3
520 0 2
523 0 2
525 0 2
526 0 2
529 0 1
531 0 3
532 0 1
533 0 1
536 0 1
539 0 2
540 0 2
541 0 1
543 0 1
544 0 2
546 0 3
549 0 1
556 0 1
558 0 3
560 0 3
562 0 3
570 0 2
572 0 1
576 0 2
577 0 3
578 0 1
579 0 2
581 0 3
586 0 2
587 0 3
592 0 1
593 0 2
595 0 1
600 0 1
602 0 2
603 0 3
606 0 3
607 0 3
618 0 1
623 0 1
624 0 1
626 0 3
627 0 1
633 0 1
636 0 2
637 0 2
639 0 3
641 0 3
644 0 2
647 0 3
648 0 2
657 0 1
661 0 3
668 0 1
669 0 1
678 0 3
682 0 3
683 0 2
684 0 3
690 0 2
701 0 3
704 0 1
707 0 3
708 0 1
714 0 1
716 0 3
718 0 2
721 0 2
724 0 1
729 0 3
732 0 1
735 0 3
736 0 3
739 0 2
741 0 2
743 0 2
748 0 1
749 0 1
750 0 3
754 0 2
755 0 3
767 0 2
772 0 2
776 0 3
779 0 3
786 0 3
788 0 3
789 0 1
792 0 1
796 0 1
797 0 2
799 0 3
800 0 1
804 0 1
806 0 2
810 0 3
814 0 3
817 0 3
818 0 1
822 0 3
823 0 1
824 0 2
826 0 3
827 0 1
829 0 3
834 0 1
835 0 3
843 0 2
846 0 3
854 0 2
855 0 2
856 0 3
857 0 1
868 0 2
869 0 2
870 0 1
871 0 1
872 0 1
876 0 2
880 0 3
883 0 1
884 0 2
886 0 2
887 0 3
891 0 3
892 0 3
895 0 3
897 0 3
901 0 2
902 0 3
905 0 1
910 0 3
913 0 1
916 0 1
919 0 2
921 0 3
924 0 2
925 0 3
929 0 3
933 0 1
934 0 2
937 0 3
942 0 2
949 0 3
950 0 1
952 0 3
956 0 1
957 0 3
961 0 1
964 0 2
969 0 2
970 0 2
971 0 3
972 0 3
977 0 2
984 0 2
985 0 3
989 0 3
992 0 3
993 0 2
995 0 1
996 0 3
2 1 1
4 1 3
8 1 2
9 1 3
11 1 3
12 1 1
20 1 2
26 1 1
27 1 3
31 1 2
35 1 2
39 1 1
41 1 1
42 1 2
43 1 2
45 1 2
50 1 1
51 1 1
52 1 3
56 1 2
60 1 3
61 1 3
63 1 1
68 1 1
71 1 1
76 1 2
78 1 2
79 1 3
80 1 2
81 1 1
82 1 3
85 1 1
86 1 2
90 1 2
91 1 2
93 1 1
104 1 2
108 1 3
110 1 2
111 1 3
113 1 2
114 1 1
117 1 2
121 1 2
128 1 1
130 1 3
135 1 3
137 1 1
140 1 2
141 1 1
142 1 2
145 1 3
149 1 3
151 1 1
166 1 3
167 1 2
172 1 3
174 1 2
176 1 2
180 1 3
181 1 3
185 1 2
192 1 3
193 1 3
194 1 2
195 1 3
196 1 3
201 1 3
207 1 2
212 1 3
214 1 2
215 1 1
219 1 3
223 1 3
225 1 1
228 1 1
232 1 2
234 1 2
240 1 3
242 1 1
245 1 1
250 1 2
256 1 2
258 1 3
260 1 2
262 1 1
267 1 1
274 1 2
275 1 3
276 1 1
277 1 1
280 1 1
283 1 3
285 1 3
294 1 1
295 1 1
296 1 2
299 1 3
301 1 1
302 1 3
303 1 3
304 1 3
307 1 1
309 1 3
321 1 1
323 1 1
324 1 1
325 1 3
326 1 2
327 1 3
328 1 1
329 1 3
333 1 2
334 1 3
335 1 2
342 1 2
345 1 1
352 1 3
355 1 1
362 1 1
364 1 3
366 1 2
367 1 1
369 1 2
373 1 2
374 1 3
377 1 1
384 1 3
385 1 2
386 1 3
387 1 1
391 1 2
399 1 1
404 1 3
406 1 2
409 1 3
411 1 1
412 1 2
413 1 1
414 1 2
415 1 2
416 1 1
418 1 3
419 1 1
421 1 2
428 1 3
429 1 2
431 1 3
437 1 3
439 1 2
441 1 1
446 1 1
449 1 2
453 1 3
454 1 3
455 1 2
457 1 1
459 1 1
462 1 2
463 1 1
468 1 3
474 1 2
477 1 3
479 1 1
488 1 3
494 1 2
503 1 2
508 1 3
511 1 2
512 1 1
513 1 3
514 1 2
517 1 2
520 1 1
522 1 1
526 1 3
527 1 1
530 1 3
532 1 1
535 1 2
536 1 1
538 1 1
539 1 2
548 1 1
552 1 3
553 1 1
555 1 3
560 1 2
561 1 1
564 1 2
566 1 3
567 1 1
571 1 2
574 1 2
576 1 1
579 1 1
580 1 1
584 1 3
585 1 1
587 1 3
588 1 2
599 1 3
602 1 2
603 1 1
604 1 2
605 1 3
608 1 3
610 1 2
612 1 1
616 1 2
618 1 3
620 1 3
627 1 2
629 1 1
632 1 1
633 1 2
634 1 3
636 1 3
642 1 1
643 1 2
647 1 3
650 1 2
655 1 3
656 1 2
668 1 1
670 1 3
671 1 1
672 1 1
677 1 3
680 1 1
682 1 2
687 1 3
689 1 1
692 1 2
695 1 3
697 1 3
700 1 2
702 1 1
704 1 3
711 1 2
712 1 1
715 1 3
716 1 1
719 1 3
720 1 1
721 1 2
722 1 2
723 1 2
725 1 3
731 1 1
740 1 3
745 1 3
748 1 1
750 1 2
754 1 1
771 1 2
772 1 2
777 1 2
778 1 2
780 1 3
782 1 3
784 1 1
787 1 2
788 1 2
792 1 1
793 1 2
794 1 2
800 1 1
801 1 2
808 1 1
810 1 3
813 1 3
814 1 2
815 1 1
819 1 2
823 1 2
829 1 3
842 1 3
846 1 3
848 1 2
849 1 3
851 1 1
854 1 2
860 1 1
867 1 1
873 1 1
875 1 1
876 1 2
881 1 2
882 1 3
883 1 2
884 1 1
885 1 1
889 1 3
899 1 2
906 1 3
909 1 3
911 1 2
912 1 3
914 1 3
916 1 2
919 1 3
921 1 1
924 1 3
930 1 1
931 1 2
934 1 1
949 1 3
952 1 2
953 1 2
955 1 2
957 1 3
958 1 1
965 1 3
967 1 2
969 1 2
973 1 3
975 1 2
978 1 3
980 1 1
981 1 2
984 1 1
986 1 1
989 1 2
991 1 1
993 1 3
994 1 1
997 1 1
998 1 3
1 2 3
3 2 1
4 2 2
6 2 1
9 2 3
10 2 2
17 2 1
20 2 1
21 2 2
25 2 3
26 2 1
32 2 3
33 2 2
40 2 2
41 2 2
42 2 2
45 2 1
46 2 2
47 2 3
49 2 1
