154 892 1
155 892 2
161 892 2
162 892 1
164 892 2
167 892 1
169 892 2
170 892 3
173 892 3
175 892 3
184 892 1
187 892 1
188 892 3
193 892 1
202 892 3
207 892 3
210 892 3
216 892 2
217 892 3
219 892 2
220 892 2
221 892 1
223 892 1
225 892 3
226 892 2
231 892 3
233 892 1
243 892 3
244 892 2
245 892 2
246 892 1
248 892 2
249 892 3
254 892 2
255 892 1
256 892 2
257 892 2
259 892 2
260 892 3
261 892 2
262 892 3
263 892 1
265 892 1
268 892 3
273 892 3
279 892 3
283 892 1
284 892 3
288 892 2
289 892 2
291 892 2
292 892 2
296 892 1
297 892 1
302 892 3
306 892 2
307 892 2
309 892 2
310 892 3
311 892 3
312 892 2
313 892 1
316 892 1
320 892 2
322 892 3
327 892 2
328 892 2
341 892 1
342 892 2
349 892 3
354 892 1
355 892 1
359 892 3
360 892 2
361 892 1
366 892 1
369 892 2
372 892 1
375 892 2
378 892 3
379 892 2
381 892 3
384 892 3
385 892 1
389 892 3
390 892 2
393 892 3
397 892 3
398 892 1
403 892 1
405 892 1
410 892 1
411 892 3
412 892 3
415 892 2
418 892 2
432 892 1
438 892 1
450 892 1
458 892 2
459 892 2
460 892 3
461 892 1
463 892 3
475 892 3
477 892 3
482 892 2
484 892 3
488 892 1
489 892 3
495 892 3
498 892 2
499 892 3
502 892 2
503 892 1
507 892 1
509 892 2
510 892 2
511 892 3
516 892 3
517 892 2
518 892 1
519 892 3
526 892 3
528 892 3
529 892 2
531 892 2
534 892 1
539 892 1
541 892 3
543 892 3
544 892 3
548 892 3
549 892 2
550 892 1
551 892 3
553 892 2
556 892 1
557 892 2
561 892 3
563 892 2
567 892 2
568 892 1
569 892 3
573 892 3
574 892 2
575 892 2
579 892 1
580 892 1
582 892 2
590 892 2
591 892 1
593 892 3
596 892 1
597 892 1
602 892 2
612 892 2
616 892 2
617 892 3
624 892 3
627 892 1
632 892 2
634 892 1
635 892 2
643 892 2
645 892 1
647 892 3
650 892 2
661 892 2
662 892 3
667 892 2
668 892 1
671 892 1
674 892 2
677 892 3
679 892 2
682 892 2
692 892 1
697 892 2
698 892 2
699 892 1
700 892 2
703 892 2
705 892 2
707 892 2
709 892 3
711 892 2
714 892 2
722 892 2
725 892 2
735 892 1
737 892 3
738 892 1
740 892 1
742 892 2
746 892 3
747 892 2
748 892 1
751 892 1
753 892 2
755 892 2
756 892 2
760 892 1
761 892 1
762 892 3
765 892 3
769 892 3
770 892 2
773 892 3
774 892 3
777 892 3
784 892 2
791 892 1
795 892 2
797 892 3
804 892 3
806 892 1
808 892 1
811 892 2
813 892 3
815 892 2
816 892 1
820 892 3
830 892 1
831 892 1
832 892 1
833 892 2
834 892 2
839 892 1
844 892 3
845 892 2
848 892 1
850 892 2
852 892 3
858 892 1
859 892 3
861 892 2
862 892 3
864 892 3
867 892 1
870 892 1
875 892 3
876 892 3
880 892 3
886 892 3
890 892 3
891 892 1
892 892 3
893 892 1
895 892 2
896 892 3
898 892 1
901 892 3
904 892 3
905 892 2
907 892 2
912 892 2
915 892 3
917 892 2
923 892 2
924 892 3
928 892 3
937 892 2
938 892 1
939 892 3
942 892 2
944 892 2
945 892 3
947 892 1
950 892 1
956 892 3
957 892 1
960 892 3
961 892 1
962 892 2
963 892 2
964 892 3
965 892 2
970 892 3
972 892 2
974 892 3
979 892 1
981 892 3
983 892 2
990 892 3
995 892 1
996 892 2
1 893 3
3 893 1
5 893 2
9 893 3
10 893 1
15 893 1
21 893 1
24 893 3
26 893 3
30 893 2
32 893 3
33 893 1
34 893 2
35 893 1
37 893 3
41 893 3
43 893 2
45 893 1
47 893 2
55 893 3
62 893 3
64 893 3
65 893 2
72 893 1
73 893 1
75 893 3
80 893 3
81 893 2
82 893 3
83 893 3
87 893 3
89 893 3
94 893 2
97 893 2
100 893 1
101 893 3
104 893 1
113 893 3
117 893 1
121 893 3
125 893 3
126 893 2
128 893 3
133 893 2
134 893 2
139 893 3
140 893 3
141 893 2
147 893 1
149 893 3
150 893 2
154 893 3
155 893 1
156 893 1
158 893 1
160 893 1
161 893 1
163 893 2
166 893 3
174 893 2
176 893 3
178 893 2
180 893 3
181 893 2
185 893 3
186 893 3
190 893 2
191 893 3
195 893 1
200 893 3
201 893 1
205 893 1
206 893 2
209 893 2
210 893 1
211 893 1
212 893 1
214 893 2
218 893 3
219 893 1
226 893 3
230 893 3
237 893 1
245 893 2
246 893 1
247 893 3
250 893 2
251 893 3
254 893 2
255 893 3
260 893 3
261 893 2
266 893 1
269 893 1
277 893 1
278 893 1
279 893 1
280 893 2
283 893 2
286 893 1
287 893 2
288 893 1
292 893 2
298 893 2
300 893 3
308 893 1
310 893 2
320 893 1
326 893 2
327 893 1
331 893 1
333 893 2
334 893 2
339 893 2
345 893 1
351 893 3
353 893 3
354 893 1
357 893 3
359 893 3
362 893 1
363 893 1
375 893 1
376 893 2
379 893 2
381 893 1
386 893 1
390 893 3
400 893 3
402 893 2
408 893 2
410 893 1
411 893 3
412 893 1
417 893 2
418 893 3
424 893 3
426 893 3
427 893 2
429 893 2
433 893 3
435 893 1
437 893 2
440 893 3
441 893 3
444 893 1
447 893 1
448 893 3
453 893 1
455 893 1
456 893 1
459 893 3
461 893 1
466 893 1
472 893 3
473 893 2
479 893 2
482 893 1
486 893 1
491 893 1
492 893 3
493 893 3
495 893 3
496 893 2
500 893 3
503 893 2
506 893 2
507 893 2
512 893 1
525 893 3
526 893 2
532 893 2
538 893 1
540 893 1
544 893 2
549 893 1
551 893 2
552 893 1
554 893 3
555 893 3
561 893 1
562 893 2
565 893 2
566 893 2
572 893 2
573 893 2
574 893 1
580 893 1
593 893 3
594 893 3
596 893 1
597 893 3
600 893 1
602 893 1
605 893 2
606 893 1
611 893 1
612 893 1
615 893 2
618 893 2
620 893 1
621 893 1
625 893 1
630 893 1
631 893 1
633 893 3
636 893 3
641 893 1
644 893 2
645 893 3
649 893 3
653 893 1
657 893 1
660 893 1
662 893 2
663 893 1
666 893 2
671 893 1
672 893 1
673 893 3
675 893 3
676 893 1
680 893 1
681 893 3
682 893 3
684 893 2
685 893 2
687 893 1
690 893 3
693 893 1
695 893 2
696 893 3
699 893 2
702 893 2
705 893 3
706 893 3
708 893 2
710 893 3
712 893 1
720 893 2
724 893 1
732 893 3
734 893 2
741 893 1
742 893 3
743 893 1
749 893 2
754 893 3
762 893 1
764 893 2
765 893 3
766 893 3
767 893 3
769 893 1
775 893 2
779 893 1
780 893 2
782 893 1
783 893 2
784 893 1
786 893 3
790 893 1
792 893 2
793 893 3
794 893 2
795 893 1
797 893 3
800 893 2
802 893 3
804 893 3
805 893 1
806 893 3
808 893 1
812 893 3
813 893 2
814 893 1
822 893 1
828 893 2
830 893 3
835 893 1
840 893 3
841 893 2
842 893 3
843 893 2
856 893 2
858 893 1
862 893 3
866 893 1
867 893 3
868 893 3
870 893 3
872 893 3
873 893 1
874 893 2
876 893 3
878 893 1
881 893 3
882 893 2
884 893 3
891 893 3
892 893 3
897 893 1
899 893 2
915 893 2
919 893 1
922 893 2
924 893 2
931 893 1
934 893 3
937 893 3
939 893 3
941 893 3
943 893 2
946 893 3
948 893 3
950 893 1
951 893 2
953 893 3
955 893 2
958 893 1
959 893 3
960 893 1
961 893 3
964 893 2
971 893 3
973 893 3
979 893 2
981 893 2
982 893 2
985 893 3
986 893 2
987 893 3
988 893 3
991 893 1
994 893 2
995 893 2
998 893 2
3 894 1
5 894 2
11 894 2
12 894 2
13 894 2
15 894 3
16 894 2
19 894 3
23 894 1
25 894 3
26 894 1
27 894 3
28 894 3
31 894 1
33 894 1
34 894 1
41 894 2
43 894 2
45 894 3
46 894 1
50 894 1
51 894 3
52 894 1
53 894 1
57 894 2
61 894 3
62 894 3
64 894 1
65 894 2
68 894 2
71 894 3
75 894 1
77 894 3
78 894 3
84 894 3
91 894 2
93 894 2
97 894 3
98 894 2
101 894 3
102 894 1
107 894 1
