785 306 1
790 306 1
795 306 2
796 306 1
800 306 1
803 306 1
804 306 2
811 306 3
813 306 3
814 306 3
817 306 2
824 306 3
827 306 3
831 306 1
834 306 3
836 306 1
838 306 3
840 306 1
842 306 1
844 306 3
845 306 3
846 306 2
852 306 1
862 306 3
864 306 1
868 306 1
869 306 2
871 306 3
872 306 1
876 306 2
878 306 1
886 306 3
888 306 2
891 306 3
893 306 2
894 306 2
895 306 3
896 306 1
900 306 3
904 306 2
905 306 1
911 306 3
913 306 1
915 306 2
916 306 2
917 306 2
920 306 1
921 306 3
922 306 1
923 306 1
924 306 2
927 306 2
929 306 2
932 306 2
938 306 3
939 306 2
941 306 1
945 306 1
946 306 2
949 306 3
953 306 1
954 306 3
955 306 3
956 306 2
957 306 1
960 306 3
963 306 2
966 306 1
969 306 1
974 306 1
988 306 3
996 306 3
997 306 1
2 307 3
10 307 3
12 307 1
13 307 1
18 307 3
20 307 1
22 307 3
26 307 1
27 307 1
30 307 2
33 307 1
35 307 1
36 307 2
42 307 2
46 307 2
54 307 1
62 307 2
63 307 1
64 307 2
68 307 1
72 307 2
74 307 1
76 307 1
81 307 1
83 307 1
86 307 2
87 307 2
88 307 1
89 307 2
95 307 1
101 307 1
109 307 1
110 307 1
111 307 3
114 307 1
118 307 3
120 307 2
122 307 3
127 307 2
132 307 3
134 307 1
136 307 2
142 307 1
143 307 3
144 307 3
147 307 3
150 307 3
152 307 1
159 307 1
162 307 3
164 307 2
165 307 3
166 307 1
173 307 2
175 307 2
181 307 3
182 307 3
184 307 2
191 307 3
194 307 1
195 307 1
203 307 3
211 307 2
214 307 2
215 307 1
226 307 3
230 307 1
235 307 3
236 307 1
237 307 3
242 307 1
245 307 3
262 307 1
264 307 1
265 307 2
267 307 1
269 307 2
272 307 3
276 307 3
285 307 2
286 307 1
287 307 3
290 307 3
292 307 3
293 307 3
295 307 1
296 307 1
299 307 1
302 307 3
303 307 2
308 307 2
309 307 3
310 307 2
314 307 2
316 307 1
318 307 2
319 307 1
320 307 3
321 307 3
323 307 1
325 307 2
329 307 2
330 307 3
336 307 1
345 307 3
347 307 3
351 307 3
354 307 2
356 307 3
358 307 3
359 307 1
362 307 2
366 307 3
367 307 1
368 307 1
369 307 2
370 307 2
374 307 1
377 307 3
378 307 1
385 307 2
389 307 3
392 307 3
395 307 3
396 307 1
404 307 3
407 307 3
408 307 2
415 307 1
418 307 3
419 307 3
420 307 2
422 307 1
425 307 2
426 307 2
427 307 2
428 307 3
433 307 3
435 307 3
436 307 2
438 307 2
441 307 1
448 307 1
450 307 3
452 307 3
453 307 2
454 307 1
456 307 1
457 307 1
458 307 2
460 307 1
463 307 3
464 307 2
469 307 2
470 307 2
472 307 3
476 307 1
481 307 1
486 307 3
489 307 1
490 307 1
499 307 3
504 307 3
509 307 3
511 307 2
517 307 1
520 307 2
521 307 2
530 307 1
536 307 3
538 307 2
543 307 2
547 307 1
548 307 1
551 307 1
559 307 3
562 307 3
563 307 1
564 307 2
566 307 2
568 307 2
571 307 1
579 307 2
582 307 3
588 307 3
590 307 3
595 307 3
602 307 1
603 307 2
606 307 3
607 307 2
610 307 1
620 307 2
624 307 1
627 307 1
630 307 3
634 307 2
639 307 1
640 307 2
641 307 1
642 307 1
643 307 2
645 307 3
649 307 3
656 307 1
658 307 1
659 307 3
660 307 1
666 307 1
667 307 2
668 307 1
674 307 1
675 307 1
681 307 1
684 307 1
685 307 3
686 307 1
688 307 3
692 307 2
697 307 2
698 307 1
699 307 2
701 307 3
703 307 2
705 307 1
706 307 3
709 307 3
710 307 1
712 307 1
713 307 2
715 307 3
716 307 3
726 307 1
730 307 3
737 307 3
738 307 2
740 307 3
744 307 2
747 307 2
748 307 3
755 307 3
756 307 1
757 307 1
761 307 2
773 307 2
779 307 2
786 307 3
796 307 2
798 307 2
799 307 2
803 307 3
804 307 2
805 307 2
806 307 2
812 307 3
814 307 1
817 307 1
818 307 1
819 307 2
823 307 3
825 307 3
826 307 2
834 307 1
837 307 2
840 307 3
845 307 2
853 307 3
858 307 2
860 307 3
861 307 3
864 307 2
865 307 2
869 307 3
870 307 2
871 307 2
873 307 3
881 307 1
883 307 1
884 307 3
894 307 3
896 307 2
898 307 1
900 307 2
901 307 1
902 307 1
910 307 2
911 307 2
913 307 1
917 307 3
920 307 2
921 307 3
926 307 1
927 307 2
928 307 3
929 307 2
930 307 3
933 307 1
934 307 1
939 307 1
945 307 2
946 307 2
951 307 3
952 307 2
953 307 1
956 307 3
959 307 2
962 307 3
966 307 2
968 307 3
969 307 2
970 307 1
972 307 3
973 307 3
974 307 3
975 307 2
976 307 1
977 307 1
982 307 3
983 307 1
984 307 2
990 307 1
991 307 1
993 307 2
0 308 1
1 308 2
5 308 2
7 308 2
9 308 2
15 308 2
21 308 1
22 308 1
23 308 2
24 308 1
29 308 3
30 308 1
31 308 3
32 308 1
37 308 3
42 308 1
46 308 1
47 308 3
48 308 2
51 308 1
53 308 2
54 308 1
55 308 1
59 308 3
60 308 2
63 308 1
67 308 1
68 308 3
69 308 2
70 308 1
71 308 2
76 308 1
77 308 3
82 308 2
85 308 2
86 308 1
93 308 3
94 308 2
95 308 1
96 308 1
98 308 3
99 308 3
100 308 3
101 308 3
104 308 1
105 308 1
114 308 3
117 308 1
118 308 3
120 308 2
121 308 2
124 308 3
127 308 3
130 308 1
131 308 1
132 308 2
135 308 3
141 308 2
148 308 3
149 308 2
155 308 3
159 308 3
160 308 2
163 308 1
172 308 2
176 308 3
180 308 2
184 308 1
187 308 2
188 308 3
190 308 3
191 308 3
195 308 2
196 308 1
197 308 2
199 308 1
200 308 3
202 308 3
205 308 1
206 308 1
214 308 2
215 308 2
216 308 3
218 308 2
222 308 1
226 308 1
233 308 3
234 308 1
240 308 1
241 308 1
242 308 1
245 308 1
247 308 1
254 308 3
259 308 2
266 308 1
268 308 3
270 308 3
273 308 1
278 308 2
279 308 2
287 308 3
290 308 3
292 308 3
301 308 1
307 308 1
308 308 1
310 308 3
312 308 2
313 308 1
318 308 3
323 308 1
328 308 2
330 308 1
334 308 1
339 308 3
348 308 1
349 308 2
352 308 3
356 308 3
357 308 1
361 308 1
362 308 2
365 308 2
369 308 1
371 308 2
372 308 3
373 308 2
377 308 1
378 308 1
383 308 1
391 308 3
396 308 3
408 308 3
410 308 1
413 308 1
415 308 2
418 308 1
419 308 3
422 308 2
424 308 1
428 308 2
429 308 3
432 308 2
433 308 3
435 308 1
440 308 2
442 308 2
448 308 1
449 308 3
450 308 3
455 308 1
456 308 1
461 308 1
463 308 3
465 308 1
468 308 2
473 308 3
478 308 2
480 308 1
482 308 2
483 308 2
485 308 1
486 308 1
493 308 2
496 308 3
497 308 2
505 308 1
508 308 1
515 308 3
516 308 2
517 308 2
518 308 2
519 308 2
520 308 1
521 308 3
522 308 2
525 308 3
527 308 2
534 308 1
535 308 2
538 308 2
539 308 3
543 308 3
550 308 2
554 308 2
555 308 1
558 308 2
560 308 3
563 308 1
566 308 2
568 308 1
570 308 1
573 308 3
575 308 2
576 308 3
578 308 1
581 308 3
583 308 3
585 308 1
586 308 1
588 308 3
591 308 3
598 308 3
605 308 1
606 308 3
612 308 3
616 308 3
624 308 1
625 308 2
627 308 3
628 308 2
630 308 1
634 308 2
638 308 3
639 308 1
648 308 2
653 308 2
655 308 1
657 308 3
662 308 3
670 308 1
671 308 2
676 308 1
677 308 1
679 308 3
681 308 3
682 308 1
684 308 2
685 308 2
692 308 2
694 308 3
697 308 3
701 308 1
705 308 3
710 308 1
711 308 3
714 308 2
718 308 1
721 308 1
723 308 2
724 308 1
726 308 3
735 308 3
737 308 1
742 308 2
743 308 2
745 308 1
746 308 2
747 308 1
749 308 3
750 308 2
755 308 2
756 308 3
757 308 1
758 308 2
760 308 2
762 308 1
766 308 3
768 308 1
776 308 1
777 308 3
779 308 3
780 308 2
781 308 1
783 308 3
793 308 2
796 308 2
798 308 2
804 308 1
