657 846 1
660 846 1
662 846 3
667 846 3
668 846 1
671 846 1
672 846 1
673 846 3
676 846 3
683 846 3
689 846 2
695 846 3
701 846 1
703 846 3
709 846 2
710 846 2
711 846 2
714 846 2
715 846 3
716 846 3
717 846 2
723 846 2
728 846 3
733 846 2
741 846 2
743 846 3
748 846 1
757 846 3
758 846 2
759 846 3
764 846 2
766 846 3
767 846 1
768 846 3
771 846 3
772 846 3
774 846 2
775 846 3
783 846 3
785 846 1
790 846 2
793 846 3
794 846 2
798 846 3
799 846 1
800 846 1
801 846 1
802 846 3
805 846 3
811 846 3
814 846 3
823 846 1
825 846 2
828 846 3
829 846 1
830 846 2
833 846 3
834 846 3
835 846 3
841 846 3
842 846 2
843 846 1
844 846 3
845 846 2
846 846 3
850 846 1
852 846 1
861 846 1
862 846 1
863 846 2
865 846 3
868 846 3
870 846 3
875 846 2
881 846 1
883 846 3
891 846 2
892 846 3
895 846 2
903 846 3
904 846 3
907 846 1
911 846 1
914 846 3
917 846 3
919 846 3
920 846 1
923 846 3
924 846 3
930 846 3
933 846 1
936 846 2
941 846 3
942 846 1
944 846 1
945 846 1
950 846 2
958 846 1
959 846 1
961 846 2
962 846 2
966 846 2
967 846 2
973 846 1
975 846 3
979 846 2
981 846 2
982 846 1
985 846 2
993 846 1
994 846 3
6 847 2
7 847 1
8 847 3
12 847 3
15 847 2
19 847 3
21 847 3
24 847 2
25 847 3
27 847 1
29 847 1
32 847 3
33 847 2
34 847 3
40 847 1
41 847 2
42 847 2
43 847 2
45 847 1
47 847 1
48 847 1
53 847 1
55 847 3
61 847 2
62 847 2
63 847 1
65 847 3
67 847 3
76 847 1
77 847 3
80 847 2
81 847 1
88 847 1
93 847 1
94 847 1
100 847 1
103 847 2
109 847 3
110 847 2
111 847 1
114 847 2
115 847 1
118 847 3
120 847 3
121 847 1
126 847 2
128 847 1
129 847 3
130 847 3
132 847 1
133 847 1
135 847 2
140 847 3
142 847 2
143 847 1
146 847 2
147 847 1
150 847 3
152 847 2
153 847 3
154 847 3
158 847 2
161 847 3
163 847 1
166 847 2
173 847 2
176 847 1
177 847 3
182 847 3
183 847 2
186 847 3
188 847 1
193 847 3
195 847 1
198 847 3
200 847 2
206 847 3
211 847 1
214 847 1
216 847 3
218 847 3
220 847 1
221 847 1
222 847 2
223 847 1
224 847 2
226 847 1
230 847 3
233 847 3
234 847 2
237 847 2
239 847 1
242 847 3
243 847 2
255 847 3
256 847 2
257 847 1
258 847 3
262 847 1
264 847 3
268 847 1
273 847 1
276 847 1
280 847 3
284 847 3
286 847 1
290 847 3
291 847 2
295 847 1
296 847 3
297 847 3
300 847 2
302 847 1
305 847 2
307 847 2
308 847 2
310 847 1
311 847 2
313 847 2
314 847 1
317 847 1
320 847 1
327 847 1
328 847 2
329 847 3
332 847 2
336 847 1
337 847 2
339 847 3
340 847 3
341 847 3
344 847 1
348 847 3
349 847 3
357 847 3
360 847 1
363 847 2
364 847 3
366 847 2
368 847 1
370 847 3
371 847 1
372 847 2
373 847 1
377 847 3
379 847 3
383 847 3
387 847 2
388 847 1
389 847 3
391 847 1
393 847 3
396 847 3
399 847 3
403 847 3
407 847 2
410 847 3
411 847 3
412 847 1
415 847 2
416 847 2
417 847 3
423 847 3
425 847 2
428 847 1
431 847 2
433 847 3
434 847 2
435 847 2
440 847 2
441 847 3
442 847 2
445 847 3
446 847 3
447 847 1
448 847 2
450 847 3
451 847 1
460 847 1
462 847 3
466 847 3
471 847 3
472 847 3
473 847 3
474 847 3
478 847 3
484 847 1
489 847 1
496 847 1
498 847 1
501 847 1
503 847 1
505 847 3
506 847 3
507 847 2
508 847 2
509 847 1
514 847 2
515 847 3
516 847 1
517 847 1
518 847 3
523 847 3
526 847 3
529 847 3
531 847 1
532 847 3
533 847 1
541 847 1
542 847 2
544 847 2
546 847 3
547 847 2
548 847 2
549 847 1
551 847 3
554 847 2
557 847 3
558 847 3
559 847 1
560 847 2
562 847 1
563 847 2
565 847 2
568 847 3
569 847 1
577 847 3
579 847 3
583 847 2
587 847 1
588 847 1
591 847 2
594 847 3
597 847 1
601 847 1
613 847 1
618 847 3
619 847 1
620 847 2
621 847 3
622 847 2
647 847 2
650 847 1
651 847 3
653 847 2
654 847 1
655 847 2
657 847 2
661 847 2
662 847 3
663 847 3
664 847 2
666 847 1
670 847 2
672 847 2
678 847 1
679 847 2
683 847 1
684 847 3
685 847 1
686 847 2
696 847 3
698 847 3
702 847 2
703 847 1
706 847 3
707 847 3
708 847 1
711 847 1
713 847 1
714 847 1
718 847 2
721 847 2
722 847 1
723 847 2
732 847 3
734 847 2
740 847 3
743 847 1
750 847 2
751 847 2
752 847 2
758 847 2
759 847 3
760 847 2
762 847 3
765 847 2
766 847 2
769 847 3
770 847 1
771 847 3
785 847 2
788 847 3
789 847 1
791 847 3
792 847 3
795 847 2
796 847 2
799 847 1
801 847 2
802 847 1
812 847 1
817 847 1
819 847 1
820 847 3
821 847 1
823 847 2
824 847 3
827 847 3
830 847 3
832 847 1
833 847 3
834 847 1
841 847 2
842 847 1
843 847 3
844 847 3
845 847 2
850 847 2
854 847 3
855 847 1
861 847 1
862 847 2
865 847 3
867 847 1
874 847 2
875 847 1
877 847 1
883 847 2
888 847 1
890 847 1
893 847 2
894 847 3
902 847 2
905 847 1
906 847 2
907 847 1
909 847 2
914 847 3
915 847 2
922 847 3
928 847 1
930 847 1
933 847 3
934 847 3
936 847 2
937 847 3
938 847 1
946 847 3
948 847 3
953 847 2
954 847 2
959 847 1
960 847 2
962 847 3
966 847 2
967 847 1
971 847 3
972 847 3
983 847 3
985 847 2
987 847 2
990 847 1
992 847 1
994 847 2
996 847 1
1 848 2
2 848 2
3 848 3
4 848 3
7 848 3
10 848 2
12 848 2
14 848 2
20 848 2
26 848 3
27 848 3
29 848 2
30 848 3
32 848 2
33 848 3
35 848 3
36 848 3
40 848 2
42 848 3
45 848 3
46 848 2
47 848 3
49 848 3
53 848 3
55 848 2
59 848 2
61 848 1
62 848 2
63 848 1
67 848 1
69 848 1
75 848 2
76 848 3
77 848 3
78 848 2
82 848 2
84 848 3
88 848 3
92 848 1
94 848 1
98 848 1
99 848 1
100 848 3
106 848 2
107 848 3
110 848 2
113 848 1
114 848 1
117 848 2
119 848 1
120 848 2
125 848 3
127 848 2
133 848 3
140 848 1
143 848 3
145 848 3
148 848 3
153 848 3
156 848 1
157 848 2
160 848 1
170 848 3
172 848 1
173 848 3
175 848 1
178 848 2
190 848 2
192 848 2
194 848 1
195 848 1
198 848 2
200 848 1
203 848 3
209 848 1
213 848 2
214 848 2
216 848 3
217 848 1
226 848 3
229 848 2
232 848 1
233 848 2
234 848 1
236 848 1
246 848 2
247 848 2
252 848 1
256 848 2
259 848 1
262 848 3
263 848 3
268 848 1
269 848 2
270 848 2
274 848 1
278 848 2
282 848 2
283 848 1
284 848 3
287 848 2
291 848 2
300 848 2
301 848 3
306 848 3
308 848 1
314 848 1
315 848 2
317 848 3
319 848 1
320 848 1
322 848 2
325 848 2
332 848 2
334 848 3
338 848 3
347 848 1
350 848 3
355 848 2
356 848 1
360 848 3
361 848 3
363 848 2
365 848 1
367 848 2
373 848 3
382 848 1
385 848 3
387 848 1
388 848 3
389 848 2
393 848 3
397 848 1
401 848 1
413 848 3
415 848 3
416 848 1
417 848 3
421 848 3
424 848 3
427 848 1
432 848 1
434 848 1
435 848 1
439 848 3
440 848 1
442 848 1
447 848 3
452 848 2
453 848 3
456 848 2
462 848 3
471 848 1
475 848 2
483 848 2
484 848 3
486 848 1
487 848 3
490 848 2
493 848 2
495 848 3
502 848 1
509 848 1
512 848 1
513 848 2
515 848 2
516 848 1
524 848 2
532 848 1
533 848 2
535 848 2
542 848 2
544 848 1
547 848 2
552 848 1
557 848 2
558 848 3
560 848 3
570 848 1
571 848 1
572 848 3
575 848 1
577 848 2
579 848 2
580 848 1
585 848 1
586 848 1
588 848 1
589 848 3
