852 346 3
853 346 1
855 346 2
856 346 3
859 346 1
860 346 1
861 346 1
865 346 3
868 346 3
878 346 1
880 346 1
885 346 3
894 346 2
897 346 1
899 346 2
903 346 3
906 346 3
910 346 1
913 346 3
920 346 3
922 346 2
924 346 3
925 346 1
928 346 1
936 346 2
937 346 3
939 346 1
940 346 2
942 346 2
946 346 2
947 346 1
948 346 1
957 346 2
959 346 2
960 346 3
961 346 1
962 346 1
963 346 2
970 346 3
976 346 1
977 346 1
979 346 2
985 346 2
987 346 2
990 346 1
991 346 1
997 346 3
4 347 3
7 347 1
15 347 1
16 347 2
18 347 1
19 347 2
21 347 2
29 347 3
33 347 3
34 347 3
35 347 3
37 347 2
40 347 2
41 347 2
43 347 3
45 347 2
49 347 3
50 347 3
51 347 2
53 347 2
55 347 2
58 347 2
60 347 3
61 347 1
63 347 2
65 347 2
70 347 3
75 347 2
77 347 1
79 347 1
80 347 3
83 347 3
93 347 1
95 347 3
98 347 2
100 347 3
102 347 3
103 347 2
104 347 1
106 347 1
107 347 3
108 347 2
109 347 3
110 347 2
111 347 2
113 347 3
114 347 3
115 347 2
116 347 2
119 347 1
121 347 2
126 347 3
127 347 2
128 347 2
129 347 3
130 347 1
132 347 1
134 347 2
135 347 1
137 347 3
138 347 2
140 347 3
141 347 1
142 347 3
144 347 2
145 347 3
148 347 1
149 347 3
150 347 1
152 347 1
156 347 3
157 347 2
162 347 3
164 347 1
168 347 3
170 347 2
171 347 2
172 347 3
178 347 1
180 347 3
182 347 3
184 347 1
186 347 2
187 347 3
188 347 2
189 347 3
190 347 2
193 347 1
194 347 3
198 347 1
205 347 3
210 347 3
215 347 3
224 347 3
227 347 1
230 347 2
233 347 2
234 347 2
240 347 3
241 347 3
243 347 3
249 347 1
251 347 1
252 347 1
256 347 1
257 347 2
258 347 1
259 347 1
266 347 3
270 347 1
277 347 3
278 347 3
279 347 3
288 347 2
292 347 3
293 347 1
296 347 1
300 347 1
303 347 3
304 347 2
306 347 2
309 347 2
311 347 1
313 347 3
315 347 1
316 347 2
323 347 3
326 347 1
329 347 2
333 347 3
336 347 2
340 347 3
342 347 3
343 347 2
353 347 3
354 347 1
356 347 3
359 347 1
364 347 2
367 347 1
368 347 3
370 347 3
371 347 3
376 347 1
382 347 1
383 347 1
384 347 2
388 347 1
389 347 3
390 347 2
391 347 3
392 347 1
396 347 1
398 347 3
401 347 2
402 347 2
405 347 1
413 347 3
419 347 3
426 347 1
427 347 3
428 347 1
429 347 2
434 347 2
435 347 1
436 347 1
443 347 3
444 347 2
445 347 2
449 347 1
451 347 1
455 347 3
456 347 2
460 347 1
468 347 1
475 347 2
476 347 3
479 347 2
487 347 3
488 347 1
490 347 1
491 347 3
492 347 3
495 347 3
497 347 1
498 347 3
505 347 1
508 347 1
509 347 2
510 347 3
513 347 1
514 347 3
516 347 3
522 347 3
525 347 3
528 347 1
529 347 3
530 347 1
535 347 2
537 347 2
540 347 2
541 347 2
542 347 2
543 347 1
544 347 1
547 347 1
552 347 1
553 347 2
556 347 1
557 347 1
558 347 1
561 347 1
565 347 1
566 347 2
567 347 3
568 347 2
570 347 1
571 347 2
575 347 3
576 347 1
578 347 1
584 347 1
585 347 2
589 347 3
590 347 2
593 347 1
594 347 2
595 347 1
597 347 1
599 347 1
600 347 1
604 347 2
605 347 3
607 347 3
614 347 2
625 347 3
629 347 1
634 347 2
635 347 3
642 347 2
645 347 2
649 347 3
653 347 1
655 347 1
656 347 2
659 347 2
663 347 1
666 347 2
669 347 2
673 347 3
680 347 2
681 347 2
682 347 3
683 347 1
689 347 2
691 347 2
694 347 3
696 347 3
701 347 2
703 347 3
705 347 1
709 347 1
710 347 1
711 347 3
713 347 3
714 347 1
718 347 2
722 347 2
727 347 3
729 347 2
732 347 1
735 347 3
741 347 3
744 347 2
745 347 1
748 347 3
751 347 2
754 347 3
756 347 3
759 347 3
760 347 3
770 347 1
772 347 2
775 347 1
776 347 3
780 347 2
783 347 3
785 347 3
792 347 2
794 347 1
796 347 1
798 347 2
808 347 1
813 347 2
815 347 1
816 347 3
823 347 2
829 347 2
830 347 1
831 347 3
832 347 2
834 347 3
837 347 2
838 347 3
846 347 2
847 347 1
848 347 2
850 347 3
851 347 2
861 347 2
862 347 1
865 347 1
866 347 3
867 347 3
868 347 3
869 347 1
871 347 3
879 347 2
882 347 3
885 347 3
886 347 1
888 347 3
890 347 2
895 347 3
896 347 2
902 347 1
903 347 2
909 347 3
911 347 1
912 347 2
917 347 1
924 347 1
927 347 3
928 347 3
929 347 3
933 347 1
935 347 2
936 347 2
943 347 1
951 347 3
954 347 1
955 347 2
960 347 3
964 347 1
967 347 1
968 347 3
969 347 1
971 347 3
975 347 2
976 347 2
977 347 3
979 347 2
981 347 2
983 347 1
990 347 1
992 347 2
997 347 2
998 347 3
999 347 3
4 348 1
5 348 2
7 348 2
15 348 2
16 348 1
20 348 2
27 348 3
29 348 3
31 348 1
32 348 1
33 348 2
38 348 3
39 348 3
40 348 2
41 348 3
42 348 2
46 348 3
49 348 1
54 348 3
56 348 2
60 348 2
61 348 1
64 348 1
67 348 1
77 348 3
79 348 2
82 348 2
84 348 2
86 348 3
92 348 3
94 348 1
97 348 1
98 348 3
102 348 1
105 348 3
110 348 3
111 348 3
117 348 2
122 348 2
124 348 1
125 348 3
131 348 1
132 348 3
133 348 1
134 348 3
140 348 2
143 348 1
151 348 1
154 348 1
158 348 2
163 348 1
164 348 1
169 348 1
174 348 2
175 348 1
178 348 2
181 348 3
193 348 1
198 348 3
200 348 3
204 348 3
205 348 3
214 348 2
219 348 1
229 348 2
230 348 3
242 348 1
243 348 1
245 348 2
247 348 2
249 348 1
250 348 2
253 348 3
257 348 2
258 348 1
262 348 3
278 348 2
279 348 3
282 348 3
288 348 3
296 348 1
300 348 3
301 348 2
305 348 2
306 348 1
308 348 2
310 348 2
313 348 2
318 348 1
320 348 3
323 348 1
327 348 3
332 348 1
335 348 1
344 348 3
345 348 1
346 348 1
347 348 2
350 348 1
351 348 2
354 348 2
363 348 3
367 348 3
372 348 1
373 348 2
374 348 1
377 348 2
380 348 2
381 348 2
387 348 2
391 348 3
392 348 1
397 348 3
401 348 2
403 348 1
411 348 3
415 348 2
418 348 1
419 348 1
422 348 1
424 348 3
432 348 2
437 348 2
438 348 3
439 348 3
440 348 2
442 348 2
447 348 2
452 348 1
455 348 1
464 348 3
466 348 3
469 348 1
471 348 1
474 348 3
476 348 1
478 348 3
479 348 2
481 348 3
482 348 2
483 348 1
485 348 2
496 348 1
498 348 3
501 348 3
505 348 3
508 348 3
509 348 1
513 348 2
514 348 2
515 348 1
519 348 3
521 348 3
523 348 2
524 348 2
528 348 1
529 348 3
530 348 1
532 348 1
533 348 1
534 348 3
538 348 3
539 348 1
540 348 2
542 348 1
547 348 3
550 348 1
551 348 2
564 348 1
566 348 1
568 348 3
576 348 3
580 348 3
587 348 2
588 348 2
589 348 3
593 348 1
595 348 2
604 348 1
609 348 3
610 348 1
612 348 3
615 348 1
617 348 1
618 348 3
621 348 3
623 348 3
628 348 3
632 348 3
644 348 2
645 348 1
646 348 1
647 348 2
650 348 2
652 348 3
655 348 2
669 348 2
671 348 3
676 348 3
677 348 2
680 348 3
683 348 2
690 348 3
693 348 2
695 348 3
696 348 3
698 348 2
702 348 2
703 348 1
704 348 1
707 348 2
709 348 2
713 348 1
714 348 2
715 348 2
717 348 1
718 348 2
720 348 2
722 348 3
724 348 3
726 348 2
728 348 3
729 348 3
731 348 2
732 348 2
738 348 2
740 348 1
742 348 3
748 348 3
752 348 3
754 348 1
755 348 3
756 348 3
759 348 3
760 348 2
761 348 3
765 348 2
766 348 3
767 348 2
769 348 2
772 348 1
773 348 1
774 348 2
775 348 3
776 348 3
780 348 2
782 348 1
783 348 2
785 348 3
787 348 1
788 348 1
790 348 3
791 348 1
792 348 1
797 348 2
802 348 1
803 348 3
805 348 2
807 348 2
810 348 1
