278 738 1
282 738 3
283 738 1
286 738 3
290 738 1
292 738 1
293 738 1
296 738 3
300 738 2
301 738 2
306 738 3
308 738 2
310 738 3
313 738 3
320 738 3
327 738 1
329 738 3
330 738 1
334 738 2
340 738 2
343 738 2
345 738 2
350 738 2
351 738 2
355 738 1
358 738 1
363 738 3
364 738 3
366 738 2
368 738 1
369 738 1
371 738 3
372 738 3
375 738 1
376 738 1
377 738 3
379 738 3
386 738 1
390 738 3
392 738 1
393 738 3
394 738 2
399 738 3
402 738 1
404 738 3
408 738 1
410 738 3
411 738 3
412 738 1
413 738 1
416 738 2
417 738 3
422 738 3
426 738 1
428 738 2
430 738 3
433 738 1
434 738 2
435 738 1
436 738 3
438 738 2
439 738 2
445 738 3
446 738 1
447 738 3
448 738 3
450 738 2
452 738 1
459 738 3
465 738 3
467 738 3
472 738 1
473 738 2
475 738 3
476 738 1
478 738 2
479 738 2
482 738 2
483 738 1
496 738 1
497 738 1
498 738 1
500 738 1
501 738 2
504 738 2
505 738 2
507 738 2
511 738 2
517 738 3
518 738 2
523 738 1
526 738 1
528 738 2
530 738 2
533 738 2
537 738 1
538 738 2
541 738 3
544 738 3
549 738 1
551 738 2
552 738 1
554 738 1
557 738 2
559 738 1
562 738 2
563 738 2
570 738 3
573 738 1
574 738 2
576 738 1
579 738 3
582 738 2
585 738 2
586 738 1
587 738 2
589 738 1
592 738 1
593 738 2
594 738 1
595 738 3
599 738 1
603 738 3
606 738 2
613 738 1
615 738 2
618 738 2
619 738 2
620 738 1
621 738 1
623 738 1
624 738 2
637 738 3
640 738 3
641 738 2
646 738 3
647 738 3
650 738 3
651 738 3
655 738 3
657 738 3
658 738 2
659 738 1
662 738 2
663 738 2
665 738 3
670 738 2
678 738 2
679 738 3
681 738 2
683 738 3
684 738 2
685 738 2
687 738 1
689 738 2
690 738 2
695 738 1
696 738 2
697 738 1
703 738 3
704 738 3
707 738 2
708 738 3
711 738 3
716 738 3
718 738 2
720 738 3
729 738 1
735 738 3
738 738 3
741 738 3
745 738 3
754 738 2
757 738 2
760 738 3
762 738 3
763 738 3
764 738 2
766 738 2
774 738 3
775 738 1
780 738 3
784 738 3
785 738 2
787 738 2
788 738 2
789 738 3
793 738 3
794 738 2
796 738 2
797 738 3
800 738 1
802 738 3
811 738 1
812 738 3
815 738 3
819 738 1
821 738 3
822 738 2
823 738 1
831 738 2
832 738 3
834 738 2
838 738 3
840 738 1
845 738 2
848 738 3
852 738 2
855 738 2
857 738 1
858 738 1
865 738 2
869 738 3
871 738 1
877 738 2
878 738 2
880 738 3
882 738 2
885 738 1
886 738 2
887 738 2
891 738 1
895 738 2
902 738 2
916 738 3
917 738 2
921 738 3
923 738 3
926 738 1
929 738 1
932 738 2
938 738 2
947 738 3
948 738 3
949 738 3
951 738 2
953 738 2
958 738 3
963 738 2
966 738 3
968 738 3
969 738 2
971 738 3
972 738 3
974 738 3
978 738 1
979 738 3
986 738 3
987 738 3
988 738 2
992 738 1
997 738 2
998 738 1
4 739 2
9 739 2
12 739 1
14 739 1
18 739 2
21 739 1
22 739 2
24 739 3
27 739 3
28 739 2
35 739 2
39 739 3
41 739 2
44 739 2
45 739 1
47 739 1
48 739 1
49 739 3
57 739 2
59 739 1
63 739 1
64 739 3
72 739 3
81 739 3
84 739 3
87 739 2
88 739 1
93 739 3
94 739 3
96 739 1
97 739 1
99 739 1
100 739 3
103 739 2
105 739 3
106 739 3
107 739 2
109 739 1
111 739 2
112 739 3
122 739 3
134 739 2
138 739 1
142 739 2
145 739 2
146 739 1
147 739 3
148 739 1
151 739 1
153 739 3
156 739 1
157 739 2
172 739 1
173 739 1
174 739 3
176 739 2
183 739 2
184 739 2
189 739 2
193 739 2
198 739 1
205 739 1
207 739 2
210 739 1
211 739 1
219 739 1
221 739 1
222 739 1
223 739 2
229 739 2
231 739 1
232 739 3
234 739 3
236 739 2
240 739 2
248 739 1
250 739 3
252 739 2
253 739 2
257 739 3
260 739 2
263 739 3
267 739 1
269 739 1
275 739 1
280 739 2
281 739 2
284 739 1
287 739 1
289 739 2
290 739 2
292 739 3
293 739 3
296 739 1
301 739 3
304 739 2
305 739 3
306 739 1
313 739 1
314 739 3
317 739 1
318 739 1
323 739 2
326 739 2
329 739 1
330 739 1
331 739 2
334 739 3
335 739 2
338 739 3
339 739 1
340 739 2
343 739 3
344 739 2
354 739 2
355 739 3
357 739 3
366 739 2
370 739 3
376 739 3
380 739 1
382 739 1
384 739 1
386 739 2
389 739 3
395 739 2
397 739 3
399 739 2
408 739 1
416 739 1
418 739 1
420 739 1
422 739 3
423 739 3
424 739 2
435 739 3
436 739 1
440 739 3
442 739 1
443 739 1
444 739 3
449 739 1
454 739 3
455 739 3
457 739 1
460 739 2
461 739 3
463 739 2
467 739 1
468 739 2
469 739 2
473 739 3
475 739 2
479 739 2
481 739 1
482 739 3
485 739 1
487 739 2
495 739 3
497 739 1
499 739 3
505 739 1
513 739 3
514 739 2
518 739 1
519 739 3
521 739 2
524 739 1
525 739 1
527 739 2
528 739 3
530 739 3
532 739 1
534 739 2
535 739 2
538 739 1
539 739 3
546 739 3
550 739 3
554 739 2
558 739 1
559 739 1
560 739 3
570 739 3
573 739 1
576 739 3
579 739 1
584 739 2
588 739 3
593 739 3
596 739 1
598 739 3
600 739 3
603 739 1
608 739 2
609 739 1
619 739 2
620 739 2
624 739 2
627 739 1
631 739 3
638 739 3
643 739 2
648 739 2
650 739 1
652 739 3
653 739 1
658 739 1
659 739 1
660 739 3
668 739 3
670 739 2
674 739 1
675 739 3
677 739 3
678 739 3
679 739 2
680 739 1
683 739 1
684 739 2
694 739 2
696 739 3
697 739 2
701 739 3
706 739 1
707 739 2
708 739 3
709 739 1
710 739 3
713 739 1
715 739 3
716 739 2
718 739 3
719 739 1
722 739 1
723 739 2
725 739 3
726 739 2
733 739 2
734 739 2
736 739 1
737 739 2
741 739 1
747 739 2
749 739 2
752 739 3
753 739 1
756 739 1
761 739 2
762 739 1
764 739 3
765 739 3
769 739 1
771 739 1
772 739 1
774 739 2
776 739 1
780 739 2
781 739 3
783 739 1
786 739 1
787 739 3
793 739 2
795 739 2
799 739 1
800 739 2
801 739 3
802 739 3
805 739 3
809 739 1
813 739 2
816 739 2
821 739 1
824 739 2
825 739 3
829 739 1
830 739 2
833 739 1
834 739 1
837 739 2
843 739 3
847 739 3
849 739 1
850 739 1
852 739 3
853 739 1
861 739 3
862 739 3
863 739 1
866 739 1
869 739 2
871 739 3
879 739 1
884 739 2
888 739 2
894 739 2
898 739 1
899 739 3
902 739 3
909 739 2
913 739 2
914 739 1
925 739 1
926 739 2
928 739 2
929 739 1
932 739 3
933 739 1
936 739 1
941 739 1
942 739 2
946 739 3
948 739 1
949 739 3
950 739 3
953 739 2
955 739 2
956 739 2
957 739 2
960 739 1
963 739 1
965 739 2
970 739 3
974 739 1
977 739 1
984 739 3
991 739 3
993 739 1
995 739 3
996 739 1
1 740 3
3 740 2
13 740 1
17 740 2
19 740 2
29 740 3
30 740 2
32 740 2
37 740 3
38 740 1
42 740 3
46 740 2
48 740 3
55 740 1
57 740 3
61 740 3
64 740 3
66 740 1
67 740 1
68 740 3
70 740 3
71 740 1
74 740 3
76 740 2
78 740 1
80 740 2
83 740 1
84 740 1
85 740 2
88 740 1
89 740 2
90 740 3
93 740 1
98 740 1
99 740 3
101 740 3
102 740 2
103 740 1
104 740 3
106 740 2
107 740 1
108 740 1
109 740 1
117 740 2
122 740 2
123 740 1
124 740 1
130 740 2
134 740 3
142 740 3
143 740 3
144 740 2
149 740 2
151 740 1
152 740 1
153 740 2
154 740 2
156 740 3
162 740 1
164 740 3
166 740 3
170 740 2
175 740 3
178 740 3
179 740 3
180 740 1
181 740 1
183 740 2
186 740 2
190 740 1
195 740 3
196 740 2
197 740 1
203 740 3
204 740 3
205 740 3
212 740 1
213 740 1
216 740 3
217 740 3
220 740 1
221 740 3
228 740 2
