240 950 2
241 950 2
242 950 1
247 950 1
249 950 2
251 950 3
255 950 2
257 950 1
258 950 2
266 950 2
267 950 1
275 950 1
279 950 1
280 950 3
281 950 2
290 950 1
292 950 3
296 950 3
298 950 1
304 950 1
306 950 2
309 950 1
310 950 1
313 950 2
315 950 3
317 950 3
318 950 1
323 950 1
325 950 3
331 950 3
333 950 1
340 950 1
344 950 1
346 950 3
356 950 3
358 950 1
360 950 1
365 950 2
369 950 2
370 950 1
373 950 2
375 950 3
376 950 1
386 950 1
388 950 1
389 950 1
390 950 3
391 950 1
397 950 2
402 950 3
406 950 3
407 950 2
409 950 3
411 950 3
412 950 1
415 950 3
422 950 2
423 950 3
424 950 3
427 950 3
431 950 1
437 950 1
440 950 1
442 950 2
443 950 2
444 950 2
445 950 3
446 950 3
449 950 1
453 950 3
457 950 1
459 950 1
469 950 3
471 950 2
476 950 1
478 950 2
479 950 3
482 950 3
483 950 2
488 950 3
491 950 3
492 950 1
493 950 1
494 950 1
496 950 1
501 950 3
503 950 1
505 950 1
508 950 1
516 950 1
519 950 1
520 950 2
521 950 2
524 950 2
529 950 1
535 950 3
539 950 1
542 950 1
544 950 1
545 950 2
547 950 3
549 950 1
551 950 2
553 950 1
556 950 1
563 950 1
565 950 1
568 950 2
569 950 3
570 950 3
574 950 2
576 950 2
581 950 3
583 950 2
587 950 1
588 950 1
592 950 1
594 950 1
595 950 1
599 950 3
602 950 3
613 950 3
614 950 3
619 950 2
620 950 2
622 950 3
625 950 3
626 950 1
629 950 1
641 950 3
644 950 3
646 950 2
650 950 3
665 950 2
672 950 3
674 950 1
675 950 3
678 950 2
682 950 2
683 950 2
684 950 2
687 950 3
689 950 1
691 950 2
692 950 2
694 950 3
697 950 1
700 950 2
708 950 2
709 950 3
711 950 3
716 950 2
719 950 1
721 950 1
723 950 2
724 950 3
727 950 1
729 950 1
731 950 3
734 950 1
735 950 1
740 950 2
743 950 3
746 950 3
747 950 2
750 950 1
752 950 2
758 950 1
760 950 3
761 950 3
768 950 3
772 950 2
773 950 3
774 950 2
775 950 3
777 950 2
787 950 1
788 950 2
790 950 3
791 950 1
794 950 1
795 950 2
797 950 3
799 950 2
803 950 2
805 950 1
817 950 3
826 950 1
830 950 3
831 950 1
833 950 3
834 950 3
838 950 2
840 950 3
843 950 1
846 950 2
847 950 1
848 950 3
858 950 1
859 950 2
861 950 2
870 950 2
871 950 1
872 950 1
873 950 1
876 950 1
877 950 3
881 950 3
886 950 3
887 950 2
888 950 1
889 950 2
890 950 1
891 950 2
902 950 2
910 950 3
917 950 1
920 950 3
922 950 1
924 950 2
926 950 2
930 950 3
933 950 1
934 950 1
936 950 1
937 950 3
938 950 2
939 950 2
940 950 3
943 950 2
944 950 1
948 950 2
949 950 1
951 950 2
955 950 1
956 950 2
957 950 1
960 950 2
962 950 2
966 950 2
967 950 3
972 950 3
975 950 3
976 950 3
977 950 3
982 950 2
983 950 2
987 950 3
989 950 2
993 950 2
995 950 1
996 950 1
997 950 1
1 951 1
3 951 3
7 951 3
8 951 1
9 951 3
13 951 2
21 951 1
22 951 3
26 951 1
28 951 1
32 951 1
33 951 2
34 951 2
36 951 2
37 951 2
40 951 2
41 951 2
44 951 1
45 951 1
47 951 1
50 951 2
53 951 2
54 951 3
57 951 2
58 951 2
60 951 2
61 951 1
74 951 2
76 951 3
81 951 3
82 951 3
85 951 3
86 951 2
88 951 2
90 951 2
93 951 3
94 951 1
100 951 3
103 951 1
111 951 2
114 951 1
117 951 1
120 951 1
125 951 3
129 951 2
130 951 3
131 951 2
139 951 2
141 951 2
147 951 2
148 951 2
150 951 1
151 951 1
155 951 1
157 951 3
160 951 1
161 951 3
165 951 1
167 951 3
168 951 2
169 951 3
176 951 3
177 951 2
179 951 2
181 951 2
183 951 1
185 951 2
188 951 2
194 951 2
195 951 1
197 951 2
199 951 3
201 951 1
202 951 2
204 951 1
210 951 3
212 951 1
216 951 3
220 951 1
222 951 3
226 951 1
227 951 3
229 951 3
230 951 3
232 951 3
234 951 1
240 951 2
247 951 2
250 951 3
253 951 1
255 951 3
256 951 1
260 951 1
262 951 3
270 951 3
274 951 1
276 951 2
283 951 3
284 951 1
290 951 1
291 951 2
295 951 2
297 951 3
299 951 3
304 951 2
314 951 2
318 951 2
323 951 1
324 951 3
327 951 3
336 951 3
337 951 1
340 951 3
343 951 3
345 951 3
348 951 3
351 951 2
353 951 2
358 951 3
359 951 2
362 951 3
363 951 2
365 951 1
369 951 2
370 951 1
376 951 1
378 951 2
379 951 2
381 951 2
385 951 3
387 951 1
388 951 1
395 951 2
398 951 1
400 951 3
403 951 2
404 951 2
407 951 2
415 951 1
417 951 3
418 951 3
420 951 3
423 951 2
426 951 3
428 951 1
429 951 2
439 951 1
442 951 2
444 951 3
448 951 3
449 951 3
452 951 2
453 951 3
455 951 1
456 951 3
462 951 1
463 951 3
465 951 2
467 951 3
469 951 2
470 951 3
480 951 3
483 951 2
488 951 1
490 951 1
493 951 3
496 951 2
499 951 3
500 951 3
502 951 2
503 951 3
510 951 3
519 951 3
520 951 2
521 951 1
523 951 1
525 951 3
527 951 2
528 951 2
530 951 2
533 951 1
538 951 1
539 951 1
544 951 1
549 951 2
551 951 2
553 951 3
557 951 1
562 951 1
563 951 3
565 951 1
568 951 2
570 951 3
572 951 2
573 951 2
575 951 3
579 951 1
581 951 2
583 951 2
586 951 2
587 951 1
588 951 1
589 951 2
590 951 3
596 951 1
597 951 2
598 951 1
601 951 3
602 951 2
604 951 3
606 951 3
608 951 1
612 951 2
613 951 3
614 951 1
619 951 3
627 951 3
628 951 1
630 951 1
640 951 1
643 951 2
653 951 3
657 951 2
662 951 1
663 951 3
668 951 2
670 951 3
671 951 2
673 951 2
677 951 2
680 951 2
681 951 3
684 951 1
689 951 1
697 951 1
698 951 2
701 951 1
705 951 3
709 951 3
714 951 1
716 951 3
719 951 2
720 951 1
725 951 1
726 951 2
727 951 3
728 951 3
732 951 3
733 951 1
737 951 2
740 951 1
744 951 1
746 951 3
748 951 3
752 951 1
753 951 3
754 951 1
756 951 3
758 951 3
759 951 1
767 951 1
771 951 1
773 951 1
775 951 2
779 951 1
780 951 1
781 951 2
785 951 3
787 951 1
794 951 3
797 951 3
801 951 2
802 951 2
803 951 3
805 951 3
812 951 2
813 951 1
814 951 2
816 951 2
822 951 1
826 951 3
828 951 1
829 951 2
830 951 3
831 951 1
835 951 2
836 951 1
837 951 3
840 951 1
842 951 3
846 951 1
852 951 1
853 951 2
859 951 2
867 951 1
877 951 2
878 951 3
882 951 2
884 951 2
885 951 1
893 951 1
897 951 2
899 951 1
900 951 2
903 951 3
904 951 1
905 951 3
911 951 1
912 951 2
920 951 3
923 951 1
925 951 2
926 951 1
927 951 2
928 951 2
929 951 1
930 951 1
932 951 1
933 951 3
937 951 2
942 951 3
945 951 3
952 951 1
961 951 1
964 951 3
965 951 3
966 951 1
969 951 2
970 951 1
971 951 3
972 951 2
975 951 2
977 951 3
984 951 3
988 951 3
995 951 2
996 951 3
997 951 2
998 951 1
0 952 2
2 952 3
7 952 1
9 952 2
11 952 3
12 952 3
16 952 2
28 952 3
29 952 2
31 952 3
32 952 3
33 952 1
35 952 3
36 952 3
37 952 1
40 952 3
41 952 2
47 952 1
50 952 3
51 952 2
57 952 1
58 952 3
59 952 1
60 952 3
61 952 2
67 952 2
68 952 2
70 952 2
72 952 3
76 952 1
78 952 2
79 952 1
81 952 1
82 952 3
91 952 2
93 952 2
94 952 2
96 952 3
98 952 3
102 952 3
107 952 1
108 952 1
112 952 2
113 952 2
114 952 2
121 952 3
122 952 2
128 952 3
131 952 3
133 952 2
138 952 2
148 952 1
152 952 3
153 952 3
155 952 3
158 952 3
159 952 2
162 952 3
163 952 1
164 952 2
171 952 3
173 952 1
181 952 2
183 952 2
191 952 2
193 952 1
198 952 2
204 952 2
211 952 3
212 952 3
214 952 2
217 952 1
224 952 2
226 952 1
