362 960 2
371 960 2
381 960 1
385 960 1
386 960 3
388 960 3
389 960 1
392 960 1
398 960 1
405 960 2
407 960 2
410 960 1
418 960 1
420 960 1
424 960 3
426 960 3
434 960 1
439 960 3
442 960 3
445 960 1
452 960 1
454 960 2
458 960 2
460 960 2
462 960 1
464 960 2
467 960 1
469 960 1
474 960 1
475 960 1
476 960 3
477 960 2
478 960 3
481 960 1
482 960 3
483 960 1
488 960 3
489 960 2
492 960 3
494 960 2
495 960 1
499 960 3
500 960 3
506 960 3
508 960 2
510 960 2
514 960 1
515 960 2
517 960 3
518 960 3
519 960 3
520 960 1
524 960 2
525 960 3
527 960 1
528 960 1
529 960 1
535 960 1
536 960 1
542 960 2
544 960 2
546 960 1
548 960 3
550 960 3
552 960 3
560 960 2
563 960 1
567 960 3
569 960 2
571 960 3
574 960 2
579 960 2
580 960 1
581 960 3
582 960 1
586 960 1
590 960 3
599 960 3
600 960 3
601 960 2
603 960 2
606 960 2
608 960 3
610 960 1
612 960 2
616 960 3
618 960 2
619 960 1
620 960 2
624 960 3
627 960 1
628 960 2
629 960 1
631 960 1
633 960 3
634 960 2
635 960 1
638 960 3
641 960 2
645 960 3
650 960 3
653 960 1
654 960 2
657 960 1
661 960 2
666 960 2
668 960 3
669 960 2
671 960 2
674 960 1
680 960 2
689 960 1
690 960 3
692 960 2
697 960 3
698 960 1
702 960 1
709 960 3
714 960 2
717 960 2
719 960 2
720 960 3
725 960 2
729 960 2
731 960 3
735 960 1
743 960 1
746 960 1
747 960 3
750 960 2
752 960 3
753 960 3
758 960 1
763 960 2
764 960 1
768 960 1
772 960 1
776 960 1
779 960 1
780 960 2
781 960 2
791 960 1
793 960 2
795 960 3
796 960 3
800 960 3
809 960 3
814 960 3
816 960 3
821 960 2
822 960 3
823 960 2
824 960 3
826 960 3
832 960 3
834 960 2
836 960 3
839 960 3
844 960 1
847 960 2
849 960 2
853 960 3
854 960 2
855 960 1
859 960 1
860 960 3
862 960 2
863 960 2
868 960 2
871 960 1
872 960 1
873 960 2
876 960 2
878 960 1
884 960 1
888 960 2
889 960 1
890 960 1
891 960 2
895 960 1
900 960 1
902 960 3
903 960 1
904 960 1
910 960 2
917 960 2
918 960 2
919 960 1
921 960 2
922 960 2
925 960 1
929 960 2
933 960 1
937 960 2
938 960 1
939 960 1
940 960 2
942 960 2
945 960 3
947 960 2
955 960 3
960 960 3
961 960 3
963 960 1
964 960 2
968 960 2
969 960 1
973 960 1
982 960 3
984 960 2
985 960 2
991 960 2
993 960 3
2 961 2
3 961 3
5 961 1
7 961 3
8 961 2
11 961 2
18 961 3
21 961 2
25 961 3
30 961 2
31 961 1
37 961 2
38 961 1
39 961 2
41 961 2
52 961 1
54 961 2
56 961 1
64 961 2
65 961 2
66 961 2
67 961 1
69 961 2
72 961 3
74 961 2
77 961 3
81 961 2
82 961 3
86 961 2
87 961 1
89 961 3
93 961 3
97 961 3
106 961 1
108 961 3
112 961 1
114 961 2
125 961 3
126 961 1
128 961 2
130 961 1
131 961 3
135 961 1
138 961 3
139 961 2
141 961 1
143 961 2
147 961 1
161 961 3
164 961 1
165 961 2
167 961 3
168 961 2
169 961 2
171 961 1
172 961 2
173 961 2
181 961 1
187 961 3
188 961 2
190 961 3
192 961 1
194 961 2
195 961 3
197 961 3
199 961 1
205 961 1
206 961 2
209 961 1
210 961 2
213 961 1
215 961 1
221 961 1
223 961 2
224 961 3
228 961 1
230 961 3
232 961 2
236 961 2
238 961 3
239 961 1
243 961 2
244 961 3
251 961 2
256 961 1
261 961 3
263 961 1
264 961 1
268 961 2
269 961 2
273 961 2
278 961 2
280 961 2
286 961 2
289 961 3
293 961 2
295 961 3
297 961 3
300 961 2
303 961 1
305 961 2
306 961 3
309 961 1
313 961 2
314 961 3
315 961 3
316 961 2
318 961 3
319 961 1
322 961 3
327 961 1
329 961 2
330 961 2
332 961 3
335 961 3
342 961 3
345 961 1
349 961 1
352 961 3
360 961 3
363 961 1
364 961 2
366 961 1
367 961 3
368 961 1
370 961 2
371 961 1
373 961 1
374 961 2
376 961 2
378 961 2
379 961 3
380 961 1
385 961 3
386 961 2
394 961 1
399 961 1
403 961 1
407 961 3
409 961 2
410 961 2
417 961 3
419 961 2
422 961 1
429 961 2
430 961 1
431 961 3
432 961 3
434 961 2
435 961 2
436 961 1
438 961 1
442 961 1
455 961 2
457 961 1
462 961 2
472 961 1
473 961 2
475 961 3
476 961 2
478 961 2
483 961 3
486 961 2
492 961 1
493 961 1
494 961 1
495 961 2
496 961 1
498 961 1
499 961 2
502 961 2
505 961 1
506 961 2
508 961 2
514 961 3
515 961 3
516 961 3
517 961 1
518 961 2
521 961 1
523 961 3
524 961 3
526 961 2
530 961 1
531 961 1
533 961 1
538 961 2
541 961 3
548 961 3
551 961 3
552 961 3
553 961 1
556 961 1
560 961 3
566 961 2
567 961 3
570 961 3
571 961 1
572 961 1
578 961 3
579 961 2
585 961 3
586 961 1
592 961 1
593 961 3
599 961 1
600 961 2
601 961 2
602 961 2
605 961 1
607 961 3
608 961 1
609 961 1
614 961 3
615 961 2
616 961 2
618 961 3
619 961 2
621 961 3
625 961 2
628 961 2
629 961 1
634 961 3
636 961 3
638 961 3
641 961 2
643 961 1
645 961 2
649 961 1
650 961 2
651 961 1
654 961 1
658 961 2
664 961 1
669 961 2
670 961 3
674 961 1
675 961 2
679 961 2
683 961 3
684 961 2
687 961 1
688 961 3
693 961 2
696 961 3
697 961 3
698 961 2
703 961 3
705 961 2
710 961 1
712 961 2
715 961 1
718 961 3
719 961 1
721 961 3
722 961 1
725 961 2
740 961 1
750 961 1
753 961 3
756 961 2
760 961 1
761 961 2
763 961 3
765 961 2
767 961 1
770 961 1
778 961 2
781 961 3
782 961 3
785 961 2
789 961 2
790 961 1
792 961 2
796 961 3
799 961 2
805 961 2
809 961 1
814 961 2
815 961 1
818 961 3
820 961 3
822 961 3
823 961 3
824 961 1
826 961 2
827 961 1
832 961 3
834 961 3
838 961 1
839 961 2
844 961 2
851 961 1
853 961 1
859 961 1
863 961 2
864 961 1
865 961 3
867 961 2
868 961 3
870 961 2
871 961 2
873 961 1
876 961 3
877 961 3
888 961 1
892 961 3
896 961 2
901 961 1
904 961 3
905 961 3
912 961 3
913 961 1
917 961 3
920 961 1
921 961 2
925 961 1
926 961 3
928 961 2
931 961 2
935 961 1
936 961 1
937 961 3
943 961 1
953 961 3
956 961 1
957 961 1
962 961 2
963 961 3
966 961 1
969 961 3
970 961 2
973 961 1
978 961 1
981 961 1
989 961 1
991 961 3
994 961 3
995 961 2
996 961 2
999 961 1
4 962 1
5 962 2
6 962 1
9 962 2
11 962 3
12 962 2
13 962 1
14 962 3
17 962 2
21 962 3
22 962 1
23 962 2
28 962 3
30 962 2
31 962 2
33 962 2
47 962 3
48 962 1
57 962 1
61 962 3
62 962 2
64 962 1
69 962 3
70 962 1
73 962 3
76 962 3
78 962 1
81 962 1
82 962 1
83 962 1
85 962 2
87 962 3
90 962 3
98 962 2
101 962 3
103 962 1
104 962 3
110 962 3
120 962 3
129 962 3
130 962 1
132 962 3
133 962 2
134 962 2
140 962 1
143 962 3
144 962 3
145 962 1
149 962 3
151 962 1
156 962 2
160 962 3
163 962 3
166 962 3
173 962 3
175 962 3
179 962 3
183 962 3
185 962 1
189 962 1
194 962 3
199 962 3
200 962 1
201 962 1
202 962 3
204 962 3
206 962 2
209 962 3
210 962 1
212 962 1
214 962 2
216 962 1
223 962 3
226 962 2
227 962 1
231 962 3
234 962 2
236 962 3
237 962 1
240 962 3
241 962 2
244 962 1
245 962 3
246 962 1
247 962 3
253 962 3
260 962 2
264 962 3
274 962 1
275 962 2
276 962 2
281 962 3
284 962 2
285 962 1
287 962 2
288 962 1
289 962 3
291 962 2
292 962 2
300 962 3
308 962 2
309 962 1
310 962 2
311 962 2
312 962 2
313 962 2
314 962 1
321 962 3
322 962 1
325 962 2
326 962 3
327 962 2
