496 766 2
498 766 3
499 766 3
500 766 1
502 766 2
504 766 3
506 766 2
511 766 2
514 766 3
515 766 2
516 766 1
525 766 1
526 766 3
531 766 1
535 766 2
536 766 3
538 766 2
540 766 2
541 766 3
543 766 1
546 766 3
549 766 1
550 766 3
553 766 3
556 766 3
558 766 2
560 766 1
564 766 2
565 766 2
570 766 3
577 766 1
579 766 1
585 766 2
592 766 1
593 766 1
594 766 2
596 766 2
599 766 1
601 766 3
604 766 3
605 766 1
607 766 3
611 766 3
612 766 1
613 766 1
625 766 1
630 766 1
633 766 1
637 766 3
641 766 2
645 766 3
647 766 3
648 766 2
656 766 1
657 766 3
659 766 2
660 766 1
662 766 2
663 766 2
664 766 3
665 766 2
668 766 1
671 766 2
674 766 2
676 766 2
680 766 1
681 766 3
683 766 1
684 766 1
685 766 1
691 766 2
692 766 3
693 766 1
697 766 1
700 766 1
705 766 3
706 766 3
707 766 3
712 766 2
714 766 3
717 766 3
721 766 2
722 766 2
723 766 3
724 766 1
726 766 1
732 766 1
733 766 2
737 766 1
741 766 3
747 766 1
749 766 1
750 766 3
751 766 1
759 766 1
765 766 2
767 766 1
768 766 2
770 766 3
771 766 1
776 766 2
778 766 1
779 766 1
785 766 1
787 766 1
788 766 1
790 766 2
792 766 3
797 766 1
800 766 3
804 766 1
805 766 1
806 766 2
818 766 1
819 766 3
821 766 1
822 766 1
823 766 1
829 766 3
831 766 1
832 766 3
833 766 3
838 766 1
844 766 2
845 766 2
846 766 3
848 766 3
851 766 1
852 766 2
855 766 2
861 766 2
862 766 2
870 766 2
872 766 3
873 766 1
880 766 3
881 766 1
886 766 2
888 766 1
893 766 3
896 766 1
897 766 3
901 766 3
903 766 3
904 766 1
906 766 1
910 766 2
913 766 1
914 766 2
915 766 1
920 766 3
926 766 1
931 766 2
932 766 3
933 766 3
937 766 3
950 766 2
951 766 2
954 766 2
955 766 3
958 766 1
960 766 1
961 766 2
964 766 2
965 766 3
973 766 1
975 766 1
978 766 3
980 766 1
983 766 1
985 766 1
987 766 2
993 766 2
996 766 3
0 767 3
1 767 1
6 767 2
9 767 3
10 767 1
11 767 1
12 767 1
14 767 2
15 767 2
16 767 1
17 767 1
19 767 1
21 767 3
24 767 3
28 767 2
33 767 1
34 767 2
48 767 3
50 767 2
55 767 3
59 767 3
61 767 2
62 767 3
65 767 2
66 767 2
68 767 2
76 767 1
77 767 3
78 767 2
82 767 2
84 767 3
87 767 2
93 767 2
94 767 2
96 767 2
100 767 1
103 767 2
104 767 2
107 767 3
112 767 2
114 767 2
116 767 1
117 767 2
118 767 2
121 767 3
122 767 2
123 767 2
124 767 1
125 767 3
128 767 2
129 767 2
134 767 1
136 767 1
138 767 1
140 767 3
141 767 1
142 767 1
150 767 1
153 767 2
155 767 2
157 767 3
158 767 3
165 767 2
167 767 1
168 767 3
172 767 3
175 767 2
180 767 3
184 767 1
189 767 3
193 767 2
200 767 2
202 767 3
203 767 1
205 767 2
211 767 2
218 767 3
219 767 2
226 767 3
230 767 3
234 767 3
241 767 2
245 767 1
246 767 3
249 767 3
250 767 2
253 767 2
254 767 1
259 767 1
261 767 2
265 767 3
268 767 1
269 767 3
273 767 2
274 767 3
283 767 3
285 767 2
289 767 1
293 767 2
294 767 3
297 767 3
298 767 2
304 767 1
307 767 1
308 767 3
311 767 3
318 767 2
319 767 1
320 767 1
322 767 3
328 767 3
329 767 1
335 767 2
337 767 1
340 767 2
342 767 1
343 767 1
348 767 3
350 767 2
353 767 3
356 767 2
357 767 1
360 767 1
365 767 2
367 767 1
369 767 2
373 767 1
379 767 2
381 767 3
382 767 3
385 767 1
387 767 3
389 767 2
395 767 1
399 767 1
400 767 2
401 767 3
402 767 2
404 767 1
405 767 2
407 767 1
410 767 1
416 767 2
418 767 3
423 767 3
427 767 1
428 767 2
430 767 2
431 767 2
432 767 2
435 767 3
436 767 2
441 767 1
443 767 3
446 767 3
448 767 3
454 767 2
462 767 2
463 767 2
464 767 3
466 767 2
468 767 2
470 767 2
472 767 2
475 767 1
480 767 3
481 767 3
484 767 1
487 767 2
490 767 1
494 767 2
500 767 2
504 767 3
505 767 2
512 767 3
518 767 2
520 767 1
523 767 3
527 767 2
529 767 2
530 767 2
531 767 3
539 767 3
543 767 2
544 767 2
550 767 3
551 767 3
553 767 1
554 767 2
560 767 1
568 767 2
569 767 1
571 767 1
575 767 1
581 767 2
582 767 3
583 767 1
585 767 2
590 767 3
593 767 2
594 767 2
595 767 1
597 767 3
600 767 1
602 767 2
604 767 2
606 767 2
607 767 2
613 767 2
617 767 3
619 767 3
620 767 2
623 767 3
627 767 3
628 767 1
634 767 1
636 767 1
637 767 2
646 767 1
648 767 2
651 767 1
653 767 2
654 767 2
656 767 3
657 767 3
664 767 3
667 767 1
673 767 1
680 767 3
692 767 1
694 767 2
695 767 1
696 767 1
701 767 2
704 767 3
708 767 1
709 767 1
711 767 1
713 767 3
716 767 1
718 767 3
721 767 3
722 767 1
724 767 3
728 767 1
733 767 1
736 767 1
737 767 2
742 767 3
743 767 2
744 767 3
746 767 3
747 767 3
752 767 3
754 767 2
755 767 1
758 767 1
760 767 3
761 767 2
763 767 3
766 767 3
767 767 1
772 767 3
774 767 2
779 767 2
780 767 2
782 767 1
789 767 1
791 767 1
792 767 1
793 767 2
794 767 3
800 767 3
809 767 2
811 767 1
812 767 2
815 767 2
822 767 1
824 767 2
826 767 1
831 767 2
832 767 1
833 767 2
835 767 3
836 767 3
839 767 2
840 767 3
842 767 3
845 767 2
850 767 3
854 767 2
856 767 1
862 767 1
863 767 1
864 767 1
865 767 2
873 767 3
874 767 1
877 767 2
883 767 2
884 767 2
886 767 2
889 767 2
897 767 3
902 767 2
904 767 3
910 767 3
920 767 1
921 767 2
923 767 1
924 767 2
929 767 2
930 767 2
931 767 1
934 767 2
936 767 3
941 767 1
944 767 1
945 767 2
946 767 1
947 767 3
950 767 1
952 767 3
953 767 1
954 767 2
955 767 3
956 767 3
957 767 2
964 767 3
972 767 1
977 767 1
980 767 1
981 767 2
982 767 3
987 767 2
988 767 2
994 767 1
998 767 2
999 767 3
3 768 3
10 768 2
12 768 1
14 768 1
15 768 2
23 768 2
25 768 3
26 768 1
27 768 2
28 768 3
29 768 1
30 768 1
31 768 3
38 768 2
39 768 1
46 768 1
49 768 3
51 768 3
55 768 2
59 768 2
60 768 2
61 768 3
64 768 2
68 768 2
69 768 2
70 768 3
77 768 2
79 768 2
81 768 1
82 768 1
84 768 1
87 768 2
88 768 1
91 768 3
93 768 1
94 768 1
97 768 2
100 768 2
103 768 2
104 768 2
106 768 3
108 768 2
110 768 2
111 768 3
112 768 2
118 768 1
123 768 2
124 768 3
128 768 2
129 768 2
131 768 2
135 768 3
137 768 3
140 768 2
141 768 3
142 768 3
143 768 2
148 768 1
152 768 2
153 768 3
155 768 1
161 768 2
163 768 1
168 768 2
169 768 1
171 768 3
176 768 1
178 768 1
182 768 1
186 768 1
188 768 3
189 768 2
191 768 2
193 768 1
195 768 3
196 768 3
200 768 2
204 768 3
207 768 3
209 768 3
211 768 2
214 768 1
218 768 3
221 768 2
222 768 3
223 768 1
224 768 1
225 768 2
227 768 3
228 768 3
230 768 3
231 768 1
232 768 2
235 768 1
238 768 2
239 768 1
241 768 2
242 768 3
243 768 3
247 768 1
250 768 2
252 768 1
254 768 1
256 768 1
259 768 3
260 768 3
261 768 3
262 768 3
266 768 2
268 768 1
269 768 1
270 768 3
271 768 3
272 768 1
274 768 3
275 768 1
277 768 1
279 768 1
280 768 3
283 768 3
292 768 2
295 768 3
298 768 2
303 768 1
308 768 1
312 768 2
334 768 2
346 768 1
348 768 3
351 768 2
352 768 2
356 768 3
358 768 2
363 768 2
365 768 3
366 768 2
372 768 3
375 768 3
377 768 2
378 768 2
383 768 3
385 768 1
390 768 1
391 768 1
396 768 2
397 768 2
398 768 3
399 768 3
400 768 3
403 768 2
409 768 1
411 768 1
415 768 1
