169 714 1
177 714 3
178 714 1
181 714 3
182 714 3
194 714 2
195 714 3
196 714 1
203 714 2
209 714 3
211 714 1
212 714 2
213 714 3
218 714 1
229 714 1
230 714 2
233 714 3
239 714 2
240 714 3
241 714 2
242 714 3
244 714 1
246 714 3
257 714 1
259 714 1
260 714 3
265 714 1
269 714 2
270 714 2
277 714 2
279 714 1
280 714 3
288 714 2
291 714 2
293 714 1
294 714 3
297 714 3
304 714 3
305 714 1
308 714 1
309 714 2
310 714 3
319 714 2
320 714 2
321 714 2
323 714 3
324 714 3
325 714 3
331 714 3
332 714 1
334 714 1
336 714 3
338 714 2
340 714 3
342 714 3
343 714 2
344 714 3
350 714 2
351 714 2
353 714 1
355 714 2
357 714 1
358 714 3
363 714 1
365 714 3
366 714 3
368 714 1
370 714 2
372 714 2
373 714 1
376 714 2
377 714 3
380 714 1
381 714 2
384 714 2
385 714 3
393 714 3
397 714 3
401 714 3
402 714 1
407 714 3
410 714 2
417 714 1
424 714 3
426 714 1
429 714 2
434 714 3
438 714 1
440 714 1
451 714 3
457 714 1
460 714 1
465 714 3
467 714 2
470 714 1
472 714 2
476 714 3
478 714 1
483 714 2
489 714 3
493 714 1
495 714 3
499 714 3
500 714 3
501 714 1
503 714 2
508 714 2
510 714 1
516 714 2
518 714 1
522 714 1
524 714 1
525 714 2
529 714 2
531 714 3
533 714 1
539 714 1
541 714 1
546 714 1
548 714 2
554 714 2
555 714 3
562 714 2
563 714 2
564 714 3
565 714 3
573 714 3
575 714 1
576 714 3
578 714 1
584 714 1
591 714 3
593 714 1
598 714 1
599 714 2
605 714 3
606 714 1
611 714 1
613 714 2
623 714 2
624 714 1
625 714 1
627 714 2
634 714 2
641 714 3
644 714 2
645 714 1
652 714 3
653 714 1
656 714 1
662 714 2
667 714 1
668 714 2
682 714 3
684 714 2
685 714 3
687 714 3
689 714 2
694 714 3
697 714 2
699 714 1
700 714 3
703 714 1
705 714 3
706 714 3
707 714 2
711 714 3
716 714 2
718 714 2
719 714 2
725 714 1
730 714 1
732 714 1
734 714 1
735 714 2
743 714 1
747 714 3
749 714 3
755 714 1
756 714 2
759 714 3
761 714 2
766 714 1
767 714 3
769 714 1
770 714 3
773 714 2
774 714 2
775 714 1
776 714 1
780 714 2
784 714 2
785 714 3
788 714 1
791 714 2
795 714 3
804 714 1
806 714 2
808 714 3
810 714 2
811 714 3
813 714 3
815 714 1
819 714 3
823 714 1
826 714 2
830 714 2
833 714 2
835 714 3
836 714 1
837 714 3
839 714 2
840 714 1
842 714 1
843 714 3
844 714 3
847 714 2
848 714 2
852 714 1
854 714 1
856 714 1
861 714 1
864 714 3
871 714 1
872 714 1
873 714 2
881 714 2
882 714 2
883 714 2
887 714 1
888 714 3
890 714 2
892 714 2
893 714 2
895 714 2
898 714 1
911 714 1
912 714 1
915 714 1
922 714 3
923 714 3
925 714 1
926 714 3
927 714 2
931 714 2
933 714 2
940 714 2
944 714 1
946 714 3
949 714 3
953 714 1
954 714 3
957 714 1
958 714 2
961 714 3
964 714 3
968 714 1
972 714 3
975 714 3
976 714 3
984 714 2
985 714 3
987 714 2
992 714 3
993 714 1
995 714 2
996 714 2
1 715 1
7 715 3
12 715 2
15 715 1
20 715 2
25 715 1
27 715 3
28 715 3
31 715 1
32 715 2
42 715 3
45 715 1
46 715 3
47 715 3
48 715 2
53 715 2
54 715 2
57 715 3
61 715 1
68 715 2
71 715 2
73 715 1
76 715 1
78 715 3
82 715 2
88 715 2
89 715 1
95 715 3
96 715 3
98 715 3
103 715 2
107 715 2
108 715 1
109 715 1
110 715 1
111 715 1
112 715 3
113 715 2
116 715 3
119 715 1
121 715 1
124 715 1
125 715 2
128 715 3
129 715 3
131 715 3
132 715 2
142 715 2
143 715 1
146 715 3
154 715 3
156 715 2
157 715 1
161 715 1
163 715 2
164 715 3
165 715 2
174 715 2
175 715 2
176 715 2
180 715 2
181 715 3
182 715 3
188 715 3
190 715 3
194 715 1
197 715 3
198 715 2
199 715 2
201 715 2
202 715 3
203 715 3
208 715 2
209 715 2
212 715 2
218 715 3
222 715 1
223 715 2
228 715 1
229 715 3
230 715 1
232 715 1
235 715 2
237 715 3
242 715 3
245 715 2
247 715 1
248 715 3
249 715 2
252 715 3
255 715 3
265 715 1
269 715 1
271 715 2
273 715 3
274 715 2
278 715 3
279 715 3
280 715 3
281 715 1
285 715 3
287 715 3
289 715 2
290 715 3
297 715 2
299 715 3
304 715 2
305 715 3
307 715 2
316 715 3
319 715 3
320 715 3
321 715 3
323 715 1
325 715 3
327 715 3
328 715 2
331 715 1
335 715 1
348 715 3
354 715 1
356 715 3
358 715 2
360 715 2
361 715 3
363 715 1
378 715 1
379 715 3
381 715 1
384 715 2
390 715 1
391 715 2
395 715 2
405 715 2
406 715 3
410 715 2
411 715 3
412 715 2
413 715 1
414 715 3
419 715 2
422 715 1
424 715 2
426 715 2
427 715 3
434 715 2
443 715 1
445 715 1
451 715 3
453 715 2
454 715 1
455 715 3
457 715 1
462 715 2
464 715 2
467 715 3
469 715 3
471 715 2
474 715 1
476 715 3
477 715 2
481 715 3
484 715 2
487 715 2
488 715 3
492 715 2
494 715 2
502 715 3
503 715 2
506 715 3
509 715 3
511 715 1
515 715 1
516 715 3
517 715 1
519 715 2
521 715 2
523 715 3
525 715 3
532 715 2
536 715 3
538 715 1
539 715 2
541 715 1
542 715 2
547 715 1
553 715 3
554 715 3
555 715 3
558 715 2
562 715 1
563 715 3
568 715 2
576 715 1
581 715 3
582 715 2
584 715 2
587 715 2
589 715 1
594 715 1
596 715 2
599 715 1
601 715 2
603 715 2
612 715 2
613 715 3
616 715 1
618 715 3
626 715 2
627 715 2
633 715 1
634 715 1
635 715 1
637 715 3
640 715 3
642 715 3
646 715 3
647 715 2
650 715 1
651 715 2
655 715 2
657 715 1
660 715 3
661 715 1
662 715 2
667 715 1
671 715 1
673 715 1
676 715 2
677 715 1
678 715 2
679 715 3
682 715 3
684 715 3
700 715 3
704 715 1
712 715 1
713 715 1
715 715 3
716 715 2
717 715 2
718 715 3
719 715 3
720 715 3
727 715 3
728 715 3
729 715 1
732 715 1
741 715 2
745 715 3
746 715 2
754 715 3
755 715 1
756 715 2
757 715 2
761 715 2
763 715 1
764 715 2
769 715 2
770 715 3
778 715 3
779 715 3
781 715 3
782 715 2
784 715 3
786 715 2
799 715 2
801 715 3
807 715 2
808 715 1
809 715 1
810 715 1
812 715 3
814 715 3
815 715 2
820 715 2
821 715 2
824 715 2
827 715 2
829 715 3
834 715 3
835 715 2
836 715 1
838 715 1
841 715 1
843 715 3
846 715 2
847 715 3
851 715 1
852 715 3
855 715 3
856 715 3
857 715 1
862 715 3
868 715 3
869 715 3
870 715 1
877 715 2
878 715 1
879 715 3
880 715 1
881 715 3
882 715 1
886 715 2
889 715 2
891 715 2
892 715 1
893 715 1
894 715 3
895 715 2
898 715 2
899 715 2
904 715 1
906 715 2
907 715 3
908 715 1
909 715 3
910 715 2
913 715 1
914 715 3
915 715 2
916 715 1
918 715 1
923 715 1
924 715 3
927 715 1
928 715 1
929 715 1
932 715 1
933 715 1
935 715 3
936 715 2
938 715 1
939 715 1
940 715 3
942 715 1
943 715 1
945 715 1
952 715 1
956 715 3
958 715 3
959 715 1
960 715 2
961 715 1
963 715 1
971 715 2
977 715 2
979 715 1
990 715 3
991 715 1
994 715 3
997 715 1
3 716 2
5 716 3
7 716 1
9 716 1
12 716 2
18 716 1
23 716 2
24 716 2
26 716 1
28 716 1
29 716 1
30 716 1
33 716 2
35 716 1
39 716 2
42 716 1
43 716 1
46 716 1
49 716 1
50 716 2
58 716 3
59 716 2
62 716 1
64 716 3
66 716 2
68 716 2
70 716 1
73 716 1
75 716 1
78 716 2
80 716 1
83 716 2
84 716 2
97 716 3
100 716 1
102 716 1
105 716 2
108 716 3
112 716 2
113 716 2
116 716 1
117 716 2
118 716 3
124 716 1
127 716 3
135 716 2
138 716 1
