372 700 2
376 700 1
380 700 2
381 700 1
382 700 1
383 700 2
385 700 2
386 700 2
387 700 3
389 700 2
390 700 3
391 700 2
392 700 3
393 700 3
396 700 3
398 700 3
399 700 3
400 700 2
402 700 1
403 700 1
404 700 1
405 700 3
414 700 2
415 700 1
421 700 2
425 700 3
426 700 1
428 700 2
431 700 3
432 700 3
433 700 1
436 700 2
439 700 2
442 700 3
443 700 3
446 700 1
452 700 3
461 700 1
467 700 2
472 700 2
477 700 3
480 700 2
482 700 3
484 700 1
488 700 1
490 700 1
491 700 2
493 700 1
494 700 2
498 700 1
499 700 3
501 700 1
502 700 2
504 700 3
506 700 1
509 700 1
511 700 3
514 700 1
515 700 1
518 700 2
519 700 3
522 700 1
525 700 1
528 700 1
530 700 1
531 700 1
534 700 3
539 700 1
541 700 1
542 700 1
544 700 1
545 700 2
546 700 2
548 700 1
549 700 3
550 700 1
552 700 2
553 700 1
555 700 1
558 700 3
560 700 2
563 700 2
564 700 1
566 700 2
567 700 2
568 700 3
574 700 2
576 700 3
577 700 3
582 700 3
587 700 1
590 700 1
597 700 3
598 700 1
603 700 1
609 700 1
613 700 2
614 700 1
616 700 3
621 700 3
623 700 1
625 700 2
626 700 3
627 700 3
632 700 1
636 700 3
638 700 2
639 700 1
645 700 1
649 700 2
651 700 2
653 700 1
657 700 1
658 700 1
660 700 2
662 700 3
663 700 1
666 700 1
668 700 2
669 700 1
673 700 2
677 700 2
680 700 3
681 700 1
688 700 1
689 700 2
691 700 3
693 700 3
696 700 1
702 700 3
708 700 3
710 700 3
713 700 1
715 700 3
716 700 2
717 700 1
719 700 1
720 700 3
721 700 3
725 700 2
729 700 3
731 700 1
732 700 2
734 700 1
738 700 2
746 700 3
747 700 3
750 700 2
751 700 2
756 700 1
757 700 2
759 700 2
760 700 1
761 700 3
762 700 3
764 700 2
773 700 1
780 700 1
783 700 2
784 700 1
786 700 3
790 700 2
791 700 2
792 700 1
802 700 1
805 700 2
807 700 1
810 700 2
812 700 2
815 700 1
816 700 3
822 700 1
823 700 2
825 700 1
826 700 3
827 700 2
831 700 1
832 700 2
833 700 2
837 700 2
838 700 1
844 700 2
849 700 2
852 700 1
853 700 3
854 700 2
857 700 2
861 700 2
862 700 2
872 700 2
875 700 3
883 700 3
885 700 1
893 700 3
894 700 2
895 700 2
896 700 1
904 700 2
912 700 1
915 700 3
917 700 3
918 700 2
919 700 2
926 700 2
928 700 1
931 700 2
933 700 2
936 700 3
938 700 1
941 700 2
945 700 1
946 700 2
950 700 3
952 700 2
954 700 2
955 700 2
958 700 3
959 700 3
965 700 2
970 700 3
974 700 1
976 700 2
978 700 3
981 700 3
984 700 3
985 700 1
988 700 1
989 700 2
993 700 1
994 700 1
1 701 3
10 701 2
12 701 3
13 701 3
15 701 1
16 701 3
19 701 3
21 701 3
27 701 2
28 701 1
33 701 3
34 701 3
40 701 2
41 701 1
53 701 3
58 701 2
63 701 2
66 701 3
69 701 1
70 701 1
74 701 2
75 701 3
76 701 3
80 701 1
84 701 1
85 701 1
88 701 3
89 701 2
92 701 1
93 701 3
95 701 3
100 701 1
102 701 1
103 701 3
109 701 3
111 701 3
115 701 2
118 701 1
122 701 3
124 701 2
125 701 1
126 701 2
133 701 2
135 701 2
140 701 2
141 701 3
145 701 1
147 701 3
154 701 2
158 701 1
159 701 3
163 701 2
165 701 3
166 701 1
169 701 1
170 701 2
171 701 2
175 701 1
176 701 2
177 701 1
178 701 3
180 701 2
181 701 3
182 701 3
183 701 2
186 701 3
189 701 2
191 701 3
192 701 3
193 701 1
194 701 2
195 701 2
199 701 1
202 701 3
203 701 2
204 701 3
205 701 2
206 701 2
208 701 2
209 701 3
215 701 2
217 701 2
222 701 1
223 701 3
224 701 3
227 701 2
235 701 3
236 701 1
238 701 1
243 701 1
248 701 3
250 701 3
253 701 1
257 701 3
262 701 3
264 701 2
266 701 2
270 701 2
272 701 3
273 701 3
279 701 3
280 701 2
284 701 1
287 701 2
289 701 3
291 701 2
292 701 3
294 701 1
295 701 2
298 701 3
302 701 3
303 701 1
304 701 3
309 701 2
310 701 1
312 701 1
313 701 2
314 701 2
316 701 2
317 701 1
318 701 1
325 701 3
327 701 3
329 701 1
330 701 2
331 701 2
333 701 3
335 701 3
337 701 1
340 701 2
341 701 1
347 701 1
350 701 2
352 701 1
355 701 2
364 701 1
365 701 3
371 701 2
373 701 3
374 701 2
376 701 3
377 701 2
378 701 3
381 701 3
383 701 2
387 701 3
390 701 3
397 701 2
398 701 1
399 701 1
405 701 1
410 701 2
412 701 2
414 701 1
415 701 2
417 701 1
418 701 2
420 701 1
425 701 3
426 701 2
428 701 1
435 701 3
439 701 1
442 701 3
443 701 2
445 701 2
448 701 3
450 701 3
454 701 3
455 701 3
460 701 3
461 701 2
462 701 1
466 701 2
469 701 2
470 701 1
476 701 2
478 701 3
482 701 1
485 701 1
489 701 2
490 701 2
491 701 3
498 701 1
500 701 2
502 701 2
503 701 1
506 701 1
507 701 3
508 701 2
510 701 3
513 701 2
515 701 1
517 701 1
522 701 3
531 701 2
532 701 3
536 701 3
537 701 1
538 701 3
544 701 2
545 701 3
548 701 1
551 701 2
558 701 1
561 701 1
563 701 1
565 701 1
566 701 2
571 701 1
572 701 1
574 701 1
585 701 3
587 701 1
589 701 3
591 701 2
592 701 3
593 701 2
594 701 1
595 701 3
596 701 3
597 701 3
599 701 1
603 701 1
604 701 3
606 701 1
610 701 1
613 701 2
614 701 3
615 701 3
619 701 1
623 701 2
624 701 1
626 701 2
628 701 1
629 701 3
631 701 2
635 701 3
636 701 2
639 701 2
641 701 1
643 701 2
647 701 3
649 701 3
651 701 2
654 701 2
655 701 3
656 701 3
660 701 2
664 701 2
666 701 1
668 701 2
670 701 1
671 701 3
672 701 2
674 701 2
675 701 2
679 701 2
681 701 2
682 701 1
683 701 1
695 701 1
696 701 3
697 701 3
698 701 2
703 701 3
705 701 2
706 701 3
708 701 1
710 701 2
711 701 3
716 701 1
717 701 2
718 701 3
721 701 2
722 701 2
727 701 2
729 701 3
732 701 3
733 701 1
734 701 2
738 701 1
739 701 1
743 701 1
744 701 2
745 701 3
747 701 3
749 701 1
751 701 1
752 701 3
754 701 1
761 701 3
765 701 2
766 701 2
768 701 1
769 701 1
770 701 3
771 701 3
772 701 1
778 701 3
779 701 1
784 701 3
785 701 1
787 701 1
793 701 2
796 701 1
798 701 3
799 701 3
800 701 3
804 701 1
807 701 1
810 701 1
812 701 3
815 701 3
816 701 3
818 701 2
821 701 2
822 701 2
823 701 2
828 701 1
831 701 1
832 701 1
835 701 2
836 701 1
839 701 3
844 701 1
850 701 3
854 701 1
862 701 1
868 701 1
882 701 2
883 701 1
885 701 2
895 701 2
898 701 3
899 701 3
902 701 1
905 701 2
906 701 2
913 701 1
915 701 3
917 701 1
920 701 2
921 701 3
922 701 2
924 701 2
929 701 1
932 701 2
938 701 1
939 701 1
941 701 2
943 701 1
947 701 2
948 701 3
949 701 1
952 701 2
958 701 2
960 701 3
962 701 1
963 701 1
966 701 2
967 701 3
968 701 1
970 701 1
975 701 3
976 701 3
977 701 3
978 701 3
981 701 2
983 701 2
989 701 1
5 702 1
6 702 1
12 702 1
18 702 1
21 702 3
27 702 2
38 702 3
39 702 1
42 702 3
43 702 3
45 702 3
47 702 1
53 702 1
56 702 3
58 702 1
66 702 3
67 702 3
69 702 2
70 702 2
80 702 3
83 702 2
84 702 2
86 702 3
92 702 1
93 702 2
95 702 3
106 702 2
110 702 2
111 702 1
112 702 2
113 702 1
115 702 2
118 702 3
120 702 3
121 702 1
128 702 1
131 702 2
135 702 3
148 702 2
153 702 1
154 702 3
156 702 3
161 702 1
170 702 3
173 702 3
180 702 1
181 702 3
188 702 1
190 702 1
193 702 1
196 702 3
198 702 2
199 702 1
205 702 2
206 702 1
209 702 1
210 702 3
212 702 2
217 702 2
221 702 2
227 702 3
229 702 3
232 702 1
233 702 1
234 702 1
