350 470 1
354 470 3
356 470 3
357 470 2
360 470 1
363 470 2
364 470 3
365 470 2
368 470 1
372 470 2
381 470 2
383 470 2
384 470 2
387 470 1
389 470 3
391 470 3
394 470 3
395 470 3
401 470 2
402 470 1
405 470 3
408 470 1
418 470 2
419 470 3
420 470 3
423 470 1
424 470 2
428 470 1
429 470 3
430 470 3
431 470 3
436 470 1
437 470 3
441 470 1
442 470 2
444 470 3
452 470 1
453 470 2
458 470 2
462 470 3
463 470 1
471 470 1
475 470 2
478 470 1
491 470 3
492 470 3
493 470 3
495 470 1
496 470 2
501 470 2
502 470 3
503 470 1
506 470 1
507 470 2
509 470 3
510 470 1
511 470 2
512 470 2
514 470 1
515 470 2
516 470 2
520 470 3
521 470 3
527 470 1
528 470 2
534 470 1
536 470 2
537 470 3
546 470 2
550 470 3
553 470 2
559 470 3
560 470 1
563 470 1
564 470 2
567 470 3
570 470 2
574 470 2
575 470 2
576 470 1
577 470 2
578 470 2
579 470 2
583 470 3
586 470 2
593 470 3
595 470 3
596 470 3
600 470 1
602 470 3
604 470 2
605 470 3
606 470 2
607 470 1
611 470 3
612 470 3
614 470 1
623 470 3
626 470 3
630 470 1
631 470 2
636 470 3
637 470 1
640 470 3
641 470 2
646 470 2
650 470 3
652 470 2
655 470 1
657 470 3
665 470 2
669 470 1
670 470 2
671 470 2
672 470 2
673 470 1
679 470 1
681 470 1
683 470 1
687 470 2
693 470 3
694 470 2
695 470 2
696 470 1
706 470 1
709 470 2
710 470 1
712 470 1
714 470 1
719 470 1
721 470 2
729 470 2
730 470 3
733 470 3
738 470 2
740 470 3
746 470 1
747 470 3
750 470 1
757 470 2
760 470 1
764 470 2
767 470 2
770 470 1
772 470 2
776 470 3
783 470 3
786 470 3
790 470 1
791 470 3
795 470 3
799 470 3
801 470 1
805 470 2
806 470 1
810 470 1
811 470 1
812 470 1
813 470 1
814 470 3
821 470 3
826 470 1
827 470 1
837 470 1
838 470 2
841 470 3
843 470 2
845 470 2
846 470 3
851 470 2
854 470 2
856 470 3
859 470 3
862 470 2
865 470 3
874 470 1
877 470 1
883 470 1
884 470 1
891 470 2
896 470 3
897 470 3
898 470 2
902 470 1
903 470 2
904 470 2
906 470 3
907 470 3
911 470 2
914 470 2
920 470 1
923 470 3
927 470 3
929 470 2
931 470 3
934 470 1
936 470 1
937 470 3
942 470 3
946 470 1
947 470 2
948 470 1
949 470 2
950 470 2
951 470 3
953 470 3
954 470 1
959 470 3
963 470 2
964 470 1
967 470 1
973 470 3
975 470 1
976 470 3
980 470 2
981 470 2
987 470 1
988 470 1
995 470 2
997 470 1
4 471 1
5 471 3
11 471 3
21 471 3
22 471 2
27 471 2
28 471 3
29 471 1
32 471 2
33 471 1
34 471 3
40 471 1
44 471 2
45 471 2
49 471 2
53 471 2
58 471 3
63 471 3
72 471 3
73 471 2
74 471 3
76 471 2
78 471 3
79 471 3
81 471 3
83 471 3
85 471 3
96 471 3
99 471 2
103 471 2
106 471 3
111 471 2
112 471 3
113 471 2
115 471 3
116 471 3
119 471 1
123 471 1
127 471 1
130 471 2
131 471 2
135 471 3
137 471 3
146 471 2
147 471 3
149 471 1
151 471 1
152 471 1
153 471 1
154 471 2
156 471 1
160 471 2
163 471 1
167 471 3
169 471 3
175 471 2
178 471 1
180 471 3
185 471 1
186 471 3
188 471 2
189 471 3
194 471 3
200 471 1
207 471 3
211 471 2
217 471 1
219 471 2
222 471 3
229 471 3
230 471 2
231 471 3
236 471 3
241 471 3
244 471 1
246 471 3
250 471 2
251 471 2
252 471 3
253 471 2
257 471 2
259 471 3
261 471 2
268 471 1
270 471 3
272 471 1
273 471 1
277 471 3
278 471 3
280 471 1
282 471 3
284 471 3
285 471 1
289 471 1
293 471 3
297 471 2
299 471 1
300 471 1
301 471 2
302 471 1
303 471 3
305 471 3
310 471 2
312 471 2
315 471 1
320 471 3
324 471 1
330 471 2
336 471 2
338 471 1
343 471 2
347 471 3
349 471 3
353 471 3
355 471 1
356 471 1
358 471 3
363 471 3
364 471 1
370 471 2
371 471 2
376 471 2
377 471 2
380 471 2
384 471 3
386 471 1
391 471 1
393 471 2
397 471 1
399 471 3
404 471 2
405 471 3
410 471 2
411 471 3
413 471 3
417 471 2
418 471 1
419 471 3
420 471 2
422 471 2
423 471 1
424 471 2
425 471 1
430 471 1
431 471 1
435 471 2
438 471 3
442 471 1
443 471 2
445 471 2
449 471 3
453 471 3
460 471 2
469 471 1
471 471 3
472 471 2
473 471 2
474 471 2
475 471 2
479 471 3
480 471 3
481 471 1
486 471 3
488 471 2
490 471 2
491 471 1
492 471 1
493 471 2
496 471 1
497 471 1
501 471 3
502 471 2
509 471 1
510 471 3
513 471 2
519 471 3
520 471 1
521 471 2
522 471 1
527 471 2
530 471 1
531 471 1
537 471 2
541 471 3
546 471 1
547 471 2
548 471 3
549 471 2
550 471 1
552 471 2
556 471 1
558 471 2
560 471 2
562 471 1
566 471 3
570 471 3
571 471 2
573 471 3
581 471 2
582 471 2
591 471 2
594 471 1
595 471 3
596 471 3
600 471 3
601 471 1
611 471 1
613 471 1
615 471 3
617 471 2
621 471 1
628 471 2
629 471 1
631 471 1
643 471 1
658 471 3
661 471 1
665 471 1
671 471 3
672 471 3
674 471 1
675 471 2
676 471 3
680 471 2
682 471 3
691 471 1
696 471 1
698 471 1
699 471 3
700 471 2
702 471 1
703 471 1
706 471 1
707 471 1
711 471 1
721 471 1
723 471 2
724 471 2
726 471 1
730 471 1
733 471 3
735 471 3
740 471 2
743 471 1
748 471 2
749 471 2
751 471 1
755 471 1
756 471 2
761 471 2
763 471 3
766 471 2
767 471 2
770 471 1
776 471 1
777 471 2
778 471 1
779 471 2
784 471 1
785 471 1
787 471 3
792 471 2
793 471 1
794 471 2
795 471 3
801 471 2
803 471 3
804 471 3
812 471 2
813 471 2
815 471 1
818 471 1
822 471 2
824 471 2
826 471 1
828 471 1
829 471 3
831 471 2
832 471 2
833 471 1
837 471 1
842 471 2
843 471 1
848 471 2
850 471 1
855 471 1
858 471 1
860 471 1
861 471 1
864 471 2
865 471 2
871 471 1
874 471 2
875 471 1
882 471 2
885 471 2
894 471 2
896 471 3
901 471 3
908 471 1
911 471 1
915 471 2
919 471 2
920 471 2
929 471 3
930 471 3
932 471 2
941 471 2
943 471 2
951 471 3
954 471 1
955 471 3
956 471 2
962 471 1
972 471 2
978 471 3
979 471 1
981 471 1
983 471 2
986 471 2
988 471 1
0 472 1
3 472 3
5 472 1
10 472 3
11 472 3
15 472 3
17 472 3
18 472 1
21 472 1
24 472 3
27 472 1
29 472 2
30 472 1
32 472 3
34 472 1
36 472 3
37 472 1
38 472 1
41 472 2
42 472 1
46 472 3
48 472 1
52 472 2
53 472 3
57 472 1
58 472 3
61 472 1
63 472 1
65 472 2
71 472 1
73 472 1
74 472 2
77 472 2
80 472 3
82 472 2
85 472 3
91 472 2
96 472 3
100 472 3
101 472 2
103 472 1
106 472 1
110 472 3
111 472 3
112 472 2
115 472 1
116 472 1
119 472 1
123 472 3
126 472 3
128 472 1
131 472 1
134 472 3
135 472 2
140 472 2
143 472 3
151 472 1
154 472 3
155 472 2
158 472 3
163 472 1
164 472 3
165 472 2
166 472 2
169 472 2
176 472 1
177 472 3
179 472 2
185 472 1
186 472 2
187 472 1
188 472 2
191 472 3
193 472 1
197 472 1
198 472 1
199 472 3
200 472 1
205 472 1
210 472 2
211 472 3
218 472 2
221 472 3
224 472 3
225 472 3
236 472 3
239 472 3
241 472 2
246 472 3
247 472 3
251 472 1
252 472 1
256 472 1
257 472 3
258 472 1
259 472 2
261 472 2
267 472 2
282 472 3
286 472 2
288 472 1
290 472 3
293 472 2
296 472 1
297 472 1
302 472 2
303 472 3
306 472 3
308 472 3
311 472 1
313 472 2
314 472 2
317 472 2
323 472 1
325 472 2
329 472 3
330 472 1
333 472 3
335 472 2
336 472 3
340 472 1
344 472 3
345 472 2
348 472 3
349 472 3
