381 760 1
383 760 2
384 760 3
385 760 2
386 760 2
390 760 2
396 760 1
401 760 1
402 760 3
404 760 3
406 760 2
414 760 2
417 760 3
422 760 1
428 760 3
431 760 3
434 760 1
436 760 3
443 760 3
446 760 2
447 760 1
448 760 3
450 760 2
452 760 1
453 760 3
454 760 2
455 760 3
456 760 2
457 760 2
460 760 2
463 760 1
465 760 1
467 760 2
470 760 2
473 760 1
481 760 2
485 760 1
489 760 3
492 760 3
500 760 1
510 760 2
512 760 2
519 760 1
520 760 3
523 760 3
527 760 3
531 760 1
534 760 2
535 760 3
537 760 1
542 760 1
557 760 1
559 760 1
561 760 3
563 760 2
565 760 2
567 760 1
572 760 1
581 760 2
582 760 1
591 760 1
592 760 2
594 760 1
598 760 3
600 760 3
601 760 3
603 760 1
610 760 1
615 760 3
616 760 2
617 760 1
618 760 2
620 760 1
628 760 1
629 760 1
634 760 2
635 760 1
647 760 2
648 760 2
652 760 2
657 760 3
658 760 1
659 760 1
660 760 3
664 760 3
665 760 2
667 760 1
672 760 3
673 760 1
677 760 2
679 760 3
685 760 2
687 760 1
688 760 1
696 760 1
698 760 3
701 760 3
704 760 2
706 760 1
707 760 2
709 760 2
710 760 1
711 760 3
712 760 2
713 760 1
716 760 2
719 760 2
720 760 1
721 760 2
722 760 3
723 760 3
724 760 3
725 760 3
729 760 2
730 760 1
733 760 1
734 760 1
737 760 3
740 760 3
741 760 2
744 760 3
746 760 1
747 760 3
753 760 3
754 760 3
758 760 2
759 760 1
765 760 2
767 760 3
771 760 3
773 760 2
774 760 2
775 760 3
778 760 2
784 760 3
786 760 2
790 760 1
791 760 1
800 760 2
803 760 3
808 760 2
813 760 2
817 760 1
822 760 2
828 760 2
830 760 3
838 760 1
840 760 3
843 760 2
847 760 1
854 760 3
857 760 3
858 760 2
860 760 1
864 760 2
867 760 3
868 760 2
869 760 2
871 760 2
872 760 1
875 760 2
876 760 1
877 760 3
881 760 3
884 760 1
889 760 1
890 760 1
892 760 1
896 760 1
898 760 2
899 760 2
902 760 2
903 760 2
905 760 1
913 760 2
920 760 3
922 760 1
925 760 3
928 760 2
931 760 1
934 760 1
937 760 3
940 760 3
948 760 3
949 760 3
951 760 1
954 760 2
955 760 2
956 760 2
958 760 2
959 760 2
960 760 2
961 760 1
965 760 3
969 760 2
975 760 1
976 760 2
981 760 1
983 760 1
988 760 2
991 760 1
995 760 1
999 760 1
3 761 1
8 761 2
14 761 3
17 761 3
18 761 1
19 761 2
21 761 3
27 761 1
29 761 1
48 761 2
57 761 2
58 761 1
63 761 2
67 761 2
68 761 3
70 761 3
74 761 3
77 761 2
79 761 2
82 761 3
83 761 2
95 761 3
98 761 3
100 761 3
102 761 3
105 761 2
109 761 1
110 761 3
111 761 3
116 761 3
119 761 2
127 761 3
128 761 2
132 761 1
134 761 1
138 761 3
141 761 2
143 761 3
148 761 3
149 761 1
152 761 1
155 761 1
162 761 2
163 761 3
165 761 1
171 761 2
175 761 1
180 761 3
184 761 2
187 761 3
188 761 3
189 761 3
191 761 1
199 761 1
213 761 3
215 761 2
216 761 2
220 761 2
223 761 2
228 761 1
229 761 3
231 761 2
237 761 3
241 761 3
246 761 1
247 761 2
254 761 2
258 761 3
261 761 1
269 761 1
271 761 3
272 761 2
274 761 3
282 761 3
283 761 3
284 761 3
285 761 3
287 761 2
288 761 3
289 761 2
291 761 3
293 761 2
302 761 1
305 761 3
306 761 3
316 761 1
321 761 3
323 761 2
326 761 1
329 761 3
333 761 1
335 761 3
341 761 1
343 761 3
347 761 2
348 761 1
352 761 2
358 761 1
360 761 1
364 761 3
367 761 2
370 761 2
371 761 3
372 761 2
373 761 1
374 761 1
378 761 3
385 761 1
387 761 3
388 761 3
390 761 2
391 761 1
392 761 1
398 761 3
403 761 1
405 761 2
408 761 3
409 761 3
411 761 1
412 761 2
416 761 1
418 761 3
423 761 3
426 761 1
427 761 2
429 761 3
433 761 2
434 761 2
435 761 2
440 761 3
441 761 2
444 761 1
448 761 3
457 761 3
459 761 1
462 761 2
470 761 1
473 761 2
477 761 3
478 761 1
481 761 1
482 761 2
483 761 1
485 761 3
486 761 1
488 761 3
490 761 1
497 761 3
498 761 3
505 761 1
506 761 2
508 761 2
511 761 1
512 761 3
513 761 3
523 761 2
525 761 2
526 761 2
534 761 1
535 761 2
538 761 2
541 761 1
544 761 2
546 761 2
547 761 1
549 761 3
553 761 1
554 761 3
559 761 1
561 761 2
562 761 2
565 761 3
568 761 3
571 761 3
574 761 2
575 761 1
579 761 1
580 761 3
588 761 3
592 761 3
596 761 2
599 761 3
607 761 2
611 761 2
616 761 1
617 761 1
619 761 2
629 761 2
634 761 3
636 761 3
637 761 2
641 761 3
643 761 2
646 761 1
650 761 3
651 761 1
652 761 1
653 761 3
656 761 3
658 761 1
663 761 2
665 761 1
669 761 3
675 761 1
676 761 3
678 761 3
679 761 2
681 761 2
683 761 2
688 761 1
689 761 3
692 761 2
694 761 2
698 761 3
704 761 2
711 761 2
718 761 2
719 761 3
728 761 3
734 761 2
735 761 2
739 761 2
741 761 3
742 761 3
743 761 3
744 761 3
745 761 3
747 761 3
748 761 3
750 761 3
753 761 3
755 761 2
757 761 3
761 761 1
763 761 2
764 761 2
765 761 2
767 761 1
768 761 2
774 761 3
779 761 3
781 761 1
787 761 2
790 761 1
791 761 3
794 761 3
795 761 3
803 761 3
804 761 1
807 761 2
813 761 1
816 761 1
817 761 1
819 761 1
820 761 2
823 761 1
826 761 1
831 761 2
834 761 3
837 761 2
838 761 1
839 761 1
840 761 3
846 761 2
850 761 2
854 761 1
858 761 3
861 761 1
862 761 2
864 761 3
865 761 3
866 761 1
868 761 2
871 761 3
878 761 1
880 761 2
881 761 2
882 761 3
883 761 2
887 761 1
888 761 3
897 761 3
898 761 2
904 761 3
907 761 2
911 761 1
918 761 1
919 761 2
921 761 1
923 761 3
926 761 2
927 761 1
928 761 3
930 761 2
934 761 2
935 761 3
937 761 2
942 761 2
944 761 2
945 761 3
946 761 3
948 761 3
949 761 1
953 761 2
958 761 3
962 761 3
963 761 3
966 761 1
967 761 3
969 761 3
983 761 2
984 761 1
990 761 3
994 761 2
997 761 1
0 762 3
1 762 3
5 762 1
6 762 1
9 762 3
13 762 1
14 762 3
16 762 1
24 762 3
29 762 2
30 762 3
31 762 1
32 762 2
36 762 2
46 762 3
48 762 3
50 762 3
51 762 3
52 762 3
55 762 2
59 762 1
62 762 3
63 762 3
68 762 2
69 762 1
70 762 3
72 762 3
73 762 3
76 762 1
79 762 3
82 762 1
83 762 2
84 762 1
85 762 3
88 762 3
89 762 3
91 762 3
96 762 2
103 762 1
106 762 2
108 762 1
109 762 3
122 762 1
123 762 1
124 762 1
127 762 1
135 762 3
140 762 3
142 762 2
143 762 2
145 762 3
147 762 3
148 762 3
155 762 1
161 762 1
162 762 1
164 762 2
170 762 3
171 762 2
177 762 2
180 762 2
181 762 1
183 762 1
186 762 3
188 762 2
198 762 1
199 762 1
202 762 2
204 762 1
206 762 1
207 762 3
210 762 3
212 762 2
219 762 1
223 762 3
225 762 2
227 762 3
229 762 2
230 762 2
231 762 2
232 762 2
234 762 1
235 762 1
237 762 3
239 762 1
241 762 1
245 762 1
250 762 3
252 762 3
253 762 3
257 762 1
261 762 2
270 762 1
275 762 1
276 762 3
280 762 2
284 762 1
285 762 3
286 762 1
289 762 3
295 762 1
301 762 1
303 762 3
305 762 1
306 762 2
308 762 1
317 762 2
318 762 2
319 762 3
321 762 3
333 762 1
344 762 1
350 762 1
351 762 2
353 762 3
354 762 3
355 762 2
361 762 3
368 762 3
369 762 2
375 762 1
377 762 1
381 762 3
382 762 3
383 762 1
385 762 1
387 762 3
392 762 1
394 762 3
402 762 2
406 762 1
408 762 2
413 762 1
414 762 3
419 762 2
420 762 3
422 762 1
423 762 2
424 762 1
428 762 2
430 762 1
448 762 1
454 762 2
455 762 2
457 762 3
458 762 3
468 762 3
469 762 3
