520 436 3
521 436 2
526 436 3
530 436 2
532 436 3
533 436 3
537 436 1
553 436 3
554 436 1
556 436 2
558 436 3
563 436 3
566 436 2
568 436 3
571 436 1
575 436 1
576 436 2
583 436 2
591 436 1
593 436 2
594 436 2
595 436 2
597 436 1
598 436 1
599 436 1
600 436 3
610 436 1
612 436 3
613 436 2
615 436 3
617 436 1
619 436 3
620 436 1
623 436 3
628 436 1
631 436 3
634 436 1
635 436 3
637 436 3
641 436 2
643 436 3
644 436 2
645 436 2
650 436 3
651 436 1
653 436 2
654 436 2
656 436 1
658 436 3
659 436 2
665 436 2
668 436 1
669 436 2
672 436 3
675 436 1
676 436 3
680 436 2
682 436 2
688 436 3
690 436 3
693 436 1
695 436 2
698 436 2
701 436 2
705 436 2
706 436 2
708 436 3
710 436 3
711 436 2
712 436 2
713 436 3
716 436 1
717 436 2
718 436 3
725 436 3
726 436 3
732 436 3
735 436 1
737 436 2
743 436 3
747 436 3
750 436 1
751 436 3
753 436 2
754 436 3
755 436 2
761 436 3
769 436 1
778 436 1
780 436 2
781 436 1
785 436 3
788 436 1
790 436 2
792 436 2
796 436 3
797 436 1
801 436 3
807 436 1
809 436 2
810 436 2
811 436 2
813 436 2
815 436 2
816 436 3
821 436 2
822 436 3
825 436 1
828 436 2
829 436 2
837 436 1
838 436 3
839 436 1
840 436 1
844 436 2
845 436 2
851 436 2
860 436 1
862 436 1
871 436 1
873 436 3
874 436 3
878 436 1
880 436 3
883 436 2
888 436 3
893 436 2
901 436 1
902 436 1
905 436 2
906 436 3
909 436 1
912 436 3
913 436 2
914 436 3
915 436 1
916 436 1
923 436 3
929 436 2
930 436 2
935 436 1
936 436 3
937 436 2
942 436 1
945 436 3
947 436 3
949 436 1
952 436 3
953 436 3
958 436 3
963 436 3
966 436 2
968 436 1
971 436 2
976 436 1
979 436 2
984 436 1
988 436 2
991 436 2
995 436 2
0 437 1
8 437 1
12 437 3
14 437 2
16 437 2
19 437 1
20 437 2
22 437 3
24 437 2
25 437 3
27 437 1
28 437 2
29 437 3
30 437 3
32 437 3
36 437 2
39 437 3
40 437 3
41 437 2
45 437 1
46 437 1
50 437 2
53 437 3
62 437 3
65 437 1
68 437 3
74 437 2
79 437 1
82 437 3
83 437 2
85 437 1
90 437 1
94 437 3
95 437 2
100 437 2
101 437 3
106 437 2
107 437 3
110 437 3
112 437 1
116 437 1
119 437 2
122 437 1
123 437 3
126 437 2
132 437 2
134 437 1
138 437 3
139 437 3
140 437 3
142 437 3
148 437 1
150 437 3
152 437 3
153 437 3
154 437 2
155 437 1
158 437 2
160 437 1
167 437 1
168 437 3
169 437 3
170 437 2
171 437 1
175 437 1
176 437 2
177 437 1
179 437 3
181 437 2
182 437 1
188 437 1
190 437 1
193 437 2
198 437 1
202 437 1
204 437 2
207 437 1
209 437 2
212 437 2
213 437 3
214 437 1
223 437 3
225 437 1
227 437 3
228 437 2
229 437 1
230 437 1
231 437 2
234 437 2
236 437 3
242 437 1
247 437 2
250 437 1
251 437 3
254 437 2
255 437 3
262 437 2
263 437 3
266 437 3
267 437 1
269 437 1
276 437 1
277 437 2
280 437 1
281 437 2
282 437 2
288 437 3
290 437 3
295 437 3
299 437 1
300 437 3
301 437 3
304 437 3
305 437 1
306 437 1
308 437 3
309 437 2
310 437 2
313 437 3
327 437 1
330 437 2
331 437 2
333 437 1
335 437 3
336 437 2
338 437 3
339 437 1
343 437 2
344 437 2
347 437 2
350 437 2
353 437 1
359 437 2
360 437 3
369 437 1
371 437 2
374 437 2
379 437 1
380 437 2
382 437 1
385 437 2
388 437 1
393 437 3
395 437 3
397 437 3
398 437 1
400 437 2
401 437 3
402 437 3
403 437 2
405 437 2
406 437 2
407 437 2
414 437 2
417 437 2
423 437 1
424 437 1
433 437 2
434 437 3
435 437 3
437 437 3
439 437 2
442 437 3
446 437 2
457 437 2
458 437 3
459 437 1
464 437 2
465 437 2
468 437 2
470 437 1
471 437 3
476 437 2
478 437 3
480 437 2
481 437 1
483 437 3
485 437 3
489 437 2
490 437 2
493 437 3
495 437 3
496 437 1
499 437 1
500 437 1
501 437 2
502 437 2
508 437 1
511 437 3
514 437 1
515 437 2
518 437 2
523 437 1
524 437 3
525 437 2
528 437 3
531 437 2
532 437 3
534 437 2
535 437 1
537 437 3
542 437 2
543 437 3
551 437 2
554 437 2
556 437 2
559 437 2
561 437 3
564 437 2
565 437 2
568 437 3
569 437 2
572 437 3
576 437 1
578 437 3
579 437 3
582 437 3
587 437 1
590 437 3
591 437 2
592 437 1
596 437 3
597 437 3
602 437 3
606 437 2
608 437 1
609 437 2
611 437 3
619 437 3
628 437 3
632 437 3
634 437 2
644 437 3
646 437 2
647 437 1
648 437 2
653 437 1
655 437 2
656 437 1
662 437 1
663 437 3
667 437 3
670 437 3
673 437 2
680 437 3
682 437 2
684 437 2
687 437 3
692 437 1
694 437 1
697 437 1
699 437 1
702 437 1
703 437 3
705 437 2
708 437 1
709 437 1
710 437 1
712 437 2
713 437 3
715 437 2
721 437 1
722 437 3
724 437 2
725 437 1
727 437 3
731 437 2
732 437 2
739 437 2
743 437 3
745 437 3
751 437 1
752 437 3
753 437 3
754 437 1
760 437 3
769 437 2
776 437 2
777 437 2
778 437 2
780 437 1
781 437 3
788 437 2
789 437 1
790 437 2
793 437 2
797 437 2
798 437 2
799 437 3
801 437 2
802 437 3
805 437 3
810 437 1
815 437 1
816 437 1
821 437 2
823 437 3
826 437 2
831 437 1
836 437 2
837 437 3
839 437 3
844 437 1
846 437 1
847 437 3
848 437 3
849 437 1
850 437 2
851 437 2
852 437 2
859 437 2
860 437 3
867 437 1
868 437 3
869 437 2
873 437 3
875 437 3
876 437 2
885 437 2
898 437 2
901 437 3
902 437 1
903 437 2
906 437 2
909 437 2
910 437 3
913 437 1
914 437 3
919 437 3
923 437 1
925 437 2
931 437 1
934 437 1
936 437 1
938 437 3
939 437 3
942 437 3
943 437 2
944 437 2
950 437 2
952 437 2
953 437 1
959 437 1
964 437 1
966 437 1
968 437 1
971 437 3
972 437 3
975 437 3
977 437 1
981 437 2
983 437 2
985 437 2
987 437 3
989 437 1
992 437 2
993 437 1
994 437 1
996 437 2
997 437 2
4 438 1
7 438 2
20 438 2
21 438 3
22 438 3
27 438 2
28 438 3
43 438 2
44 438 3
45 438 2
52 438 2
53 438 1
57 438 3
61 438 2
63 438 3
65 438 3
66 438 2
70 438 3
76 438 2
79 438 3
80 438 3
81 438 3
83 438 2
88 438 1
90 438 2
92 438 1
93 438 2
94 438 3
97 438 3
99 438 2
101 438 1
111 438 3
113 438 1
116 438 2
118 438 2
123 438 1
127 438 2
130 438 2
131 438 2
133 438 3
135 438 1
138 438 1
141 438 3
142 438 3
143 438 1
145 438 2
146 438 3
147 438 2
150 438 3
152 438 1
155 438 1
156 438 1
158 438 2
160 438 3
162 438 1
168 438 1
169 438 1
171 438 3
175 438 3
183 438 2
185 438 2
187 438 2
196 438 2
201 438 3
202 438 3
203 438 3
204 438 1
205 438 3
206 438 2
208 438 1
213 438 3
214 438 2
215 438 2
222 438 1
224 438 2
225 438 2
232 438 1
234 438 2
240 438 2
241 438 2
243 438 3
247 438 3
250 438 1
252 438 3
253 438 2
256 438 3
258 438 1
268 438 1
274 438 2
278 438 1
283 438 2
287 438 2
288 438 1
291 438 1
292 438 3
294 438 2
295 438 2
302 438 3
306 438 3
307 438 1
313 438 1
314 438 3
317 438 1
319 438 1
324 438 1
325 438 3
326 438 3
328 438 3
330 438 1
331 438 1
332 438 3
333 438 3
335 438 2
342 438 3
343 438 2
345 438 1
350 438 3
354 438 2
359 438 3
360 438 3
368 438 3
369 438 1
370 438 3
373 438 1
377 438 1
382 438 3
384 438 3
386 438 1
390 438 1
396 438 2
399 438 2
406 438 2
417 438 3
420 438 1
422 438 1
427 438 2
432 438 2
435 438 1
439 438 3
440 438 3
442 438 1
448 438 1
452 438 3
454 438 2
455 438 1
463 438 1
