274 247 2
275 247 1
281 247 2
288 247 1
293 247 1
298 247 1
301 247 2
303 247 2
304 247 3
312 247 3
313 247 2
317 247 3
319 247 2
324 247 1
327 247 2
329 247 2
334 247 1
335 247 1
337 247 2
339 247 1
340 247 2
346 247 1
351 247 1
352 247 3
354 247 1
361 247 3
363 247 2
366 247 2
367 247 2
370 247 3
372 247 3
376 247 3
377 247 3
379 247 2
381 247 1
386 247 3
387 247 2
388 247 3
389 247 1
390 247 2
393 247 3
396 247 2
400 247 3
401 247 1
405 247 1
411 247 1
413 247 2
415 247 2
416 247 3
417 247 2
418 247 3
422 247 3
425 247 3
430 247 2
433 247 3
437 247 1
438 247 2
440 247 1
446 247 2
448 247 1
461 247 2
470 247 1
471 247 1
505 247 3
507 247 1
513 247 1
515 247 2
517 247 3
520 247 2
521 247 2
522 247 2
524 247 2
525 247 2
527 247 2
529 247 1
535 247 2
536 247 1
538 247 3
539 247 3
544 247 3
551 247 3
555 247 1
564 247 2
571 247 3
575 247 2
576 247 1
577 247 2
584 247 3
586 247 2
588 247 1
590 247 2
591 247 2
594 247 2
600 247 1
602 247 1
605 247 3
609 247 3
614 247 1
616 247 2
617 247 1
621 247 3
628 247 2
632 247 3
633 247 2
634 247 2
635 247 2
636 247 2
637 247 1
641 247 1
645 247 2
648 247 2
649 247 3
650 247 2
653 247 3
654 247 1
656 247 3
657 247 2
671 247 2
674 247 2
681 247 2
683 247 1
684 247 2
685 247 2
690 247 3
694 247 2
696 247 3
700 247 1
706 247 2
707 247 1
708 247 1
711 247 3
712 247 3
720 247 3
726 247 2
728 247 1
729 247 2
734 247 1
736 247 2
745 247 1
747 247 2
748 247 3
750 247 2
754 247 1
756 247 2
759 247 2
760 247 3
761 247 2
762 247 1
763 247 3
764 247 3
765 247 2
770 247 3
776 247 2
779 247 1
785 247 1
786 247 3
788 247 2
790 247 3
794 247 2
801 247 2
805 247 3
807 247 1
809 247 3
810 247 3
812 247 2
814 247 2
816 247 2
822 247 2
823 247 3
828 247 1
830 247 1
832 247 3
833 247 1
837 247 3
838 247 2
842 247 1
847 247 3
861 247 3
862 247 2
867 247 3
876 247 2
878 247 3
881 247 1
883 247 2
884 247 3
887 247 3
888 247 2
889 247 1
891 247 3
894 247 2
897 247 3
904 247 1
907 247 2
908 247 1
916 247 1
917 247 2
918 247 1
928 247 3
931 247 3
933 247 2
934 247 1
937 247 1
938 247 3
939 247 2
941 247 2
942 247 3
947 247 1
948 247 3
951 247 3
955 247 3
965 247 2
969 247 1
970 247 2
974 247 2
980 247 2
983 247 3
986 247 3
988 247 1
989 247 3
990 247 3
992 247 2
994 247 2
997 247 2
998 247 3
0 248 3
2 248 2
4 248 3
5 248 2
6 248 2
8 248 3
10 248 2
17 248 3
18 248 2
19 248 1
21 248 1
22 248 3
23 248 1
24 248 1
25 248 3
27 248 3
28 248 1
31 248 1
33 248 1
36 248 1
45 248 1
47 248 1
49 248 2
50 248 1
51 248 1
56 248 3
58 248 1
61 248 1
66 248 1
69 248 1
75 248 3
79 248 3
80 248 3
92 248 2
94 248 2
95 248 3
96 248 2
97 248 2
105 248 2
107 248 3
108 248 3
109 248 2
111 248 1
112 248 2
113 248 3
115 248 3
116 248 1
118 248 3
122 248 3
123 248 3
124 248 1
128 248 1
129 248 2
130 248 1
133 248 2
136 248 3
140 248 1
143 248 2
151 248 1
152 248 2
154 248 1
155 248 1
159 248 1
160 248 1
165 248 3
166 248 3
169 248 3
173 248 3
175 248 2
176 248 2
180 248 3
183 248 1
185 248 2
188 248 2
189 248 2
190 248 2
191 248 1
196 248 3
197 248 3
199 248 1
200 248 3
207 248 1
208 248 3
210 248 2
212 248 1
217 248 2
222 248 2
225 248 3
226 248 3
227 248 3
230 248 3
232 248 3
247 248 2
251 248 2
256 248 1
257 248 2
263 248 1
272 248 3
274 248 2
275 248 3
276 248 3
279 248 1
282 248 3
286 248 2
287 248 1
288 248 1
289 248 3
299 248 3
301 248 2
302 248 2
304 248 1
309 248 3
312 248 1
313 248 1
315 248 2
316 248 2
321 248 1
322 248 2
323 248 1
324 248 2
330 248 1
340 248 1
345 248 1
346 248 2
347 248 3
350 248 1
353 248 2
356 248 2
359 248 2
371 248 1
372 248 1
374 248 1
377 248 1
384 248 2
386 248 3
390 248 3
391 248 2
394 248 2
395 248 2
401 248 2
402 248 2
404 248 2
409 248 2
413 248 2
414 248 1
416 248 3
417 248 3
419 248 2
422 248 3
429 248 3
430 248 1
432 248 1
433 248 3
437 248 2
440 248 1
442 248 3
444 248 1
445 248 1
447 248 3
448 248 2
450 248 1
455 248 1
457 248 3
461 248 3
462 248 3
465 248 1
467 248 3
469 248 1
470 248 3
472 248 1
473 248 2
476 248 3
478 248 3
479 248 3
481 248 3
483 248 1
485 248 2
495 248 2
501 248 2
504 248 1
506 248 1
507 248 2
509 248 2
510 248 2
515 248 2
517 248 2
518 248 1
519 248 1
522 248 3
525 248 3
530 248 2
538 248 2
541 248 2
543 248 1
546 248 1
550 248 2
553 248 3
557 248 3
560 248 2
562 248 2
563 248 3
564 248 2
565 248 3
571 248 1
579 248 3
580 248 2
581 248 2
582 248 1
584 248 2
590 248 2
592 248 1
594 248 3
597 248 3
598 248 1
600 248 3
612 248 2
615 248 3
616 248 1
621 248 1
624 248 2
625 248 2
628 248 1
633 248 1
638 248 2
642 248 1
643 248 2
645 248 2
647 248 3
650 248 1
652 248 1
653 248 2
654 248 1
657 248 1
664 248 1
666 248 3
667 248 1
670 248 2
672 248 1
675 248 1
677 248 3
678 248 2
679 248 2
684 248 1
685 248 3
687 248 2
689 248 2
697 248 2
698 248 1
699 248 1
701 248 1
702 248 3
703 248 2
705 248 3
708 248 1
710 248 1
717 248 2
725 248 3
727 248 3
732 248 1
737 248 1
742 248 2
744 248 2
746 248 2
747 248 3
748 248 1
750 248 1
751 248 3
753 248 3
755 248 1
760 248 2
777 248 3
783 248 3
787 248 1
789 248 2
794 248 3
795 248 3
798 248 3
799 248 2
811 248 1
813 248 2
816 248 1
817 248 1
820 248 1
825 248 2
831 248 2
833 248 1
838 248 3
840 248 1
841 248 1
845 248 3
847 248 1
848 248 1
852 248 1
858 248 2
876 248 3
880 248 1
881 248 3
884 248 1
888 248 2
891 248 1
895 248 1
898 248 3
900 248 3
904 248 3
905 248 2
915 248 2
917 248 3
919 248 1
920 248 1
927 248 3
929 248 1
932 248 1
936 248 1
940 248 2
942 248 1
945 248 1
946 248 3
947 248 2
949 248 2
951 248 3
952 248 3
954 248 3
955 248 1
957 248 1
962 248 3
965 248 1
967 248 2
968 248 1
972 248 3
974 248 1
976 248 3
977 248 3
985 248 3
986 248 2
990 248 1
995 248 3
999 248 1
2 249 2
5 249 1
10 249 1
16 249 3
17 249 3
26 249 2
33 249 3
39 249 2
42 249 2
45 249 2
46 249 2
48 249 2
49 249 1
50 249 2
52 249 2
53 249 3
55 249 3
57 249 1
63 249 3
65 249 3
68 249 2
76 249 2
77 249 2
83 249 2
84 249 1
86 249 1
88 249 3
89 249 3
93 249 3
95 249 3
96 249 2
97 249 1
102 249 3
104 249 3
106 249 1
109 249 1
116 249 1
117 249 1
120 249 2
125 249 1
126 249 3
128 249 3
132 249 2
136 249 3
146 249 1
151 249 1
159 249 2
164 249 3
174 249 1
175 249 1
183 249 2
184 249 2
188 249 2
189 249 3
190 249 2
193 249 2
194 249 1
197 249 2
198 249 2
206 249 1
208 249 2
224 249 2
225 249 3
226 249 3
229 249 3
235 249 3
236 249 2
237 249 2
240 249 1
241 249 1
242 249 3
249 249 3
254 249 3
257 249 3
267 249 1
269 249 1
270 249 3
273 249 2
274 249 2
276 249 3
281 249 2
284 249 1
287 249 1
289 249 1
293 249 2
294 249 3
295 249 2
296 249 3
299 249 3
303 249 2
306 249 3
307 249 1
309 249 2
310 249 3
313 249 1
316 249 2
318 249 2
321 249 3
324 249 3
329 249 2
330 249 2
334 249 2
335 249 3
337 249 3
340 249 1
