735 334 1
736 334 2
739 334 3
742 334 3
745 334 3
751 334 2
754 334 3
757 334 1
758 334 2
762 334 2
770 334 3
771 334 2
776 334 1
779 334 3
780 334 1
789 334 3
790 334 1
793 334 3
800 334 3
802 334 3
808 334 1
812 334 1
813 334 1
819 334 1
820 334 2
822 334 2
823 334 1
828 334 3
834 334 3
839 334 3
841 334 2
845 334 2
849 334 1
851 334 3
855 334 3
856 334 2
860 334 2
873 334 3
874 334 3
875 334 3
879 334 3
880 334 3
881 334 1
886 334 1
887 334 3
888 334 2
889 334 2
891 334 2
894 334 2
898 334 3
905 334 1
908 334 2
911 334 3
912 334 3
915 334 1
917 334 3
918 334 1
919 334 3
920 334 2
922 334 1
928 334 2
929 334 3
931 334 3
932 334 3
941 334 1
942 334 1
945 334 2
946 334 1
949 334 2
952 334 3
955 334 1
959 334 2
965 334 2
967 334 3
969 334 3
970 334 3
973 334 3
976 334 1
978 334 3
980 334 1
981 334 3
982 334 1
990 334 3
991 334 1
995 334 3
996 334 1
1 335 3
2 335 2
3 335 2
4 335 3
5 335 1
7 335 2
11 335 1
20 335 2
28 335 3
32 335 1
41 335 1
44 335 2
46 335 3
49 335 2
54 335 3
55 335 1
62 335 2
63 335 2
65 335 1
66 335 3
69 335 3
73 335 2
76 335 3
79 335 3
83 335 1
88 335 1
95 335 1
99 335 3
100 335 2
101 335 2
107 335 2
110 335 1
111 335 1
114 335 3
116 335 2
118 335 2
119 335 2
120 335 1
123 335 1
124 335 3
128 335 3
130 335 3
132 335 2
133 335 2
137 335 2
141 335 3
151 335 2
160 335 3
163 335 3
165 335 3
171 335 1
172 335 3
173 335 3
175 335 2
181 335 2
184 335 3
189 335 3
191 335 3
193 335 2
194 335 1
200 335 3
201 335 1
206 335 2
207 335 1
214 335 1
223 335 1
229 335 3
231 335 1
235 335 3
237 335 3
238 335 2
240 335 3
241 335 1
242 335 3
247 335 2
248 335 1
252 335 3
253 335 1
255 335 3
259 335 3
260 335 2
264 335 1
266 335 3
269 335 3
270 335 3
271 335 2
274 335 2
275 335 3
277 335 1
278 335 3
281 335 1
282 335 2
284 335 2
285 335 3
286 335 1
288 335 1
295 335 1
296 335 3
297 335 1
300 335 1
303 335 2
307 335 1
308 335 1
310 335 2
315 335 2
318 335 2
319 335 3
320 335 3
321 335 1
324 335 2
327 335 3
328 335 2
332 335 2
333 335 2
337 335 2
338 335 2
341 335 2
342 335 3
346 335 1
350 335 2
352 335 2
353 335 2
357 335 2
368 335 2
376 335 1
378 335 1
380 335 1
387 335 3
388 335 3
391 335 1
397 335 3
403 335 3
404 335 2
405 335 1
408 335 3
409 335 1
414 335 1
418 335 3
419 335 2
422 335 3
425 335 3
428 335 1
431 335 1
437 335 1
438 335 2
439 335 1
441 335 1
443 335 2
448 335 2
449 335 3
450 335 3
452 335 1
453 335 2
457 335 2
459 335 1
461 335 1
465 335 1
467 335 2
468 335 2
473 335 3
476 335 2
480 335 2
484 335 2
486 335 2
490 335 2
492 335 2
497 335 3
500 335 3
501 335 1
505 335 1
508 335 3
517 335 2
519 335 3
520 335 2
521 335 1
523 335 2
524 335 1
525 335 2
529 335 2
541 335 2
544 335 2
545 335 3
546 335 2
548 335 1
554 335 2
556 335 2
558 335 1
560 335 3
561 335 1
562 335 3
563 335 3
566 335 3
568 335 1
570 335 1
573 335 2
577 335 3
578 335 2
579 335 2
582 335 1
583 335 2
584 335 3
587 335 2
589 335 1
591 335 1
592 335 1
597 335 1
602 335 3
605 335 1
606 335 1
607 335 3
613 335 3
618 335 3
621 335 1
622 335 1
628 335 2
633 335 2
634 335 3
635 335 3
640 335 1
641 335 1
643 335 2
645 335 1
654 335 1
655 335 2
656 335 1
659 335 2
662 335 3
664 335 2
665 335 1
667 335 1
670 335 3
675 335 3
678 335 3
686 335 3
690 335 3
692 335 2
693 335 1
698 335 3
701 335 1
706 335 2
708 335 2
710 335 2
711 335 1
713 335 1
717 335 1
718 335 1
719 335 3
722 335 2
723 335 2
728 335 3
729 335 3
735 335 3
736 335 2
739 335 3
740 335 2
741 335 2
744 335 2
745 335 3
747 335 2
750 335 1
751 335 3
752 335 2
754 335 3
757 335 2
758 335 2
760 335 1
763 335 2
772 335 1
775 335 3
777 335 2
782 335 2
784 335 1
794 335 2
795 335 3
805 335 2
809 335 2
813 335 3
820 335 1
822 335 3
823 335 1
828 335 3
834 335 1
836 335 3
841 335 2
842 335 3
843 335 1
845 335 3
850 335 1
851 335 3
852 335 2
853 335 1
854 335 2
855 335 1
856 335 1
859 335 3
864 335 1
865 335 3
881 335 3
882 335 1
884 335 3
886 335 1
889 335 2
891 335 1
893 335 2
894 335 1
895 335 1
897 335 3
911 335 2
913 335 1
916 335 1
919 335 1
920 335 2
929 335 1
931 335 2
934 335 2
935 335 1
937 335 1
944 335 2
945 335 2
948 335 3
949 335 2
963 335 2
964 335 2
965 335 3
966 335 3
968 335 1
972 335 1
973 335 1
982 335 3
990 335 3
991 335 2
993 335 3
0 336 3
3 336 2
9 336 1
11 336 3
12 336 3
17 336 2
20 336 2
24 336 1
25 336 1
29 336 2
30 336 1
32 336 2
33 336 1
34 336 1
38 336 1
43 336 3
44 336 3
46 336 3
50 336 1
55 336 1
56 336 1
58 336 3
68 336 3
69 336 1
71 336 2
74 336 3
75 336 3
82 336 3
83 336 2
87 336 3
97 336 2
98 336 3
99 336 1
100 336 3
104 336 2
106 336 1
109 336 1
113 336 2
114 336 1
124 336 3
125 336 1
126 336 2
128 336 3
129 336 2
132 336 3
134 336 2
145 336 2
149 336 1
151 336 2
154 336 1
156 336 2
158 336 3
163 336 2
164 336 2
167 336 3
171 336 2
174 336 2
175 336 1
177 336 2
184 336 3
187 336 2
191 336 3
193 336 3
194 336 3
200 336 3
201 336 3
211 336 2
213 336 1
215 336 1
217 336 2
223 336 3
224 336 2
229 336 2
231 336 1
233 336 3
237 336 3
239 336 2
245 336 2
255 336 2
258 336 1
261 336 2
262 336 3
263 336 2
273 336 2
275 336 3
276 336 2
277 336 1
283 336 1
284 336 1
285 336 1
290 336 1
291 336 2
292 336 2
303 336 2
305 336 1
312 336 3
317 336 1
318 336 1
322 336 3
327 336 1
328 336 1
333 336 3
336 336 3
338 336 2
341 336 1
342 336 3
343 336 3
344 336 1
345 336 1
346 336 3
351 336 1
352 336 2
357 336 2
359 336 3
360 336 3
361 336 1
366 336 2
367 336 1
368 336 2
369 336 3
373 336 1
374 336 1
375 336 1
377 336 2
378 336 2
382 336 1
384 336 3
388 336 2
392 336 3
394 336 1
396 336 3
400 336 1
404 336 2
406 336 1
407 336 2
409 336 1
410 336 3
411 336 2
414 336 1
417 336 3
423 336 3
427 336 3
428 336 3
430 336 1
439 336 2
446 336 2
448 336 1
451 336 1
453 336 1
455 336 1
462 336 2
463 336 3
466 336 1
474 336 3
477 336 1
478 336 1
482 336 1
485 336 2
493 336 3
494 336 2
497 336 1
498 336 2
501 336 1
505 336 1
510 336 2
511 336 3
521 336 2
522 336 3
523 336 1
524 336 2
525 336 1
526 336 1
527 336 1
530 336 1
531 336 1
534 336 3
537 336 3
551 336 3
555 336 1
557 336 1
559 336 1
560 336 2
561 336 2
566 336 2
567 336 1
568 336 3
569 336 3
572 336 2
575 336 3
577 336 1
578 336 2
579 336 2
581 336 2
582 336 3
583 336 2
584 336 3
586 336 3
587 336 3
588 336 3
589 336 1
593 336 2
595 336 3
597 336 2
602 336 1
610 336 1
615 336 3
620 336 2
622 336 2
623 336 3
625 336 3
628 336 1
634 336 3
637 336 3
638 336 2
645 336 3
649 336 1
650 336 1
651 336 2
657 336 3
658 336 3
659 336 1
663 336 2
672 336 2
676 336 1
677 336 1
686 336 2
688 336 1
691 336 3
695 336 3
704 336 3
708 336 3
711 336 2
719 336 1
723 336 1
726 336 2
727 336 2
729 336 3
730 336 2
735 336 3
748 336 1
754 336 3
755 336 1
757 336 2
758 336 2
760 336 1
762 336 2
766 336 1
767 336 3
