997 998 1
999 998 1
1 999 1
7 999 2
14 999 2
18 999 3
20 999 3
21 999 1
27 999 1
30 999 1
33 999 2
37 999 2
39 999 3
42 999 2
43 999 3
49 999 2
50 999 1
51 999 2
55 999 1
57 999 2
59 999 1
60 999 2
66 999 2
67 999 3
71 999 2
72 999 1
77 999 3
85 999 3
87 999 2
91 999 2
92 999 2
93 999 3
99 999 3
102 999 1
104 999 3
107 999 2
110 999 2
111 999 1
112 999 2
115 999 3
116 999 3
119 999 3
135 999 2
136 999 2
144 999 1
145 999 1
147 999 1
150 999 1
153 999 3
157 999 3
159 999 1
160 999 2
163 999 1
164 999 1
166 999 2
170 999 3
173 999 3
174 999 2
175 999 1
176 999 2
178 999 2
179 999 3
180 999 2
183 999 2
189 999 1
192 999 2
194 999 3
195 999 1
198 999 3
199 999 3
200 999 2
205 999 1
206 999 2
207 999 3
208 999 2
213 999 2
216 999 2
219 999 3
224 999 1
234 999 3
235 999 3
240 999 2
241 999 1
243 999 3
245 999 2
246 999 1
253 999 3
256 999 3
259 999 1
263 999 1
273 999 2
277 999 1
281 999 1
285 999 1
287 999 3
289 999 3
294 999 2
296 999 3
300 999 1
301 999 2
303 999 1
305 999 3
309 999 3
310 999 2
315 999 2
316 999 1
317 999 2
318 999 3
320 999 3
333 999 3
335 999 3
343 999 3
344 999 1
345 999 2
349 999 2
352 999 2
357 999 3
358 999 3
360 999 1
368 999 1
370 999 3
372 999 1
373 999 1
376 999 2
386 999 3
387 999 2
388 999 2
390 999 3
391 999 1
392 999 1
393 999 1
394 999 3
395 999 1
396 999 1
400 999 3
406 999 2
409 999 2
410 999 2
414 999 1
418 999 1
419 999 3
427 999 1
430 999 2
441 999 3
442 999 2
449 999 2
450 999 1
454 999 3
456 999 2
458 999 2
465 999 1
466 999 3
467 999 3
468 999 2
469 999 3
471 999 3
478 999 3
480 999 2
481 999 1
482 999 3
485 999 2
488 999 3
489 999 2
493 999 3
495 999 1
497 999 2
498 999 1
499 999 3
500 999 2
502 999 2
505 999 3
506 999 3
507 999 3
512 999 3
513 999 1
516 999 1
520 999 1
521 999 1
524 999 2
525 999 2
535 999 1
538 999 1
546 999 2
553 999 1
556 999 1
560 999 1
561 999 1
562 999 3
566 999 1
567 999 1
568 999 1
570 999 1
572 999 2
581 999 3
583 999 2
584 999 1
588 999 2
591 999 3
592 999 3
595 999 2
609 999 2
612 999 2
614 999 1
615 999 3
617 999 3
618 999 1
619 999 1
622 999 3
623 999 1
624 999 3
626 999 3
627 999 3
628 999 1
630 999 2
632 999 1
635 999 2
639 999 1
644 999 1
652 999 2
653 999 3
659 999 2
664 999 3
672 999 2
674 999 3
677 999 3
678 999 2
679 999 1
680 999 3
683 999 2
687 999 1
688 999 1
697 999 1
698 999 3
700 999 1
702 999 2
707 999 1
714 999 3
715 999 2
717 999 2
720 999 3
723 999 2
728 999 3
729 999 3
734 999 1
742 999 2
743 999 2
758 999 2
768 999 1
774 999 2
777 999 2
778 999 3
784 999 2
789 999 2
800 999 2
801 999 1
802 999 1
804 999 3
807 999 2
816 999 2
820 999 1
823 999 1
826 999 2
828 999 1
829 999 2
830 999 3
833 999 2
834 999 2
840 999 3
842 999 1
846 999 1
847 999 3
850 999 1
854 999 2
856 999 1
857 999 1
860 999 1
861 999 1
866 999 2
867 999 1
869 999 2
875 999 1
878 999 2
879 999 1
885 999 1
898 999 2
900 999 1
902 999 2
910 999 1
912 999 2
913 999 3
914 999 3
921 999 3
922 999 2
925 999 3
926 999 2
930 999 2
931 999 3
933 999 3
936 999 2
939 999 3
942 999 1
943 999 3
945 999 1
946 999 1
947 999 3
956 999 2
957 999 1
959 999 2
962 999 2
966 999 2
967 999 3
969 999 3
970 999 2
972 999 2
973 999 2
979 999 3
983 999 1
985 999 3
987 999 2
988 999 3
989 999 2
995 999 1
