702 594 2
703 594 3
707 594 2
710 594 3
711 594 3
712 594 1
713 594 1
716 594 1
717 594 2
718 594 1
719 594 3
720 594 3
723 594 3
726 594 3
728 594 1
732 594 2
736 594 1
740 594 3
741 594 1
754 594 2
755 594 3
763 594 1
769 594 2
771 594 3
774 594 3
776 594 3
778 594 3
785 594 3
789 594 2
790 594 3
793 594 1
798 594 3
801 594 2
806 594 1
809 594 3
824 594 1
827 594 3
828 594 1
833 594 3
835 594 3
836 594 1
843 594 3
846 594 1
848 594 1
851 594 1
854 594 1
860 594 1
873 594 3
881 594 2
888 594 3
896 594 2
898 594 2
900 594 2
901 594 1
902 594 3
907 594 1
908 594 3
914 594 1
927 594 2
928 594 3
932 594 1
936 594 2
942 594 3
945 594 3
949 594 2
950 594 2
952 594 2
954 594 1
955 594 3
957 594 2
959 594 1
961 594 3
962 594 2
970 594 1
971 594 2
973 594 3
974 594 3
976 594 3
978 594 3
983 594 2
985 594 3
988 594 2
989 594 3
991 594 3
994 594 3
997 594 2
998 594 1
1 595 3
2 595 2
3 595 1
6 595 1
7 595 2
9 595 2
10 595 3
11 595 3
13 595 2
15 595 3
17 595 1
18 595 3
19 595 3
25 595 2
26 595 2
27 595 2
28 595 3
31 595 3
35 595 1
37 595 2
39 595 1
40 595 2
41 595 1
42 595 3
44 595 3
53 595 3
61 595 1
62 595 3
63 595 1
64 595 2
68 595 2
69 595 1
70 595 1
71 595 2
75 595 3
79 595 3
80 595 3
85 595 3
89 595 3
90 595 2
92 595 2
93 595 1
94 595 2
99 595 2
102 595 2
104 595 1
105 595 2
107 595 2
109 595 3
117 595 3
118 595 1
123 595 3
125 595 1
126 595 1
129 595 3
133 595 3
137 595 3
148 595 3
150 595 3
151 595 1
158 595 3
163 595 2
164 595 1
167 595 3
172 595 3
175 595 2
177 595 2
178 595 2
182 595 1
195 595 3
197 595 1
202 595 1
204 595 1
209 595 2
213 595 2
215 595 1
218 595 2
220 595 2
224 595 2
227 595 3
228 595 1
230 595 1
235 595 2
238 595 2
242 595 1
245 595 1
247 595 1
249 595 1
258 595 1
261 595 1
263 595 2
269 595 3
270 595 2
274 595 3
280 595 3
292 595 3
295 595 1
296 595 1
297 595 2
301 595 1
304 595 2
311 595 2
323 595 1
326 595 3
328 595 2
337 595 3
338 595 1
339 595 3
347 595 3
348 595 2
349 595 1
350 595 3
353 595 1
356 595 3
357 595 3
361 595 3
362 595 1
365 595 1
369 595 1
370 595 1
373 595 1
374 595 2
376 595 2
377 595 1
380 595 2
382 595 3
386 595 2
387 595 1
391 595 2
393 595 3
395 595 3
396 595 3
398 595 2
403 595 2
407 595 2
408 595 2
411 595 3
412 595 1
413 595 2
414 595 2
416 595 2
422 595 3
425 595 3
432 595 2
434 595 2
437 595 3
443 595 1
444 595 3
446 595 3
449 595 1
454 595 1
455 595 2
457 595 3
458 595 1
464 595 1
470 595 3
479 595 1
483 595 3
484 595 1
490 595 3
491 595 2
493 595 3
496 595 2
498 595 1
499 595 1
505 595 1
507 595 3
510 595 2
515 595 1
516 595 2
517 595 1
521 595 1
525 595 3
526 595 2
529 595 3
538 595 3
539 595 3
543 595 2
548 595 1
552 595 1
554 595 2
556 595 1
557 595 2
560 595 1
561 595 3
567 595 2
569 595 3
570 595 3
572 595 2
579 595 3
580 595 2
581 595 1
583 595 3
589 595 2
590 595 1
592 595 2
594 595 2
595 595 3
597 595 2
609 595 3
615 595 2
617 595 3
620 595 1
625 595 1
628 595 3
629 595 3
630 595 3
632 595 2
633 595 1
636 595 2
637 595 3
639 595 3
641 595 2
643 595 3
644 595 2
645 595 2
647 595 1
651 595 2
652 595 1
661 595 2
662 595 3
663 595 3
667 595 3
669 595 1
674 595 3
675 595 2
684 595 3
685 595 2
688 595 3
690 595 1
693 595 2
697 595 3
704 595 2
706 595 3
710 595 2
711 595 2
715 595 1
716 595 1
720 595 2
722 595 3
723 595 2
727 595 2
729 595 3
731 595 3
733 595 1
734 595 3
735 595 2
736 595 3
738 595 2
740 595 3
742 595 1
745 595 2
748 595 2
750 595 2
752 595 2
754 595 3
758 595 2
763 595 1
764 595 3
765 595 2
767 595 1
770 595 3
772 595 1
774 595 2
777 595 1
779 595 1
783 595 2
784 595 1
786 595 2
793 595 3
798 595 1
799 595 2
801 595 2
808 595 2
810 595 1
815 595 2
820 595 1
821 595 1
822 595 2
824 595 1
826 595 3
827 595 1
828 595 3
829 595 1
837 595 2
840 595 3
841 595 1
844 595 1
846 595 3
850 595 2
851 595 2
853 595 2
857 595 2
858 595 3
863 595 1
865 595 1
866 595 3
871 595 1
874 595 1
875 595 3
877 595 2
885 595 3
886 595 1
893 595 3
894 595 3
896 595 3
901 595 3
903 595 2
904 595 1
910 595 2
912 595 3
914 595 1
918 595 3
920 595 3
931 595 3
934 595 3
935 595 1
939 595 1
942 595 3
948 595 3
950 595 3
951 595 2
953 595 1
955 595 1
957 595 3
961 595 2
962 595 1
963 595 1
966 595 2
967 595 3
969 595 1
970 595 1
972 595 3
974 595 3
977 595 1
987 595 2
990 595 2
991 595 2
992 595 1
993 595 3
999 595 1
1 596 2
2 596 1
3 596 1
5 596 1
6 596 2
11 596 3
12 596 1
15 596 1
20 596 3
22 596 2
27 596 2
28 596 3
32 596 3
33 596 2
34 596 1
36 596 3
40 596 3
43 596 2
44 596 1
46 596 1
47 596 1
50 596 1
52 596 1
54 596 2
55 596 1
59 596 1
64 596 3
67 596 3
69 596 2
72 596 3
73 596 3
75 596 1
76 596 1
80 596 2
81 596 1
87 596 3
89 596 1
90 596 3
93 596 2
95 596 1
97 596 1
98 596 3
104 596 3
105 596 1
107 596 1
108 596 2
111 596 2
114 596 3
115 596 3
116 596 1
117 596 2
123 596 1
124 596 2
132 596 2
136 596 1
138 596 1
140 596 2
148 596 2
149 596 3
151 596 3
153 596 3
155 596 2
157 596 2
160 596 1
162 596 3
171 596 3
172 596 2
178 596 1
179 596 3
182 596 3
183 596 1
185 596 1
186 596 2
190 596 3
198 596 3
204 596 2
210 596 3
211 596 3
213 596 2
219 596 3
221 596 2
225 596 3
227 596 1
231 596 3
234 596 3
235 596 3
242 596 2
247 596 3
254 596 1
255 596 2
257 596 1
258 596 1
259 596 1
260 596 2
261 596 2
262 596 2
272 596 3
273 596 2
274 596 3
275 596 1
277 596 1
282 596 1
283 596 3
287 596 2
288 596 1
290 596 1
293 596 1
300 596 3
303 596 1
305 596 1
306 596 3
308 596 1
319 596 2
324 596 1
325 596 1
326 596 1
327 596 3
328 596 1
331 596 2
334 596 2
335 596 3
336 596 2
339 596 2
347 596 3
358 596 2
359 596 2
362 596 1
363 596 2
367 596 3
368 596 1
372 596 2
374 596 2
375 596 1
376 596 1
384 596 3
392 596 3
404 596 3
412 596 1
416 596 3
418 596 1
419 596 3
423 596 2
424 596 2
427 596 3
428 596 3
430 596 3
435 596 1
436 596 3
437 596 3
438 596 1
441 596 3
442 596 1
444 596 1
447 596 1
450 596 1
453 596 2
457 596 1
458 596 3
459 596 2
462 596 3
473 596 2
478 596 1
481 596 2
482 596 3
484 596 2
485 596 3
486 596 3
488 596 2
489 596 2
491 596 3
495 596 1
508 596 2
509 596 3
514 596 1
516 596 3
518 596 1
520 596 3
521 596 1
522 596 1
523 596 3
525 596 3
526 596 1
529 596 2
530 596 3
531 596 3
534 596 3
535 596 2
536 596 1
538 596 3
541 596 2
542 596 2
544 596 1
551 596 2
552 596 3
553 596 3
554 596 1
557 596 1
558 596 3
567 596 2
568 596 3
569 596 3
570 596 1
572 596 2
577 596 2
578 596 2
579 596 2
583 596 1
584 596 3
586 596 2
590 596 3
597 596 3
598 596 3
599 596 1
603 596 2
609 596 3
613 596 1
615 596 2
621 596 3
624 596 3
625 596 3
626 596 3
627 596 2
635 596 3
638 596 2
639 596 3
641 596 2
646 596 1
649 596 2
652 596 2
658 596 3
666 596 3
669 596 2
674 596 1
679 596 3
681 596 2
682 596 3
683 596 3
685 596 2
