745 109 3
750 109 2
751 109 2
754 109 3
755 109 2
760 109 2
766 109 2
769 109 1
770 109 2
772 109 2
773 109 2
778 109 1
783 109 2
788 109 2
792 109 3
800 109 2
807 109 1
808 109 1
810 109 2
811 109 3
812 109 3
815 109 1
820 109 2
823 109 3
824 109 3
828 109 3
831 109 1
832 109 3
833 109 2
840 109 1
842 109 2
852 109 2
854 109 1
856 109 1
857 109 1
859 109 1
862 109 1
863 109 3
869 109 1
870 109 1
879 109 3
880 109 1
881 109 2
884 109 2
886 109 2
888 109 3
890 109 1
892 109 3
893 109 1
894 109 3
900 109 3
902 109 3
904 109 2
906 109 1
910 109 3
911 109 1
913 109 2
914 109 2
915 109 2
916 109 2
918 109 3
927 109 2
928 109 3
931 109 3
937 109 3
940 109 1
942 109 1
954 109 2
955 109 1
958 109 2
961 109 3
966 109 1
971 109 2
974 109 3
975 109 3
977 109 1
982 109 2
983 109 2
989 109 1
990 109 3
991 109 2
996 109 1
999 109 1
4 110 1
10 110 2
16 110 1
19 110 1
20 110 2
24 110 3
26 110 2
33 110 2
36 110 3
38 110 3
42 110 3
45 110 2
53 110 2
54 110 1
58 110 2
59 110 2
60 110 2
67 110 1
72 110 1
73 110 2
77 110 3
79 110 1
80 110 2
84 110 3
86 110 3
90 110 1
93 110 2
98 110 1
99 110 1
101 110 2
102 110 3
104 110 2
105 110 1
107 110 1
108 110 2
111 110 2
112 110 1
117 110 3
118 110 3
122 110 2
125 110 3
126 110 2
129 110 2
131 110 1
133 110 3
134 110 3
135 110 1
136 110 1
137 110 1
142 110 3
144 110 1
146 110 2
148 110 1
150 110 1
152 110 1
154 110 2
156 110 1
157 110 3
159 110 3
162 110 2
167 110 1
168 110 2
175 110 3
178 110 3
183 110 3
188 110 3
190 110 2
191 110 1
194 110 2
206 110 1
207 110 3
208 110 1
210 110 2
213 110 1
215 110 1
217 110 3
218 110 3
222 110 2
224 110 2
228 110 2
231 110 2
236 110 2
241 110 2
244 110 2
247 110 2
250 110 3
251 110 3
253 110 1
258 110 2
262 110 2
264 110 3
272 110 3
273 110 2
275 110 3
276 110 1
282 110 3
284 110 1
288 110 1
290 110 1
291 110 1
301 110 3
303 110 2
306 110 1
310 110 3
311 110 2
312 110 1
315 110 3
319 110 3
321 110 1
324 110 1
326 110 3
330 110 3
332 110 2
334 110 2
336 110 3
338 110 1
345 110 3
347 110 2
348 110 1
350 110 2
351 110 3
365 110 1
367 110 2
369 110 1
372 110 2
377 110 3
380 110 1
384 110 3
386 110 3
389 110 2
390 110 1
391 110 1
392 110 1
393 110 2
397 110 3
399 110 1
402 110 1
405 110 2
406 110 2
407 110 2
408 110 2
409 110 2
411 110 2
412 110 3
415 110 2
418 110 1
419 110 1
424 110 3
426 110 1
434 110 2
435 110 2
441 110 3
443 110 3
444 110 3
445 110 3
451 110 1
456 110 2
460 110 3
462 110 1
463 110 2
465 110 1
467 110 3
471 110 3
472 110 3
475 110 2
476 110 3
483 110 1
487 110 1
499 110 3
500 110 1
511 110 2
523 110 2
524 110 2
533 110 2
534 110 2
535 110 2
538 110 2
540 110 3
541 110 2
543 110 1
544 110 1
545 110 1
547 110 1
551 110 3
554 110 3
555 110 1
556 110 3
557 110 1
558 110 1
565 110 3
574 110 2
576 110 2
578 110 3
582 110 3
587 110 1
589 110 3
595 110 3
597 110 3
599 110 3
602 110 1
604 110 1
607 110 2
608 110 2
617 110 3
618 110 3
620 110 3
627 110 1
629 110 2
630 110 1
632 110 1
633 110 1
634 110 1
636 110 3
637 110 1
638 110 2
641 110 1
642 110 2
643 110 2
647 110 3
648 110 3
649 110 2
654 110 3
662 110 3
673 110 3
676 110 3
678 110 3
680 110 2
681 110 1
684 110 3
686 110 2
688 110 2
693 110 1
694 110 1
697 110 1
699 110 3
701 110 2
702 110 2
704 110 3
707 110 2
711 110 3
713 110 2
714 110 3
719 110 1
720 110 2
721 110 1
723 110 2
725 110 3
727 110 2
728 110 3
729 110 3
730 110 1
731 110 3
740 110 2
742 110 3
744 110 3
746 110 2
752 110 3
753 110 1
755 110 1
757 110 3
758 110 3
762 110 3
765 110 3
768 110 1
771 110 1
772 110 2
774 110 1
775 110 1
776 110 1
780 110 2
785 110 2
786 110 3
788 110 1
790 110 1
793 110 1
794 110 1
795 110 2
801 110 2
811 110 1
818 110 1
822 110 3
823 110 2
824 110 3
826 110 1
827 110 1
830 110 3
832 110 2
833 110 2
836 110 1
837 110 2
839 110 1
843 110 3
844 110 3
850 110 3
855 110 1
860 110 1
867 110 2
875 110 1
876 110 2
877 110 3
882 110 1
886 110 1
887 110 2
889 110 3
890 110 3
893 110 2
895 110 2
896 110 1
898 110 1
901 110 2
904 110 3
905 110 3
906 110 3
913 110 1
916 110 1
917 110 3
921 110 1
925 110 1
926 110 1
928 110 2
932 110 2
933 110 3
934 110 1
938 110 3
940 110 1
941 110 3
944 110 2
945 110 1
947 110 1
949 110 1
950 110 1
951 110 3
955 110 3
962 110 1
967 110 3
968 110 3
970 110 1
971 110 2
972 110 1
975 110 1
976 110 2
984 110 2
988 110 2
989 110 3
991 110 2
993 110 3
994 110 1
995 110 1
997 110 2
1 111 2
8 111 1
11 111 1
12 111 3
17 111 3
19 111 2
21 111 3
22 111 3
25 111 1
30 111 2
32 111 2
36 111 3
42 111 1
45 111 3
47 111 2
53 111 2
54 111 1
55 111 2
56 111 2
59 111 1
61 111 2
63 111 1
65 111 3
72 111 2
73 111 3
75 111 3
76 111 3
78 111 3
80 111 2
83 111 1
84 111 1
94 111 1
95 111 3
98 111 2
100 111 2
106 111 2
109 111 2
111 111 1
112 111 1
114 111 3
123 111 1
124 111 2
126 111 2
128 111 2
131 111 1
133 111 1
135 111 2
137 111 2
138 111 3
150 111 2
151 111 2
155 111 1
156 111 3
160 111 2
162 111 1
164 111 3
168 111 1
169 111 2
170 111 1
177 111 2
185 111 3
192 111 3
193 111 2
196 111 2
198 111 3
201 111 1
205 111 3
210 111 2
211 111 3
215 111 1
219 111 1
226 111 2
227 111 1
230 111 3
237 111 3
238 111 3
241 111 2
242 111 3
243 111 2
248 111 2
249 111 3
251 111 1
253 111 3
255 111 3
256 111 3
259 111 2
270 111 1
273 111 3
276 111 2
277 111 3
279 111 2
281 111 2
286 111 3
287 111 2
288 111 1
291 111 3
300 111 3
303 111 2
304 111 2
305 111 3
308 111 2
311 111 2
322 111 2
326 111 1
327 111 1
330 111 1
331 111 2
333 111 3
336 111 2
339 111 3
343 111 1
345 111 1
346 111 2
347 111 3
351 111 1
354 111 3
356 111 3
357 111 2
358 111 2
362 111 2
364 111 3
367 111 1
371 111 2
375 111 1
377 111 2
383 111 3
386 111 2
387 111 1
388 111 1
389 111 2
392 111 1
395 111 2
397 111 3
402 111 3
404 111 1
405 111 2
406 111 1
408 111 3
414 111 3
416 111 1
417 111 3
419 111 2
424 111 1
425 111 3
427 111 3
428 111 2
437 111 1
438 111 1
439 111 2
443 111 2
448 111 1
452 111 1
460 111 2
463 111 1
465 111 1
467 111 3
468 111 2
470 111 3
474 111 3
476 111 1
477 111 3
479 111 3
482 111 3
483 111 2
488 111 3
494 111 2
497 111 3
501 111 2
502 111 2
511 111 3
512 111 1
517 111 1
518 111 2
521 111 3
522 111 2
523 111 3
524 111 2
525 111 2
527 111 1
528 111 1
531 111 3
535 111 3
536 111 2
537 111 1
539 111 2
542 111 3
544 111 1
549 111 2
550 111 1
551 111 1
557 111 1
558 111 3
561 111 1
562 111 2
563 111 3
569 111 3
570 111 1
574 111 2
579 111 2
585 111 3
586 111 3
587 111 1
589 111 1
591 111 3
595 111 3
596 111 3
598 111 3
609 111 3
611 111 1
614 111 1
616 111 3
623 111 1
629 111 3
630 111 1
633 111 2
641 111 1
645 111 2
647 111 3
648 111 3
649 111 1
650 111 3
657 111 2
658 111 1
665 111 3
666 111 1
668 111 3
669 111 1
670 111 2
675 111 2
682 111 3
684 111 2
685 111 3
689 111 1
690 111 3
