174 732 1
180 732 3
182 732 2
184 732 1
187 732 3
197 732 2
201 732 2
202 732 1
203 732 3
208 732 3
209 732 3
212 732 2
217 732 1
220 732 2
221 732 3
223 732 1
229 732 2
231 732 1
240 732 1
241 732 2
242 732 3
247 732 2
249 732 2
250 732 3
251 732 1
256 732 1
258 732 1
264 732 3
270 732 1
274 732 3
277 732 1
279 732 3
288 732 1
290 732 3
292 732 3
293 732 1
296 732 2
298 732 1
304 732 1
307 732 2
312 732 2
313 732 1
318 732 1
320 732 3
322 732 2
326 732 3
328 732 3
331 732 2
332 732 2
333 732 1
342 732 1
343 732 2
345 732 3
346 732 1
356 732 2
383 732 1
385 732 3
392 732 2
394 732 3
402 732 2
403 732 3
410 732 1
415 732 3
416 732 1
420 732 3
423 732 2
426 732 1
430 732 2
432 732 2
433 732 3
439 732 1
443 732 1
444 732 3
446 732 2
449 732 1
450 732 3
453 732 2
459 732 3
461 732 3
462 732 1
465 732 1
466 732 3
475 732 3
477 732 2
480 732 3
483 732 1
489 732 1
494 732 3
498 732 2
499 732 2
501 732 2
504 732 2
510 732 3
514 732 2
515 732 1
518 732 3
520 732 2
522 732 1
527 732 2
528 732 1
529 732 1
530 732 3
538 732 3
540 732 1
544 732 2
545 732 1
546 732 2
548 732 3
549 732 2
553 732 1
555 732 1
561 732 1
563 732 1
567 732 3
572 732 3
575 732 3
578 732 2
582 732 2
589 732 3
592 732 1
596 732 2
597 732 1
599 732 1
601 732 2
603 732 2
609 732 1
613 732 1
618 732 1
624 732 3
626 732 1
632 732 3
633 732 1
634 732 2
641 732 2
642 732 2
643 732 3
644 732 3
645 732 3
646 732 3
647 732 1
648 732 1
649 732 2
657 732 2
658 732 1
659 732 1
661 732 3
669 732 3
672 732 3
675 732 2
677 732 3
678 732 1
682 732 2
689 732 2
692 732 1
693 732 3
694 732 3
703 732 1
704 732 1
705 732 1
710 732 2
712 732 1
718 732 1
719 732 1
724 732 2
725 732 2
726 732 1
727 732 2
728 732 2
730 732 2
737 732 2
738 732 3
739 732 3
741 732 3
749 732 3
750 732 3
751 732 1
752 732 3
755 732 3
760 732 1
762 732 3
763 732 1
765 732 2
775 732 3
776 732 2
782 732 1
784 732 1
786 732 1
790 732 3
791 732 3
792 732 1
793 732 3
799 732 1
807 732 1
808 732 1
812 732 3
813 732 2
818 732 3
820 732 3
821 732 2
822 732 3
823 732 3
824 732 1
825 732 1
827 732 1
833 732 3
834 732 3
835 732 2
836 732 1
839 732 2
845 732 1
848 732 3
850 732 2
851 732 1
861 732 1
863 732 1
866 732 3
867 732 2
869 732 2
870 732 1
871 732 1
875 732 2
876 732 1
877 732 2
878 732 3
883 732 3
884 732 1
887 732 1
892 732 1
895 732 1
896 732 3
897 732 3
902 732 2
903 732 3
905 732 3
906 732 2
909 732 3
918 732 2
920 732 3
922 732 2
926 732 2
929 732 2
930 732 1
934 732 2
937 732 2
941 732 1
942 732 2
944 732 1
946 732 2
950 732 3
951 732 2
955 732 2
959 732 3
965 732 1
967 732 2
968 732 1
971 732 1
973 732 2
974 732 3
977 732 2
978 732 1
983 732 3
985 732 1
986 732 2
993 732 1
996 732 3
998 732 3
6 733 3
13 733 3
16 733 1
20 733 1
25 733 3
30 733 2
31 733 1
34 733 1
36 733 1
38 733 1
39 733 2
40 733 2
43 733 1
44 733 3
46 733 1
47 733 3
49 733 2
51 733 1
55 733 2
61 733 3
64 733 2
65 733 1
66 733 1
69 733 1
81 733 2
83 733 1
86 733 2
89 733 3
91 733 1
92 733 3
95 733 3
96 733 2
98 733 3
99 733 1
101 733 2
107 733 1
109 733 2
111 733 2
112 733 3
115 733 2
116 733 1
120 733 2
123 733 2
129 733 1
130 733 2
132 733 2
135 733 1
141 733 2
142 733 2
144 733 3
145 733 1
147 733 1
149 733 3
150 733 3
152 733 3
153 733 3
154 733 3
157 733 1
160 733 1
163 733 1
166 733 2
167 733 2
170 733 2
172 733 1
173 733 2
179 733 3
181 733 3
184 733 2
185 733 1
196 733 2
198 733 1
203 733 1
206 733 2
209 733 1
210 733 1
211 733 3
212 733 1
213 733 1
219 733 1
225 733 2
227 733 2
229 733 2
232 733 3
237 733 2
241 733 2
242 733 1
246 733 3
247 733 1
249 733 1
253 733 2
255 733 1
260 733 3
274 733 1
275 733 2
276 733 3
278 733 2
280 733 3
282 733 3
283 733 1
285 733 3
288 733 3
291 733 1
293 733 3
294 733 3
301 733 3
303 733 3
308 733 2
309 733 2
311 733 3
315 733 3
316 733 1
318 733 2
321 733 2
322 733 3
325 733 1
331 733 2
333 733 2
337 733 2
339 733 2
341 733 3
344 733 1
346 733 1
348 733 3
351 733 3
352 733 3
354 733 3
357 733 3
359 733 3
361 733 2
366 733 3
373 733 1
379 733 3
381 733 2
382 733 1
385 733 2
386 733 2
388 733 1
396 733 3
403 733 1
404 733 3
405 733 3
408 733 1
409 733 3
410 733 3
415 733 3
416 733 3
419 733 2
420 733 2
423 733 3
425 733 1
429 733 1
431 733 3
432 733 1
433 733 3
436 733 2
439 733 1
440 733 2
441 733 3
444 733 3
447 733 1
448 733 2
449 733 3
471 733 3
473 733 2
477 733 1
481 733 1
493 733 3
494 733 2
500 733 1
503 733 1
505 733 2
507 733 2
511 733 2
517 733 3
518 733 2
520 733 2
522 733 3
525 733 3
526 733 2
527 733 3
528 733 2
530 733 3
535 733 2
544 733 3
554 733 3
555 733 3
559 733 1
563 733 2
567 733 1
568 733 1
572 733 1
574 733 3
575 733 3
577 733 1
579 733 1
582 733 3
588 733 2
590 733 2
591 733 3
596 733 1
603 733 1
604 733 2
607 733 2
615 733 3
622 733 2
623 733 1
627 733 2
638 733 1
640 733 1
641 733 1
642 733 3
650 733 3
653 733 1
657 733 2
658 733 3
662 733 3
665 733 1
679 733 2
681 733 2
684 733 2
694 733 2
696 733 1
708 733 3
710 733 3
723 733 3
724 733 3
726 733 1
728 733 2
730 733 3
731 733 1
733 733 1
735 733 3
736 733 1
741 733 1
743 733 2
744 733 2
745 733 3
748 733 2
751 733 1
755 733 3
757 733 1
762 733 1
763 733 1
766 733 1
768 733 3
770 733 3
774 733 2
775 733 3
779 733 3
780 733 1
785 733 1
788 733 1
789 733 1
791 733 2
794 733 1
796 733 2
798 733 2
799 733 1
800 733 2
802 733 3
803 733 1
804 733 3
808 733 3
810 733 2
811 733 2
813 733 3
814 733 3
815 733 1
818 733 2
823 733 2
824 733 1
825 733 3
828 733 3
837 733 2
840 733 1
843 733 1
847 733 3
849 733 1
852 733 1
858 733 1
860 733 3
865 733 2
868 733 2
874 733 3
877 733 2
879 733 2
883 733 2
887 733 1
888 733 2
893 733 1
894 733 1
896 733 1
897 733 2
898 733 2
901 733 1
904 733 2
912 733 1
913 733 1
917 733 2
919 733 1
921 733 1
926 733 3
929 733 3
930 733 3
939 733 2
941 733 3
942 733 3
945 733 1
949 733 3
952 733 3
955 733 2
956 733 1
958 733 1
960 733 2
965 733 3
966 733 2
970 733 3
977 733 1
978 733 2
979 733 1
980 733 2
983 733 1
987 733 1
989 733 1
991 733 1
992 733 3
994 733 3
995 733 1
997 733 3
999 733 1
1 734 2
3 734 1
6 734 1
7 734 3
8 734 2
10 734 3
11 734 1
14 734 3
15 734 2
19 734 1
20 734 2
22 734 1
23 734 1
25 734 3
26 734 3
28 734 2
31 734 3
33 734 2
35 734 2
36 734 1
37 734 3
42 734 3
47 734 3
51 734 3
56 734 2
58 734 2
59 734 1
61 734 1
63 734 2
66 734 1
67 734 1
68 734 2
72 734 1
76 734 2
81 734 3
100 734 1
106 734 2
110 734 1
112 734 3
116 734 2
118 734 3
119 734 2
122 734 3
124 734 1
125 734 2
127 734 3
128 734 3
132 734 2
137 734 2
138 734 1
141 734 3
142 734 1
144 734 1
146 734 1
150 734 2
154 734 2
155 734 1
158 734 1
161 734 2
164 734 1
167 734 1
168 734 3
174 734 2
181 734 3
184 734 1
186 734 3
188 734 2
189 734 1
191 734 3
193 734 2
