12 8 1
16 8 2
18 8 1
21 8 2
25 8 2
29 8 2
31 8 2
35 8 1
38 8 3
39 8 1
40 8 3
43 8 3
45 8 1
47 8 1
52 8 3
54 8 1
55 8 3
57 8 3
58 8 2
59 8 1
64 8 3
67 8 2
74 8 2
75 8 2
77 8 1
78 8 1
85 8 1
87 8 2
88 8 2
92 8 3
96 8 3
104 8 2
108 8 1
114 8 1
115 8 3
117 8 1
120 8 2
121 8 3
122 8 3
123 8 2
125 8 1
127 8 2
128 8 2
129 8 1
130 8 1
132 8 2
133 8 2
135 8 2
136 8 2
139 8 3
143 8 1
144 8 1
146 8 2
147 8 1
148 8 2
149 8 3
151 8 1
158 8 3
161 8 3
164 8 2
166 8 3
170 8 1
176 8 1
177 8 1
178 8 1
180 8 1
181 8 3
184 8 2
187 8 1
189 8 2
199 8 1
200 8 1
203 8 3
206 8 1
208 8 1
210 8 1
211 8 2
219 8 1
225 8 2
227 8 2
228 8 2
230 8 3
232 8 3
236 8 1
240 8 3
241 8 2
242 8 1
245 8 3
247 8 2
250 8 1
252 8 3
253 8 1
261 8 1
264 8 3
265 8 2
273 8 1
275 8 1
278 8 1
284 8 2
286 8 3
287 8 3
290 8 3
295 8 1
297 8 1
301 8 3
304 8 2
308 8 2
310 8 2
314 8 2
319 8 2
321 8 1
323 8 3
331 8 2
333 8 2
334 8 1
337 8 1
339 8 2
340 8 1
342 8 3
343 8 1
347 8 3
348 8 3
357 8 2
358 8 2
359 8 2
360 8 1
363 8 1
366 8 1
367 8 1
372 8 3
373 8 3
376 8 3
377 8 3
379 8 2
380 8 2
383 8 3
387 8 2
389 8 1
390 8 3
391 8 3
393 8 2
400 8 1
409 8 2
410 8 2
417 8 2
418 8 3
425 8 2
428 8 2
429 8 2
434 8 3
444 8 3
446 8 2
447 8 1
448 8 3
449 8 3
454 8 1
455 8 2
459 8 2
466 8 2
467 8 1
468 8 3
471 8 2
472 8 3
473 8 2
474 8 3
476 8 2
479 8 3
487 8 1
488 8 1
489 8 1
495 8 3
496 8 3
497 8 1
500 8 1
506 8 3
508 8 2
513 8 1
515 8 2
517 8 2
520 8 2
523 8 2
525 8 1
527 8 2
528 8 2
531 8 2
536 8 3
540 8 1
542 8 2
543 8 3
547 8 1
549 8 2
552 8 1
554 8 3
555 8 1
557 8 3
560 8 3
561 8 2
562 8 3
567 8 1
568 8 1
572 8 1
573 8 3
577 8 1
579 8 1
580 8 2
582 8 1
587 8 3
588 8 1
593 8 2
594 8 1
595 8 3
601 8 3
604 8 2
607 8 2
608 8 1
613 8 1
614 8 1
616 8 2
622 8 3
623 8 3
625 8 3
627 8 3
631 8 2
638 8 1
640 8 2
648 8 3
649 8 1
650 8 1
654 8 3
662 8 3
668 8 1
670 8 2
671 8 1
673 8 2
675 8 1
677 8 2
680 8 3
683 8 1
684 8 1
695 8 1
696 8 1
698 8 3
700 8 2
701 8 2
703 8 3
705 8 2
706 8 3
712 8 2
715 8 2
718 8 2
719 8 1
720 8 1
729 8 1
733 8 1
742 8 3
743 8 3
744 8 3
745 8 1
747 8 2
748 8 3
752 8 3
753 8 3
755 8 1
756 8 1
759 8 1
765 8 2
766 8 2
767 8 1
771 8 2
774 8 3
784 8 1
785 8 2
786 8 3
788 8 1
792 8 2
793 8 1
794 8 1
795 8 2
796 8 3
797 8 2
798 8 2
800 8 3
803 8 3
805 8 3
807 8 3
813 8 1
821 8 1
824 8 2
829 8 3
831 8 2
835 8 3
836 8 2
839 8 2
841 8 3
847 8 3
852 8 2
853 8 1
861 8 2
869 8 1
871 8 1
879 8 2
881 8 2
883 8 2
885 8 3
889 8 1
890 8 2
897 8 3
898 8 2
902 8 3
911 8 2
912 8 3
914 8 3
915 8 3
919 8 2
920 8 1
922 8 3
923 8 2
925 8 2
928 8 2
932 8 1
937 8 1
947 8 3
948 8 3
951 8 1
953 8 2
954 8 1
957 8 3
959 8 1
969 8 3
971 8 1
973 8 3
975 8 2
980 8 1
981 8 2
989 8 1
991 8 2
996 8 1
997 8 2
998 8 2
0 9 3
4 9 2
7 9 3
10 9 3
13 9 2
14 9 3
15 9 2
18 9 2
19 9 3
22 9 3
23 9 2
25 9 1
27 9 2
29 9 3
30 9 3
33 9 3
34 9 2
35 9 1
39 9 2
42 9 3
48 9 3
50 9 3
51 9 3
53 9 3
55 9 3
57 9 2
58 9 1
59 9 3
62 9 2
67 9 2
70 9 2
73 9 3
78 9 2
85 9 3
88 9 3
89 9 1
90 9 2
93 9 3
94 9 3
97 9 2
101 9 1
111 9 1
125 9 2
127 9 3
131 9 1
132 9 1
133 9 2
135 9 1
136 9 2
140 9 2
143 9 1
147 9 2
148 9 1
158 9 3
160 9 1
163 9 3
169 9 1
173 9 1
181 9 2
184 9 1
185 9 3
191 9 2
194 9 1
197 9 3
198 9 2
200 9 3
202 9 2
207 9 1
208 9 3
214 9 3
216 9 1
217 9 1
220 9 1
229 9 1
231 9 2
232 9 1
234 9 1
236 9 1
239 9 1
240 9 1
242 9 1
245 9 1
246 9 2
248 9 1
251 9 1
257 9 1
266 9 3
268 9 1
275 9 2
281 9 1
285 9 2
287 9 2
288 9 3
296 9 1
299 9 3
300 9 3
301 9 3
305 9 3
310 9 3
312 9 1
313 9 3
315 9 1
316 9 1
318 9 1
320 9 1
327 9 1
330 9 2
337 9 2
339 9 2
340 9 1
341 9 1
342 9 2
344 9 3
346 9 2
347 9 1
352 9 2
353 9 2
355 9 2
357 9 3
358 9 1
359 9 2
360 9 1
361 9 2
368 9 2
369 9 2
370 9 2
372 9 3
374 9 1
376 9 3
378 9 2
379 9 1
384 9 3
391 9 3
395 9 1
397 9 3
398 9 1
399 9 3
402 9 2
403 9 3
415 9 3
421 9 2
431 9 3
432 9 1
434 9 2
441 9 1
443 9 2
445 9 1
448 9 1
451 9 1
455 9 2
463 9 3
473 9 1
474 9 3
475 9 1
476 9 1
478 9 2
479 9 3
480 9 2
481 9 1
485 9 3
486 9 3
490 9 3
491 9 1
493 9 2
504 9 1
509 9 2
510 9 2
512 9 1
513 9 3
520 9 1
521 9 1
524 9 2
526 9 2
533 9 1
534 9 1
537 9 2
540 9 3
546 9 2
551 9 2
556 9 3
557 9 2
560 9 1
561 9 1
562 9 1
565 9 3
567 9 2
569 9 3
571 9 3
573 9 1
576 9 2
578 9 1
583 9 1
584 9 1
592 9 3
593 9 2
594 9 2
595 9 2
597 9 1
600 9 3
604 9 2
605 9 1
607 9 1
609 9 1
616 9 1
621 9 2
622 9 1
623 9 2
630 9 3
631 9 3
632 9 2
640 9 2
643 9 1
644 9 2
646 9 3
647 9 1
648 9 3
649 9 1
651 9 2
655 9 3
656 9 2
658 9 2
663 9 3
664 9 1
667 9 2
672 9 1
681 9 1
683 9 2
684 9 2
685 9 1
687 9 1
693 9 3
697 9 1
700 9 2
702 9 2
703 9 1
706 9 2
707 9 3
711 9 2
719 9 3
721 9 3
723 9 1
727 9 1
730 9 3
732 9 3
733 9 1
734 9 3
737 9 3
743 9 2
748 9 2
752 9 2
754 9 1
756 9 1
761 9 1
762 9 1
767 9 2
768 9 3
776 9 3
782 9 1
783 9 1
787 9 2
793 9 1
798 9 1
799 9 2
800 9 1
806 9 1
808 9 2
811 9 1
813 9 1
814 9 3
815 9 2
818 9 3
821 9 3
824 9 3
825 9 2
826 9 3
827 9 1
830 9 1
835 9 1
837 9 2
839 9 1
850 9 2
852 9 1
853 9 3
855 9 2
856 9 3
862 9 1
863 9 2
867 9 3
872 9 3
874 9 1
878 9 2
884 9 2
886 9 2
887 9 2
891 9 1
894 9 2
895 9 2
898 9 3
900 9 1
902 9 2
906 9 3
907 9 2
908 9 1
909 9 2
912 9 2
914 9 1
916 9 2
918 9 3
921 9 2
937 9 2
943 9 3
944 9 2
952 9 1
964 9 2
975 9 2
978 9 1
980 9 2
984 9 2
985 9 3
986 9 3
991 9 1
994 9 3
996 9 3
0 10 3
3 10 3
6 10 3
12 10 2
