333 450 2
335 450 2
336 450 2
337 450 1
338 450 2
341 450 2
343 450 1
357 450 1
361 450 1
362 450 2
364 450 2
365 450 1
368 450 1
370 450 1
373 450 3
374 450 2
376 450 1
380 450 2
382 450 1
384 450 1
387 450 3
388 450 3
391 450 1
392 450 2
394 450 3
397 450 3
401 450 2
403 450 1
405 450 2
407 450 2
409 450 3
410 450 2
413 450 3
418 450 1
428 450 3
433 450 2
434 450 3
435 450 3
436 450 3
437 450 1
438 450 2
440 450 3
442 450 1
447 450 3
448 450 2
454 450 1
461 450 2
462 450 1
475 450 2
476 450 2
480 450 1
483 450 1
485 450 2
489 450 3
490 450 2
492 450 1
493 450 1
495 450 1
497 450 3
498 450 3
499 450 3
502 450 1
503 450 2
504 450 1
505 450 2
507 450 2
511 450 1
512 450 1
515 450 2
521 450 3
524 450 1
526 450 1
527 450 2
532 450 3
539 450 2
540 450 3
541 450 1
544 450 2
545 450 1
548 450 2
552 450 2
558 450 2
560 450 3
561 450 1
562 450 3
565 450 1
566 450 3
569 450 1
572 450 1
574 450 3
578 450 3
579 450 3
580 450 2
582 450 3
583 450 3
585 450 3
594 450 1
595 450 1
598 450 3
599 450 3
600 450 3
603 450 1
612 450 3
614 450 2
615 450 3
616 450 2
620 450 2
627 450 3
632 450 3
633 450 3
635 450 3
642 450 3
643 450 2
649 450 2
654 450 1
655 450 1
662 450 3
663 450 3
664 450 1
666 450 2
668 450 1
670 450 3
676 450 3
678 450 1
684 450 3
692 450 2
697 450 3
710 450 1
716 450 2
717 450 1
719 450 2
720 450 2
722 450 2
723 450 1
725 450 2
729 450 3
730 450 2
731 450 3
734 450 2
735 450 2
736 450 2
739 450 3
746 450 3
756 450 2
759 450 1
763 450 1
764 450 2
766 450 1
768 450 1
769 450 1
770 450 2
772 450 1
773 450 1
781 450 3
782 450 2
786 450 3
795 450 2
802 450 3
803 450 2
805 450 2
812 450 1
813 450 3
815 450 3
817 450 2
818 450 2
822 450 3
823 450 2
828 450 3
829 450 3
836 450 2
842 450 3
845 450 3
850 450 3
851 450 1
852 450 2
855 450 1
862 450 3
866 450 1
869 450 3
870 450 2
871 450 1
875 450 1
877 450 1
883 450 1
885 450 1
888 450 3
897 450 1
898 450 3
900 450 3
905 450 2
906 450 1
908 450 2
910 450 3
916 450 1
917 450 2
930 450 3
944 450 1
946 450 2
950 450 2
953 450 2
954 450 3
955 450 1
956 450 1
957 450 3
959 450 3
962 450 2
963 450 3
967 450 2
969 450 2
970 450 1
971 450 1
974 450 1
977 450 2
978 450 3
980 450 2
991 450 2
993 450 3
994 450 2
999 450 2
3 451 1
4 451 2
5 451 1
6 451 1
8 451 2
9 451 2
10 451 2
20 451 2
21 451 1
24 451 1
27 451 2
29 451 3
30 451 1
33 451 2
35 451 1
37 451 2
40 451 1
41 451 3
43 451 1
44 451 1
45 451 3
46 451 2
54 451 1
55 451 1
60 451 3
61 451 3
65 451 1
66 451 2
67 451 2
68 451 2
70 451 1
71 451 3
74 451 3
80 451 2
86 451 2
87 451 2
88 451 1
89 451 2
97 451 3
100 451 3
105 451 1
107 451 3
108 451 1
111 451 1
115 451 3
118 451 1
120 451 2
121 451 2
124 451 1
129 451 3
138 451 3
144 451 1
145 451 3
153 451 1
158 451 2
160 451 1
161 451 2
165 451 1
166 451 3
168 451 2
174 451 2
178 451 2
179 451 2
184 451 1
185 451 1
186 451 3
188 451 3
189 451 1
197 451 2
198 451 2
201 451 3
202 451 3
204 451 3
207 451 3
210 451 3
211 451 3
214 451 3
221 451 3
222 451 3
223 451 3
224 451 1
228 451 1
233 451 2
234 451 2
235 451 2
238 451 3
241 451 1
243 451 3
245 451 3
251 451 2
253 451 1
256 451 1
267 451 3
268 451 2
269 451 3
272 451 1
275 451 1
277 451 1
278 451 3
281 451 1
284 451 1
285 451 1
286 451 3
287 451 2
289 451 2
293 451 3
295 451 3
299 451 1
305 451 2
310 451 1
311 451 2
313 451 3
315 451 2
316 451 3
317 451 1
318 451 1
325 451 1
329 451 1
330 451 1
333 451 2
341 451 3
343 451 1
345 451 3
346 451 1
349 451 1
357 451 2
358 451 2
361 451 3
362 451 3
365 451 1
372 451 1
377 451 3
379 451 1
381 451 1
382 451 3
385 451 1
387 451 3
395 451 2
397 451 3
400 451 1
401 451 3
404 451 3
406 451 1
409 451 1
411 451 1
419 451 2
421 451 2
423 451 2
425 451 1
428 451 1
430 451 2
431 451 1
434 451 1
436 451 2
441 451 3
445 451 2
446 451 3
448 451 3
453 451 1
456 451 1
457 451 3
460 451 1
464 451 2
466 451 3
473 451 2
480 451 1
490 451 2
494 451 3
496 451 1
497 451 3
499 451 2
500 451 1
513 451 2
514 451 3
520 451 3
521 451 2
523 451 2
528 451 2
530 451 3
532 451 2
533 451 2
535 451 3
544 451 2
546 451 3
551 451 3
554 451 3
561 451 3
567 451 3
576 451 1
577 451 2
579 451 3
581 451 1
584 451 2
586 451 1
594 451 3
598 451 3
599 451 2
603 451 3
605 451 2
606 451 1
607 451 1
608 451 2
612 451 3
618 451 3
620 451 1
621 451 1
630 451 1
634 451 3
637 451 3
640 451 1
641 451 1
649 451 2
661 451 1
663 451 1
664 451 1
670 451 1
674 451 3
676 451 2
678 451 1
681 451 2
683 451 2
684 451 3
686 451 1
688 451 2
690 451 1
692 451 3
693 451 1
695 451 3
697 451 2
704 451 1
713 451 3
718 451 2
721 451 3
730 451 3
734 451 2
735 451 2
739 451 2
751 451 1
753 451 3
758 451 2
760 451 1
763 451 2
766 451 2
767 451 2
778 451 2
781 451 3
783 451 2
785 451 1
789 451 1
793 451 1
795 451 1
798 451 2
800 451 1
804 451 2
805 451 3
807 451 1
808 451 1
812 451 1
816 451 1
820 451 3
833 451 3
835 451 2
841 451 2
843 451 3
848 451 2
850 451 3
851 451 3
857 451 1
859 451 3
862 451 3
865 451 2
879 451 3
885 451 3
886 451 1
888 451 2
892 451 3
894 451 2
899 451 2
900 451 2
903 451 2
907 451 1
910 451 2
912 451 3
914 451 2
917 451 3
929 451 3
932 451 2
936 451 3
937 451 1
939 451 2
942 451 2
944 451 2
946 451 1
947 451 3
948 451 1
949 451 2
950 451 2
951 451 1
954 451 2
957 451 1
958 451 1
966 451 1
969 451 3
971 451 3
973 451 2
976 451 1
977 451 1
979 451 1
980 451 3
981 451 1
985 451 1
989 451 3
993 451 1
997 451 3
998 451 1
2 452 2
8 452 2
9 452 1
10 452 3
11 452 1
12 452 3
13 452 2
15 452 1
19 452 1
20 452 1
21 452 2
28 452 2
32 452 1
34 452 3
35 452 3
39 452 1
43 452 3
44 452 2
45 452 3
48 452 3
51 452 2
52 452 3
53 452 1
56 452 1
59 452 3
62 452 2
68 452 3
69 452 3
71 452 2
76 452 3
78 452 3
88 452 1
90 452 2
91 452 2
92 452 3
94 452 1
97 452 1
98 452 1
100 452 1
105 452 1
120 452 2
123 452 1
128 452 2
131 452 2
138 452 3
139 452 1
140 452 3
141 452 1
142 452 1
146 452 2
150 452 2
151 452 1
152 452 3
155 452 3
160 452 1
161 452 3
164 452 2
167 452 2
170 452 1
185 452 3
186 452 1
190 452 3
195 452 2
197 452 2
198 452 3
199 452 3
200 452 2
204 452 2
206 452 2
212 452 2
214 452 1
218 452 1
219 452 2
220 452 2
224 452 1
228 452 2
229 452 3
234 452 2
242 452 3
244 452 3
245 452 3
247 452 2
251 452 1
256 452 2
257 452 3
259 452 2
264 452 3
265 452 2
267 452 1
272 452 3
275 452 2
293 452 3
297 452 3
301 452 2
309 452 1
311 452 3
315 452 1
317 452 2
322 452 1
329 452 2
333 452 2
338 452 3
340 452 3
341 452 2
343 452 1
344 452 2
345 452 1
348 452 1
349 452 1
350 452 2
353 452 1
360 452 3
361 452 2
364 452 2
369 452 3
370 452 2
372 452 1
375 452 2
383 452 1
389 452 2
391 452 1
395 452 1
397 452 1
406 452 2
412 452 1
414 452 1
416 452 3
419 452 3
421 452 1
424 452 1
425 452 1
427 452 2
