775 153 3
776 153 2
778 153 3
781 153 3
784 153 3
785 153 2
786 153 2
787 153 1
791 153 2
792 153 3
793 153 2
796 153 1
797 153 1
799 153 3
800 153 2
801 153 2
804 153 3
806 153 2
812 153 3
813 153 1
814 153 2
817 153 1
823 153 1
826 153 1
827 153 3
836 153 3
837 153 2
840 153 3
847 153 1
849 153 2
852 153 2
853 153 2
854 153 3
856 153 2
860 153 2
861 153 2
866 153 1
872 153 2
878 153 3
880 153 1
883 153 1
885 153 2
886 153 3
888 153 2
889 153 1
896 153 2
897 153 3
908 153 2
911 153 3
917 153 2
921 153 2
922 153 3
924 153 3
925 153 2
926 153 1
928 153 1
933 153 2
936 153 1
937 153 1
938 153 1
939 153 3
941 153 3
943 153 1
945 153 3
948 153 1
951 153 2
952 153 1
956 153 2
957 153 3
958 153 3
960 153 3
962 153 3
969 153 2
975 153 2
977 153 1
979 153 2
980 153 2
982 153 3
989 153 2
995 153 1
4 154 1
7 154 1
11 154 3
12 154 3
18 154 1
23 154 2
30 154 1
32 154 2
34 154 2
37 154 2
39 154 3
41 154 3
44 154 2
47 154 1
48 154 2
49 154 2
70 154 2
77 154 2
78 154 1
82 154 2
84 154 3
85 154 3
88 154 2
96 154 1
97 154 1
102 154 3
107 154 1
110 154 1
111 154 3
112 154 2
114 154 3
117 154 1
119 154 2
124 154 2
127 154 3
133 154 2
135 154 3
140 154 1
151 154 1
157 154 3
162 154 3
163 154 3
166 154 1
167 154 3
168 154 1
169 154 2
174 154 1
177 154 3
179 154 2
181 154 3
185 154 3
188 154 3
192 154 3
193 154 1
194 154 1
195 154 1
196 154 1
198 154 3
199 154 1
200 154 2
202 154 3
203 154 2
207 154 3
209 154 2
211 154 2
212 154 2
216 154 1
217 154 2
221 154 3
223 154 2
226 154 1
227 154 1
228 154 1
235 154 2
236 154 1
237 154 1
238 154 1
242 154 1
243 154 2
245 154 2
248 154 2
255 154 1
256 154 3
260 154 1
263 154 1
266 154 3
269 154 1
272 154 2
276 154 1
278 154 1
282 154 1
283 154 3
285 154 3
286 154 3
290 154 2
291 154 2
292 154 1
294 154 3
301 154 3
302 154 3
306 154 2
308 154 2
311 154 1
312 154 1
315 154 1
316 154 1
317 154 2
323 154 2
325 154 3
326 154 1
329 154 1
332 154 2
342 154 2
344 154 3
346 154 3
350 154 3
351 154 1
353 154 3
360 154 1
364 154 2
367 154 2
369 154 3
376 154 2
381 154 1
383 154 2
385 154 2
391 154 3
400 154 3
402 154 2
403 154 2
407 154 2
408 154 3
409 154 3
411 154 2
413 154 2
417 154 1
418 154 1
419 154 2
431 154 1
432 154 2
442 154 3
443 154 3
446 154 1
449 154 2
453 154 3
455 154 2
464 154 3
470 154 2
474 154 1
476 154 2
477 154 2
481 154 1
483 154 2
487 154 2
488 154 3
494 154 1
495 154 1
497 154 2
500 154 1
501 154 1
510 154 3
511 154 3
515 154 1
516 154 2
520 154 1
521 154 2
522 154 1
524 154 2
526 154 2
528 154 2
532 154 3
538 154 3
542 154 1
544 154 3
545 154 3
547 154 3
552 154 2
555 154 3
556 154 1
559 154 1
561 154 2
563 154 3
564 154 3
569 154 1
570 154 2
572 154 1
575 154 2
578 154 1
581 154 1
589 154 1
590 154 3
591 154 1
592 154 2
595 154 1
601 154 1
602 154 2
605 154 2
608 154 3
609 154 1
614 154 2
619 154 1
620 154 3
621 154 2
622 154 3
623 154 1
628 154 2
631 154 3
632 154 3
637 154 1
643 154 1
649 154 1
658 154 1
659 154 2
667 154 3
671 154 3
673 154 1
674 154 1
675 154 3
676 154 1
681 154 1
684 154 2
696 154 1
705 154 2
706 154 3
708 154 3
709 154 3
710 154 2
711 154 3
712 154 1
714 154 3
723 154 3
724 154 3
727 154 2
729 154 3
733 154 3
737 154 3
740 154 1
742 154 3
743 154 3
744 154 1
745 154 3
749 154 1
754 154 1
760 154 3
766 154 3
771 154 3
772 154 2
774 154 1
778 154 1
780 154 3
784 154 1
786 154 1
788 154 3
791 154 1
795 154 3
802 154 2
803 154 1
804 154 1
812 154 1
818 154 2
824 154 2
825 154 2
826 154 2
828 154 3
835 154 2
836 154 1
840 154 3
841 154 3
844 154 2
845 154 3
846 154 1
847 154 3
849 154 2
854 154 3
861 154 2
863 154 3
864 154 3
868 154 1
870 154 1
876 154 1
887 154 2
892 154 2
894 154 1
898 154 2
901 154 3
902 154 2
905 154 3
906 154 1
912 154 1
913 154 1
914 154 2
915 154 2
916 154 2
917 154 3
921 154 2
922 154 1
923 154 3
927 154 1
928 154 1
930 154 1
931 154 2
932 154 2
935 154 2
943 154 3
946 154 2
947 154 2
952 154 1
959 154 2
962 154 2
963 154 1
968 154 3
977 154 2
978 154 1
981 154 1
986 154 1
987 154 3
989 154 3
991 154 1
994 154 3
996 154 1
998 154 3
999 154 1
3 155 2
4 155 2
12 155 2
14 155 3
20 155 1
22 155 1
23 155 2
24 155 2
26 155 3
28 155 2
30 155 1
31 155 3
34 155 2
42 155 2
54 155 1
56 155 2
57 155 3
61 155 1
65 155 2
66 155 2
75 155 3
77 155 2
80 155 2
85 155 1
86 155 2
88 155 1
89 155 2
92 155 3
94 155 2
96 155 1
97 155 1
102 155 1
103 155 3
106 155 1
107 155 3
111 155 1
113 155 1
118 155 2
119 155 3
120 155 1
122 155 2
126 155 2
128 155 1
132 155 1
133 155 1
138 155 3
146 155 2
147 155 3
154 155 1
156 155 1
161 155 1
165 155 1
166 155 3
168 155 1
169 155 3
173 155 1
174 155 2
175 155 1
177 155 1
186 155 1
192 155 1
193 155 3
194 155 1
200 155 3
201 155 3
204 155 2
207 155 1
210 155 2
213 155 2
217 155 3
220 155 3
225 155 3
226 155 1
227 155 3
228 155 2
231 155 3
236 155 2
239 155 2
242 155 2
243 155 3
248 155 3
253 155 3
255 155 3
262 155 3
266 155 3
267 155 2
268 155 3
269 155 2
272 155 3
275 155 1
277 155 1
278 155 2
281 155 2
284 155 3
292 155 2
297 155 2
301 155 2
302 155 1
303 155 2
304 155 1
305 155 3
314 155 3
319 155 1
320 155 2
321 155 3
323 155 1
324 155 3
331 155 1
333 155 1
334 155 1
338 155 1
339 155 2
340 155 3
342 155 3
346 155 1
352 155 2
359 155 3
361 155 3
363 155 1
364 155 1
371 155 3
374 155 3
375 155 1
377 155 3
378 155 1
379 155 2
380 155 2
383 155 2
385 155 1
386 155 1
387 155 2
391 155 1
394 155 2
396 155 2
401 155 2
402 155 2
404 155 1
409 155 1
410 155 2
415 155 3
417 155 3
423 155 1
427 155 1
430 155 2
436 155 1
440 155 3
443 155 2
444 155 1
449 155 3
450 155 2
456 155 1
461 155 3
476 155 2
479 155 2
480 155 3
484 155 2
489 155 1
490 155 3
491 155 1
493 155 3
495 155 1
501 155 3
503 155 1
504 155 3
505 155 1
506 155 1
507 155 3
508 155 3
509 155 2
510 155 3
512 155 3
515 155 1
516 155 3
517 155 2
524 155 1
525 155 3
528 155 3
530 155 3
531 155 3
532 155 2
535 155 2
539 155 2
541 155 3
544 155 2
551 155 2
552 155 3
558 155 3
560 155 1
570 155 3
571 155 3
572 155 2
573 155 2
574 155 1
576 155 1
578 155 1
587 155 2
591 155 3
593 155 1
594 155 2
595 155 3
596 155 2
598 155 2
599 155 3
600 155 2
604 155 3
608 155 3
610 155 1
614 155 2
615 155 1
617 155 3
623 155 1
625 155 1
629 155 3
630 155 3
634 155 1
635 155 3
639 155 1
646 155 2
647 155 3
649 155 1
651 155 3
652 155 1
657 155 3
665 155 1
666 155 2
670 155 2
672 155 3
674 155 3
676 155 2
688 155 3
689 155 2
691 155 1
693 155 1
694 155 3
702 155 3
705 155 2
706 155 3
709 155 3
713 155 2
715 155 2
719 155 3
720 155 2
726 155 3
727 155 3
729 155 2
731 155 1
732 155 2
733 155 3
734 155 3
736 155 3
738 155 1
739 155 2
747 155 1
748 155 2
750 155 2
751 155 3
753 155 1
758 155 1
759 155 3
760 155 1
761 155 3
762 155 2
766 155 1
772 155 2
