339 504 2
343 504 1
346 504 3
348 504 1
349 504 1
351 504 3
352 504 3
353 504 2
357 504 2
361 504 3
363 504 3
367 504 3
370 504 1
371 504 3
381 504 3
386 504 1
391 504 1
395 504 2
397 504 3
399 504 3
400 504 3
401 504 1
403 504 3
404 504 3
407 504 2
410 504 1
413 504 1
420 504 1
425 504 3
427 504 1
430 504 2
432 504 3
434 504 2
435 504 3
437 504 1
439 504 1
440 504 1
441 504 2
442 504 2
445 504 3
451 504 3
452 504 2
453 504 2
456 504 1
457 504 3
458 504 1
459 504 2
460 504 2
462 504 3
464 504 1
470 504 3
471 504 1
472 504 2
473 504 3
475 504 2
476 504 3
480 504 3
483 504 2
484 504 2
485 504 2
487 504 3
489 504 3
493 504 1
494 504 2
496 504 1
500 504 2
501 504 3
506 504 1
509 504 2
512 504 1
513 504 2
517 504 2
518 504 1
525 504 2
527 504 3
529 504 1
532 504 3
538 504 2
542 504 1
549 504 2
550 504 1
554 504 2
557 504 2
559 504 2
560 504 2
562 504 2
565 504 3
566 504 1
571 504 1
576 504 2
579 504 3
580 504 3
584 504 3
585 504 1
586 504 2
591 504 2
593 504 1
598 504 1
604 504 3
606 504 3
610 504 1
616 504 3
617 504 1
620 504 1
623 504 2
624 504 1
630 504 2
633 504 3
634 504 1
639 504 1
642 504 3
643 504 1
644 504 3
647 504 3
649 504 1
650 504 3
652 504 1
658 504 1
660 504 3
661 504 3
663 504 1
668 504 3
669 504 2
674 504 2
675 504 1
678 504 3
682 504 2
689 504 3
690 504 1
691 504 3
693 504 2
698 504 3
703 504 1
706 504 3
712 504 3
715 504 2
717 504 2
718 504 2
722 504 2
723 504 2
724 504 3
725 504 2
726 504 1
727 504 1
728 504 1
733 504 3
734 504 1
736 504 2
739 504 1
740 504 3
743 504 1
744 504 3
747 504 1
757 504 2
759 504 3
763 504 2
766 504 1
767 504 1
778 504 3
784 504 1
804 504 3
806 504 1
807 504 2
809 504 1
816 504 3
823 504 3
824 504 1
828 504 3
831 504 1
833 504 1
836 504 2
838 504 2
840 504 1
841 504 2
842 504 1
843 504 3
844 504 3
849 504 1
857 504 2
859 504 1
870 504 2
873 504 2
877 504 2
883 504 2
884 504 1
888 504 1
896 504 3
897 504 1
898 504 3
901 504 2
916 504 3
931 504 2
932 504 2
935 504 2
942 504 3
948 504 2
949 504 1
951 504 1
954 504 3
955 504 1
960 504 3
961 504 3
962 504 1
963 504 3
966 504 2
969 504 1
975 504 3
976 504 1
977 504 3
980 504 1
981 504 2
982 504 3
984 504 3
988 504 3
992 504 1
997 504 3
998 504 1
4 505 1
5 505 3
6 505 1
9 505 3
10 505 3
11 505 1
16 505 1
17 505 3
18 505 1
19 505 1
20 505 3
21 505 1
25 505 3
26 505 1
28 505 2
30 505 1
40 505 1
50 505 3
52 505 2
54 505 2
59 505 2
64 505 1
71 505 3
72 505 2
80 505 3
81 505 1
87 505 1
90 505 2
95 505 2
99 505 3
103 505 1
105 505 1
107 505 1
109 505 2
113 505 2
115 505 2
127 505 3
129 505 1
130 505 3
131 505 3
136 505 3
138 505 3
142 505 2
144 505 3
146 505 1
151 505 2
152 505 3
157 505 1
159 505 2
160 505 1
161 505 3
163 505 2
165 505 1
166 505 1
167 505 1
173 505 2
178 505 2
183 505 2
186 505 3
194 505 3
197 505 1
198 505 3
199 505 3
210 505 1
214 505 3
215 505 2
217 505 3
218 505 3
219 505 1
220 505 3
224 505 2
225 505 1
228 505 2
229 505 1
230 505 1
234 505 3
235 505 1
241 505 2
243 505 3
244 505 2
245 505 1
246 505 2
248 505 2
250 505 1
253 505 3
259 505 3
260 505 1
261 505 1
263 505 1
264 505 2
268 505 1
269 505 2
271 505 3
276 505 3
282 505 2
284 505 2
288 505 2
290 505 3
292 505 3
293 505 2
295 505 3
297 505 2
298 505 1
299 505 3
302 505 2
307 505 1
308 505 3
309 505 1
312 505 3
314 505 3
316 505 1
322 505 3
331 505 2
332 505 3
337 505 3
349 505 1
350 505 2
352 505 1
355 505 1
356 505 3
362 505 2
363 505 3
364 505 1
365 505 1
367 505 1
369 505 3
371 505 3
378 505 2
379 505 2
380 505 2
386 505 2
389 505 1
390 505 3
393 505 1
394 505 2
397 505 2
398 505 1
401 505 3
403 505 1
407 505 1
410 505 2
411 505 2
416 505 3
417 505 1
418 505 3
419 505 2
428 505 1
432 505 1
433 505 3
436 505 3
437 505 3
444 505 1
445 505 1
446 505 2
448 505 1
449 505 2
452 505 3
459 505 2
461 505 3
465 505 1
466 505 2
469 505 1
471 505 2
473 505 2
474 505 3
475 505 2
476 505 2
478 505 2
479 505 2
480 505 3
482 505 2
490 505 1
492 505 3
494 505 3
507 505 1
508 505 1
510 505 2
513 505 1
522 505 2
524 505 3
526 505 3
527 505 1
532 505 3
540 505 2
549 505 1
551 505 1
555 505 1
560 505 3
561 505 2
563 505 1
570 505 2
574 505 2
580 505 2
584 505 1
585 505 3
595 505 2
596 505 2
599 505 3
600 505 1
601 505 1
602 505 1
603 505 2
608 505 1
611 505 3
612 505 3
616 505 3
617 505 2
618 505 2
620 505 3
625 505 2
626 505 1
627 505 3
628 505 1
636 505 3
639 505 2
643 505 1
649 505 3
661 505 3
662 505 2
663 505 1
664 505 2
665 505 2
667 505 3
672 505 3
674 505 1
679 505 3
680 505 1
682 505 2
686 505 1
687 505 2
688 505 2
694 505 2
697 505 3
698 505 1
699 505 3
701 505 1
702 505 1
704 505 1
707 505 3
713 505 1
715 505 1
716 505 2
719 505 2
721 505 3
722 505 1
724 505 2
730 505 3
733 505 1
734 505 1
736 505 3
738 505 2
739 505 2
740 505 2
749 505 3
750 505 3
751 505 1
752 505 2
756 505 2
757 505 2
758 505 2
765 505 3
766 505 2
767 505 3
768 505 3
771 505 3
773 505 2
774 505 1
777 505 2
778 505 1
780 505 1
785 505 1
787 505 2
788 505 2
793 505 2
795 505 2
798 505 1
802 505 1
810 505 1
811 505 2
827 505 2
828 505 1
840 505 1
845 505 3
848 505 3
853 505 2
858 505 1
861 505 3
864 505 3
867 505 1
872 505 2
873 505 1
875 505 2
878 505 3
881 505 3
883 505 2
894 505 2
895 505 3
896 505 1
897 505 3
899 505 2
900 505 2
901 505 3
902 505 3
904 505 1
905 505 2
909 505 3
920 505 3
923 505 3
929 505 2
932 505 3
933 505 2
934 505 1
937 505 2
938 505 3
942 505 1
943 505 2
946 505 3
950 505 2
953 505 3
954 505 2
956 505 2
960 505 1
961 505 2
964 505 3
966 505 2
978 505 1
981 505 3
985 505 2
990 505 1
992 505 3
997 505 3
999 505 2
3 506 3
14 506 2
17 506 2
23 506 3
25 506 3
28 506 3
30 506 2
31 506 1
35 506 3
37 506 3
40 506 2
46 506 2
48 506 1
50 506 1
55 506 1
62 506 3
64 506 2
67 506 2
69 506 1
71 506 1
72 506 1
73 506 1
75 506 3
76 506 1
77 506 3
78 506 1
80 506 2
82 506 1
88 506 3
89 506 1
90 506 3
97 506 3
98 506 3
101 506 2
108 506 3
109 506 1
112 506 2
119 506 3
121 506 1
123 506 2
126 506 2
131 506 3
132 506 3
134 506 1
136 506 2
137 506 1
141 506 1
142 506 3
145 506 1
146 506 1
147 506 2
149 506 2
152 506 1
153 506 3
154 506 3
156 506 3
157 506 2
158 506 1
159 506 3
160 506 1
162 506 3
165 506 2
166 506 3
170 506 3
177 506 2
178 506 3
180 506 3
182 506 2
185 506 3
186 506 1
190 506 1
191 506 2
192 506 1
198 506 2
202 506 2
208 506 2
212 506 2
214 506 2
218 506 3
219 506 2
220 506 3
229 506 3
235 506 1
243 506 1
246 506 1
248 506 2
252 506 2
254 506 1
256 506 2
257 506 3
261 506 2
265 506 3
268 506 1
269 506 3
270 506 3
273 506 2
274 506 2
275 506 3
277 506 1
278 506 1
279 506 2
283 506 1
288 506 3
289 506 3
299 506 2
302 506 3
303 506 1
305 506 1
312 506 3
317 506 3
320 506 1
325 506 1
334 506 1
336 506 1
337 506 1
338 506 3
340 506 2
