853 340 1
854 340 3
858 340 2
859 340 3
860 340 3
862 340 2
864 340 2
868 340 2
875 340 1
876 340 1
880 340 3
882 340 3
883 340 2
887 340 2
889 340 2
891 340 1
892 340 1
897 340 2
899 340 3
904 340 2
906 340 1
907 340 3
910 340 1
911 340 2
914 340 2
920 340 2
921 340 2
925 340 3
927 340 2
928 340 2
931 340 3
936 340 3
938 340 3
939 340 1
941 340 2
942 340 2
950 340 2
954 340 1
955 340 3
957 340 1
958 340 1
959 340 1
963 340 2
965 340 1
970 340 2
974 340 1
980 340 1
989 340 3
995 340 3
996 340 3
5 341 1
8 341 2
10 341 1
18 341 3
23 341 3
24 341 3
26 341 2
28 341 2
30 341 3
36 341 1
40 341 2
42 341 2
43 341 3
46 341 1
50 341 1
51 341 1
58 341 3
60 341 3
61 341 3
63 341 1
64 341 3
66 341 3
72 341 3
76 341 2
78 341 3
79 341 3
81 341 3
86 341 3
87 341 3
89 341 2
90 341 2
93 341 3
95 341 3
99 341 2
100 341 2
101 341 1
103 341 1
106 341 2
109 341 1
114 341 1
117 341 3
121 341 3
124 341 1
127 341 1
130 341 3
133 341 2
134 341 3
138 341 1
140 341 2
141 341 3
142 341 3
149 341 3
151 341 2
158 341 1
160 341 3
161 341 3
163 341 2
164 341 2
168 341 3
170 341 3
172 341 1
175 341 1
178 341 3
179 341 2
181 341 3
192 341 3
194 341 2
202 341 3
208 341 2
211 341 2
214 341 2
221 341 3
226 341 3
227 341 1
232 341 2
234 341 1
240 341 2
242 341 1
247 341 1
252 341 1
254 341 3
268 341 1
271 341 2
274 341 3
277 341 2
279 341 2
286 341 3
288 341 1
289 341 1
292 341 1
293 341 1
294 341 2
295 341 1
296 341 1
297 341 2
299 341 3
302 341 3
303 341 1
305 341 1
306 341 3
314 341 2
317 341 3
322 341 1
323 341 3
325 341 1
327 341 3
336 341 3
337 341 1
338 341 1
342 341 3
343 341 3
346 341 2
347 341 3
350 341 1
352 341 2
353 341 2
356 341 3
357 341 1
362 341 3
363 341 2
368 341 2
371 341 3
374 341 1
378 341 3
383 341 1
386 341 3
388 341 2
390 341 3
393 341 1
399 341 3
407 341 3
409 341 1
412 341 3
413 341 3
414 341 1
416 341 3
419 341 3
420 341 1
424 341 3
425 341 3
428 341 2
429 341 3
431 341 1
432 341 1
433 341 2
434 341 1
435 341 1
441 341 3
445 341 2
446 341 3
450 341 3
453 341 2
458 341 1
461 341 3
462 341 1
467 341 2
473 341 3
477 341 3
478 341 2
485 341 2
488 341 2
490 341 2
495 341 1
497 341 2
500 341 1
502 341 2
506 341 3
507 341 2
508 341 3
509 341 3
513 341 2
518 341 1
521 341 3
525 341 1
526 341 2
539 341 2
542 341 1
543 341 2
553 341 3
554 341 1
557 341 2
560 341 1
561 341 2
563 341 3
564 341 3
570 341 2
571 341 2
572 341 3
578 341 1
579 341 3
582 341 1
588 341 1
592 341 2
595 341 3
597 341 1
601 341 3
613 341 2
621 341 1
622 341 3
626 341 3
627 341 2
628 341 1
629 341 3
634 341 2
637 341 1
638 341 3
639 341 1
643 341 2
644 341 2
646 341 1
655 341 1
657 341 3
659 341 2
664 341 3
666 341 2
669 341 2
676 341 2
683 341 2
684 341 1
687 341 3
691 341 1
692 341 3
695 341 1
700 341 3
701 341 3
707 341 2
708 341 2
709 341 1
710 341 3
712 341 3
714 341 2
715 341 3
720 341 1
722 341 1
724 341 3
725 341 2
739 341 3
740 341 3
742 341 2
746 341 2
748 341 2
751 341 2
752 341 3
753 341 3
755 341 3
758 341 2
760 341 2
761 341 1
762 341 3
763 341 3
767 341 1
772 341 2
781 341 3
782 341 2
787 341 3
788 341 2
793 341 1
794 341 2
797 341 3
801 341 3
807 341 2
809 341 3
810 341 1
811 341 3
814 341 3
816 341 1
822 341 2
826 341 2
828 341 3
830 341 1
844 341 3
849 341 3
853 341 3
856 341 1
860 341 1
861 341 1
863 341 3
864 341 3
874 341 3
878 341 3
879 341 1
881 341 2
883 341 1
885 341 1
890 341 1
891 341 2
896 341 1
899 341 3
903 341 1
908 341 1
911 341 3
912 341 2
913 341 2
914 341 3
915 341 2
920 341 3
923 341 1
924 341 3
927 341 3
928 341 1
930 341 3
932 341 1
937 341 1
941 341 3
946 341 3
949 341 3
954 341 1
957 341 2
962 341 2
965 341 2
966 341 1
971 341 3
972 341 2
975 341 2
976 341 3
978 341 1
979 341 2
982 341 1
985 341 1
990 341 3
993 341 2
994 341 1
997 341 2
1 342 1
7 342 2
8 342 3
11 342 2
13 342 2
21 342 1
24 342 2
27 342 1
30 342 1
32 342 1
33 342 1
34 342 2
36 342 1
39 342 3
42 342 3
44 342 1
45 342 3
46 342 1
50 342 3
55 342 3
57 342 3
59 342 2
61 342 1
62 342 3
67 342 2
68 342 3
69 342 1
73 342 1
74 342 2
80 342 1
81 342 2
83 342 1
84 342 1
86 342 3
88 342 1
90 342 3
91 342 3
92 342 3
93 342 2
96 342 3
100 342 2
102 342 1
105 342 1
106 342 2
110 342 1
118 342 2
119 342 2
121 342 3
122 342 2
125 342 2
128 342 3
130 342 3
132 342 1
133 342 2
134 342 3
144 342 2
145 342 3
146 342 3
150 342 3
151 342 2
157 342 1
159 342 3
163 342 2
169 342 2
172 342 2
173 342 2
177 342 3
179 342 1
185 342 1
189 342 1
190 342 3
194 342 2
195 342 3
196 342 1
197 342 3
198 342 1
200 342 2
201 342 3
203 342 2
204 342 2
208 342 1
214 342 2
216 342 1
219 342 1
220 342 1
221 342 3
222 342 3
223 342 1
228 342 2
230 342 2
232 342 3
237 342 2
239 342 2
240 342 1
245 342 2
246 342 2
251 342 2
252 342 2
257 342 3
260 342 1
261 342 1
262 342 2
267 342 2
268 342 3
271 342 1
272 342 2
277 342 1
283 342 3
284 342 1
285 342 3
286 342 3
290 342 1
291 342 2
294 342 2
295 342 3
299 342 3
301 342 3
313 342 2
316 342 3
318 342 3
327 342 3
329 342 3
331 342 1
332 342 1
333 342 3
335 342 1
336 342 2
338 342 3
340 342 3
342 342 3
343 342 2
345 342 2
350 342 1
353 342 1
354 342 3
356 342 3
358 342 2
359 342 2
360 342 2
361 342 3
364 342 2
372 342 2
381 342 1
382 342 2
391 342 3
397 342 1
401 342 1
405 342 1
409 342 3
411 342 1
412 342 3
413 342 2
415 342 3
418 342 3
419 342 2
420 342 3
423 342 2
431 342 1
436 342 3
439 342 2
440 342 2
441 342 1
444 342 1
445 342 3
448 342 1
458 342 1
459 342 1
460 342 3
462 342 3
473 342 1
479 342 2
480 342 3
482 342 3
483 342 3
485 342 2
486 342 2
487 342 1
491 342 2
492 342 3
497 342 3
498 342 2
499 342 2
500 342 3
501 342 3
502 342 1
503 342 3
511 342 1
517 342 3
523 342 1
526 342 3
529 342 1
530 342 3
531 342 1
538 342 3
539 342 2
540 342 1
546 342 1
547 342 3
549 342 1
555 342 2
556 342 3
557 342 1
559 342 1
560 342 1
565 342 3
569 342 3
571 342 3
574 342 1
578 342 2
579 342 3
580 342 3
583 342 3
586 342 2
587 342 2
588 342 1
589 342 1
590 342 1
591 342 1
600 342 1
603 342 3
606 342 1
608 342 3
610 342 1
613 342 3
615 342 1
619 342 2
622 342 1
632 342 2
634 342 3
637 342 1
638 342 3
639 342 3
642 342 3
643 342 3
644 342 3
648 342 2
649 342 3
653 342 3
654 342 2
656 342 2
657 342 1
658 342 3
661 342 3
662 342 3
664 342 3
666 342 1
669 342 3
673 342 1
674 342 3
682 342 1
684 342 1
687 342 3
688 342 3
690 342 1
696 342 2
698 342 1
699 342 2
701 342 2
702 342 3
706 342 3
714 342 1
717 342 2
719 342 3
722 342 3
725 342 3
733 342 3
734 342 2
738 342 3
739 342 2
742 342 3
744 342 2
749 342 3
755 342 1
757 342 2
759 342 2
762 342 2
766 342 1
770 342 1
771 342 3
785 342 2
789 342 1
792 342 1
793 342 2
794 342 3
795 342 2
796 342 2
800 342 1
801 342 1
807 342 1
808 342 1
810 342 1
811 342 1
812 342 3
