322 928 1
327 928 1
328 928 2
329 928 2
331 928 2
332 928 2
340 928 3
348 928 3
349 928 1
365 928 3
374 928 2
375 928 1
377 928 3
379 928 2
380 928 2
381 928 1
382 928 1
383 928 3
386 928 2
387 928 1
388 928 1
392 928 1
394 928 2
395 928 1
399 928 3
402 928 1
405 928 1
407 928 2
410 928 2
412 928 3
415 928 2
420 928 1
422 928 2
423 928 1
427 928 1
428 928 2
430 928 2
439 928 2
441 928 1
444 928 2
445 928 2
446 928 3
453 928 1
460 928 3
470 928 2
472 928 3
478 928 3
480 928 2
481 928 3
482 928 2
483 928 3
484 928 2
485 928 1
491 928 1
492 928 1
495 928 1
501 928 3
505 928 1
507 928 1
510 928 1
517 928 3
527 928 3
529 928 1
535 928 1
537 928 1
544 928 2
547 928 2
549 928 1
551 928 2
552 928 2
553 928 1
554 928 3
560 928 2
564 928 1
569 928 1
570 928 2
573 928 1
574 928 3
576 928 3
578 928 3
579 928 2
580 928 3
581 928 3
589 928 3
593 928 3
594 928 3
595 928 3
597 928 1
600 928 1
604 928 2
605 928 3
607 928 2
610 928 1
614 928 1
617 928 1
618 928 1
619 928 2
620 928 3
622 928 1
626 928 3
629 928 1
631 928 1
633 928 2
640 928 1
646 928 3
652 928 1
656 928 1
657 928 3
663 928 2
664 928 2
665 928 1
667 928 3
669 928 2
672 928 3
680 928 1
681 928 2
686 928 2
692 928 1
693 928 3
695 928 1
696 928 1
707 928 1
709 928 1
713 928 2
714 928 3
715 928 1
716 928 2
720 928 1
721 928 2
723 928 2
728 928 2
729 928 2
731 928 3
737 928 1
739 928 3
746 928 1
751 928 3
754 928 1
756 928 1
759 928 2
765 928 1
767 928 2
771 928 2
774 928 2
775 928 3
777 928 2
778 928 3
781 928 3
783 928 3
785 928 3
787 928 3
789 928 2
790 928 2
791 928 2
794 928 2
795 928 2
796 928 3
797 928 2
802 928 3
806 928 3
809 928 1
810 928 2
812 928 1
814 928 1
820 928 2
824 928 2
826 928 2
828 928 3
836 928 1
839 928 1
845 928 2
857 928 1
863 928 2
879 928 1
886 928 1
893 928 1
896 928 3
897 928 2
899 928 2
904 928 3
905 928 3
906 928 1
908 928 1
919 928 1
921 928 1
927 928 1
929 928 1
930 928 1
942 928 2
944 928 2
951 928 2
952 928 1
956 928 2
960 928 2
967 928 1
970 928 2
971 928 2
975 928 3
977 928 3
978 928 3
985 928 3
986 928 3
987 928 3
988 928 1
992 928 3
995 928 3
999 928 2
0 929 2
2 929 1
3 929 2
5 929 3
6 929 3
7 929 2
10 929 2
13 929 1
15 929 2
18 929 1
19 929 2
20 929 3
26 929 1
28 929 1
32 929 2
33 929 1
34 929 2
35 929 3
36 929 2
37 929 2
38 929 1
39 929 1
41 929 3
43 929 2
46 929 1
48 929 1
56 929 3
58 929 2
64 929 3
69 929 1
72 929 1
76 929 2
79 929 1
80 929 1
84 929 2
85 929 3
88 929 3
93 929 3
96 929 2
97 929 2
98 929 1
99 929 2
105 929 1
109 929 1
114 929 2
115 929 1
116 929 1
117 929 2
118 929 1
119 929 2
122 929 2
123 929 3
130 929 2
132 929 3
133 929 1
137 929 2
139 929 3
143 929 3
145 929 3
147 929 3
148 929 2
149 929 1
151 929 1
153 929 1
157 929 2
165 929 2
168 929 3
169 929 2
172 929 3
173 929 1
179 929 3
185 929 3
189 929 3
191 929 2
192 929 3
194 929 3
195 929 1
201 929 1
203 929 2
205 929 2
207 929 1
208 929 2
216 929 2
220 929 1
221 929 1
228 929 1
230 929 1
234 929 3
240 929 3
246 929 1
253 929 2
259 929 1
263 929 2
266 929 2
267 929 1
270 929 3
272 929 2
275 929 3
281 929 2
282 929 3
286 929 1
287 929 3
289 929 2
291 929 2
294 929 3
298 929 3
299 929 3
304 929 3
306 929 1
307 929 2
311 929 2
314 929 2
315 929 2
316 929 3
320 929 3
321 929 3
322 929 3
324 929 2
325 929 3
326 929 3
327 929 2
328 929 3
334 929 1
337 929 3
339 929 2
341 929 2
343 929 2
348 929 2
350 929 3
351 929 2
353 929 2
359 929 2
361 929 2
363 929 1
368 929 3
369 929 2
372 929 3
374 929 1
376 929 1
378 929 2
380 929 2
382 929 2
385 929 2
389 929 1
390 929 2
404 929 1
407 929 3
408 929 3
409 929 3
411 929 1
413 929 2
414 929 2
421 929 3
427 929 3
439 929 3
441 929 3
444 929 3
447 929 3
451 929 1
458 929 3
460 929 3
462 929 1
465 929 3
470 929 2
474 929 2
476 929 1
477 929 3
478 929 3
479 929 3
480 929 1
483 929 2
484 929 3
486 929 3
487 929 2
490 929 1
491 929 2
493 929 3
495 929 2
503 929 1
504 929 3
505 929 2
510 929 1
511 929 1
513 929 1
520 929 1
523 929 2
526 929 3
527 929 3
528 929 3
530 929 2
531 929 1
533 929 1
535 929 2
541 929 3
548 929 2
550 929 1
551 929 2
553 929 1
555 929 2
557 929 1
559 929 1
562 929 1
566 929 3
567 929 2
568 929 3
570 929 2
571 929 2
572 929 1
584 929 1
591 929 1
592 929 2
593 929 1
594 929 3
595 929 1
596 929 2
597 929 1
601 929 3
603 929 2
608 929 1
609 929 1
610 929 2
611 929 2
612 929 2
617 929 1
618 929 2
620 929 1
625 929 1
627 929 1
630 929 1
633 929 1
634 929 3
644 929 1
652 929 1
653 929 2
657 929 2
661 929 3
663 929 2
664 929 3
666 929 2
667 929 2
668 929 1
673 929 1
676 929 3
677 929 2
680 929 3
683 929 3
688 929 3
690 929 3
692 929 1
693 929 3
697 929 2
704 929 1
705 929 2
707 929 1
708 929 2
715 929 2
716 929 3
718 929 3
719 929 1
721 929 3
724 929 1
729 929 3
735 929 2
736 929 1
739 929 2
743 929 1
749 929 3
750 929 2
753 929 2
754 929 3
755 929 3
762 929 1
764 929 2
768 929 1
772 929 2
775 929 3
784 929 3
786 929 2
792 929 1
795 929 2
798 929 2
800 929 1
805 929 1
806 929 2
808 929 1
809 929 3
810 929 1
812 929 2
813 929 1
814 929 1
815 929 1
816 929 1
818 929 2
820 929 1
821 929 2
822 929 1
824 929 3
825 929 1
827 929 3
828 929 3
831 929 1
845 929 3
847 929 2
849 929 1
852 929 3
853 929 3
860 929 3
861 929 1
863 929 3
864 929 1
869 929 3
870 929 2
879 929 2
881 929 2
884 929 2
885 929 2
888 929 1
892 929 3
896 929 2
898 929 2
908 929 2
911 929 2
916 929 1
917 929 1
919 929 1
920 929 1
922 929 3
923 929 3
932 929 3
936 929 3
940 929 1
941 929 2
942 929 1
943 929 3
944 929 1
946 929 2
947 929 2
948 929 3
949 929 2
950 929 1
953 929 3
955 929 1
957 929 1
959 929 2
961 929 2
962 929 2
964 929 1
977 929 2
986 929 3
991 929 2
994 929 3
996 929 3
999 929 2
6 930 2
8 930 1
11 930 1
14 930 1
18 930 3
20 930 2
24 930 2
25 930 3
28 930 2
29 930 3
31 930 3
39 930 2
43 930 1
45 930 1
46 930 2
49 930 3
51 930 1
52 930 1
61 930 2
62 930 2
65 930 1
69 930 2
76 930 1
83 930 2
88 930 2
95 930 3
99 930 3
107 930 3
108 930 3
111 930 1
114 930 3
126 930 1
132 930 2
133 930 1
134 930 2
135 930 1
136 930 1
138 930 2
143 930 2
148 930 2
149 930 3
150 930 1
151 930 3
157 930 2
164 930 3
167 930 2
171 930 1
173 930 3
174 930 1
175 930 2
178 930 2
182 930 3
186 930 3
187 930 1
190 930 2
191 930 3
194 930 3
198 930 3
199 930 1
200 930 3
201 930 2
203 930 3
207 930 2
212 930 2
215 930 1
220 930 3
221 930 1
228 930 3
229 930 2
230 930 3
231 930 3
233 930 3
236 930 1
237 930 1
238 930 2
243 930 2
248 930 1
252 930 2
254 930 2
256 930 3
258 930 2
260 930 3
263 930 3
264 930 1
265 930 2
267 930 1
268 930 3
269 930 2
270 930 3
271 930 2
273 930 2
275 930 1
280 930 3
286 930 2
287 930 3
294 930 2
295 930 2
303 930 2
307 930 1
309 930 1
315 930 3
317 930 2
329 930 2
330 930 1
340 930 1
341 930 2
