843 350 2
844 350 3
850 350 2
853 350 3
866 350 3
874 350 2
875 350 2
883 350 3
886 350 3
887 350 1
893 350 1
897 350 3
898 350 3
899 350 3
900 350 1
903 350 1
904 350 3
905 350 3
906 350 1
911 350 3
912 350 3
917 350 1
921 350 3
924 350 2
925 350 2
927 350 1
928 350 3
931 350 2
933 350 1
935 350 1
939 350 3
941 350 2
944 350 2
946 350 3
948 350 3
949 350 2
950 350 1
952 350 2
956 350 2
957 350 1
960 350 2
962 350 3
963 350 1
964 350 3
967 350 2
971 350 2
972 350 2
973 350 1
974 350 2
977 350 3
980 350 1
985 350 3
986 350 3
989 350 3
990 350 1
994 350 2
997 350 3
2 351 1
5 351 3
7 351 1
8 351 2
9 351 3
14 351 2
18 351 3
19 351 2
20 351 2
23 351 3
24 351 2
27 351 2
29 351 1
30 351 3
31 351 2
34 351 1
45 351 3
46 351 2
48 351 1
50 351 2
58 351 1
59 351 3
61 351 1
64 351 1
66 351 3
69 351 2
70 351 2
74 351 2
79 351 2
81 351 1
84 351 2
88 351 1
89 351 2
90 351 1
92 351 2
94 351 3
109 351 1
111 351 2
113 351 1
114 351 3
120 351 3
125 351 1
126 351 3
127 351 3
132 351 3
136 351 1
138 351 3
140 351 1
141 351 1
144 351 3
146 351 2
148 351 2
154 351 1
155 351 1
156 351 2
157 351 1
161 351 3
163 351 1
168 351 1
170 351 1
172 351 2
173 351 1
174 351 1
176 351 1
177 351 3
179 351 3
182 351 1
184 351 3
185 351 2
194 351 2
195 351 1
198 351 1
203 351 3
208 351 1
215 351 3
217 351 1
218 351 2
220 351 1
221 351 2
223 351 3
224 351 2
227 351 2
234 351 3
238 351 2
239 351 3
242 351 1
247 351 2
250 351 3
251 351 2
253 351 2
259 351 3
262 351 3
265 351 2
268 351 3
269 351 1
270 351 1
273 351 2
277 351 3
279 351 2
281 351 3
285 351 1
290 351 3
296 351 2
298 351 3
301 351 1
302 351 2
306 351 2
308 351 3
314 351 3
315 351 3
321 351 3
331 351 1
333 351 1
341 351 1
342 351 3
343 351 2
344 351 1
345 351 3
347 351 3
348 351 2
350 351 1
351 351 1
356 351 2
359 351 2
360 351 3
362 351 1
369 351 2
371 351 2
378 351 1
389 351 3
391 351 3
393 351 1
398 351 1
399 351 1
403 351 1
404 351 3
408 351 3
412 351 2
413 351 1
415 351 3
416 351 1
417 351 3
418 351 3
421 351 1
422 351 2
423 351 1
425 351 1
429 351 1
431 351 1
437 351 1
438 351 1
441 351 3
444 351 2
446 351 3
447 351 3
453 351 3
454 351 3
455 351 3
456 351 3
457 351 3
459 351 1
461 351 2
463 351 2
466 351 3
468 351 3
470 351 2
472 351 3
483 351 2
484 351 3
489 351 2
491 351 1
501 351 3
507 351 3
510 351 3
511 351 2
516 351 3
524 351 1
526 351 3
529 351 2
530 351 2
532 351 3
533 351 2
535 351 1
536 351 3
538 351 1
540 351 1
546 351 1
551 351 2
554 351 3
555 351 3
558 351 1
559 351 3
560 351 1
576 351 2
578 351 1
580 351 2
583 351 2
588 351 3
592 351 1
600 351 3
601 351 3
603 351 2
605 351 3
607 351 3
612 351 2
613 351 1
614 351 2
616 351 1
624 351 2
625 351 2
628 351 2
629 351 2
633 351 1
634 351 3
635 351 2
636 351 2
637 351 3
642 351 1
649 351 1
652 351 1
657 351 3
663 351 2
665 351 3
667 351 3
668 351 2
669 351 1
672 351 1
677 351 3
679 351 3
681 351 2
682 351 2
686 351 3
687 351 2
692 351 2
696 351 2
697 351 2
698 351 2
701 351 1
703 351 1
704 351 2
706 351 2
707 351 3
708 351 2
709 351 1
711 351 1
715 351 3
721 351 3
725 351 1
726 351 2
728 351 2
730 351 1
737 351 1
739 351 3
743 351 3
744 351 2
745 351 3
747 351 1
750 351 2
753 351 3
756 351 3
760 351 2
761 351 3
765 351 3
768 351 1
772 351 3
773 351 1
777 351 2
779 351 2
782 351 1
786 351 1
788 351 3
795 351 1
799 351 1
802 351 3
806 351 2
808 351 3
812 351 1
813 351 2
818 351 3
819 351 1
821 351 1
829 351 2
830 351 3
833 351 3
834 351 3
840 351 1
841 351 2
845 351 3
849 351 2
851 351 3
853 351 1
855 351 3
856 351 2
859 351 1
860 351 3
862 351 3
863 351 1
864 351 2
865 351 2
868 351 1
869 351 2
872 351 3
873 351 2
874 351 2
875 351 3
877 351 1
879 351 1
882 351 3
885 351 1
886 351 2
892 351 1
894 351 2
898 351 3
900 351 2
903 351 2
905 351 3
906 351 2
916 351 2
917 351 1
920 351 2
924 351 3
925 351 1
929 351 3
933 351 1
935 351 3
936 351 1
938 351 1
942 351 1
943 351 1
944 351 3
946 351 3
948 351 3
950 351 1
956 351 2
958 351 2
960 351 2
961 351 1
963 351 1
971 351 2
974 351 1
975 351 2
976 351 1
981 351 1
982 351 3
984 351 1
985 351 1
993 351 1
995 351 3
996 351 1
999 351 2
2 352 3
4 352 1
10 352 3
13 352 2
19 352 1
20 352 1
22 352 1
23 352 3
26 352 2
37 352 1
39 352 2
42 352 3
45 352 3
46 352 3
48 352 2
52 352 1
53 352 2
55 352 3
57 352 2
59 352 2
64 352 1
73 352 2
79 352 2
84 352 3
88 352 2
89 352 3
90 352 1
92 352 1
103 352 2
109 352 2
110 352 1
112 352 3
119 352 3
121 352 3
122 352 1
123 352 3
124 352 3
125 352 2
126 352 1
133 352 2
136 352 1
140 352 2
143 352 2
144 352 3
145 352 3
146 352 1
150 352 2
153 352 1
156 352 2
157 352 3
162 352 1
163 352 1
164 352 2
169 352 2
171 352 1
173 352 3
181 352 2
187 352 3
194 352 3
197 352 1
201 352 2
203 352 3
206 352 3
208 352 3
209 352 3
211 352 3
213 352 1
215 352 3
216 352 3
222 352 1
227 352 3
229 352 3
230 352 2
231 352 1
236 352 2
241 352 1
246 352 2
247 352 3
251 352 3
252 352 2
256 352 3
257 352 3
265 352 2
272 352 1
278 352 1
282 352 3
283 352 3
288 352 3
294 352 3
295 352 2
296 352 2
297 352 1
299 352 2
300 352 3
311 352 1
313 352 2
317 352 3
318 352 1
319 352 3
321 352 2
323 352 2
328 352 2
331 352 2
336 352 3
351 352 2
354 352 2
357 352 2
360 352 3
365 352 1
366 352 1
371 352 3
374 352 3
375 352 1
379 352 2
382 352 3
387 352 3
389 352 2
390 352 1
391 352 3
392 352 2
393 352 1
403 352 3
408 352 3
409 352 3
410 352 3
413 352 3
414 352 1
415 352 1
418 352 3
419 352 3
420 352 1
421 352 2
425 352 3
428 352 2
429 352 3
433 352 3
437 352 2
439 352 2
440 352 3
443 352 1
446 352 2
457 352 3
458 352 2
460 352 2
462 352 1
464 352 1
466 352 1
469 352 3
470 352 1
474 352 1
476 352 1
477 352 2
479 352 1
480 352 1
483 352 1
484 352 3
492 352 3
493 352 1
495 352 3
499 352 1
500 352 2
503 352 1
504 352 2
505 352 3
507 352 2
511 352 3
513 352 3
515 352 2
516 352 3
521 352 2
527 352 1
529 352 3
531 352 3
532 352 1
545 352 1
547 352 3
550 352 3
552 352 1
553 352 1
554 352 3
560 352 2
561 352 3
565 352 1
566 352 2
567 352 1
568 352 3
570 352 1
573 352 3
574 352 2
582 352 1
583 352 1
590 352 3
604 352 2
606 352 1
608 352 1
609 352 2
618 352 3
620 352 1
621 352 2
624 352 3
637 352 2
642 352 3
646 352 3
650 352 3
652 352 3
655 352 1
659 352 2
666 352 2
671 352 2
672 352 3
675 352 3
676 352 2
678 352 3
679 352 3
684 352 3
685 352 2
686 352 2
689 352 2
690 352 2
694 352 3
696 352 2
700 352 3
701 352 2
702 352 2
705 352 1
706 352 3
708 352 1
711 352 3
716 352 3
720 352 3
723 352 1
725 352 2
726 352 3
730 352 3
731 352 3
732 352 1
734 352 2
735 352 3
736 352 3
738 352 3
740 352 1
742 352 2
744 352 2
746 352 1
748 352 3
749 352 2
751 352 1
752 352 3
755 352 3
761 352 1
763 352 2
765 352 1
772 352 2
775 352 2
777 352 3
782 352 2
784 352 2
797 352 3
800 352 3
