618 606 1
623 606 2
626 606 3
630 606 3
632 606 3
649 606 1
653 606 2
658 606 2
659 606 2
663 606 1
668 606 3
669 606 2
671 606 1
677 606 3
678 606 2
685 606 3
687 606 1
688 606 3
689 606 3
693 606 1
694 606 3
696 606 1
697 606 2
700 606 3
701 606 1
705 606 1
707 606 1
712 606 3
713 606 2
714 606 1
716 606 1
717 606 2
720 606 1
721 606 3
722 606 2
723 606 2
726 606 2
727 606 1
728 606 3
731 606 3
736 606 2
737 606 2
739 606 1
740 606 2
741 606 1
743 606 2
744 606 1
747 606 3
749 606 1
752 606 3
754 606 1
758 606 2
761 606 1
762 606 2
764 606 2
765 606 2
767 606 3
768 606 3
769 606 1
770 606 1
776 606 1
781 606 1
783 606 2
784 606 2
788 606 3
790 606 2
795 606 1
796 606 1
800 606 2
802 606 3
804 606 3
809 606 2
816 606 1
817 606 1
818 606 2
822 606 2
828 606 3
830 606 1
832 606 1
833 606 3
835 606 2
836 606 3
839 606 3
843 606 1
846 606 3
847 606 1
852 606 3
854 606 1
856 606 3
857 606 2
861 606 2
862 606 3
865 606 1
870 606 1
871 606 2
874 606 2
877 606 1
878 606 2
879 606 3
882 606 3
885 606 1
890 606 1
892 606 1
895 606 3
896 606 1
897 606 3
899 606 1
902 606 3
908 606 1
910 606 1
911 606 1
914 606 1
915 606 2
918 606 2
920 606 1
921 606 3
924 606 3
927 606 2
930 606 3
933 606 1
940 606 1
941 606 2
942 606 2
946 606 3
951 606 1
952 606 1
953 606 2
954 606 3
959 606 1
961 606 3
963 606 2
968 606 1
970 606 2
972 606 2
973 606 3
974 606 3
975 606 1
976 606 2
977 606 1
993 606 2
996 606 1
1 607 2
2 607 1
4 607 3
7 607 1
13 607 3
21 607 1
26 607 1
28 607 1
35 607 2
39 607 2
46 607 1
49 607 2
50 607 2
51 607 1
52 607 2
53 607 2
64 607 2
66 607 1
67 607 1
69 607 2
70 607 1
71 607 1
73 607 1
74 607 2
91 607 1
96 607 1
97 607 2
100 607 2
102 607 2
108 607 2
112 607 2
113 607 2
114 607 3
115 607 1
117 607 1
119 607 1
121 607 3
122 607 3
123 607 3
128 607 3
137 607 2
144 607 2
150 607 3
152 607 2
153 607 3
154 607 3
155 607 3
157 607 2
166 607 3
167 607 1
172 607 1
174 607 2
176 607 3
180 607 1
183 607 2
192 607 2
193 607 1
198 607 1
202 607 1
205 607 2
207 607 3
209 607 3
216 607 2
220 607 1
223 607 1
226 607 3
228 607 2
229 607 1
231 607 3
232 607 1
236 607 1
237 607 3
244 607 2
245 607 2
249 607 3
251 607 2
252 607 3
253 607 3
261 607 2
266 607 1
268 607 2
270 607 1
272 607 2
279 607 1
281 607 1
284 607 2
286 607 1
287 607 2
291 607 2
292 607 2
293 607 2
294 607 3
298 607 2
299 607 1
302 607 1
305 607 3
314 607 2
315 607 3
320 607 3
321 607 3
322 607 1
323 607 2
326 607 3
333 607 2
336 607 1
338 607 1
339 607 2
343 607 3
349 607 2
350 607 3
351 607 2
352 607 1
353 607 1
354 607 2
356 607 2
357 607 2
359 607 2
361 607 1
364 607 3
367 607 3
371 607 2
374 607 3
376 607 3
380 607 1
385 607 1
386 607 3
388 607 1
389 607 1
390 607 2
394 607 1
395 607 3
397 607 2
403 607 1
410 607 2
414 607 3
415 607 1
432 607 3
433 607 3
434 607 2
435 607 3
437 607 2
444 607 1
445 607 1
447 607 3
449 607 1
456 607 2
457 607 2
459 607 1
460 607 3
461 607 3
462 607 2
463 607 1
467 607 3
469 607 1
479 607 3
482 607 1
485 607 2
489 607 2
490 607 3
491 607 3
497 607 2
499 607 1
501 607 2
504 607 3
505 607 2
516 607 2
517 607 1
532 607 3
533 607 3
534 607 3
535 607 2
540 607 2
542 607 2
544 607 3
545 607 3
547 607 3
550 607 1
551 607 1
552 607 3
553 607 1
556 607 1
559 607 3
560 607 3
568 607 3
569 607 2
571 607 3
573 607 2
577 607 3
580 607 1
583 607 2
586 607 3
587 607 1
592 607 3
593 607 1
598 607 2
600 607 1
609 607 1
615 607 1
616 607 3
626 607 2
629 607 2
630 607 3
632 607 1
634 607 2
636 607 3
640 607 3
642 607 3
644 607 1
645 607 3
646 607 1
650 607 2
661 607 1
668 607 1
670 607 3
677 607 3
681 607 2
682 607 1
683 607 3
685 607 3
691 607 2
695 607 3
700 607 2
705 607 2
708 607 2
710 607 3
713 607 3
715 607 2
720 607 1
723 607 1
729 607 2
734 607 1
740 607 1
741 607 1
742 607 2
745 607 3
747 607 1
749 607 2
754 607 2
757 607 1
759 607 1
761 607 2
762 607 2
766 607 2
770 607 1
772 607 3
775 607 1
778 607 3
782 607 2
783 607 1
785 607 1
789 607 3
793 607 2
795 607 2
797 607 1
800 607 3
801 607 1
802 607 1
804 607 2
805 607 3
807 607 2
813 607 2
819 607 3
820 607 2
821 607 3
826 607 2
827 607 3
831 607 3
838 607 2
841 607 1
844 607 3
847 607 3
848 607 2
851 607 1
857 607 3
861 607 2
864 607 1
870 607 2
873 607 3
875 607 2
878 607 1
880 607 2
881 607 2
883 607 2
885 607 1
886 607 1
887 607 1
897 607 3
898 607 1
900 607 3
904 607 3
909 607 3
922 607 3
928 607 2
930 607 1
931 607 3
934 607 1
939 607 1
940 607 3
941 607 3
945 607 1
947 607 2
952 607 3
954 607 2
955 607 2
956 607 2
957 607 2
958 607 2
959 607 2
961 607 2
964 607 2
969 607 2
973 607 2
981 607 3
983 607 1
987 607 2
988 607 3
989 607 3
992 607 3
994 607 2
995 607 3
997 607 3
998 607 1
999 607 3
0 608 3
3 608 2
5 608 1
6 608 3
9 608 1
11 608 1
16 608 1
23 608 2
27 608 2
35 608 2
37 608 1
38 608 3
39 608 2
41 608 3
45 608 1
48 608 3
51 608 2
52 608 1
55 608 1
61 608 2
63 608 1
69 608 2
71 608 3
79 608 1
81 608 2
83 608 3
87 608 3
89 608 2
95 608 2
98 608 1
101 608 2
102 608 3
104 608 2
105 608 2
113 608 3
114 608 1
117 608 2
118 608 2
122 608 2
128 608 1
131 608 1
136 608 3
138 608 1
139 608 3
140 608 1
143 608 2
145 608 1
146 608 1
147 608 3
149 608 1
151 608 2
152 608 1
155 608 3
163 608 2
165 608 3
174 608 3
175 608 3
176 608 2
180 608 3
181 608 3
186 608 3
189 608 3
191 608 1
192 608 3
196 608 2
199 608 2
205 608 3
208 608 3
210 608 3
216 608 1
219 608 1
220 608 3
230 608 2
231 608 3
235 608 1
236 608 1
240 608 3
246 608 1
247 608 1
252 608 1
265 608 2
269 608 3
271 608 1
273 608 2
274 608 2
278 608 1
284 608 1
285 608 3
286 608 2
288 608 3
290 608 1
291 608 3
294 608 3
297 608 2
298 608 2
299 608 3
301 608 3
304 608 1
306 608 2
308 608 2
310 608 3
316 608 2
317 608 3
321 608 3
322 608 1
325 608 3
327 608 3
331 608 2
333 608 1
338 608 2
339 608 3
340 608 2
342 608 2
344 608 1
348 608 1
349 608 3
350 608 1
359 608 2
361 608 1
362 608 1
363 608 3
370 608 3
376 608 3
377 608 2
379 608 1
383 608 3
384 608 2
386 608 3
388 608 3
389 608 1
394 608 2
396 608 1
397 608 2
407 608 2
409 608 3
410 608 2
414 608 2
419 608 3
420 608 3
422 608 1
424 608 1
426 608 3
429 608 3
431 608 2
434 608 1
438 608 1
441 608 3
447 608 1
455 608 3
456 608 3
458 608 1
465 608 3
467 608 3
472 608 2
481 608 2
490 608 2
493 608 2
497 608 1
498 608 2
506 608 1
512 608 3
513 608 2
517 608 3
518 608 1
519 608 3
520 608 1
521 608 2
524 608 1
526 608 1
527 608 1
533 608 3
539 608 2
544 608 1
545 608 1
550 608 1
551 608 1
552 608 2
553 608 3
554 608 2
559 608 3
562 608 1
569 608 3
571 608 2
575 608 2
578 608 2
579 608 2
580 608 3
581 608 1
586 608 2
593 608 1
595 608 3
596 608 1
603 608 1
609 608 3
614 608 2
620 608 1
629 608 3
631 608 1
634 608 2
641 608 2
642 608 2
645 608 2
