545 822 1
546 822 1
547 822 1
554 822 2
556 822 1
559 822 3
563 822 3
566 822 2
567 822 1
569 822 2
572 822 2
574 822 3
577 822 3
583 822 1
584 822 3
586 822 1
593 822 2
594 822 1
597 822 1
599 822 3
600 822 3
603 822 1
604 822 1
605 822 3
609 822 3
610 822 1
612 822 1
613 822 1
615 822 3
618 822 2
629 822 1
630 822 3
631 822 3
632 822 1
638 822 1
640 822 3
643 822 2
646 822 1
648 822 1
653 822 1
654 822 3
657 822 1
659 822 1
660 822 3
663 822 1
666 822 2
667 822 2
669 822 2
670 822 3
673 822 1
688 822 1
689 822 3
692 822 1
699 822 1
701 822 1
702 822 2
705 822 2
706 822 3
710 822 1
712 822 2
717 822 3
719 822 2
720 822 1
724 822 1
725 822 2
727 822 3
729 822 1
747 822 1
748 822 2
749 822 1
750 822 1
752 822 3
755 822 3
756 822 2
757 822 2
759 822 1
760 822 1
761 822 3
764 822 1
765 822 1
768 822 2
769 822 3
772 822 1
783 822 2
789 822 3
791 822 2
794 822 2
797 822 3
798 822 3
803 822 3
805 822 1
806 822 3
812 822 3
816 822 3
818 822 3
819 822 1
824 822 2
825 822 3
834 822 1
835 822 3
843 822 3
850 822 3
854 822 1
855 822 3
866 822 3
869 822 3
875 822 1
878 822 1
879 822 1
882 822 1
893 822 2
895 822 1
896 822 1
899 822 1
900 822 1
908 822 1
910 822 1
912 822 3
913 822 1
914 822 3
917 822 2
921 822 2
927 822 2
931 822 1
934 822 1
935 822 3
939 822 2
942 822 2
943 822 1
947 822 1
948 822 2
950 822 2
952 822 1
954 822 2
960 822 2
966 822 1
967 822 1
969 822 2
971 822 3
974 822 2
975 822 1
979 822 1
985 822 3
986 822 1
988 822 3
990 822 3
991 822 2
9 823 3
27 823 1
33 823 3
35 823 3
36 823 2
39 823 3
40 823 2
41 823 2
44 823 2
45 823 2
52 823 2
54 823 3
55 823 2
56 823 2
61 823 1
63 823 2
65 823 1
69 823 2
70 823 2
71 823 2
73 823 2
76 823 2
78 823 3
80 823 1
87 823 1
89 823 3
90 823 1
97 823 3
98 823 2
104 823 1
105 823 2
106 823 2
109 823 3
110 823 1
111 823 1
112 823 3
118 823 1
122 823 1
129 823 2
131 823 2
133 823 1
139 823 3
141 823 1
148 823 1
149 823 2
150 823 3
155 823 1
158 823 1
160 823 3
164 823 1
166 823 1
170 823 2
171 823 3
172 823 1
173 823 3
174 823 3
175 823 1
178 823 3
184 823 3
187 823 2
188 823 1
189 823 1
193 823 2
195 823 3
203 823 2
206 823 3
209 823 1
212 823 1
214 823 1
216 823 3
217 823 3
220 823 3
221 823 1
226 823 1
227 823 2
231 823 3
235 823 3
237 823 2
244 823 2
246 823 1
256 823 1
260 823 1
262 823 3
265 823 3
267 823 3
276 823 2
278 823 2
281 823 1
286 823 1
297 823 3
300 823 2
302 823 3
304 823 2
305 823 1
307 823 2
308 823 3
315 823 1
319 823 3
320 823 3
323 823 2
327 823 3
330 823 1
332 823 1
337 823 3
339 823 2
346 823 3
347 823 3
352 823 3
353 823 2
356 823 1
359 823 3
360 823 3
373 823 1
375 823 1
377 823 2
385 823 2
388 823 1
391 823 2
397 823 3
401 823 2
406 823 3
422 823 2
426 823 3
432 823 2
433 823 1
436 823 1
438 823 2
439 823 3
443 823 1
445 823 3
450 823 2
451 823 3
456 823 3
458 823 3
459 823 1
460 823 1
464 823 1
469 823 2
475 823 3
476 823 1
478 823 2
479 823 1
480 823 3
482 823 1
485 823 1
488 823 1
489 823 1
491 823 1
493 823 3
499 823 1
502 823 3
505 823 3
506 823 3
509 823 2
513 823 1
514 823 1
516 823 1
517 823 3
518 823 2
519 823 3
523 823 3
524 823 1
527 823 2
528 823 3
531 823 2
532 823 2
534 823 3
536 823 2
540 823 1
541 823 3
544 823 2
545 823 2
548 823 2
553 823 1
562 823 3
563 823 3
565 823 3
566 823 3
569 823 2
571 823 2
572 823 3
575 823 3
578 823 1
579 823 3
580 823 3
583 823 1
584 823 2
590 823 3
596 823 3
601 823 2
614 823 3
615 823 1
619 823 1
622 823 3
623 823 3
624 823 1
632 823 1
634 823 1
641 823 2
643 823 2
647 823 1
648 823 3
650 823 1
651 823 2
652 823 1
658 823 1
659 823 2
665 823 3
674 823 3
675 823 3
676 823 3
678 823 2
679 823 2
680 823 1
685 823 3
686 823 3
687 823 3
696 823 2
704 823 1
710 823 3
714 823 1
717 823 2
722 823 2
723 823 3
724 823 3
729 823 1
730 823 3
736 823 3
742 823 2
745 823 1
747 823 1
752 823 2
758 823 2
766 823 2
770 823 2
772 823 3
774 823 2
775 823 1
776 823 3
778 823 2
783 823 3
789 823 1
794 823 3
795 823 3
801 823 2
805 823 3
806 823 2
808 823 1
809 823 2
815 823 3
824 823 1
829 823 2
832 823 1
837 823 3
840 823 3
842 823 2
846 823 1
847 823 3
849 823 3
855 823 2
856 823 2
857 823 2
860 823 3
862 823 1
864 823 2
868 823 2
875 823 3
877 823 3
879 823 1
880 823 3
883 823 3
885 823 2
888 823 3
889 823 1
891 823 2
894 823 2
900 823 2
905 823 1
913 823 2
914 823 3
918 823 2
919 823 2
923 823 2
924 823 2
925 823 3
928 823 1
929 823 2
932 823 3
935 823 2
940 823 1
941 823 2
942 823 2
946 823 2
952 823 2
955 823 2
956 823 3
957 823 2
961 823 3
965 823 1
969 823 2
980 823 3
982 823 2
984 823 3
988 823 3
991 823 3
994 823 1
995 823 3
999 823 1
3 824 1
4 824 1
6 824 2
8 824 2
12 824 1
13 824 1
20 824 1
21 824 1
22 824 1
23 824 1
33 824 3
34 824 2
36 824 1
38 824 2
42 824 3
43 824 3
48 824 3
50 824 2
51 824 1
52 824 1
65 824 3
69 824 1
70 824 2
72 824 2
77 824 3
81 824 1
82 824 3
86 824 2
89 824 3
95 824 1
96 824 2
101 824 2
102 824 3
105 824 2
106 824 3
109 824 1
111 824 2
115 824 1
121 824 2
128 824 1
132 824 1
136 824 3
137 824 2
141 824 1
143 824 2
144 824 3
145 824 2
149 824 2
151 824 2
152 824 2
155 824 1
159 824 2
163 824 3
164 824 3
165 824 2
166 824 1
168 824 2
171 824 2
173 824 1
174 824 2
175 824 2
176 824 3
179 824 3
182 824 1
183 824 1
187 824 2
189 824 2
192 824 1
196 824 1
201 824 2
203 824 3
205 824 1
206 824 1
208 824 3
210 824 3
213 824 3
214 824 1
215 824 2
216 824 2
221 824 2
228 824 1
232 824 1
240 824 2
241 824 3
242 824 3
246 824 3
249 824 2
251 824 2
255 824 3
256 824 2
258 824 1
262 824 2
267 824 3
270 824 3
273 824 3
279 824 1
283 824 2
286 824 3
287 824 3
290 824 1
292 824 1
297 824 3
299 824 2
305 824 2
307 824 2
312 824 3
315 824 1
316 824 3
318 824 1
319 824 3
320 824 3
322 824 1
325 824 2
326 824 2
330 824 3
331 824 1
334 824 2
336 824 3
337 824 1
338 824 3
342 824 1
345 824 2
346 824 2
349 824 3
353 824 1
354 824 3
356 824 1
360 824 3
362 824 2
365 824 2
367 824 1
368 824 2
369 824 3
374 824 2
381 824 3
384 824 3
385 824 1
388 824 1
389 824 1
391 824 1
393 824 3
396 824 3
397 824 3
398 824 3
399 824 2
401 824 3
402 824 3
406 824 1
409 824 1
410 824 3
411 824 3
415 824 1
418 824 3
424 824 2
428 824 1
429 824 3
430 824 3
434 824 1
437 824 1
441 824 3
442 824 3
443 824 3
447 824 2
451 824 3
455 824 1
458 824 1
466 824 2
467 824 1
469 824 1
472 824 3
479 824 2
480 824 3
482 824 3
483 824 1
484 824 2
485 824 1
495 824 1
505 824 3
506 824 3
507 824 2
511 824 1
514 824 2
516 824 2
517 824 3
520 824 3
523 824 1
527 824 1
530 824 2
532 824 2
533 824 3
534 824 1
535 824 3
536 824 2
542 824 2
543 824 3
544 824 2
547 824 1
548 824 2
549 824 2
552 824 2
556 824 2
572 824 3
574 824 3
576 824 2
577 824 2
578 824 1
580 824 3
582 824 1
583 824 2
584 824 1
585 824 1
