949 298 3
950 298 3
953 298 3
957 298 2
958 298 2
959 298 1
960 298 1
961 298 2
962 298 1
966 298 2
971 298 2
977 298 1
979 298 1
980 298 2
981 298 3
982 298 2
989 298 2
992 298 1
994 298 1
997 298 2
0 299 2
2 299 3
3 299 2
9 299 2
16 299 1
17 299 2
18 299 1
22 299 1
31 299 2
33 299 2
34 299 2
37 299 2
39 299 1
41 299 2
45 299 3
46 299 3
49 299 1
52 299 2
54 299 3
56 299 3
57 299 3
58 299 2
64 299 1
67 299 1
69 299 2
70 299 2
72 299 1
83 299 3
85 299 3
89 299 2
96 299 1
98 299 3
103 299 2
106 299 2
107 299 2
110 299 2
112 299 3
114 299 2
115 299 1
117 299 2
118 299 1
120 299 2
121 299 2
124 299 3
125 299 3
126 299 2
139 299 1
143 299 2
146 299 1
148 299 1
149 299 1
150 299 2
151 299 2
152 299 1
154 299 2
165 299 2
166 299 2
169 299 2
170 299 3
173 299 2
175 299 3
177 299 3
178 299 3
180 299 3
181 299 3
184 299 3
188 299 2
189 299 1
193 299 3
194 299 1
197 299 3
202 299 1
203 299 3
204 299 1
205 299 1
207 299 1
208 299 2
212 299 3
215 299 1
221 299 3
222 299 2
223 299 1
224 299 1
229 299 2
231 299 2
235 299 1
237 299 2
241 299 3
242 299 3
243 299 3
251 299 1
253 299 3
259 299 2
261 299 2
262 299 3
263 299 2
269 299 1
270 299 3
273 299 2
275 299 3
281 299 3
284 299 1
285 299 3
287 299 3
288 299 3
289 299 3
290 299 1
291 299 2
294 299 1
295 299 3
300 299 2
301 299 2
302 299 3
303 299 2
306 299 3
308 299 2
312 299 1
313 299 1
317 299 3
318 299 2
319 299 3
320 299 3
324 299 3
327 299 3
331 299 2
334 299 1
338 299 2
342 299 3
345 299 2
346 299 3
351 299 1
355 299 3
367 299 3
369 299 1
374 299 2
378 299 2
385 299 2
386 299 2
387 299 2
388 299 2
393 299 3
397 299 1
398 299 1
399 299 2
400 299 3
402 299 3
403 299 2
405 299 1
407 299 2
409 299 2
415 299 2
417 299 1
421 299 1
425 299 3
426 299 2
430 299 1
432 299 3
435 299 1
439 299 1
440 299 1
450 299 2
452 299 3
456 299 2
460 299 2
477 299 2
480 299 1
487 299 2
489 299 2
490 299 1
493 299 2
494 299 3
495 299 1
496 299 1
500 299 1
501 299 3
503 299 2
504 299 1
505 299 1
507 299 3
508 299 3
509 299 2
511 299 1
516 299 2
518 299 1
519 299 2
526 299 2
533 299 1
542 299 2
545 299 2
547 299 1
554 299 1
555 299 2
556 299 2
559 299 3
560 299 1
561 299 1
562 299 3
563 299 1
565 299 1
566 299 2
569 299 2
573 299 3
575 299 2
578 299 3
579 299 2
580 299 2
585 299 3
588 299 3
589 299 3
591 299 1
592 299 3
598 299 2
599 299 2
600 299 2
601 299 3
602 299 2
604 299 3
605 299 2
606 299 3
607 299 3
609 299 3
611 299 3
613 299 2
619 299 3
624 299 1
626 299 1
628 299 3
630 299 2
635 299 1
636 299 2
637 299 2
638 299 3
640 299 2
642 299 1
644 299 3
646 299 1
648 299 1
651 299 3
653 299 1
655 299 1
657 299 1
658 299 2
660 299 2
661 299 3
666 299 1
668 299 2
671 299 1
672 299 1
675 299 2
678 299 3
680 299 1
681 299 3
682 299 2
687 299 1
688 299 3
690 299 2
698 299 2
706 299 1
707 299 1
708 299 2
713 299 1
717 299 1
719 299 1
721 299 1
732 299 1
733 299 2
735 299 3
738 299 2
747 299 3
748 299 2
750 299 3
752 299 3
755 299 1
760 299 2
761 299 3
766 299 3
768 299 2
771 299 1
772 299 3
773 299 1
776 299 3
777 299 1
778 299 2
781 299 2
782 299 3
786 299 1
788 299 2
789 299 1
790 299 1
793 299 3
794 299 3
797 299 1
800 299 3
803 299 1
812 299 3
813 299 2
815 299 1
819 299 2
827 299 1
829 299 2
834 299 3
841 299 1
846 299 3
847 299 3
848 299 3
850 299 2
853 299 3
857 299 1
859 299 2
866 299 3
869 299 2
876 299 1
878 299 3
881 299 1
885 299 1
893 299 3
895 299 1
896 299 2
899 299 3
901 299 1
904 299 3
905 299 1
907 299 3
911 299 1
912 299 1
914 299 1
918 299 1
921 299 2
922 299 1
929 299 2
932 299 1
942 299 1
944 299 1
947 299 1
954 299 3
955 299 1
959 299 3
965 299 3
967 299 2
972 299 3
977 299 1
983 299 3
985 299 2
988 299 2
991 299 3
992 299 2
995 299 1
997 299 1
998 299 3
4 300 2
5 300 1
8 300 3
14 300 1
15 300 1
18 300 3
20 300 1
26 300 2
28 300 3
29 300 1
35 300 1
36 300 1
38 300 1
52 300 1
53 300 3
58 300 3
59 300 1
60 300 2
62 300 3
64 300 3
65 300 2
67 300 3
70 300 3
75 300 1
78 300 3
79 300 1
80 300 1
81 300 3
85 300 2
87 300 1
91 300 1
92 300 2
96 300 3
97 300 2
100 300 2
103 300 3
108 300 1
110 300 2
114 300 1
125 300 1
130 300 2
135 300 2
136 300 3
138 300 1
139 300 2
140 300 2
142 300 1
143 300 3
147 300 1
150 300 1
157 300 2
158 300 1
161 300 2
163 300 1
166 300 1
167 300 3
171 300 1
177 300 3
178 300 2
181 300 3
183 300 3
189 300 2
198 300 1
201 300 3
204 300 3
205 300 3
209 300 1
217 300 3
226 300 1
230 300 1
231 300 1
239 300 2
242 300 3
245 300 2
246 300 3
248 300 1
249 300 3
251 300 3
254 300 2
256 300 2
260 300 2
263 300 1
266 300 2
269 300 1
272 300 3
274 300 2
275 300 3
276 300 1
277 300 2
278 300 3
282 300 3
284 300 1
288 300 1
289 300 1
295 300 1
299 300 1
300 300 3
301 300 2
302 300 3
311 300 2
312 300 2
313 300 1
318 300 1
320 300 1
326 300 2
327 300 2
333 300 1
336 300 2
340 300 3
341 300 2
345 300 2
346 300 2
347 300 1
351 300 2
352 300 2
353 300 3
355 300 2
358 300 3
360 300 3
363 300 3
369 300 3
372 300 1
373 300 2
375 300 1
380 300 1
381 300 2
382 300 2
385 300 3
387 300 2
393 300 1
394 300 2
396 300 3
402 300 1
403 300 3
404 300 1
407 300 1
409 300 3
411 300 2
414 300 1
415 300 1
418 300 3
420 300 1
421 300 1
422 300 2
423 300 1
428 300 1
431 300 3
432 300 3
442 300 1
443 300 1
446 300 2
455 300 1
457 300 1
458 300 1
459 300 1
463 300 2
476 300 3
478 300 2
481 300 1
483 300 2
485 300 2
488 300 3
489 300 2
491 300 2
494 300 3
495 300 1
496 300 3
497 300 1
503 300 1
504 300 1
511 300 2
513 300 2
515 300 2
516 300 2
517 300 3
520 300 1
521 300 3
526 300 2
529 300 1
531 300 3
532 300 1
533 300 1
541 300 1
545 300 1
548 300 1
549 300 3
553 300 2
555 300 2
558 300 3
559 300 3
560 300 3
561 300 1
563 300 2
568 300 2
570 300 2
571 300 1
575 300 1
576 300 1
578 300 2
581 300 3
585 300 3
586 300 2
588 300 2
593 300 1
607 300 3
614 300 2
615 300 3
619 300 2
621 300 3
626 300 3
629 300 1
630 300 1
632 300 2
635 300 2
639 300 2
641 300 2
643 300 2
644 300 3
645 300 3
650 300 2
653 300 3
654 300 2
657 300 3
658 300 2
661 300 2
669 300 3
670 300 3
672 300 3
674 300 1
680 300 1
681 300 1
684 300 1
685 300 2
688 300 1
691 300 2
693 300 3
696 300 3
697 300 2
700 300 1
701 300 3
704 300 1
711 300 3
721 300 3
723 300 1
725 300 3
726 300 1
730 300 3
732 300 3
733 300 3
735 300 1
736 300 2
737 300 3
739 300 2
740 300 3
742 300 1
743 300 1
746 300 3
749 300 3
751 300 1
754 300 2
759 300 3
762 300 3
763 300 1
764 300 2
766 300 2
767 300 3
770 300 3
771 300 2
774 300 2
776 300 2
782 300 3
783 300 1
789 300 2
790 300 3
795 300 1
796 300 1
801 300 3
803 300 3
806 300 1
808 300 2
811 300 1
813 300 2
814 300 1
815 300 1
816 300 3
823 300 3
825 300 1
829 300 2
832 300 1
836 300 2
837 300 1
838 300 2
844 300 3
848 300 3
850 300 2
853 300 1
854 300 1
