425 494 1
427 494 1
431 494 1
433 494 1
435 494 1
443 494 3
445 494 3
449 494 1
452 494 3
458 494 1
459 494 2
462 494 3
471 494 3
472 494 1
477 494 2
478 494 3
479 494 1
481 494 2
483 494 1
487 494 1
490 494 3
495 494 2
497 494 2
501 494 3
502 494 3
504 494 2
505 494 2
506 494 2
508 494 3
511 494 1
512 494 2
514 494 1
515 494 2
516 494 1
518 494 2
520 494 3
521 494 1
525 494 1
527 494 3
528 494 3
532 494 3
535 494 3
536 494 2
537 494 1
539 494 2
546 494 3
547 494 3
551 494 3
553 494 2
556 494 1
559 494 3
561 494 2
566 494 2
568 494 2
572 494 1
573 494 1
575 494 2
576 494 1
578 494 3
583 494 1
592 494 1
594 494 2
595 494 2
596 494 3
598 494 1
599 494 1
600 494 3
602 494 2
605 494 3
612 494 2
618 494 1
619 494 3
620 494 3
626 494 2
627 494 1
628 494 2
631 494 2
636 494 1
637 494 2
639 494 1
643 494 1
654 494 2
655 494 3
657 494 1
658 494 1
660 494 2
662 494 3
669 494 2
670 494 2
675 494 1
676 494 3
678 494 3
685 494 1
687 494 1
690 494 3
694 494 3
698 494 3
702 494 3
705 494 3
707 494 2
708 494 3
710 494 2
711 494 3
715 494 3
716 494 3
721 494 3
723 494 1
724 494 3
728 494 2
729 494 2
730 494 3
737 494 3
738 494 3
745 494 3
748 494 2
758 494 3
760 494 2
765 494 1
768 494 1
772 494 3
773 494 1
775 494 1
776 494 3
778 494 1
785 494 3
786 494 2
789 494 1
790 494 3
796 494 1
797 494 1
800 494 2
801 494 2
803 494 2
811 494 2
812 494 1
815 494 2
816 494 2
819 494 1
821 494 1
823 494 2
825 494 2
826 494 1
827 494 2
832 494 3
834 494 3
836 494 3
837 494 2
839 494 1
840 494 1
841 494 1
843 494 1
852 494 1
858 494 3
859 494 1
861 494 1
868 494 1
869 494 1
870 494 3
874 494 2
876 494 2
879 494 2
881 494 3
886 494 1
893 494 3
897 494 3
903 494 3
904 494 1
906 494 1
907 494 3
908 494 1
912 494 1
913 494 1
914 494 1
915 494 2
916 494 3
918 494 2
920 494 3
921 494 2
928 494 2
929 494 1
931 494 3
932 494 3
942 494 2
945 494 1
946 494 1
955 494 3
959 494 3
960 494 1
970 494 3
972 494 3
973 494 2
974 494 3
977 494 3
979 494 1
981 494 1
983 494 3
990 494 3
991 494 3
992 494 1
994 494 1
995 494 3
997 494 3
998 494 2
2 495 2
8 495 2
11 495 1
14 495 3
20 495 3
26 495 2
28 495 2
30 495 3
34 495 3
39 495 3
40 495 1
42 495 3
43 495 3
47 495 2
49 495 1
50 495 2
52 495 3
54 495 3
57 495 3
62 495 2
65 495 1
67 495 1
70 495 2
72 495 2
76 495 3
77 495 2
82 495 3
83 495 1
84 495 1
85 495 1
86 495 1
103 495 3
104 495 1
108 495 3
109 495 3
118 495 3
121 495 2
126 495 2
128 495 2
129 495 2
134 495 1
135 495 3
138 495 3
139 495 1
145 495 2
149 495 2
152 495 3
154 495 3
156 495 3
157 495 1
158 495 2
163 495 1
167 495 2
168 495 1
169 495 2
171 495 3
172 495 1
174 495 1
176 495 3
182 495 3
183 495 3
184 495 3
190 495 1
192 495 1
199 495 2
201 495 3
207 495 1
209 495 1
211 495 3
212 495 1
217 495 1
220 495 1
221 495 1
224 495 3
227 495 3
228 495 3
231 495 2
235 495 3
238 495 1
242 495 3
248 495 2
249 495 1
251 495 3
254 495 2
259 495 2
260 495 3
262 495 1
263 495 1
267 495 2
270 495 1
273 495 1
277 495 3
280 495 1
281 495 3
286 495 1
291 495 3
293 495 1
295 495 1
296 495 2
298 495 2
302 495 1
307 495 1
308 495 2
310 495 3
313 495 2
314 495 1
316 495 1
318 495 3
321 495 3
327 495 2
329 495 3
332 495 2
334 495 1
339 495 2
341 495 2
344 495 2
347 495 2
348 495 1
351 495 2
352 495 1
354 495 1
355 495 3
361 495 1
364 495 3
365 495 3
367 495 3
373 495 1
374 495 1
375 495 3
376 495 3
377 495 1
385 495 2
393 495 2
398 495 1
402 495 1
408 495 2
412 495 2
415 495 1
417 495 2
419 495 1
422 495 1
424 495 2
428 495 3
429 495 1
432 495 1
433 495 2
434 495 1
435 495 1
436 495 2
439 495 1
440 495 3
448 495 1
450 495 1
451 495 3
453 495 2
454 495 3
455 495 2
459 495 2
460 495 3
461 495 3
462 495 2
467 495 3
468 495 1
470 495 2
472 495 3
473 495 3
475 495 1
477 495 1
481 495 3
489 495 3
491 495 3
494 495 3
498 495 1
499 495 1
503 495 2
506 495 1
508 495 3
510 495 2
511 495 1
512 495 2
513 495 2
514 495 2
520 495 3
527 495 3
528 495 1
532 495 3
534 495 3
537 495 1
542 495 2
553 495 2
556 495 2
559 495 1
562 495 2
569 495 3
571 495 2
573 495 2
574 495 2
576 495 3
583 495 3
585 495 2
589 495 1
595 495 1
597 495 3
599 495 2
600 495 2
601 495 1
603 495 2
607 495 1
608 495 2
610 495 2
611 495 3
616 495 2
617 495 3
619 495 3
622 495 1
624 495 3
625 495 2
629 495 1
633 495 2
635 495 1
638 495 3
642 495 3
650 495 2
651 495 1
655 495 2
657 495 2
661 495 1
662 495 3
670 495 3
673 495 1
675 495 3
676 495 3
685 495 2
686 495 1
690 495 2
691 495 3
693 495 2
694 495 2
695 495 1
699 495 2
702 495 1
704 495 3
710 495 3
711 495 1
712 495 3
714 495 2
719 495 2
725 495 1
726 495 2
733 495 2
734 495 2
736 495 1
737 495 2
738 495 2
744 495 3
748 495 1
749 495 2
751 495 2
752 495 3
754 495 2
755 495 3
758 495 2
765 495 3
766 495 3
772 495 2
774 495 2
775 495 3
782 495 3
785 495 3
786 495 3
788 495 1
790 495 2
795 495 1
802 495 3
805 495 2
806 495 2
808 495 3
814 495 2
816 495 3
819 495 3
820 495 3
823 495 2
824 495 2
825 495 1
826 495 1
834 495 3
835 495 2
838 495 2
842 495 1
850 495 1
851 495 1
853 495 1
855 495 2
859 495 1
860 495 1
863 495 2
866 495 2
871 495 2
872 495 3
873 495 1
875 495 2
878 495 2
879 495 3
880 495 2
881 495 3
884 495 3
886 495 3
899 495 2
900 495 1
903 495 1
907 495 3
910 495 1
912 495 3
913 495 2
920 495 2
921 495 3
927 495 2
933 495 3
934 495 1
936 495 3
941 495 3
943 495 1
946 495 2
947 495 2
950 495 1
951 495 2
952 495 2
959 495 3
961 495 2
968 495 3
974 495 3
975 495 2
977 495 2
982 495 3
985 495 2
988 495 1
989 495 3
991 495 3
993 495 2
994 495 1
999 495 2
1 496 2
6 496 1
7 496 3
9 496 2
14 496 2
16 496 2
17 496 2
18 496 2
22 496 1
25 496 3
33 496 3
35 496 1
38 496 2
39 496 3
40 496 2
42 496 2
43 496 1
46 496 2
47 496 1
49 496 3
51 496 2
53 496 2
56 496 3
58 496 2
59 496 3
62 496 1
64 496 1
74 496 2
77 496 3
79 496 3
84 496 3
89 496 1
90 496 1
91 496 3
94 496 3
95 496 2
96 496 3
97 496 2
103 496 1
105 496 3
106 496 3
108 496 3
112 496 3
114 496 3
116 496 3
117 496 3
118 496 3
122 496 1
128 496 2
130 496 3
133 496 3
134 496 3
142 496 2
144 496 2
149 496 2
151 496 3
153 496 3
155 496 3
157 496 1
162 496 3
165 496 3
168 496 3
169 496 1
170 496 3
173 496 3
177 496 1
179 496 3
182 496 2
184 496 2
188 496 3
195 496 3
203 496 1
205 496 1
208 496 2
211 496 1
212 496 1
214 496 1
215 496 3
217 496 3
219 496 3
221 496 3
223 496 2
225 496 2
227 496 2
229 496 2
230 496 2
231 496 2
235 496 2
236 496 2
237 496 3
240 496 2
241 496 3
245 496 1
247 496 3
249 496 3
256 496 2
258 496 1
260 496 2
264 496 3
267 496 1
277 496 1
283 496 3
286 496 1
287 496 1
289 496 1
290 496 3
299 496 2
302 496 1
306 496 1
311 496 2
315 496 3
316 496 2
318 496 2
323 496 1
326 496 2
333 496 2
336 496 3
337 496 2
340 496 3
345 496 3
350 496 3
352 496 2
