174 271 3
179 271 1
182 271 1
187 271 2
188 271 3
189 271 1
190 271 1
193 271 3
201 271 1
203 271 2
205 271 1
206 271 1
209 271 2
216 271 3
218 271 3
219 271 2
220 271 3
221 271 2
222 271 3
225 271 1
227 271 2
233 271 1
235 271 2
239 271 3
240 271 1
243 271 1
245 271 2
246 271 3
253 271 3
257 271 3
258 271 3
259 271 2
265 271 3
267 271 1
269 271 3
270 271 1
271 271 3
272 271 1
276 271 2
278 271 1
279 271 2
280 271 2
284 271 3
287 271 2
293 271 3
294 271 1
299 271 2
302 271 1
304 271 2
310 271 1
315 271 2
316 271 2
320 271 3
325 271 1
328 271 1
333 271 2
334 271 2
336 271 3
337 271 2
344 271 3
346 271 2
348 271 2
349 271 3
359 271 3
363 271 1
365 271 2
369 271 1
374 271 1
375 271 1
381 271 3
383 271 1
385 271 2
386 271 2
387 271 3
388 271 3
389 271 1
396 271 3
397 271 2
399 271 3
400 271 3
401 271 3
410 271 1
425 271 2
430 271 2
431 271 2
432 271 3
433 271 1
434 271 1
439 271 2
440 271 3
443 271 3
450 271 1
452 271 2
454 271 1
458 271 2
459 271 3
462 271 3
463 271 1
468 271 3
470 271 2
471 271 1
472 271 1
476 271 3
477 271 1
479 271 1
480 271 3
484 271 3
486 271 2
495 271 3
497 271 2
500 271 1
505 271 3
508 271 1
509 271 3
510 271 2
514 271 3
518 271 1
521 271 1
522 271 3
524 271 2
527 271 1
531 271 1
533 271 3
534 271 2
537 271 3
538 271 1
540 271 3
543 271 1
545 271 2
553 271 1
554 271 1
559 271 3
566 271 3
568 271 2
569 271 2
573 271 3
574 271 3
575 271 1
582 271 1
585 271 2
586 271 3
589 271 2
590 271 3
594 271 1
596 271 2
603 271 2
608 271 3
609 271 3
612 271 1
616 271 2
619 271 3
624 271 3
627 271 1
628 271 3
630 271 1
633 271 1
634 271 1
642 271 1
643 271 2
646 271 2
648 271 2
652 271 1
656 271 1
657 271 3
660 271 1
668 271 2
669 271 1
671 271 3
672 271 2
674 271 2
679 271 1
683 271 2
685 271 3
698 271 3
699 271 1
700 271 3
707 271 1
716 271 1
718 271 2
719 271 2
720 271 3
723 271 2
728 271 1
730 271 1
731 271 1
733 271 1
738 271 3
739 271 3
743 271 2
748 271 2
749 271 3
750 271 2
751 271 3
752 271 2
757 271 1
758 271 1
760 271 1
762 271 3
766 271 3
768 271 3
769 271 2
770 271 3
772 271 3
773 271 1
774 271 2
776 271 1
782 271 1
783 271 2
785 271 3
787 271 2
790 271 3
794 271 2
798 271 2
799 271 2
806 271 3
809 271 2
811 271 1
816 271 1
819 271 1
822 271 1
823 271 3
824 271 1
826 271 2
828 271 2
829 271 2
830 271 3
833 271 3
834 271 1
835 271 1
840 271 3
843 271 2
850 271 2
851 271 3
855 271 2
856 271 1
857 271 3
859 271 1
862 271 1
863 271 1
864 271 2
866 271 1
868 271 1
874 271 2
875 271 2
877 271 3
878 271 2
879 271 3
880 271 2
882 271 3
884 271 2
885 271 2
886 271 2
889 271 3
895 271 3
896 271 3
897 271 2
900 271 3
907 271 2
914 271 1
918 271 1
921 271 3
924 271 3
926 271 2
927 271 3
929 271 2
931 271 3
932 271 1
944 271 1
946 271 2
953 271 2
954 271 1
955 271 3
957 271 2
960 271 1
962 271 1
964 271 1
967 271 3
970 271 1
971 271 1
980 271 3
982 271 3
984 271 1
987 271 1
991 271 3
992 271 1
993 271 1
995 271 2
997 271 3
9 272 2
10 272 1
11 272 2
16 272 3
17 272 3
23 272 1
25 272 3
35 272 1
38 272 3
42 272 1
43 272 2
46 272 1
51 272 3
52 272 3
53 272 2
55 272 2
57 272 3
62 272 2
69 272 2
71 272 2
73 272 2
80 272 3
83 272 1
85 272 1
86 272 2
87 272 2
88 272 1
90 272 1
102 272 2
105 272 2
106 272 1
107 272 3
108 272 3
126 272 2
130 272 2
131 272 1
132 272 2
133 272 1
142 272 1
152 272 2
156 272 3
157 272 2
162 272 1
163 272 3
164 272 1
166 272 3
171 272 2
172 272 2
177 272 3
178 272 1
186 272 3
190 272 1
192 272 3
193 272 2
194 272 2
195 272 3
197 272 2
199 272 2
201 272 1
204 272 1
206 272 3
210 272 1
211 272 1
216 272 3
217 272 2
221 272 1
222 272 2
228 272 1
230 272 2
238 272 2
239 272 2
243 272 1
247 272 2
251 272 3
252 272 2
256 272 2
257 272 3
267 272 1
268 272 2
271 272 2
274 272 3
282 272 1
284 272 1
285 272 1
288 272 3
291 272 3
292 272 3
293 272 3
294 272 3
297 272 1
302 272 2
304 272 1
305 272 1
307 272 1
310 272 1
315 272 2
317 272 1
326 272 1
327 272 2
332 272 3
334 272 3
335 272 3
336 272 3
340 272 3
341 272 1
342 272 1
343 272 1
347 272 3
348 272 1
350 272 1
352 272 3
360 272 2
361 272 1
364 272 2
369 272 2
370 272 2
379 272 2
382 272 2
383 272 1
386 272 3
389 272 1
390 272 3
394 272 1
399 272 1
403 272 3
405 272 3
418 272 3
422 272 1
424 272 1
425 272 3
426 272 1
431 272 1
434 272 3
435 272 3
443 272 2
446 272 3
447 272 2
448 272 1
459 272 1
462 272 3
464 272 3
471 272 1
477 272 1
484 272 1
497 272 1
498 272 1
507 272 1
512 272 1
521 272 2
523 272 3
524 272 2
527 272 3
530 272 2
531 272 1
532 272 2
533 272 3
534 272 1
535 272 3
547 272 2
554 272 3
558 272 1
560 272 2
561 272 2
564 272 3
565 272 3
570 272 1
571 272 3
572 272 2
579 272 3
580 272 2
581 272 1
586 272 2
590 272 2
595 272 2
596 272 2
599 272 2
605 272 1
611 272 2
612 272 3
615 272 1
616 272 2
619 272 2
629 272 3
631 272 1
632 272 1
636 272 3
641 272 3
642 272 3
644 272 1
645 272 2
646 272 2
648 272 3
650 272 1
656 272 1
657 272 2
658 272 1
662 272 1
663 272 1
667 272 2
668 272 2
669 272 3
673 272 3
676 272 3
683 272 2
684 272 1
685 272 2
688 272 2
689 272 3
691 272 2
696 272 1
697 272 3
698 272 3
701 272 3
708 272 2
712 272 2
718 272 1
719 272 3
720 272 3
721 272 2
722 272 2
725 272 1
729 272 3
733 272 2
734 272 3
739 272 1
740 272 2
741 272 3
742 272 1
746 272 1
747 272 1
748 272 2
749 272 1
750 272 2
752 272 3
754 272 1
755 272 1
756 272 1
764 272 2
766 272 3
768 272 1
769 272 2
770 272 3
773 272 3
785 272 3
787 272 3
789 272 2
793 272 2
794 272 1
799 272 3
801 272 2
806 272 3
808 272 2
813 272 1
815 272 2
817 272 3
818 272 1
825 272 2
827 272 3
828 272 3
831 272 2
835 272 3
836 272 2
842 272 2
843 272 3
845 272 2
848 272 1
849 272 3
850 272 1
851 272 3
856 272 1
859 272 1
864 272 3
868 272 3
874 272 3
877 272 1
881 272 3
885 272 3
887 272 2
892 272 2
894 272 2
904 272 3
905 272 2
915 272 2
917 272 1
921 272 3
924 272 1
925 272 1
928 272 3
934 272 3
935 272 1
937 272 3
938 272 1
942 272 2
952 272 1
953 272 1
957 272 3
965 272 2
966 272 1
972 272 3
973 272 2
975 272 1
979 272 3
980 272 2
981 272 2
985 272 3
990 272 1
991 272 1
994 272 2
999 272 1
0 273 3
10 273 2
12 273 1
13 273 1
16 273 2
18 273 2
19 273 1
23 273 3
24 273 1
28 273 3
34 273 3
35 273 3
37 273 3
44 273 2
51 273 1
54 273 3
59 273 3
60 273 3
66 273 2
71 273 2
75 273 2
79 273 3
80 273 1
84 273 3
86 273 1
88 273 2
89 273 3
90 273 2
94 273 1
95 273 2
96 273 3
97 273 3
100 273 2
103 273 2
111 273 3
114 273 1
115 273 2
117 273 1
118 273 1
119 273 3
124 273 1
127 273 2
133 273 1
138 273 2
141 273 3
143 273 2
144 273 1
145 273 3
149 273 2
150 273 2
151 273 1
156 273 3
162 273 2
164 273 3
165 273 3
168 273 2
169 273 1
172 273 3
179 273 2
182 273 3
186 273 2
187 273 3
188 273 1
190 273 1
191 273 3
201 273 2
212 273 1
213 273 3
217 273 2
