100 229 3
109 229 2
110 229 1
111 229 2
112 229 3
118 229 2
120 229 2
123 229 3
126 229 1
127 229 2
129 229 1
135 229 3
136 229 2
138 229 3
143 229 3
148 229 2
149 229 1
158 229 1
159 229 2
160 229 1
161 229 3
162 229 3
163 229 2
165 229 3
168 229 3
175 229 3
176 229 3
178 229 1
180 229 2
181 229 2
182 229 3
183 229 3
188 229 1
190 229 1
192 229 2
194 229 1
199 229 1
200 229 1
209 229 3
210 229 3
212 229 2
214 229 2
215 229 3
218 229 2
219 229 2
221 229 2
223 229 2
225 229 3
226 229 3
228 229 2
235 229 2
238 229 2
241 229 2
243 229 1
248 229 1
252 229 1
255 229 3
257 229 3
259 229 3
262 229 1
263 229 1
265 229 3
267 229 2
268 229 2
273 229 2
276 229 3
280 229 3
283 229 1
284 229 2
285 229 1
290 229 2
292 229 2
296 229 1
303 229 3
304 229 1
309 229 3
311 229 2
312 229 2
313 229 1
315 229 3
316 229 1
318 229 3
319 229 1
323 229 2
326 229 3
328 229 1
329 229 1
333 229 3
334 229 3
335 229 1
337 229 2
339 229 2
340 229 2
341 229 2
345 229 3
350 229 2
351 229 1
352 229 2
353 229 3
354 229 1
358 229 3
361 229 2
365 229 3
368 229 2
369 229 2
375 229 3
377 229 2
381 229 3
385 229 1
386 229 2
387 229 2
390 229 2
391 229 3
398 229 3
403 229 1
410 229 1
411 229 1
423 229 2
429 229 2
431 229 3
433 229 3
438 229 3
445 229 3
446 229 2
447 229 2
448 229 3
456 229 1
459 229 2
460 229 3
463 229 2
467 229 2
469 229 2
470 229 2
476 229 2
478 229 1
479 229 3
481 229 3
483 229 3
484 229 3
491 229 1
499 229 2
500 229 3
510 229 3
517 229 1
518 229 1
520 229 1
522 229 1
526 229 3
527 229 1
528 229 1
532 229 1
533 229 3
538 229 1
544 229 2
547 229 3
549 229 1
552 229 1
555 229 3
556 229 1
557 229 2
558 229 2
559 229 3
560 229 2
561 229 1
565 229 1
566 229 2
569 229 1
572 229 2
575 229 3
577 229 1
579 229 3
581 229 1
586 229 3
587 229 2
590 229 2
591 229 3
593 229 3
596 229 2
597 229 3
602 229 2
603 229 3
612 229 3
613 229 1
618 229 3
626 229 2
627 229 3
628 229 3
630 229 3
631 229 1
634 229 2
635 229 3
639 229 1
640 229 2
649 229 3
650 229 2
652 229 1
653 229 2
658 229 3
660 229 3
669 229 2
671 229 3
675 229 3
676 229 3
680 229 1
681 229 2
682 229 1
686 229 2
692 229 2
693 229 2
699 229 2
700 229 2
702 229 2
705 229 3
708 229 2
709 229 2
710 229 2
711 229 3
712 229 1
714 229 3
720 229 2
722 229 1
727 229 2
736 229 3
741 229 3
746 229 3
751 229 2
754 229 2
759 229 3
761 229 1
762 229 1
763 229 3
766 229 2
773 229 1
774 229 3
781 229 3
785 229 1
786 229 2
787 229 1
788 229 3
793 229 1
796 229 2
799 229 1
812 229 1
814 229 1
816 229 2
817 229 1
818 229 2
819 229 2
822 229 2
825 229 3
827 229 3
828 229 3
830 229 1
831 229 1
832 229 3
834 229 1
837 229 1
841 229 1
847 229 2
855 229 1
860 229 1
862 229 3
864 229 1
866 229 2
867 229 3
870 229 3
874 229 2
875 229 1
877 229 1
879 229 1
883 229 3
888 229 2
889 229 3
896 229 3
897 229 3
898 229 3
902 229 2
903 229 2
904 229 3
907 229 2
918 229 2
923 229 3
927 229 2
928 229 1
929 229 1
931 229 1
934 229 3
940 229 2
943 229 3
945 229 2
947 229 1
948 229 3
949 229 3
951 229 2
953 229 2
954 229 1
958 229 1
960 229 3
966 229 2
967 229 1
968 229 1
971 229 3
974 229 2
986 229 3
990 229 3
994 229 1
6 230 1
14 230 3
15 230 3
16 230 3
17 230 3
23 230 1
26 230 1
31 230 1
38 230 2
41 230 2
45 230 1
46 230 1
48 230 2
50 230 1
53 230 2
57 230 3
60 230 3
63 230 1
64 230 2
65 230 2
66 230 2
69 230 1
72 230 2
75 230 3
76 230 1
81 230 3
83 230 3
86 230 2
89 230 1
92 230 3
95 230 3
96 230 1
97 230 3
100 230 2
101 230 2
103 230 1
104 230 1
105 230 1
106 230 1
108 230 1
111 230 3
112 230 2
116 230 3
117 230 3
119 230 3
120 230 2
121 230 3
127 230 2
128 230 1
129 230 2
133 230 2
134 230 1
138 230 3
139 230 2
143 230 1
145 230 1
147 230 3
156 230 3
158 230 1
160 230 2
163 230 2
164 230 3
165 230 2
169 230 1
174 230 1
175 230 3
179 230 2
181 230 3
182 230 2
185 230 2
190 230 3
191 230 1
194 230 1
195 230 2
196 230 1
198 230 3
206 230 1
207 230 1
209 230 1
211 230 1
212 230 3
213 230 2
216 230 3
217 230 3
218 230 3
229 230 3
232 230 1
233 230 2
234 230 2
235 230 2
236 230 1
238 230 1
248 230 2
252 230 1
254 230 1
255 230 1
260 230 3
261 230 1
262 230 2
269 230 1
272 230 1
274 230 1
275 230 3
277 230 2
287 230 2
288 230 1
289 230 1
290 230 3
293 230 1
295 230 3
302 230 2
304 230 1
309 230 1
311 230 2
321 230 1
322 230 2
326 230 2
329 230 3
334 230 1
335 230 2
336 230 2
338 230 1
340 230 3
341 230 3
342 230 2
353 230 1
355 230 1
359 230 2
360 230 3
361 230 3
364 230 1
365 230 2
366 230 3
368 230 1
371 230 3
372 230 3
392 230 3
403 230 2
406 230 2
407 230 2
411 230 3
414 230 3
415 230 1
416 230 3
419 230 1
420 230 3
421 230 2
427 230 2
429 230 1
432 230 1
435 230 3
439 230 1
440 230 3
441 230 2
442 230 3
447 230 3
451 230 2
452 230 3
454 230 3
459 230 2
472 230 2
474 230 2
486 230 2
488 230 3
489 230 1
491 230 1
493 230 3
494 230 3
498 230 3
499 230 1
502 230 2
506 230 1
513 230 3
516 230 1
518 230 1
519 230 2
520 230 2
521 230 1
522 230 3
529 230 3
532 230 1
534 230 1
539 230 1
542 230 1
544 230 1
548 230 3
549 230 2
552 230 3
553 230 1
556 230 3
560 230 1
568 230 2
569 230 1
572 230 2
573 230 3
574 230 1
578 230 1
581 230 1
584 230 1
585 230 3
592 230 2
593 230 2
596 230 3
603 230 3
604 230 1
607 230 1
610 230 1
612 230 1
614 230 3
616 230 2
618 230 1
619 230 3
630 230 2
635 230 3
636 230 1
640 230 3
642 230 1
643 230 3
644 230 3
649 230 3
651 230 2
652 230 2
653 230 1
656 230 1
657 230 3
659 230 1
660 230 1
661 230 3
673 230 2
675 230 2
676 230 1
678 230 1
681 230 2
682 230 3
686 230 3
687 230 3
690 230 3
693 230 3
695 230 3
697 230 2
702 230 1
703 230 3
704 230 1
706 230 3
712 230 2
714 230 3
716 230 2
717 230 1
723 230 2
724 230 3
726 230 3
728 230 2
731 230 1
732 230 3
734 230 2
739 230 1
740 230 2
745 230 2
746 230 2
749 230 1
760 230 1
764 230 3
765 230 1
766 230 2
767 230 2
768 230 2
772 230 3
776 230 3
777 230 3
778 230 1
779 230 2
788 230 3
791 230 1
795 230 3
796 230 2
800 230 1
801 230 1
802 230 2
804 230 3
806 230 3
809 230 2
819 230 2
825 230 3
832 230 1
833 230 2
843 230 2
845 230 2
852 230 1
854 230 1
863 230 3
870 230 1
873 230 2
877 230 3
888 230 1
891 230 1
893 230 2
895 230 2
896 230 2
897 230 2
900 230 1
905 230 2
912 230 3
913 230 1
914 230 1
918 230 2
921 230 3
924 230 3
927 230 1
930 230 2
931 230 1
937 230 2
941 230 1
943 230 1
947 230 3
950 230 2
951 230 3
952 230 3
956 230 2
959 230 2
960 230 3
967 230 1
971 230 1
972 230 1
973 230 1
974 230 3
976 230 2
978 230 2
981 230 2
984 230 1
992 230 1
993 230 3
996 230 2
997 230 2
998 230 3
0 231 3
3 231 2
6 231 2
13 231 3
16 231 3
18 231 1
29 231 3
32 231 3
39 231 3
40 231 1
47 231 2
48 231 2
50 231 2
54 231 3
55 231 1
56 231 1
59 231 2
61 231 3
64 231 2
67 231 2
70 231 2
74 231 2
77 231 1
78 231 2
84 231 2
86 231 2
