735 586 3
736 586 2
737 586 3
741 586 2
747 586 2
748 586 1
749 586 2
751 586 3
752 586 1
756 586 1
757 586 3
759 586 3
762 586 1
765 586 2
766 586 2
768 586 2
774 586 3
780 586 1
781 586 2
782 586 2
790 586 1
794 586 3
795 586 1
797 586 2
800 586 1
801 586 1
803 586 1
805 586 2
808 586 2
810 586 2
813 586 1
814 586 2
816 586 2
817 586 2
819 586 1
824 586 1
825 586 2
826 586 2
828 586 1
836 586 2
837 586 1
840 586 3
842 586 1
847 586 2
852 586 2
853 586 1
854 586 3
855 586 2
856 586 2
857 586 2
860 586 2
864 586 2
865 586 1
872 586 2
877 586 2
880 586 2
881 586 2
882 586 3
883 586 3
887 586 3
896 586 2
897 586 1
900 586 2
901 586 3
903 586 1
905 586 2
909 586 1
910 586 3
913 586 1
915 586 1
916 586 3
917 586 2
919 586 2
920 586 3
925 586 3
928 586 2
937 586 3
942 586 2
944 586 1
946 586 2
947 586 2
952 586 3
955 586 3
956 586 2
959 586 2
960 586 3
963 586 3
965 586 2
968 586 1
972 586 3
974 586 1
978 586 1
984 586 1
988 586 3
991 586 2
0 587 1
2 587 3
4 587 3
7 587 2
12 587 1
13 587 3
14 587 2
15 587 1
21 587 1
27 587 1
33 587 3
39 587 2
41 587 2
46 587 2
49 587 2
51 587 3
56 587 2
57 587 2
61 587 3
64 587 1
65 587 1
67 587 1
69 587 2
74 587 1
78 587 1
79 587 3
84 587 2
87 587 2
89 587 3
92 587 3
97 587 3
101 587 2
103 587 3
104 587 3
107 587 1
113 587 3
115 587 2
116 587 2
118 587 2
119 587 3
121 587 2
125 587 3
126 587 3
128 587 1
133 587 2
134 587 3
141 587 1
145 587 3
149 587 1
151 587 1
154 587 1
158 587 2
159 587 2
162 587 2
163 587 3
164 587 3
166 587 1
167 587 3
169 587 1
170 587 2
171 587 1
174 587 1
177 587 1
181 587 3
184 587 1
185 587 2
187 587 1
196 587 1
198 587 2
199 587 2
200 587 2
201 587 3
203 587 2
205 587 3
210 587 2
214 587 3
215 587 3
220 587 3
226 587 2
227 587 2
231 587 3
240 587 3
246 587 1
248 587 2
252 587 2
255 587 3
256 587 2
259 587 3
260 587 3
261 587 1
266 587 1
267 587 3
268 587 2
272 587 3
273 587 1
274 587 3
275 587 2
277 587 1
281 587 2
282 587 3
287 587 3
290 587 2
293 587 3
294 587 3
295 587 1
301 587 1
302 587 1
304 587 1
308 587 1
313 587 1
316 587 1
318 587 1
320 587 1
322 587 1
323 587 1
329 587 3
335 587 2
342 587 3
343 587 3
344 587 2
345 587 1
351 587 1
355 587 1
356 587 1
358 587 2
360 587 2
363 587 3
365 587 3
370 587 1
373 587 3
374 587 2
375 587 2
379 587 2
385 587 2
387 587 2
393 587 1
394 587 2
396 587 1
402 587 1
403 587 2
406 587 3
408 587 2
410 587 3
411 587 2
412 587 1
413 587 2
417 587 1
422 587 3
429 587 1
430 587 1
431 587 1
438 587 1
443 587 2
445 587 3
448 587 2
449 587 1
450 587 2
451 587 3
454 587 2
455 587 2
457 587 1
459 587 3
464 587 3
468 587 1
469 587 3
470 587 1
471 587 3
474 587 2
478 587 1
480 587 3
481 587 2
483 587 3
485 587 1
488 587 2
489 587 3
493 587 1
500 587 3
502 587 2
506 587 2
508 587 3
509 587 3
512 587 3
515 587 2
519 587 1
523 587 3
524 587 1
527 587 1
529 587 2
531 587 2
533 587 1
537 587 1
547 587 1
561 587 2
563 587 2
575 587 1
583 587 3
585 587 3
586 587 2
588 587 2
590 587 1
594 587 3
596 587 1
598 587 1
605 587 1
606 587 1
608 587 1
614 587 2
618 587 1
620 587 1
621 587 1
622 587 3
625 587 2
627 587 1
632 587 2
633 587 3
634 587 1
635 587 2
641 587 1
646 587 3
647 587 1
648 587 1
651 587 3
655 587 3
662 587 2
663 587 2
666 587 3
667 587 3
672 587 2
678 587 1
681 587 1
682 587 1
686 587 2
687 587 2
688 587 3
690 587 3
691 587 1
694 587 2
697 587 3
700 587 2
701 587 1
703 587 2
705 587 3
707 587 2
711 587 1
713 587 2
714 587 3
715 587 1
717 587 1
718 587 2
724 587 2
727 587 3
729 587 3
738 587 1
740 587 1
743 587 1
749 587 3
750 587 1
754 587 1
761 587 2
765 587 2
767 587 2
769 587 1
773 587 2
778 587 2
784 587 1
791 587 2
794 587 1
795 587 1
802 587 2
803 587 1
804 587 2
805 587 2
808 587 3
814 587 1
815 587 1
820 587 3
823 587 3
824 587 3
826 587 3
827 587 3
835 587 2
836 587 3
842 587 1
844 587 3
849 587 2
852 587 2
863 587 1
864 587 1
865 587 2
867 587 3
868 587 3
870 587 2
874 587 2
875 587 2
884 587 2
887 587 3
888 587 1
889 587 3
891 587 2
892 587 2
893 587 2
896 587 3
902 587 3
903 587 2
909 587 1
912 587 1
921 587 3
927 587 2
929 587 1
930 587 2
935 587 2
940 587 2
947 587 2
951 587 2
952 587 3
955 587 3
962 587 1
965 587 2
969 587 2
970 587 3
971 587 1
972 587 2
987 587 2
990 587 1
992 587 1
994 587 1
3 588 2
5 588 3
8 588 2
9 588 3
10 588 2
11 588 1
12 588 1
13 588 2
19 588 3
22 588 1
23 588 3
25 588 2
27 588 3
33 588 1
35 588 1
38 588 2
41 588 2
42 588 3
44 588 2
47 588 1
59 588 1
60 588 2
62 588 2
66 588 3
68 588 1
70 588 2
73 588 1
77 588 3
81 588 3
82 588 3
83 588 2
86 588 3
87 588 1
89 588 3
91 588 2
92 588 1
99 588 1
100 588 1
102 588 1
103 588 3
108 588 1
113 588 3
127 588 3
128 588 3
129 588 2
132 588 2
133 588 3
142 588 1
145 588 3
147 588 3
149 588 3
150 588 1
152 588 1
160 588 3
161 588 1
164 588 3
165 588 1
167 588 2
171 588 2
180 588 3
181 588 1
184 588 2
194 588 1
195 588 1
196 588 2
197 588 1
200 588 1
201 588 3
204 588 1
207 588 2
210 588 1
213 588 3
214 588 2
217 588 2
218 588 1
219 588 3
222 588 1
224 588 2
232 588 3
234 588 2
237 588 3
241 588 3
264 588 1
266 588 1
267 588 1
269 588 2
271 588 1
273 588 2
275 588 3
276 588 2
277 588 2
278 588 3
279 588 3
280 588 1
283 588 1
285 588 1
289 588 3
290 588 1
292 588 1
294 588 2
295 588 3
299 588 3
302 588 2
304 588 1
310 588 3
311 588 1
317 588 3
318 588 2
324 588 3
326 588 3
327 588 2
329 588 3
330 588 3
331 588 3
333 588 3
335 588 2
336 588 3
341 588 2
343 588 1
348 588 1
350 588 1
353 588 2
355 588 3
357 588 3
361 588 1
362 588 1
363 588 2
381 588 3
383 588 3
386 588 1
388 588 1
391 588 2
394 588 1
396 588 1
398 588 1
400 588 2
403 588 2
408 588 1
409 588 3
416 588 2
417 588 3
418 588 2
424 588 3
425 588 2
427 588 2
428 588 1
429 588 2
433 588 1
436 588 1
440 588 1
442 588 3
444 588 1
452 588 2
459 588 1
460 588 1
461 588 1
462 588 3
465 588 1
469 588 2
476 588 1
479 588 2
480 588 3
482 588 1
483 588 1
485 588 3
491 588 3
496 588 1
505 588 3
507 588 2
511 588 1
512 588 3
514 588 1
522 588 3
524 588 2
526 588 1
529 588 3
536 588 3
537 588 3
539 588 3
541 588 3
542 588 1
543 588 1
546 588 2
548 588 1
551 588 2
554 588 3
555 588 2
560 588 1
561 588 3
562 588 1
563 588 2
565 588 2
567 588 1
568 588 3
569 588 2
577 588 1
581 588 1
583 588 3
584 588 3
585 588 1
586 588 3
589 588 1
590 588 2
592 588 3
598 588 2
600 588 2
603 588 3
604 588 1
607 588 1
609 588 1
613 588 1
615 588 1
616 588 2
617 588 2
619 588 2
620 588 2
623 588 3
624 588 2
627 588 3
633 588 2
634 588 2
635 588 2
641 588 3
648 588 1
654 588 1
656 588 2
657 588 2
665 588 1
668 588 3
673 588 3
677 588 2
683 588 3
684 588 2
687 588 1
689 588 2
699 588 1
700 588 1
703 588 1
704 588 1
706 588 2
708 588 2
709 588 3
710 588 3
711 588 1
716 588 3
