656 189 1
657 189 3
658 189 1
660 189 2
664 189 1
665 189 3
677 189 1
678 189 1
687 189 1
688 189 1
690 189 3
692 189 3
695 189 3
697 189 3
700 189 2
701 189 2
704 189 3
705 189 3
707 189 2
708 189 1
714 189 1
719 189 2
720 189 1
721 189 2
724 189 1
727 189 3
736 189 2
737 189 3
741 189 1
742 189 3
748 189 3
755 189 3
758 189 3
760 189 1
761 189 1
762 189 2
763 189 2
764 189 1
770 189 3
773 189 2
774 189 2
776 189 1
777 189 1
783 189 1
787 189 3
794 189 3
797 189 2
798 189 1
802 189 1
808 189 1
813 189 2
814 189 1
816 189 2
818 189 1
821 189 2
824 189 3
826 189 3
829 189 1
830 189 1
832 189 3
835 189 3
837 189 1
841 189 1
842 189 2
845 189 3
852 189 2
858 189 3
862 189 2
866 189 3
871 189 1
881 189 2
886 189 2
887 189 2
888 189 1
890 189 1
891 189 2
892 189 3
894 189 3
897 189 3
900 189 1
902 189 3
903 189 1
908 189 3
912 189 1
916 189 1
922 189 1
924 189 1
927 189 1
932 189 1
934 189 1
937 189 3
940 189 2
944 189 3
949 189 1
952 189 1
959 189 1
962 189 2
963 189 2
965 189 3
966 189 3
968 189 3
970 189 3
971 189 1
974 189 2
976 189 3
981 189 3
987 189 3
993 189 3
0 190 2
2 190 2
3 190 3
5 190 1
6 190 1
10 190 2
13 190 1
18 190 3
22 190 2
23 190 3
25 190 2
29 190 3
31 190 3
32 190 2
34 190 3
45 190 3
47 190 2
48 190 2
51 190 3
55 190 2
57 190 2
58 190 3
60 190 2
66 190 3
67 190 3
68 190 1
70 190 1
72 190 2
73 190 2
77 190 1
82 190 2
87 190 1
89 190 2
93 190 1
95 190 2
99 190 1
109 190 3
117 190 3
118 190 1
119 190 1
120 190 2
122 190 2
123 190 2
125 190 3
129 190 3
133 190 2
135 190 1
137 190 2
139 190 3
142 190 1
146 190 3
148 190 2
154 190 3
157 190 3
158 190 3
159 190 3
160 190 2
165 190 2
166 190 2
168 190 1
171 190 1
172 190 2
174 190 2
175 190 3
177 190 1
180 190 3
184 190 2
186 190 2
190 190 2
192 190 2
193 190 3
203 190 1
204 190 1
206 190 1
207 190 3
211 190 1
212 190 1
215 190 3
216 190 2
217 190 1
221 190 1
223 190 1
227 190 1
229 190 2
236 190 1
239 190 1
244 190 3
245 190 2
247 190 2
251 190 3
252 190 2
253 190 2
254 190 2
255 190 2
256 190 1
262 190 3
264 190 1
265 190 2
275 190 2
279 190 3
284 190 3
286 190 1
288 190 1
292 190 3
302 190 1
308 190 1
310 190 2
312 190 2
313 190 1
327 190 3
328 190 3
329 190 2
331 190 2
335 190 2
336 190 2
339 190 2
341 190 2
342 190 2
357 190 2
358 190 2
359 190 2
360 190 2
363 190 3
364 190 1
366 190 2
367 190 3
373 190 1
374 190 2
375 190 3
381 190 2
384 190 2
386 190 1
387 190 1
392 190 1
394 190 1
395 190 1
398 190 2
400 190 2
402 190 2
405 190 1
406 190 2
410 190 3
411 190 1
413 190 3
414 190 3
417 190 3
419 190 3
424 190 3
425 190 2
432 190 3
436 190 1
438 190 2
443 190 2
446 190 1
452 190 3
453 190 2
454 190 2
459 190 1
462 190 3
469 190 3
470 190 2
471 190 1
483 190 2
484 190 1
486 190 3
493 190 3
494 190 1
495 190 3
496 190 2
497 190 3
499 190 2
501 190 2
503 190 2
506 190 2
507 190 2
510 190 2
516 190 2
518 190 3
521 190 1
523 190 3
524 190 2
525 190 3
527 190 1
531 190 3
533 190 3
538 190 1
541 190 2
544 190 2
547 190 3
548 190 3
549 190 1
550 190 1
551 190 1
555 190 2
556 190 2
560 190 1
564 190 1
576 190 3
578 190 2
582 190 3
590 190 2
593 190 1
594 190 3
598 190 2
601 190 1
602 190 1
604 190 2
607 190 3
608 190 2
609 190 3
615 190 1
623 190 2
630 190 1
631 190 1
632 190 3
635 190 2
637 190 2
639 190 1
640 190 3
641 190 2
643 190 1
644 190 1
645 190 1
650 190 2
651 190 1
658 190 1
666 190 3
669 190 2
670 190 1
672 190 1
678 190 1
679 190 1
681 190 1
682 190 2
683 190 1
684 190 3
689 190 1
690 190 3
693 190 3
694 190 2
697 190 1
700 190 2
704 190 2
705 190 2
707 190 3
712 190 1
714 190 2
715 190 1
716 190 3
717 190 2
718 190 3
719 190 2
722 190 2
724 190 3
728 190 2
730 190 1
731 190 2
735 190 2
742 190 1
743 190 3
747 190 2
751 190 1
752 190 3
753 190 3
755 190 2
758 190 3
759 190 3
764 190 1
767 190 1
772 190 3
777 190 3
778 190 1
779 190 1
788 190 2
792 190 1
793 190 2
796 190 3
798 190 2
799 190 2
801 190 2
802 190 1
821 190 2
824 190 1
825 190 3
829 190 1
833 190 3
840 190 3
842 190 2
844 190 1
845 190 1
847 190 1
848 190 2
851 190 3
856 190 2
858 190 1
859 190 3
861 190 1
867 190 1
869 190 3
870 190 1
874 190 2
875 190 3
880 190 3
881 190 1
887 190 3
888 190 3
891 190 2
892 190 2
903 190 1
908 190 3
912 190 1
916 190 2
920 190 3
921 190 2
924 190 1
925 190 2
926 190 3
927 190 2
929 190 1
930 190 1
932 190 3
933 190 3
947 190 2
948 190 3
958 190 1
960 190 1
961 190 3
963 190 1
967 190 3
969 190 2
971 190 1
972 190 3
984 190 1
991 190 2
995 190 3
996 190 1
998 190 2
1 191 2
5 191 2
6 191 3
8 191 1
9 191 1
15 191 2
20 191 1
23 191 2
24 191 3
36 191 3
39 191 3
40 191 1
45 191 1
49 191 3
50 191 1
51 191 3
52 191 2
54 191 1
56 191 3
60 191 3
63 191 1
65 191 3
66 191 3
68 191 1
72 191 2
75 191 2
77 191 3
78 191 2
85 191 3
86 191 3
87 191 3
90 191 1
95 191 1
97 191 1
101 191 2
102 191 2
104 191 3
106 191 2
107 191 2
109 191 3
111 191 3
115 191 2
116 191 3
123 191 2
125 191 2
132 191 2
134 191 3
137 191 1
140 191 2
142 191 2
144 191 1
145 191 2
147 191 2
148 191 2
149 191 1
153 191 3
155 191 3
162 191 2
167 191 2
169 191 3
173 191 1
177 191 3
181 191 1
182 191 2
183 191 2
184 191 1
189 191 3
190 191 1
193 191 2
194 191 2
195 191 2
198 191 3
199 191 1
201 191 2
208 191 1
209 191 3
213 191 3
215 191 1
219 191 1
220 191 3
221 191 3
222 191 3
224 191 2
227 191 2
233 191 2
235 191 1
236 191 3
238 191 1
242 191 1
244 191 1
245 191 2
248 191 3
250 191 3
252 191 1
253 191 3
255 191 3
258 191 1
259 191 2
262 191 2
270 191 3
274 191 1
276 191 1
277 191 3
284 191 3
285 191 3
288 191 1
290 191 1
293 191 1
297 191 1
300 191 2
303 191 3
304 191 1
308 191 1
309 191 2
310 191 1
311 191 1
314 191 3
316 191 1
317 191 1
326 191 2
327 191 1
330 191 2
334 191 2
336 191 3
340 191 2
345 191 1
348 191 3
349 191 3
350 191 1
351 191 1
353 191 2
355 191 3
361 191 3
365 191 1
366 191 3
367 191 3
368 191 1
373 191 3
374 191 1
376 191 2
377 191 3
380 191 3
389 191 1
393 191 2
396 191 1
399 191 3
405 191 3
408 191 1
409 191 2
413 191 1
414 191 3
415 191 2
417 191 2
419 191 2
420 191 3
421 191 3
422 191 2
424 191 3
429 191 1
430 191 1
432 191 2
435 191 2
439 191 3
442 191 1
443 191 3
444 191 2
449 191 3
459 191 1
461 191 3
462 191 2
464 191 3
468 191 3
472 191 2
481 191 2
483 191 2
486 191 3
487 191 1
493 191 1
494 191 2
496 191 2
499 191 1
502 191 2
503 191 3
505 191 2
509 191 3
511 191 1
513 191 1
514 191 2
523 191 2
525 191 2
526 191 3
530 191 2
531 191 1
533 191 3
535 191 2
543 191 3
544 191 2
545 191 1
547 191 1
548 191 2
557 191 1
559 191 2
560 191 1
564 191 3
568 191 2
570 191 1
572 191 1
577 191 1
582 191 1
583 191 1
587 191 1
589 191 2
590 191 1
591 191 1
592 191 2
593 191 1
594 191 3
604 191 1
608 191 3
609 191 3
611 191 2
