330 806 2
336 806 1
338 806 2
343 806 2
346 806 2
348 806 1
349 806 2
351 806 2
352 806 2
353 806 1
359 806 3
362 806 3
363 806 3
366 806 3
369 806 3
370 806 2
372 806 1
375 806 2
377 806 1
378 806 1
380 806 3
381 806 3
382 806 1
385 806 3
386 806 3
387 806 3
391 806 3
396 806 3
400 806 3
401 806 1
402 806 2
403 806 2
404 806 1
406 806 3
409 806 1
413 806 3
419 806 1
424 806 2
426 806 3
435 806 1
438 806 2
440 806 1
441 806 1
444 806 3
446 806 1
447 806 2
452 806 1
454 806 3
455 806 3
458 806 3
460 806 2
463 806 2
468 806 1
469 806 2
470 806 2
473 806 3
474 806 2
475 806 1
485 806 1
491 806 1
494 806 2
500 806 2
501 806 3
503 806 2
504 806 1
505 806 2
506 806 3
511 806 1
514 806 1
521 806 2
523 806 3
525 806 1
527 806 2
529 806 2
531 806 3
532 806 3
533 806 2
534 806 2
541 806 2
542 806 2
543 806 3
544 806 1
546 806 3
548 806 1
549 806 2
558 806 2
560 806 1
566 806 3
567 806 3
569 806 2
571 806 2
577 806 2
581 806 1
584 806 3
586 806 2
592 806 1
594 806 1
595 806 1
596 806 2
599 806 3
602 806 2
604 806 1
611 806 1
613 806 2
618 806 3
624 806 1
627 806 3
629 806 1
633 806 1
638 806 3
640 806 3
644 806 1
645 806 1
647 806 1
649 806 3
650 806 3
652 806 2
656 806 1
662 806 2
663 806 1
664 806 3
666 806 3
668 806 2
670 806 1
673 806 1
674 806 1
676 806 1
689 806 1
690 806 1
695 806 1
696 806 3
697 806 3
700 806 3
706 806 2
709 806 3
710 806 2
717 806 2
720 806 2
724 806 2
727 806 2
728 806 3
731 806 3
733 806 1
736 806 1
743 806 3
747 806 2
749 806 3
750 806 1
752 806 3
766 806 3
770 806 1
771 806 1
773 806 1
774 806 3
782 806 3
784 806 3
787 806 1
790 806 1
794 806 3
795 806 2
800 806 2
804 806 2
805 806 1
806 806 2
807 806 2
808 806 1
810 806 1
812 806 1
819 806 3
820 806 2
828 806 3
830 806 3
831 806 3
838 806 2
841 806 2
847 806 1
850 806 2
851 806 1
853 806 3
854 806 2
858 806 1
859 806 3
864 806 1
869 806 2
874 806 2
875 806 2
877 806 3
878 806 1
879 806 1
882 806 1
883 806 3
884 806 2
890 806 3
891 806 2
895 806 2
899 806 3
904 806 1
905 806 3
908 806 1
912 806 3
918 806 2
921 806 3
922 806 3
925 806 2
927 806 3
928 806 2
929 806 3
933 806 2
940 806 1
942 806 2
944 806 1
945 806 1
947 806 1
953 806 1
971 806 2
972 806 2
974 806 1
975 806 2
976 806 1
977 806 3
978 806 2
979 806 3
980 806 3
982 806 1
983 806 3
984 806 1
988 806 3
992 806 2
993 806 2
1 807 3
3 807 3
4 807 3
6 807 2
8 807 1
10 807 2
11 807 1
13 807 2
14 807 3
18 807 3
20 807 3
24 807 2
30 807 1
31 807 2
33 807 3
39 807 3
40 807 1
41 807 2
42 807 3
47 807 1
51 807 2
54 807 3
56 807 3
62 807 3
69 807 2
78 807 1
104 807 1
105 807 2
113 807 3
114 807 1
115 807 3
120 807 3
123 807 1
125 807 1
133 807 2
139 807 3
141 807 2
149 807 1
151 807 1
152 807 2
155 807 1
157 807 3
158 807 3
166 807 1
168 807 1
169 807 1
177 807 2
178 807 2
184 807 2
185 807 1
186 807 3
188 807 3
191 807 1
194 807 2
195 807 3
197 807 3
198 807 2
199 807 3
204 807 2
207 807 1
212 807 3
223 807 3
226 807 2
230 807 1
231 807 2
233 807 3
234 807 1
239 807 3
241 807 3
249 807 3
251 807 2
252 807 1
253 807 1
254 807 2
257 807 2
260 807 1
261 807 1
264 807 2
266 807 3
272 807 2
275 807 3
281 807 1
283 807 2
285 807 3
289 807 3
290 807 3
298 807 1
301 807 2
303 807 3
309 807 2
311 807 2
314 807 1
316 807 3
318 807 1
326 807 2
329 807 3
331 807 2
336 807 1
337 807 2
339 807 1
341 807 2
342 807 3
343 807 1
347 807 2
350 807 2
356 807 3
358 807 2
359 807 1
366 807 1
367 807 1
368 807 3
369 807 2
370 807 2
374 807 2
375 807 2
378 807 2
383 807 2
392 807 1
394 807 2
399 807 3
405 807 1
407 807 1
412 807 3
417 807 2
418 807 3
419 807 3
420 807 1
425 807 1
427 807 1
428 807 2
429 807 2
431 807 2
437 807 3
445 807 1
450 807 2
453 807 1
454 807 2
455 807 3
457 807 1
460 807 3
461 807 1
463 807 3
467 807 3
468 807 1
469 807 3
473 807 3
474 807 1
476 807 3
477 807 1
478 807 3
479 807 1
482 807 1
483 807 2
486 807 2
487 807 1
488 807 1
490 807 3
492 807 1
494 807 3
498 807 1
500 807 2
501 807 3
503 807 1
508 807 3
511 807 1
513 807 2
514 807 1
516 807 1
517 807 3
519 807 1
524 807 2
527 807 3
529 807 1
531 807 1
532 807 2
534 807 3
538 807 1
551 807 2
554 807 1
563 807 3
566 807 3
567 807 2
568 807 3
576 807 2
578 807 1
579 807 1
583 807 3
586 807 1
591 807 1
593 807 2
595 807 1
597 807 1
598 807 2
621 807 1
624 807 3
632 807 1
635 807 3
638 807 2
639 807 3
648 807 1
651 807 3
652 807 2
654 807 2
658 807 2
660 807 2
665 807 3
667 807 1
668 807 1
669 807 3
671 807 1
673 807 1
675 807 2
677 807 3
679 807 1
683 807 3
687 807 1
689 807 3
691 807 3
695 807 1
699 807 1
700 807 2
702 807 3
704 807 3
707 807 2
711 807 2
712 807 1
713 807 1
714 807 1
721 807 1
722 807 3
723 807 1
728 807 3
729 807 2
732 807 2
733 807 1
734 807 3
735 807 3
737 807 2
740 807 1
741 807 2
743 807 3
744 807 3
745 807 3
747 807 1
748 807 3
762 807 1
766 807 2
767 807 2
770 807 2
773 807 2
774 807 1
775 807 1
782 807 3
786 807 1
787 807 2
788 807 2
789 807 2
790 807 3
792 807 2
794 807 1
799 807 1
801 807 1
805 807 3
806 807 1
810 807 3
811 807 1
818 807 3
819 807 1
822 807 3
824 807 1
827 807 2
829 807 3
832 807 3
835 807 1
840 807 1
842 807 2
843 807 2
844 807 1
846 807 3
850 807 2
855 807 2
856 807 3
858 807 2
865 807 2
874 807 3
876 807 2
880 807 1
883 807 2
885 807 1
886 807 1
890 807 3
891 807 3
897 807 3
898 807 1
901 807 3
902 807 2
905 807 3
911 807 1
918 807 1
922 807 1
924 807 3
925 807 1
926 807 2
928 807 2
929 807 2
931 807 3
933 807 1
938 807 2
948 807 1
949 807 2
950 807 3
953 807 2
954 807 1
963 807 2
964 807 2
965 807 3
966 807 2
968 807 2
970 807 2
972 807 2
974 807 1
980 807 1
1 808 1
9 808 2
12 808 2
13 808 2
16 808 3
17 808 3
18 808 3
24 808 2
25 808 2
34 808 1
36 808 1
41 808 3
42 808 1
46 808 1
51 808 2
52 808 1
56 808 2
64 808 1
67 808 3
68 808 3
73 808 3
75 808 1
77 808 2
78 808 3
79 808 2
80 808 3
85 808 1
88 808 3
99 808 2
101 808 3
104 808 1
105 808 1
107 808 2
114 808 2
115 808 2
116 808 1
117 808 3
125 808 3
126 808 2
131 808 2
139 808 3
140 808 3
141 808 2
145 808 2
146 808 3
149 808 2
156 808 1
161 808 1
163 808 2
164 808 3
165 808 1
168 808 2
170 808 3
171 808 1
172 808 2
177 808 3
182 808 3
186 808 3
187 808 1
189 808 3
190 808 3
192 808 2
193 808 1
195 808 3
198 808 3
199 808 2
204 808 1
208 808 3
209 808 1
214 808 2
216 808 3
217 808 3
219 808 1
220 808 2
221 808 2
225 808 3
227 808 3
230 808 1
233 808 3
235 808 2
241 808 3
242 808 3
243 808 3
248 808 2
250 808 3
253 808 2
257 808 1
261 808 3
263 808 3
265 808 1
268 808 1
270 808 1
274 808 1
280 808 1
283 808 3
284 808 2
290 808 3
292 808 3
293 808 1
302 808 1
307 808 3
309 808 2
312 808 3
322 808 2
323 808 1
328 808 2
331 808 3
335 808 2
340 808 3
343 808 3
344 808 3
346 808 3
350 808 3
357 808 2
365 808 1
