231 740 1
233 740 2
236 740 1
237 740 1
240 740 2
241 740 1
245 740 3
246 740 2
248 740 3
249 740 2
253 740 1
254 740 2
260 740 3
261 740 3
263 740 1
267 740 1
270 740 1
273 740 3
274 740 2
280 740 3
281 740 2
283 740 3
285 740 3
295 740 1
298 740 2
300 740 1
301 740 3
303 740 2
310 740 1
312 740 1
313 740 2
314 740 1
319 740 2
324 740 3
325 740 3
327 740 3
330 740 2
331 740 1
334 740 3
339 740 2
344 740 2
347 740 3
348 740 3
351 740 1
359 740 2
361 740 1
362 740 2
363 740 3
364 740 3
366 740 3
368 740 2
376 740 3
378 740 3
379 740 2
380 740 2
381 740 2
382 740 3
383 740 2
389 740 3
390 740 1
391 740 1
399 740 3
400 740 1
401 740 3
404 740 3
407 740 3
412 740 1
416 740 2
418 740 1
423 740 3
427 740 2
428 740 3
429 740 1
430 740 3
432 740 2
433 740 2
445 740 3
446 740 1
447 740 3
448 740 3
451 740 1
453 740 2
457 740 1
459 740 1
462 740 3
463 740 3
468 740 1
470 740 2
471 740 3
474 740 2
475 740 3
482 740 2
488 740 2
492 740 2
493 740 2
496 740 3
499 740 3
501 740 3
505 740 2
507 740 1
509 740 3
510 740 1
514 740 3
516 740 2
517 740 1
520 740 2
521 740 3
522 740 2
526 740 2
529 740 3
535 740 1
539 740 1
542 740 1
544 740 1
545 740 3
546 740 2
548 740 3
549 740 1
551 740 1
554 740 2
557 740 1
560 740 2
561 740 2
568 740 2
578 740 3
579 740 3
583 740 2
584 740 1
585 740 1
589 740 2
590 740 1
595 740 3
596 740 3
600 740 3
603 740 1
607 740 2
608 740 1
610 740 2
611 740 3
614 740 2
618 740 2
620 740 2
623 740 1
624 740 3
626 740 3
627 740 1
636 740 3
637 740 2
638 740 1
640 740 2
642 740 3
644 740 2
647 740 3
648 740 3
649 740 3
651 740 1
655 740 3
657 740 3
658 740 2
672 740 1
676 740 1
681 740 2
682 740 2
683 740 2
688 740 2
689 740 1
692 740 3
694 740 3
696 740 3
699 740 2
701 740 3
702 740 2
703 740 3
704 740 3
707 740 1
715 740 1
721 740 1
727 740 3
729 740 3
731 740 2
732 740 3
736 740 2
737 740 2
741 740 1
752 740 3
754 740 2
755 740 2
761 740 3
764 740 2
765 740 3
770 740 1
771 740 2
772 740 1
775 740 3
782 740 3
784 740 3
788 740 3
790 740 2
791 740 1
792 740 3
795 740 1
798 740 2
799 740 1
801 740 2
807 740 1
809 740 2
813 740 1
814 740 1
817 740 2
818 740 3
819 740 3
820 740 1
822 740 1
823 740 2
826 740 2
828 740 1
829 740 1
831 740 1
832 740 1
834 740 1
835 740 3
837 740 3
845 740 1
848 740 1
850 740 1
853 740 3
857 740 3
860 740 2
865 740 1
874 740 3
875 740 3
879 740 3
883 740 1
895 740 3
903 740 1
905 740 3
908 740 2
913 740 2
914 740 2
918 740 1
921 740 2
923 740 2
927 740 3
935 740 3
936 740 1
943 740 1
951 740 3
953 740 1
954 740 2
959 740 1
961 740 1
963 740 1
966 740 3
968 740 2
971 740 3
972 740 1
974 740 1
975 740 2
976 740 2
977 740 2
982 740 3
989 740 1
991 740 2
992 740 1
994 740 2
996 740 3
997 740 2
998 740 2
1 741 3
3 741 1
6 741 2
9 741 1
17 741 1
18 741 1
19 741 2
20 741 3
21 741 1
23 741 1
26 741 2
27 741 1
30 741 2
32 741 2
33 741 3
44 741 3
45 741 2
46 741 2
52 741 2
54 741 2
58 741 1
63 741 3
73 741 2
74 741 1
81 741 2
83 741 1
86 741 2
87 741 3
88 741 2
89 741 3
90 741 3
100 741 1
101 741 2
106 741 3
108 741 3
117 741 3
121 741 3
128 741 2
129 741 1
134 741 1
135 741 1
137 741 1
138 741 2
145 741 2
150 741 2
156 741 1
157 741 3
159 741 1
164 741 2
169 741 3
173 741 1
177 741 3
180 741 2
182 741 1
183 741 3
184 741 3
187 741 2
191 741 3
192 741 2
194 741 3
200 741 3
201 741 3
202 741 2
204 741 3
214 741 3
215 741 2
216 741 2
222 741 3
226 741 3
229 741 1
243 741 2
244 741 1
247 741 3
249 741 1
250 741 2
252 741 3
256 741 3
260 741 3
266 741 2
269 741 1
274 741 3
276 741 3
277 741 2
280 741 1
283 741 2
284 741 3
285 741 3
287 741 3
289 741 3
290 741 1
291 741 3
295 741 3
296 741 3
301 741 2
303 741 2
305 741 3
309 741 2
310 741 1
312 741 2
314 741 1
320 741 2
322 741 1
323 741 3
324 741 1
325 741 3
327 741 2
335 741 1
338 741 3
340 741 2
347 741 2
349 741 3
360 741 2
363 741 1
366 741 3
367 741 1
368 741 2
370 741 2
373 741 1
374 741 1
375 741 3
378 741 2
379 741 3
384 741 2
385 741 3
386 741 1
387 741 2
388 741 2
391 741 3
395 741 3
398 741 1
400 741 2
405 741 1
412 741 2
419 741 3
421 741 2
426 741 1
429 741 2
433 741 2
435 741 2
436 741 1
439 741 3
448 741 3
455 741 2
457 741 1
458 741 3
461 741 2
464 741 3
465 741 2
467 741 2
468 741 1
469 741 3
471 741 1
474 741 3
475 741 2
481 741 2
483 741 3
484 741 1
485 741 2
488 741 3
495 741 3
497 741 1
499 741 1
505 741 1
506 741 1
515 741 3
519 741 3
522 741 3
524 741 2
525 741 2
526 741 1
527 741 2
529 741 3
530 741 3
531 741 3
533 741 1
542 741 2
543 741 3
546 741 1
553 741 2
554 741 1
556 741 2
565 741 2
573 741 1
576 741 1
579 741 1
581 741 3
582 741 2
583 741 2
584 741 2
586 741 3
587 741 2
591 741 3
593 741 1
604 741 3
606 741 1
607 741 2
619 741 3
630 741 1
632 741 3
635 741 1
637 741 3
647 741 3
649 741 3
655 741 1
658 741 1
663 741 3
666 741 1
670 741 2
673 741 2
674 741 3
677 741 3
679 741 2
685 741 3
689 741 3
692 741 1
697 741 2
703 741 1
706 741 1
708 741 3
709 741 2
710 741 3
717 741 1
719 741 2
725 741 3
726 741 1
727 741 1
730 741 2
731 741 1
733 741 1
735 741 1
738 741 3
741 741 3
742 741 1
743 741 1
746 741 2
748 741 3
752 741 3
763 741 3
764 741 1
765 741 2
767 741 1
768 741 1
770 741 3
772 741 1
774 741 2
776 741 1
782 741 2
784 741 2
789 741 1
793 741 1
794 741 2
795 741 3
796 741 3
797 741 3
798 741 2
799 741 2
800 741 3
803 741 2
805 741 1
811 741 3
812 741 3
813 741 2
815 741 2
816 741 3
817 741 1
824 741 2
825 741 3
828 741 3
830 741 2
833 741 1
834 741 1
835 741 3
838 741 3
839 741 1
840 741 3
845 741 1
851 741 3
852 741 3
857 741 2
860 741 2
861 741 1
862 741 3
863 741 3
865 741 3
867 741 2
869 741 2
874 741 1
875 741 3
877 741 2
883 741 1
889 741 2
890 741 2
891 741 1
894 741 2
895 741 2
899 741 2
900 741 3
903 741 3
904 741 3
906 741 1
908 741 2
913 741 3
923 741 3
925 741 2
926 741 3
934 741 1
948 741 1
951 741 2
953 741 1
957 741 3
960 741 2
964 741 2
976 741 3
979 741 1
982 741 1
983 741 1
988 741 2
990 741 3
992 741 2
0 742 1
3 742 2
4 742 1
7 742 1
8 742 1
9 742 3
10 742 3
15 742 2
17 742 1
18 742 3
20 742 2
28 742 2
29 742 1
30 742 1
32 742 3
33 742 1
34 742 2
42 742 3
44 742 2
46 742 1
47 742 3
49 742 2
59 742 3
60 742 3
61 742 3
63 742 2
67 742 1
68 742 3
72 742 2
76 742 3
81 742 1
82 742 2
84 742 1
85 742 3
88 742 2
90 742 3
92 742 1
95 742 1
97 742 2
101 742 3
104 742 3
109 742 1
110 742 1
111 742 2
113 742 2
119 742 3
120 742 1
126 742 1
127 742 2
129 742 2
139 742 3
140 742 2
148 742 2
154 742 1
159 742 1
161 742 2
162 742 1
167 742 2
182 742 2
187 742 1
193 742 1
196 742 2
197 742 3
201 742 3
204 742 3
206 742 3
207 742 2
208 742 2
210 742 2
212 742 1
217 742 2
222 742 1
231 742 1
235 742 2
238 742 2
244 742 2
254 742 1
256 742 3
259 742 1
