410 812 3
411 812 3
417 812 3
418 812 2
419 812 1
427 812 1
428 812 3
431 812 1
432 812 2
437 812 1
440 812 3
450 812 2
452 812 1
457 812 3
460 812 3
461 812 2
462 812 1
465 812 1
468 812 2
475 812 2
476 812 2
477 812 1
481 812 2
482 812 3
483 812 1
484 812 1
491 812 1
499 812 2
501 812 1
505 812 3
511 812 2
513 812 2
514 812 2
518 812 1
522 812 1
523 812 1
531 812 3
534 812 1
536 812 1
542 812 2
543 812 3
544 812 2
549 812 2
551 812 2
552 812 2
555 812 1
556 812 3
558 812 2
559 812 1
561 812 1
566 812 1
572 812 3
575 812 2
576 812 2
577 812 2
578 812 2
580 812 2
581 812 3
591 812 2
592 812 1
593 812 2
596 812 3
598 812 3
600 812 2
602 812 1
603 812 1
606 812 3
608 812 3
610 812 3
613 812 3
617 812 3
618 812 2
619 812 3
620 812 3
622 812 2
623 812 3
625 812 3
629 812 2
631 812 1
640 812 1
643 812 2
646 812 2
647 812 3
648 812 2
649 812 2
650 812 2
652 812 2
656 812 3
658 812 3
670 812 1
671 812 3
678 812 1
686 812 3
688 812 3
694 812 3
695 812 1
697 812 2
698 812 1
701 812 1
702 812 1
707 812 1
708 812 1
710 812 1
712 812 1
713 812 3
719 812 1
729 812 1
730 812 1
734 812 1
736 812 1
737 812 2
741 812 3
742 812 2
749 812 3
754 812 1
755 812 1
756 812 3
757 812 3
767 812 1
770 812 1
771 812 2
774 812 3
783 812 2
788 812 2
790 812 3
791 812 1
792 812 1
797 812 2
798 812 1
800 812 1
801 812 2
802 812 1
810 812 3
813 812 1
817 812 3
829 812 3
831 812 3
836 812 2
840 812 2
841 812 2
842 812 2
845 812 3
846 812 3
851 812 1
853 812 2
856 812 1
859 812 2
868 812 1
874 812 2
879 812 1
882 812 1
884 812 1
885 812 1
890 812 3
891 812 1
900 812 3
903 812 1
910 812 3
915 812 1
917 812 3
921 812 1
927 812 1
931 812 1
933 812 3
937 812 2
938 812 3
942 812 3
943 812 2
951 812 2
952 812 1
956 812 1
963 812 2
967 812 1
968 812 3
969 812 2
972 812 2
973 812 1
974 812 1
981 812 1
982 812 1
983 812 3
986 812 2
991 812 3
993 812 1
999 812 3
0 813 1
1 813 2
2 813 3
9 813 3
10 813 1
12 813 3
13 813 1
15 813 2
20 813 3
23 813 3
31 813 2
38 813 1
40 813 1
52 813 2
58 813 2
59 813 3
60 813 2
61 813 3
63 813 1
66 813 3
67 813 3
76 813 2
83 813 2
84 813 2
86 813 1
87 813 3
94 813 3
95 813 2
97 813 1
101 813 3
104 813 3
110 813 3
120 813 3
121 813 3
122 813 1
123 813 3
129 813 1
133 813 3
134 813 3
138 813 2
140 813 3
144 813 3
157 813 1
159 813 3
161 813 1
163 813 3
164 813 1
167 813 3
170 813 2
171 813 2
172 813 2
173 813 2
176 813 1
177 813 1
178 813 1
183 813 2
190 813 3
193 813 1
196 813 3
199 813 1
200 813 2
201 813 3
202 813 3
203 813 1
208 813 3
210 813 1
211 813 3
212 813 1
213 813 3
214 813 2
216 813 2
220 813 3
221 813 2
224 813 2
233 813 1
235 813 2
240 813 1
243 813 2
246 813 2
249 813 3
254 813 1
256 813 3
258 813 3
259 813 1
260 813 3
261 813 2
262 813 2
265 813 3
268 813 1
269 813 3
270 813 1
275 813 2
280 813 3
282 813 2
296 813 3
299 813 1
300 813 3
301 813 1
304 813 2
306 813 3
308 813 3
310 813 2
313 813 2
318 813 3
319 813 2
320 813 1
322 813 2
323 813 2
324 813 1
325 813 3
326 813 1
332 813 1
333 813 3
335 813 2
340 813 3
341 813 3
343 813 2
345 813 1
349 813 1
355 813 1
356 813 2
359 813 3
362 813 1
365 813 2
368 813 3
370 813 1
373 813 1
374 813 1
376 813 2
378 813 2
379 813 1
386 813 2
389 813 2
390 813 3
393 813 3
396 813 3
397 813 1
398 813 3
400 813 1
405 813 1
406 813 1
408 813 2
409 813 1
411 813 1
418 813 2
419 813 2
429 813 3
432 813 3
433 813 2
437 813 2
439 813 3
443 813 1
444 813 3
451 813 2
452 813 1
454 813 3
456 813 3
458 813 1
461 813 3
462 813 1
464 813 2
465 813 3
470 813 2
472 813 1
473 813 3
483 813 2
494 813 1
496 813 1
503 813 3
508 813 3
509 813 2
510 813 2
511 813 3
514 813 1
516 813 3
517 813 2
519 813 1
521 813 1
529 813 2
532 813 2
533 813 3
540 813 1
541 813 3
543 813 3
547 813 1
553 813 3
557 813 1
561 813 3
576 813 2
583 813 1
586 813 3
588 813 3
589 813 3
591 813 2
597 813 2
603 813 3
606 813 2
610 813 1
613 813 3
616 813 3
617 813 2
621 813 1
622 813 2
624 813 3
626 813 3
631 813 2
635 813 3
636 813 3
640 813 2
641 813 2
645 813 2
646 813 3
648 813 2
649 813 1
651 813 3
653 813 2
654 813 3
655 813 2
656 813 1
660 813 1
666 813 2
675 813 3
678 813 3
687 813 1
691 813 2
692 813 3
695 813 1
700 813 1
701 813 3
704 813 2
706 813 1
707 813 1
708 813 1
714 813 1
718 813 1
719 813 3
729 813 3
730 813 1
731 813 1
733 813 1
735 813 1
745 813 2
747 813 2
749 813 3
756 813 1
757 813 3
760 813 1
767 813 3
769 813 1
771 813 2
772 813 3
779 813 1
784 813 3
787 813 1
791 813 3
794 813 1
796 813 3
802 813 2
805 813 1
811 813 2
812 813 3
818 813 1
824 813 1
829 813 3
830 813 1
831 813 3
832 813 1
834 813 1
836 813 3
841 813 2
843 813 2
846 813 1
847 813 1
850 813 2
851 813 2
852 813 2
856 813 3
861 813 3
867 813 3
868 813 1
869 813 2
872 813 2
877 813 1
878 813 1
884 813 1
890 813 2
891 813 1
893 813 2
897 813 3
899 813 1
901 813 1
902 813 1
905 813 2
909 813 2
911 813 1
916 813 2
917 813 3
919 813 1
926 813 1
927 813 3
928 813 2
929 813 3
931 813 2
943 813 3
944 813 2
948 813 2
949 813 2
950 813 3
957 813 1
958 813 2
959 813 1
960 813 1
961 813 2
968 813 2
972 813 1
977 813 2
984 813 2
985 813 2
987 813 2
991 813 3
995 813 3
999 813 3
0 814 3
1 814 1
2 814 3
4 814 3
5 814 1
7 814 2
12 814 1
14 814 3
15 814 1
16 814 1
21 814 3
27 814 3
28 814 1
30 814 2
31 814 3
35 814 1
36 814 1
44 814 2
50 814 2
53 814 1
55 814 1
58 814 1
59 814 2
60 814 2
64 814 3
66 814 1
68 814 3
72 814 2
74 814 2
75 814 1
76 814 2
80 814 2
81 814 3
83 814 1
85 814 1
93 814 2
97 814 2
105 814 2
109 814 1
112 814 3
116 814 3
120 814 1
130 814 2
141 814 1
142 814 1
149 814 2
151 814 2
153 814 1
155 814 2
156 814 2
157 814 2
158 814 1
163 814 2
168 814 1
172 814 3
173 814 1
174 814 3
179 814 3
180 814 1
181 814 2
184 814 1
193 814 3
196 814 1
198 814 2
201 814 2
204 814 3
210 814 2
211 814 3
213 814 3
219 814 2
221 814 3
225 814 2
228 814 2
229 814 3
231 814 2
233 814 2
234 814 2
235 814 2
237 814 1
238 814 3
240 814 3
242 814 1
249 814 3
252 814 1
253 814 1
260 814 2
261 814 1
265 814 2
269 814 1
272 814 1
278 814 3
279 814 2
281 814 2
284 814 1
285 814 3
286 814 1
288 814 3
296 814 2
301 814 2
305 814 1
306 814 3
309 814 3
310 814 2
313 814 3
333 814 2
335 814 3
336 814 2
337 814 1
339 814 3
343 814 1
345 814 3
353 814 3
356 814 1
362 814 1
363 814 2
364 814 3
367 814 1
374 814 3
375 814 2
376 814 2
377 814 1
384 814 1
386 814 3
388 814 3
389 814 3
392 814 1
393 814 2
394 814 2
396 814 2
398 814 1
403 814 1
409 814 1
413 814 1
418 814 2
420 814 2
422 814 1
424 814 1
425 814 1
432 814 2
433 814 2
436 814 1
437 814 1
446 814 1
450 814 3
454 814 3
459 814 1
460 814 3
464 814 2
465 814 2
468 814 1
471 814 3
472 814 3
484 814 3
485 814 1
486 814 1
488 814 3
490 814 2
491 814 3
494 814 3
