11 997 2
15 997 3
16 997 2
17 997 2
18 997 3
21 997 1
28 997 3
30 997 3
33 997 3
38 997 2
39 997 3
42 997 2
43 997 1
56 997 2
57 997 1
64 997 1
66 997 2
72 997 2
75 997 3
76 997 2
80 997 1
81 997 1
82 997 2
84 997 2
85 997 2
90 997 1
91 997 1
95 997 2
96 997 3
105 997 1
106 997 2
107 997 3
109 997 3
110 997 3
111 997 2
120 997 3
122 997 1
123 997 3
131 997 2
144 997 3
147 997 2
150 997 1
152 997 2
153 997 2
154 997 2
156 997 1
158 997 3
159 997 1
161 997 3
163 997 1
166 997 1
167 997 2
168 997 2
172 997 3
173 997 3
181 997 1
189 997 3
191 997 3
193 997 2
196 997 3
197 997 2
209 997 2
210 997 2
211 997 3
212 997 3
220 997 3
222 997 2
225 997 3
227 997 3
235 997 2
237 997 2
243 997 1
246 997 3
250 997 2
257 997 1
260 997 1
262 997 3
263 997 2
264 997 3
266 997 2
271 997 3
272 997 3
276 997 2
278 997 3
279 997 3
280 997 2
283 997 2
284 997 2
285 997 2
286 997 2
294 997 2
298 997 3
299 997 1
301 997 2
305 997 3
306 997 2
315 997 2
316 997 3
318 997 1
321 997 1
322 997 1
323 997 1
325 997 2
327 997 2
331 997 1
333 997 2
339 997 3
341 997 2
344 997 2
350 997 3
354 997 3
357 997 1
360 997 2
364 997 1
369 997 1
370 997 2
374 997 3
377 997 2
379 997 3
381 997 2
382 997 2
384 997 2
386 997 2
387 997 2
390 997 1
392 997 1
395 997 3
396 997 3
405 997 2
410 997 1
421 997 2
425 997 2
427 997 1
432 997 3
436 997 3
441 997 2
448 997 1
449 997 2
454 997 3
457 997 2
464 997 3
465 997 2
468 997 3
477 997 3
478 997 2
480 997 1
482 997 2
484 997 2
489 997 3
491 997 2
494 997 3
496 997 3
498 997 3
500 997 1
502 997 1
505 997 3
506 997 2
507 997 3
514 997 3
520 997 2
522 997 3
523 997 3
526 997 2
531 997 3
535 997 3
537 997 1
539 997 2
540 997 3
542 997 3
553 997 2
557 997 1
562 997 2
563 997 2
574 997 3
577 997 2
580 997 3
584 997 2
586 997 3
588 997 2
589 997 3
593 997 3
594 997 2
596 997 3
605 997 3
607 997 1
608 997 3
611 997 1
613 997 1
616 997 1
620 997 3
622 997 1
626 997 3
629 997 2
630 997 2
641 997 3
643 997 2
644 997 1
648 997 1
653 997 3
654 997 1
655 997 3
657 997 1
660 997 3
661 997 2
662 997 2
664 997 3
668 997 2
669 997 1
670 997 3
675 997 2
677 997 3
679 997 1
680 997 2
682 997 3
685 997 2
686 997 3
690 997 1
693 997 2
696 997 1
699 997 3
701 997 2
703 997 2
706 997 2
712 997 1
714 997 3
716 997 1
719 997 1
729 997 2
731 997 3
733 997 2
735 997 2
739 997 1
741 997 2
744 997 3
745 997 2
747 997 1
755 997 2
757 997 2
766 997 1
767 997 1
769 997 2
771 997 2
773 997 3
774 997 2
775 997 1
777 997 3
782 997 3
783 997 1
785 997 3
789 997 2
791 997 2
792 997 2
796 997 2
801 997 1
810 997 1
813 997 3
814 997 2
815 997 2
817 997 1
822 997 1
824 997 2
832 997 1
833 997 3
840 997 3
841 997 3
848 997 2
850 997 1
854 997 1
858 997 1
861 997 1
862 997 1
863 997 2
869 997 1
876 997 2
877 997 2
878 997 2
881 997 3
882 997 3
883 997 2
884 997 2
889 997 1
892 997 2
895 997 3
896 997 2
897 997 1
898 997 2
900 997 1
904 997 3
905 997 2
906 997 2
907 997 2
908 997 2
910 997 3
914 997 1
915 997 2
917 997 2
918 997 2
919 997 1
921 997 3
924 997 2
927 997 3
929 997 2
934 997 1
939 997 1
943 997 1
948 997 2
950 997 1
955 997 1
956 997 3
962 997 1
964 997 2
965 997 1
966 997 3
968 997 1
973 997 1
979 997 3
983 997 3
987 997 1
996 997 1
997 997 3
999 997 1
1 998 2
2 998 3
5 998 3
6 998 3
14 998 2
15 998 3
16 998 2
17 998 3
20 998 1
26 998 2
28 998 3
38 998 3
40 998 1
45 998 1
46 998 1
47 998 2
48 998 2
50 998 3
51 998 1
55 998 2
56 998 1
60 998 3
73 998 1
76 998 1
77 998 2
78 998 2
84 998 1
87 998 2
88 998 3
93 998 1
94 998 3
96 998 3
100 998 2
108 998 2
109 998 2
110 998 3
111 998 3
114 998 3
116 998 2
118 998 3
122 998 3
124 998 1
128 998 1
134 998 3
135 998 3
146 998 2
150 998 2
151 998 2
152 998 2
153 998 1
158 998 1
163 998 1
166 998 2
167 998 1
169 998 1
171 998 1
173 998 1
176 998 2
180 998 1
188 998 3
200 998 2
205 998 3
207 998 1
210 998 3
212 998 2
215 998 3
220 998 1
222 998 3
225 998 2
227 998 1
233 998 3
235 998 2
238 998 2
242 998 2
245 998 3
247 998 2
249 998 2
250 998 2
254 998 2
258 998 2
261 998 2
263 998 3
264 998 2
266 998 2
269 998 2
272 998 1
276 998 3
281 998 3
282 998 2
285 998 3
286 998 2
287 998 1
293 998 1
294 998 3
298 998 3
302 998 1
303 998 2
306 998 2
308 998 1
310 998 1
312 998 2
313 998 1
314 998 2
316 998 1
318 998 1
320 998 3
323 998 2
329 998 2
330 998 1
331 998 3
332 998 3
335 998 1
337 998 1
341 998 3
347 998 1
351 998 1
355 998 2
356 998 2
357 998 3
359 998 2
365 998 1
372 998 3
374 998 2
376 998 3
381 998 1
384 998 2
388 998 3
389 998 1
393 998 2
394 998 3
397 998 1
400 998 2
404 998 2
406 998 2
408 998 3
410 998 2
413 998 2
414 998 1
417 998 3
427 998 3
430 998 1
431 998 1
433 998 1
435 998 3
436 998 3
440 998 1
441 998 1
442 998 2
446 998 1
448 998 1
451 998 1
453 998 2
455 998 1
458 998 1
463 998 1
466 998 2
468 998 3
470 998 2
473 998 3
478 998 3
479 998 2
483 998 1
484 998 1
486 998 1
488 998 3
492 998 3
496 998 2
497 998 2
499 998 2
500 998 3
501 998 3
502 998 1
514 998 2
517 998 1
518 998 2
521 998 2
525 998 3
527 998 3
529 998 2
531 998 1
546 998 1
547 998 2
550 998 2
554 998 1
556 998 1
557 998 2
558 998 3
564 998 1
565 998 1
566 998 2
567 998 1
570 998 3
572 998 3
575 998 1
576 998 2
579 998 2
583 998 3
590 998 3
596 998 2
603 998 3
614 998 3
619 998 1
620 998 3
624 998 3
625 998 2
628 998 2
630 998 1
640 998 3
642 998 1
643 998 1
649 998 3
650 998 1
651 998 2
654 998 1
656 998 1
658 998 3
661 998 2
664 998 3
668 998 1
672 998 1
673 998 3
675 998 3
678 998 2
693 998 3
697 998 1
700 998 3
702 998 2
703 998 1
704 998 3
705 998 2
707 998 1
710 998 3
719 998 3
723 998 1
724 998 3
725 998 3
726 998 2
730 998 3
731 998 1
734 998 3
736 998 1
737 998 2
739 998 3
740 998 2
742 998 2
745 998 1
746 998 1
747 998 3
748 998 3
750 998 2
751 998 3
753 998 2
756 998 1
762 998 3
763 998 1
764 998 2
766 998 2
773 998 1
776 998 3
782 998 3
783 998 3
787 998 3
789 998 3
790 998 2
792 998 1
794 998 1
795 998 1
800 998 1
802 998 3
808 998 2
810 998 2
811 998 2
812 998 3
815 998 3
818 998 2
819 998 2
825 998 2
826 998 1
829 998 1
830 998 3
835 998 3
836 998 2
839 998 3
843 998 1
847 998 3
849 998 1
850 998 2
852 998 1
855 998 3
858 998 1
859 998 3
863 998 3
867 998 3
871 998 2
873 998 2
874 998 2
875 998 1
876 998 1
877 998 3
880 998 3
881 998 1
886 998 3
888 998 2
891 998 3
894 998 3
896 998 2
897 998 2
899 998 3
903 998 2
906 998 1
913 998 3
917 998 2
918 998 2
919 998 2
921 998 2
922 998 2
924 998 2
925 998 3
926 998 2
927 998 2
929 998 1
930 998 1
932 998 1
936 998 1
938 998 1
942 998 2
947 998 3
954 998 3
959 998 2
964 998 1
968 998 1
969 998 1
970 998 2
978 998 1
979 998 1
981 998 3
982 998 2
983 998 2
985 998 1
986 998 3
989 998 1
992 998 3
993 998 2
994 998 3
995 998 3
