714 163 2
715 163 1
719 163 1
723 163 1
725 163 3
726 163 3
730 163 3
733 163 1
735 163 2
742 163 3
746 163 3
752 163 3
754 163 1
756 163 1
758 163 3
763 163 1
767 163 2
768 163 2
770 163 2
775 163 3
778 163 3
779 163 3
782 163 1
783 163 3
788 163 2
790 163 2
791 163 2
795 163 1
797 163 1
799 163 2
801 163 2
804 163 1
813 163 3
815 163 3
816 163 2
827 163 2
834 163 3
839 163 2
840 163 3
841 163 1
843 163 3
846 163 3
853 163 3
854 163 2
859 163 1
860 163 1
863 163 1
864 163 1
865 163 1
867 163 3
868 163 3
878 163 3
883 163 3
885 163 2
887 163 1
889 163 1
891 163 1
892 163 2
893 163 3
896 163 3
898 163 3
903 163 3
925 163 3
926 163 2
928 163 3
933 163 3
935 163 2
936 163 3
937 163 2
948 163 1
950 163 3
951 163 1
955 163 3
956 163 3
958 163 3
961 163 3
963 163 1
964 163 1
966 163 3
970 163 2
972 163 3
975 163 1
981 163 3
983 163 1
986 163 1
988 163 3
992 163 2
993 163 3
995 163 3
996 163 1
997 163 3
2 164 3
5 164 2
8 164 2
10 164 3
14 164 1
17 164 1
22 164 1
24 164 3
26 164 1
28 164 1
33 164 2
38 164 1
39 164 2
40 164 1
43 164 1
52 164 3
54 164 3
59 164 2
62 164 2
68 164 3
70 164 3
72 164 2
73 164 2
74 164 2
78 164 1
81 164 3
87 164 1
93 164 1
94 164 3
95 164 1
97 164 3
98 164 2
103 164 3
113 164 2
119 164 1
120 164 1
123 164 1
126 164 1
127 164 1
128 164 3
132 164 2
138 164 2
139 164 1
146 164 1
147 164 3
149 164 3
152 164 2
154 164 3
157 164 3
161 164 2
167 164 1
170 164 3
174 164 1
176 164 1
177 164 1
178 164 2
182 164 1
183 164 3
187 164 1
189 164 2
196 164 2
197 164 1
199 164 2
204 164 1
210 164 3
211 164 2
212 164 3
215 164 2
216 164 2
217 164 2
218 164 1
226 164 1
231 164 1
240 164 3
243 164 2
244 164 1
246 164 1
253 164 3
255 164 3
256 164 3
257 164 3
260 164 1
262 164 2
263 164 3
265 164 1
268 164 3
269 164 2
273 164 1
277 164 3
278 164 3
290 164 2
291 164 1
295 164 1
299 164 2
300 164 3
305 164 1
307 164 2
320 164 2
321 164 2
324 164 3
330 164 2
337 164 2
338 164 1
341 164 2
342 164 2
344 164 2
346 164 2
347 164 3
356 164 1
359 164 2
362 164 1
364 164 3
367 164 3
368 164 1
369 164 3
374 164 2
375 164 2
385 164 2
386 164 1
391 164 3
392 164 3
393 164 3
394 164 1
395 164 1
396 164 3
397 164 3
399 164 1
405 164 1
406 164 3
407 164 1
411 164 1
413 164 3
415 164 1
417 164 2
420 164 2
423 164 3
425 164 3
430 164 2
431 164 1
433 164 1
434 164 2
435 164 2
436 164 2
439 164 1
441 164 2
443 164 1
444 164 2
446 164 3
450 164 2
453 164 3
455 164 2
459 164 2
468 164 2
469 164 3
470 164 1
471 164 3
473 164 3
477 164 3
479 164 2
480 164 1
481 164 3
484 164 2
485 164 2
486 164 3
489 164 2
490 164 2
492 164 1
494 164 3
495 164 1
498 164 3
500 164 1
506 164 3
509 164 3
511 164 2
512 164 2
513 164 3
516 164 3
517 164 1
524 164 2
526 164 3
529 164 1
530 164 1
535 164 1
546 164 2
548 164 1
549 164 3
552 164 3
553 164 2
556 164 3
561 164 2
562 164 3
565 164 1
566 164 3
572 164 2
577 164 1
578 164 2
585 164 2
586 164 1
591 164 1
592 164 1
593 164 1
594 164 2
598 164 3
607 164 2
610 164 2
611 164 1
613 164 2
616 164 1
619 164 3
620 164 2
623 164 1
624 164 2
626 164 3
631 164 3
636 164 1
637 164 1
638 164 3
639 164 2
641 164 3
644 164 2
645 164 1
648 164 2
653 164 1
654 164 1
656 164 2
659 164 2
660 164 1
661 164 1
662 164 1
664 164 1
669 164 2
671 164 2
674 164 1
676 164 1
678 164 3
679 164 2
682 164 2
685 164 2
690 164 3
695 164 1
697 164 1
702 164 2
704 164 1
707 164 1
708 164 3
717 164 3
721 164 1
722 164 1
728 164 3
729 164 2
731 164 2
734 164 1
735 164 2
737 164 1
740 164 1
746 164 2
747 164 3
753 164 3
755 164 2
760 164 2
768 164 1
769 164 2
772 164 1
773 164 3
775 164 3
778 164 3
780 164 2
781 164 2
783 164 1
786 164 1
790 164 3
791 164 1
793 164 3
799 164 3
808 164 1
812 164 2
814 164 2
818 164 2
826 164 1
835 164 1
837 164 2
838 164 1
840 164 3
841 164 1
843 164 3
844 164 3
847 164 3
849 164 3
850 164 3
851 164 1
852 164 1
854 164 1
857 164 1
858 164 1
862 164 1
864 164 2
865 164 1
868 164 1
869 164 3
870 164 2
871 164 1
880 164 3
882 164 2
883 164 1
884 164 3
891 164 2
894 164 3
895 164 1
897 164 1
900 164 3
901 164 2
909 164 1
912 164 2
913 164 1
914 164 3
915 164 3
929 164 3
933 164 1
935 164 1
937 164 3
942 164 1
943 164 2
946 164 3
948 164 3
949 164 2
950 164 2
955 164 1
956 164 1
960 164 1
963 164 3
964 164 1
973 164 1
975 164 3
976 164 1
977 164 2
981 164 3
982 164 1
984 164 3
985 164 1
989 164 3
992 164 3
998 164 1
1 165 3
10 165 1
11 165 3
12 165 2
16 165 1
23 165 1
24 165 2
31 165 3
34 165 1
36 165 1
37 165 3
38 165 2
39 165 1
41 165 1
46 165 3
47 165 1
50 165 1
57 165 2
61 165 2
62 165 2
66 165 3
68 165 1
69 165 1
73 165 3
74 165 2
76 165 2
78 165 3
82 165 2
85 165 2
86 165 2
87 165 1
88 165 2
91 165 2
96 165 1
99 165 3
100 165 3
101 165 3
106 165 1
114 165 1
115 165 1
117 165 2
119 165 2
123 165 1
125 165 1
127 165 1
128 165 1
129 165 1
131 165 1
133 165 3
135 165 3
139 165 3
142 165 3
144 165 2
146 165 3
153 165 3
155 165 1
157 165 1
161 165 2
163 165 2
167 165 2
175 165 1
176 165 3
177 165 3
178 165 1
179 165 2
182 165 2
183 165 2
185 165 2
186 165 3
190 165 1
191 165 3
193 165 2
197 165 2
201 165 2
204 165 3
205 165 2
206 165 2
211 165 2
213 165 2
216 165 3
219 165 3
221 165 1
231 165 3
232 165 1
233 165 2
234 165 3
235 165 1
236 165 3
241 165 1
244 165 2
245 165 2
249 165 2
255 165 3
257 165 2
265 165 2
266 165 1
269 165 1
273 165 3
276 165 1
279 165 1
280 165 1
283 165 3
284 165 3
288 165 3
289 165 2
290 165 3
292 165 1
295 165 2
296 165 1
302 165 1
303 165 3
305 165 1
310 165 3
315 165 1
328 165 1
331 165 1
332 165 1
333 165 2
341 165 1
342 165 3
345 165 3
346 165 2
352 165 3
356 165 1
358 165 2
359 165 2
368 165 1
369 165 2
371 165 2
372 165 1
376 165 2
377 165 1
387 165 2
395 165 3
396 165 2
398 165 3
402 165 1
405 165 2
407 165 2
411 165 1
414 165 3
415 165 2
420 165 2
422 165 3
424 165 3
426 165 1
428 165 2
430 165 1
434 165 1
435 165 1
448 165 3
449 165 1
453 165 2
460 165 3
462 165 1
463 165 2
464 165 1
473 165 1
476 165 1
480 165 1
482 165 2
483 165 2
488 165 2
489 165 3
492 165 2
498 165 2
499 165 3
507 165 3
508 165 2
512 165 1
515 165 1
516 165 1
523 165 3
531 165 1
534 165 3
545 165 1
546 165 1
552 165 3
553 165 1
554 165 3
560 165 3
563 165 1
565 165 2
569 165 2
570 165 1
572 165 2
574 165 1
575 165 2
577 165 2
579 165 2
580 165 3
581 165 2
583 165 3
584 165 2
585 165 1
587 165 2
588 165 1
590 165 2
591 165 3
594 165 2
596 165 1
599 165 1
600 165 3
601 165 2
604 165 2
605 165 2
610 165 1
617 165 1
619 165 1
620 165 2
622 165 3
627 165 2
629 165 2
632 165 3
636 165 2
637 165 2
641 165 2
644 165 2
646 165 1
648 165 3
652 165 1
654 165 2
659 165 3
662 165 3
665 165 3
666 165 3
667 165 1
670 165 1
671 165 1
689 165 1
690 165 2
691 165 1
692 165 1
