587 125 3
589 125 1
594 125 3
596 125 1
598 125 2
599 125 2
602 125 1
608 125 1
609 125 1
613 125 1
614 125 3
620 125 3
630 125 2
631 125 1
632 125 3
633 125 3
637 125 3
639 125 1
641 125 3
643 125 2
646 125 3
647 125 1
652 125 1
654 125 2
657 125 2
661 125 1
665 125 2
668 125 2
674 125 2
679 125 2
681 125 3
688 125 1
692 125 2
694 125 3
697 125 1
699 125 3
704 125 2
705 125 2
706 125 2
710 125 3
718 125 3
724 125 2
725 125 2
733 125 3
736 125 3
738 125 2
743 125 3
747 125 1
749 125 3
752 125 3
755 125 3
756 125 3
758 125 1
760 125 2
762 125 2
766 125 3
767 125 3
769 125 3
775 125 3
776 125 1
784 125 3
787 125 3
788 125 1
792 125 3
796 125 1
803 125 2
804 125 2
810 125 2
811 125 3
812 125 2
815 125 3
816 125 2
817 125 3
820 125 2
821 125 2
825 125 3
827 125 2
833 125 3
840 125 3
841 125 3
845 125 1
847 125 3
849 125 2
852 125 1
853 125 3
854 125 3
861 125 2
863 125 2
864 125 1
869 125 1
875 125 1
876 125 3
879 125 3
881 125 1
885 125 1
887 125 3
889 125 3
892 125 3
897 125 3
898 125 1
899 125 2
900 125 3
901 125 2
906 125 3
907 125 3
908 125 3
909 125 1
913 125 3
915 125 1
916 125 3
921 125 3
922 125 3
927 125 3
928 125 1
929 125 1
935 125 3
936 125 2
939 125 2
941 125 3
943 125 2
944 125 1
946 125 2
947 125 1
951 125 3
953 125 1
954 125 2
955 125 3
956 125 2
957 125 2
959 125 1
960 125 3
962 125 1
966 125 1
967 125 1
970 125 3
977 125 3
979 125 1
982 125 1
983 125 3
984 125 1
985 125 3
988 125 2
989 125 3
991 125 2
992 125 2
994 125 2
997 125 3
998 125 3
999 125 1
4 126 3
6 126 1
7 126 3
9 126 2
10 126 3
12 126 3
13 126 2
15 126 2
16 126 2
19 126 1
20 126 2
22 126 1
26 126 2
29 126 2
31 126 1
32 126 1
37 126 1
38 126 3
41 126 2
42 126 3
44 126 3
48 126 3
54 126 3
57 126 1
60 126 2
61 126 3
71 126 3
76 126 1
77 126 1
80 126 1
88 126 3
95 126 1
96 126 1
99 126 2
100 126 2
101 126 1
106 126 2
111 126 1
114 126 2
117 126 3
119 126 1
120 126 2
123 126 3
125 126 3
135 126 1
137 126 2
138 126 1
141 126 3
156 126 1
157 126 3
158 126 1
162 126 3
163 126 2
164 126 2
167 126 3
171 126 3
176 126 3
181 126 3
187 126 3
188 126 3
189 126 2
190 126 2
194 126 3
197 126 1
204 126 3
208 126 3
209 126 2
211 126 3
212 126 2
213 126 1
214 126 2
216 126 2
220 126 1
221 126 3
223 126 3
227 126 2
231 126 1
235 126 2
239 126 3
249 126 3
250 126 3
252 126 2
255 126 1
261 126 2
263 126 3
265 126 1
267 126 1
270 126 1
274 126 2
282 126 1
283 126 3
285 126 3
286 126 2
288 126 3
289 126 3
300 126 1
303 126 2
305 126 3
306 126 3
311 126 1
316 126 2
317 126 2
321 126 3
324 126 2
325 126 2
329 126 3
335 126 1
337 126 3
343 126 3
346 126 2
347 126 1
350 126 1
352 126 2
353 126 3
358 126 2
359 126 2
360 126 2
363 126 1
366 126 3
367 126 2
375 126 1
376 126 3
377 126 2
380 126 1
381 126 2
382 126 1
383 126 2
385 126 2
386 126 2
388 126 3
389 126 3
390 126 2
393 126 2
397 126 2
400 126 1
402 126 2
403 126 2
407 126 1
408 126 1
409 126 3
411 126 1
413 126 3
418 126 2
419 126 3
420 126 2
424 126 3
425 126 1
429 126 3
432 126 2
437 126 3
438 126 1
447 126 1
453 126 3
457 126 3
458 126 1
459 126 3
460 126 2
461 126 1
462 126 3
465 126 3
468 126 2
470 126 2
472 126 2
474 126 3
475 126 1
476 126 1
477 126 3
483 126 2
484 126 2
485 126 1
486 126 3
489 126 2
495 126 3
502 126 3
505 126 2
507 126 2
508 126 1
509 126 1
510 126 3
513 126 2
514 126 3
516 126 3
519 126 2
521 126 1
522 126 3
523 126 3
527 126 1
529 126 3
533 126 1
534 126 1
535 126 2
536 126 3
538 126 2
540 126 2
543 126 1
545 126 1
547 126 2
548 126 1
559 126 1
565 126 3
571 126 1
572 126 1
581 126 3
582 126 2
583 126 1
585 126 1
587 126 1
588 126 1
592 126 1
593 126 3
596 126 3
597 126 3
599 126 2
602 126 2
612 126 2
614 126 2
622 126 3
625 126 2
628 126 1
629 126 1
635 126 2
636 126 3
642 126 3
644 126 2
645 126 3
647 126 2
648 126 3
649 126 3
650 126 3
657 126 3
661 126 3
664 126 2
668 126 1
677 126 2
681 126 2
689 126 1
690 126 2
691 126 2
692 126 3
696 126 3
697 126 2
699 126 1
700 126 3
701 126 1
702 126 1
703 126 3
706 126 2
707 126 1
709 126 1
713 126 2
714 126 2
716 126 2
724 126 1
729 126 1
732 126 1
740 126 1
743 126 2
744 126 2
745 126 1
746 126 3
771 126 3
772 126 2
773 126 2
777 126 3
778 126 1
782 126 3
785 126 2
787 126 3
792 126 2
797 126 3
800 126 2
801 126 2
804 126 3
806 126 1
810 126 3
811 126 1
814 126 2
816 126 3
824 126 1
825 126 1
826 126 2
828 126 1
832 126 2
833 126 1
834 126 3
835 126 2
839 126 1
841 126 2
842 126 1
843 126 2
846 126 2
847 126 3
849 126 2
850 126 3
851 126 1
854 126 2
859 126 3
861 126 2
865 126 1
866 126 3
867 126 3
868 126 2
869 126 1
873 126 1
877 126 2
880 126 1
881 126 3
883 126 3
885 126 3
888 126 1
891 126 2
893 126 2
897 126 1
899 126 2
900 126 2
901 126 1
905 126 3
906 126 2
912 126 3
915 126 1
916 126 1
917 126 1
920 126 1
921 126 2
924 126 1
925 126 3
926 126 3
927 126 2
931 126 3
933 126 2
934 126 3
948 126 1
950 126 2
951 126 3
957 126 3
959 126 3
963 126 3
966 126 3
968 126 3
971 126 2
972 126 2
974 126 1
978 126 2
983 126 3
985 126 1
0 127 2
1 127 2
2 127 1
3 127 1
6 127 2
7 127 2
10 127 1
15 127 2
16 127 1
17 127 3
18 127 3
21 127 3
26 127 3
30 127 1
32 127 1
48 127 2
49 127 3
50 127 3
53 127 3
58 127 2
60 127 2
66 127 2
67 127 1
68 127 3
72 127 3
75 127 2
76 127 1
77 127 1
78 127 1
87 127 1
90 127 1
93 127 3
95 127 2
96 127 1
98 127 3
100 127 2
102 127 3
104 127 3
109 127 3
111 127 3
112 127 3
117 127 2
118 127 1
119 127 2
120 127 2
125 127 3
126 127 3
130 127 3
131 127 1
133 127 3
135 127 3
136 127 3
139 127 3
140 127 1
143 127 2
145 127 1
148 127 3
152 127 3
154 127 3
155 127 2
156 127 2
164 127 3
170 127 1
173 127 1
179 127 1
184 127 2
185 127 1
186 127 3
190 127 3
192 127 2
196 127 3
197 127 3
198 127 2
204 127 3
205 127 2
206 127 1
210 127 3
212 127 3
213 127 3
214 127 1
217 127 2
224 127 1
235 127 3
237 127 1
238 127 2
239 127 2
246 127 1
251 127 1
255 127 2
257 127 1
258 127 1
259 127 1
265 127 2
268 127 2
269 127 3
271 127 1
272 127 2
274 127 3
279 127 1
285 127 2
286 127 2
289 127 2
290 127 2
292 127 3
296 127 1
302 127 2
303 127 2
304 127 2
308 127 3
313 127 2
325 127 1
328 127 1
329 127 2
334 127 1
337 127 1
342 127 1
343 127 1
353 127 1
356 127 3
358 127 2
359 127 2
362 127 3
363 127 1
366 127 3
367 127 2
372 127 3
373 127 2
374 127 1
376 127 1
378 127 3
380 127 1
381 127 2
387 127 3
388 127 1
393 127 1
397 127 3
398 127 3
399 127 2
400 127 1
404 127 3
406 127 3
416 127 3
423 127 2
424 127 2
428 127 3
430 127 3
433 127 3
436 127 2
438 127 2
440 127 3
452 127 1
457 127 2
458 127 3
459 127 1
460 127 2
461 127 2
464 127 2
467 127 3
468 127 1
471 127 3
475 127 3
478 127 2
484 127 1
486 127 1
489 127 3
491 127 3
496 127 2
497 127 3
500 127 2
504 127 3
506 127 3
509 127 2
