204 752 2
207 752 1
209 752 2
211 752 3
212 752 3
213 752 2
215 752 1
217 752 3
218 752 2
222 752 3
233 752 1
237 752 2
239 752 1
243 752 2
244 752 3
246 752 1
247 752 2
249 752 2
251 752 3
254 752 1
260 752 2
263 752 2
264 752 1
266 752 1
267 752 1
268 752 1
270 752 3
276 752 2
281 752 2
282 752 2
284 752 1
288 752 3
291 752 2
293 752 2
296 752 1
298 752 3
302 752 3
305 752 2
306 752 1
309 752 3
315 752 1
320 752 1
321 752 3
327 752 3
329 752 3
331 752 1
332 752 3
333 752 2
343 752 3
344 752 3
345 752 3
348 752 3
349 752 2
350 752 1
351 752 1
356 752 2
357 752 2
363 752 1
364 752 2
366 752 3
369 752 2
371 752 3
377 752 2
379 752 3
380 752 1
386 752 1
393 752 3
394 752 1
400 752 1
404 752 1
407 752 3
411 752 2
412 752 3
417 752 1
420 752 2
425 752 2
428 752 2
429 752 3
435 752 1
437 752 2
439 752 2
442 752 3
448 752 1
450 752 3
455 752 2
456 752 2
457 752 1
463 752 2
464 752 1
466 752 2
468 752 3
470 752 3
471 752 2
472 752 3
474 752 2
478 752 1
482 752 1
483 752 2
485 752 3
488 752 3
494 752 3
495 752 2
503 752 2
504 752 1
505 752 3
508 752 1
513 752 3
515 752 1
519 752 3
524 752 1
529 752 1
535 752 1
537 752 1
539 752 3
540 752 2
545 752 1
546 752 1
551 752 2
552 752 1
556 752 3
559 752 3
563 752 2
565 752 3
566 752 3
571 752 2
572 752 3
576 752 1
580 752 1
582 752 1
583 752 1
588 752 2
600 752 2
601 752 3
602 752 3
607 752 1
611 752 2
616 752 1
620 752 3
622 752 3
625 752 2
628 752 3
631 752 2
632 752 3
634 752 1
638 752 3
641 752 3
642 752 1
648 752 1
658 752 3
659 752 3
661 752 2
663 752 1
665 752 2
667 752 1
669 752 2
672 752 3
673 752 2
676 752 3
677 752 1
678 752 3
683 752 1
688 752 1
690 752 2
694 752 1
708 752 3
711 752 1
712 752 2
716 752 2
718 752 1
723 752 1
725 752 1
726 752 2
729 752 1
731 752 2
733 752 3
738 752 2
746 752 1
748 752 2
749 752 2
753 752 1
756 752 2
757 752 3
762 752 2
763 752 3
765 752 3
770 752 3
774 752 1
775 752 1
783 752 1
784 752 1
788 752 1
790 752 3
793 752 2
801 752 3
806 752 3
807 752 2
808 752 1
814 752 3
818 752 1
822 752 2
825 752 3
828 752 1
830 752 2
835 752 3
838 752 3
843 752 3
844 752 2
845 752 1
848 752 3
853 752 3
856 752 2
862 752 2
864 752 2
869 752 2
874 752 2
876 752 2
883 752 2
887 752 3
890 752 1
895 752 2
903 752 2
905 752 1
908 752 2
909 752 3
911 752 2
915 752 1
921 752 2
922 752 1
927 752 1
928 752 3
935 752 1
938 752 1
939 752 2
943 752 2
945 752 3
946 752 1
947 752 1
948 752 1
949 752 2
950 752 3
951 752 2
952 752 2
957 752 3
958 752 1
969 752 2
970 752 2
975 752 1
982 752 3
984 752 2
993 752 2
995 752 2
996 752 3
999 752 2
4 753 2
5 753 3
7 753 2
8 753 2
11 753 1
12 753 2
14 753 2
15 753 2
19 753 3
24 753 1
25 753 2
34 753 3
37 753 1
38 753 1
39 753 3
40 753 3
43 753 1
44 753 2
46 753 3
49 753 1
52 753 1
54 753 3
55 753 3
56 753 1
60 753 1
61 753 3
63 753 3
64 753 3
65 753 2
66 753 1
67 753 3
69 753 2
70 753 3
71 753 3
78 753 2
79 753 1
80 753 1
92 753 1
93 753 2
98 753 1
99 753 3
101 753 3
113 753 2
114 753 1
116 753 2
119 753 2
121 753 2
124 753 3
126 753 1
130 753 2
133 753 1
135 753 1
137 753 2
140 753 1
142 753 1
144 753 1
150 753 3
151 753 1
153 753 2
157 753 1
160 753 3
162 753 1
163 753 3
165 753 2
169 753 1
170 753 3
175 753 1
180 753 3
182 753 1
183 753 1
184 753 3
192 753 1
194 753 2
195 753 3
198 753 3
199 753 1
201 753 3
203 753 2
204 753 1
207 753 3
211 753 2
214 753 3
216 753 1
221 753 3
223 753 1
225 753 3
228 753 1
230 753 3
235 753 2
237 753 2
240 753 2
242 753 2
247 753 3
249 753 1
250 753 1
251 753 1
253 753 2
261 753 1
268 753 2
271 753 3
274 753 1
278 753 1
279 753 1
280 753 1
281 753 2
282 753 2
290 753 1
292 753 1
295 753 3
296 753 2
297 753 2
298 753 1
301 753 1
303 753 2
307 753 3
314 753 2
318 753 3
319 753 2
320 753 3
323 753 1
324 753 2
326 753 1
330 753 2
336 753 2
337 753 3
341 753 1
345 753 2
346 753 1
347 753 1
350 753 3
352 753 3
354 753 2
355 753 3
359 753 1
360 753 3
361 753 3
362 753 1
363 753 1
364 753 1
366 753 2
370 753 1
372 753 3
373 753 1
376 753 2
378 753 3
380 753 2
384 753 2
385 753 2
389 753 3
391 753 3
397 753 1
398 753 1
407 753 1
408 753 2
409 753 2
412 753 1
413 753 1
416 753 1
424 753 1
425 753 3
429 753 1
435 753 1
437 753 3
443 753 1
444 753 3
445 753 1
448 753 1
449 753 3
451 753 2
452 753 3
456 753 1
457 753 1
463 753 3
464 753 3
465 753 2
467 753 2
468 753 1
469 753 2
470 753 3
478 753 3
479 753 1
481 753 1
482 753 2
487 753 1
488 753 1
489 753 3
490 753 3
497 753 3
500 753 2
501 753 3
503 753 1
509 753 2
511 753 3
514 753 2
515 753 1
518 753 1
521 753 1
523 753 1
524 753 1
527 753 2
528 753 2
529 753 1
538 753 3
541 753 2
543 753 2
545 753 1
549 753 1
551 753 3
553 753 1
554 753 3
557 753 1
559 753 3
561 753 1
564 753 1
568 753 1
572 753 3
573 753 2
577 753 2
578 753 3
581 753 2
585 753 2
586 753 1
588 753 2
592 753 3
595 753 2
596 753 3
601 753 3
607 753 3
608 753 1
609 753 1
610 753 1
612 753 2
613 753 1
616 753 1
617 753 3
620 753 2
621 753 1
624 753 2
626 753 3
628 753 2
635 753 3
640 753 2
642 753 3
648 753 1
652 753 2
654 753 2
663 753 1
664 753 3
665 753 3
666 753 1
669 753 3
673 753 1
682 753 3
685 753 3
688 753 1
692 753 3
695 753 2
699 753 2
700 753 1
702 753 1
703 753 3
704 753 2
711 753 2
715 753 1
721 753 3
724 753 3
727 753 3
728 753 1
729 753 2
730 753 1
733 753 2
735 753 1
736 753 1
737 753 2
740 753 2
743 753 3
744 753 1
756 753 3
767 753 2
768 753 2
770 753 2
773 753 3
774 753 2
776 753 2
778 753 1
783 753 3
785 753 2
787 753 1
795 753 2
802 753 3
803 753 1
806 753 1
809 753 2
811 753 1
815 753 2
816 753 3
820 753 1
825 753 2
827 753 3
834 753 1
835 753 2
838 753 1
842 753 1
843 753 2
844 753 3
845 753 1
847 753 1
852 753 1
858 753 1
859 753 1
862 753 1
863 753 1
865 753 2
867 753 2
869 753 2
871 753 3
872 753 2
874 753 3
875 753 2
877 753 2
882 753 1
885 753 3
890 753 3
891 753 2
893 753 3
900 753 1
902 753 3
903 753 1
905 753 1
906 753 1
908 753 2
910 753 3
911 753 3
915 753 1
916 753 2
920 753 2
926 753 1
934 753 2
936 753 2
946 753 1
947 753 2
949 753 3
951 753 1
952 753 2
954 753 3
957 753 1
958 753 3
961 753 2
963 753 3
964 753 2
967 753 1
972 753 2
973 753 1
978 753 2
979 753 1
983 753 3
984 753 3
988 753 2
989 753 1
992 753 1
994 753 1
997 753 1
0 754 1
2 754 2
8 754 1
10 754 2
15 754 3
18 754 1
25 754 1
34 754 1
35 754 2
36 754 2
37 754 2
38 754 3
44 754 3
52 754 3
53 754 1
61 754 3
64 754 1
68 754 2
71 754 1
76 754 1
78 754 2
84 754 3
87 754 2
90 754 3
91 754 2
92 754 1
94 754 1
96 754 1
98 754 1
100 754 3
101 754 1
103 754 2
104 754 2
106 754 3
110 754 1
111 754 1
112 754 2
116 754 1
120 754 2
124 754 1
128 754 1
131 754 2
133 754 1
134 754 1
136 754 3
137 754 1
141 754 2
144 754 3
149 754 3
151 754 1
155 754 1
