256 888 1
260 888 1
261 888 3
264 888 2
266 888 2
267 888 3
268 888 3
271 888 3
272 888 2
273 888 1
274 888 3
278 888 2
281 888 2
282 888 3
291 888 3
294 888 1
296 888 3
298 888 3
299 888 3
303 888 2
307 888 2
308 888 1
310 888 2
311 888 3
316 888 1
318 888 3
323 888 3
324 888 1
329 888 3
330 888 3
331 888 2
332 888 2
333 888 2
338 888 2
340 888 3
342 888 1
349 888 1
350 888 1
351 888 1
354 888 2
360 888 2
362 888 3
363 888 3
366 888 3
368 888 3
370 888 1
373 888 3
377 888 2
380 888 2
387 888 1
390 888 1
394 888 1
396 888 2
399 888 2
400 888 2
402 888 3
403 888 3
404 888 1
405 888 3
408 888 3
409 888 3
416 888 3
417 888 3
420 888 1
422 888 1
425 888 1
427 888 3
431 888 1
434 888 1
436 888 2
440 888 1
441 888 3
444 888 1
446 888 2
448 888 2
450 888 3
451 888 3
457 888 3
462 888 1
473 888 3
474 888 3
479 888 3
482 888 1
483 888 1
484 888 3
485 888 1
487 888 3
489 888 1
490 888 1
494 888 3
495 888 1
502 888 1
503 888 3
504 888 3
510 888 1
511 888 2
517 888 2
519 888 1
527 888 2
528 888 1
533 888 2
537 888 2
538 888 2
539 888 3
545 888 2
546 888 2
547 888 1
549 888 3
550 888 3
556 888 3
557 888 1
558 888 1
559 888 2
562 888 2
565 888 1
566 888 3
570 888 2
571 888 3
573 888 2
578 888 1
583 888 1
585 888 1
588 888 2
593 888 1
598 888 3
601 888 3
607 888 2
619 888 2
622 888 3
626 888 3
630 888 1
631 888 1
632 888 1
633 888 1
637 888 2
642 888 2
646 888 1
648 888 1
649 888 3
652 888 2
653 888 1
654 888 2
657 888 2
660 888 1
661 888 2
664 888 1
666 888 1
670 888 1
675 888 2
678 888 2
687 888 1
693 888 1
695 888 3
698 888 2
701 888 2
702 888 3
704 888 2
709 888 1
714 888 3
715 888 3
718 888 1
719 888 1
722 888 1
724 888 2
726 888 1
728 888 2
729 888 2
733 888 1
735 888 2
736 888 3
741 888 2
742 888 1
746 888 1
748 888 3
751 888 3
752 888 1
754 888 3
755 888 3
757 888 3
758 888 1
762 888 1
763 888 1
764 888 1
765 888 2
766 888 2
770 888 2
775 888 3
781 888 1
783 888 3
784 888 2
786 888 2
789 888 3
791 888 2
795 888 2
798 888 3
801 888 2
807 888 1
810 888 1
812 888 3
815 888 2
829 888 1
830 888 2
832 888 3
839 888 1
842 888 3
844 888 3
845 888 3
848 888 1
852 888 3
853 888 1
855 888 2
856 888 1
857 888 2
860 888 2
861 888 1
862 888 2
863 888 1
864 888 1
865 888 2
867 888 3
871 888 2
875 888 2
876 888 3
880 888 3
881 888 1
882 888 3
883 888 3
886 888 2
891 888 3
892 888 2
893 888 1
896 888 3
899 888 1
900 888 3
903 888 1
907 888 3
910 888 3
911 888 3
914 888 2
915 888 3
917 888 1
918 888 2
922 888 2
923 888 2
924 888 3
926 888 2
927 888 3
928 888 1
931 888 2
936 888 2
948 888 3
949 888 1
952 888 1
954 888 1
955 888 3
959 888 1
962 888 1
964 888 1
965 888 2
968 888 1
969 888 3
976 888 3
978 888 3
979 888 2
984 888 3
988 888 2
990 888 2
996 888 2
997 888 2
1 889 3
2 889 1
4 889 1
5 889 2
9 889 2
10 889 3
11 889 1
15 889 2
16 889 2
17 889 2
18 889 3
22 889 2
27 889 1
32 889 1
33 889 3
34 889 2
35 889 2
38 889 2
41 889 2
56 889 1
57 889 1
58 889 3
60 889 3
64 889 3
65 889 3
67 889 1
74 889 2
76 889 3
78 889 2
81 889 3
83 889 3
88 889 1
92 889 3
94 889 2
95 889 2
98 889 3
101 889 2
103 889 3
108 889 2
109 889 2
114 889 1
115 889 1
116 889 3
118 889 3
119 889 2
120 889 3
124 889 2
128 889 1
130 889 1
131 889 1
136 889 3
139 889 3
144 889 2
146 889 2
147 889 3
148 889 3
149 889 2
151 889 3
152 889 3
153 889 1
154 889 1
159 889 1
160 889 1
162 889 1
164 889 3
166 889 3
169 889 3
179 889 1
185 889 2
187 889 1
192 889 2
194 889 2
200 889 2
201 889 2
202 889 3
203 889 1
204 889 1
206 889 3
208 889 1
209 889 2
212 889 1
216 889 2
217 889 2
218 889 2
221 889 2
227 889 3
239 889 1
240 889 2
242 889 1
244 889 1
245 889 1
246 889 1
248 889 3
249 889 2
254 889 2
256 889 1
258 889 2
261 889 1
266 889 1
273 889 3
274 889 3
275 889 2
280 889 2
294 889 3
295 889 2
297 889 3
304 889 2
310 889 2
315 889 3
318 889 1
319 889 2
323 889 1
325 889 3
328 889 1
331 889 2
332 889 1
335 889 1
336 889 2
338 889 1
339 889 3
341 889 3
345 889 3
356 889 3
359 889 1
363 889 3
370 889 2
372 889 3
380 889 2
382 889 1
384 889 2
388 889 1
390 889 2
398 889 2
399 889 2
400 889 2
401 889 2
402 889 3
407 889 2
412 889 1
414 889 1
416 889 1
419 889 1
420 889 1
424 889 3
425 889 3
427 889 2
429 889 1
432 889 2
438 889 2
441 889 3
445 889 2
446 889 1
451 889 1
452 889 2
453 889 3
454 889 2
456 889 1
461 889 2
466 889 3
471 889 2
478 889 1
480 889 3
481 889 1
484 889 2
487 889 3
488 889 3
493 889 3
497 889 3
498 889 1
501 889 2
504 889 1
507 889 3
510 889 2
511 889 1
516 889 1
524 889 1
528 889 2
530 889 3
534 889 2
536 889 3
542 889 1
543 889 3
545 889 3
546 889 2
547 889 2
553 889 3
554 889 2
555 889 1
557 889 2
558 889 1
559 889 2
560 889 2
564 889 2
565 889 2
566 889 3
567 889 2
568 889 1
570 889 1
571 889 1
573 889 2
576 889 3
578 889 2
583 889 2
585 889 3
593 889 2
594 889 2
595 889 3
597 889 1
598 889 3
599 889 1
603 889 2
605 889 3
612 889 3
613 889 2
616 889 3
619 889 3
620 889 1
623 889 2
624 889 2
625 889 3
626 889 3
627 889 3
629 889 3
632 889 1
634 889 1
636 889 1
639 889 3
641 889 1
648 889 3
651 889 3
654 889 3
667 889 3
669 889 1
671 889 2
672 889 2
674 889 1
675 889 1
678 889 3
680 889 2
683 889 2
684 889 2
685 889 2
689 889 3
691 889 2
692 889 3
701 889 2
705 889 2
707 889 2
709 889 3
710 889 1
711 889 2
712 889 3
717 889 1
724 889 1
725 889 2
739 889 3
741 889 3
744 889 1
747 889 2
748 889 1
750 889 3
751 889 3
755 889 2
761 889 3
762 889 2
763 889 2
767 889 1
769 889 3
772 889 3
777 889 2
778 889 2
782 889 1
783 889 3
786 889 2
788 889 1
789 889 2
800 889 1
801 889 3
802 889 2
805 889 1
808 889 2
812 889 2
817 889 1
819 889 2
820 889 2
821 889 1
822 889 1
828 889 1
830 889 2
832 889 2
833 889 1
836 889 3
838 889 2
839 889 1
840 889 1
844 889 1
847 889 2
849 889 2
854 889 3
855 889 3
857 889 2
862 889 1
871 889 1
873 889 2
874 889 1
876 889 2
883 889 2
884 889 2
886 889 2
891 889 1
894 889 3
895 889 3
896 889 3
899 889 2
900 889 3
901 889 2
903 889 2
908 889 3
921 889 3
922 889 3
924 889 1
925 889 3
927 889 1
932 889 1
933 889 2
941 889 3
943 889 1
953 889 3
962 889 1
966 889 1
972 889 2
974 889 2
983 889 2
984 889 1
985 889 3
986 889 3
987 889 2
991 889 3
993 889 1
996 889 3
997 889 2
2 890 3
4 890 2
5 890 3
7 890 2
16 890 1
18 890 2
21 890 1
24 890 2
26 890 2
32 890 1
33 890 1
35 890 3
37 890 1
38 890 2
41 890 3
43 890 2
45 890 3
46 890 1
53 890 1
54 890 2
55 890 3
56 890 3
61 890 1
69 890 1
72 890 1
75 890 2
78 890 2
81 890 3
82 890 1
84 890 1
87 890 3
92 890 2
95 890 2
97 890 3
99 890 2
100 890 3
101 890 1
103 890 2
107 890 1
111 890 1
112 890 1
113 890 2
115 890 1
118 890 1
121 890 3
125 890 3
126 890 3
127 890 1
129 890 1
133 890 1
136 890 2
138 890 1
140 890 3
142 890 2
145 890 2
151 890 2
