741 370 1
742 370 2
745 370 1
746 370 1
753 370 2
756 370 3
759 370 2
767 370 2
769 370 2
770 370 2
776 370 1
777 370 3
780 370 2
782 370 3
784 370 3
785 370 3
789 370 1
791 370 1
792 370 2
794 370 2
795 370 2
796 370 3
804 370 1
807 370 2
808 370 1
812 370 2
813 370 1
819 370 2
824 370 1
827 370 2
831 370 1
832 370 3
834 370 1
839 370 1
840 370 3
841 370 1
842 370 1
844 370 2
846 370 1
849 370 3
851 370 3
854 370 3
859 370 1
869 370 2
871 370 3
872 370 2
873 370 3
874 370 2
875 370 3
878 370 1
887 370 1
889 370 1
897 370 3
899 370 1
901 370 2
902 370 1
904 370 3
905 370 2
908 370 3
909 370 1
913 370 3
918 370 1
920 370 1
923 370 3
925 370 3
926 370 1
931 370 1
932 370 3
934 370 2
937 370 3
946 370 3
956 370 3
957 370 1
961 370 2
962 370 2
963 370 2
964 370 3
967 370 1
976 370 2
979 370 2
982 370 2
983 370 3
984 370 1
988 370 2
990 370 1
992 370 1
998 370 1
0 371 3
7 371 1
9 371 3
10 371 1
12 371 3
14 371 2
15 371 2
16 371 2
18 371 3
27 371 1
28 371 1
29 371 1
32 371 1
33 371 1
35 371 3
36 371 3
41 371 3
44 371 1
50 371 3
52 371 1
53 371 1
54 371 3
57 371 1
62 371 3
65 371 2
68 371 2
69 371 2
70 371 1
75 371 1
81 371 3
87 371 1
88 371 2
90 371 1
93 371 3
94 371 2
96 371 3
97 371 1
98 371 2
99 371 3
101 371 3
110 371 1
111 371 3
119 371 2
122 371 3
123 371 3
127 371 3
128 371 2
129 371 3
131 371 1
132 371 2
133 371 2
134 371 1
138 371 1
148 371 2
149 371 3
151 371 3
153 371 1
155 371 1
157 371 1
159 371 3
160 371 3
167 371 3
168 371 3
170 371 2
172 371 3
173 371 3
176 371 3
177 371 1
179 371 1
180 371 2
182 371 1
188 371 2
189 371 1
191 371 1
200 371 3
201 371 1
203 371 2
207 371 3
220 371 1
221 371 3
225 371 1
226 371 3
230 371 2
232 371 3
234 371 1
238 371 1
241 371 3
242 371 3
246 371 3
248 371 2
249 371 3
254 371 3
264 371 1
267 371 1
271 371 2
272 371 2
275 371 2
281 371 3
283 371 2
284 371 3
285 371 2
286 371 3
287 371 2
288 371 1
291 371 3
293 371 2
296 371 1
300 371 2
317 371 2
321 371 3
328 371 1
330 371 3
335 371 3
338 371 1
339 371 3
344 371 3
345 371 1
355 371 2
357 371 1
358 371 1
359 371 2
361 371 2
365 371 1
371 371 3
373 371 3
379 371 2
380 371 3
381 371 3
383 371 3
384 371 3
385 371 2
393 371 2
397 371 2
409 371 3
417 371 1
432 371 1
433 371 3
436 371 3
438 371 3
441 371 2
442 371 2
443 371 2
445 371 3
447 371 3
450 371 2
454 371 1
463 371 2
467 371 3
469 371 3
470 371 2
472 371 2
474 371 1
475 371 2
481 371 1
484 371 3
486 371 3
489 371 3
492 371 2
493 371 3
497 371 2
498 371 2
500 371 3
505 371 1
507 371 2
508 371 2
515 371 3
519 371 1
520 371 1
529 371 2
531 371 3
536 371 1
541 371 2
542 371 3
543 371 2
545 371 2
546 371 3
547 371 2
548 371 1
549 371 1
556 371 1
558 371 2
562 371 2
569 371 2
572 371 1
574 371 2
582 371 1
585 371 1
586 371 2
588 371 3
590 371 2
592 371 3
595 371 2
600 371 3
602 371 1
609 371 2
614 371 3
617 371 3
623 371 2
625 371 3
626 371 2
630 371 3
634 371 1
635 371 3
638 371 3
639 371 1
641 371 2
644 371 1
648 371 1
651 371 3
652 371 3
657 371 3
659 371 1
662 371 3
663 371 2
664 371 2
665 371 3
670 371 1
671 371 1
672 371 3
674 371 3
677 371 1
679 371 3
682 371 2
683 371 1
684 371 1
685 371 1
692 371 1
694 371 3
695 371 2
697 371 1
698 371 2
708 371 2
710 371 2
712 371 1
715 371 1
718 371 2
719 371 1
721 371 2
722 371 3
723 371 1
728 371 3
731 371 1
733 371 2
735 371 1
738 371 2
739 371 3
740 371 2
741 371 1
743 371 3
744 371 2
745 371 2
746 371 1
751 371 3
752 371 3
758 371 3
760 371 2
761 371 3
764 371 3
767 371 3
775 371 2
778 371 1
779 371 3
784 371 3
785 371 3
786 371 2
788 371 2
792 371 3
794 371 3
797 371 2
798 371 3
802 371 1
803 371 2
805 371 2
807 371 1
808 371 3
815 371 1
820 371 3
822 371 2
823 371 2
824 371 1
826 371 1
827 371 3
835 371 2
836 371 1
850 371 3
854 371 3
859 371 3
860 371 3
861 371 3
864 371 1
869 371 2
878 371 3
880 371 1
882 371 1
883 371 2
885 371 3
888 371 1
892 371 2
894 371 1
900 371 1
902 371 1
907 371 1
912 371 1
913 371 2
914 371 2
919 371 3
924 371 1
932 371 1
939 371 3
944 371 1
945 371 1
948 371 1
952 371 3
953 371 1
956 371 3
957 371 2
959 371 2
960 371 1
963 371 1
966 371 3
967 371 1
968 371 2
969 371 3
972 371 2
975 371 3
978 371 2
980 371 2
982 371 2
984 371 3
985 371 2
986 371 3
989 371 1
991 371 1
993 371 1
994 371 3
0 372 1
4 372 3
5 372 1
6 372 2
8 372 2
9 372 3
12 372 2
15 372 2
21 372 3
22 372 2
23 372 3
24 372 2
30 372 2
32 372 3
33 372 2
38 372 3
39 372 1
41 372 2
42 372 1
47 372 3
51 372 3
55 372 1
57 372 3
60 372 3
61 372 1
68 372 2
69 372 2
72 372 3
73 372 1
75 372 2
76 372 2
85 372 2
86 372 3
88 372 1
90 372 3
92 372 1
95 372 2
101 372 1
105 372 1
109 372 3
110 372 3
111 372 2
112 372 3
113 372 3
114 372 2
116 372 1
117 372 1
118 372 2
119 372 3
120 372 2
123 372 3
129 372 3
130 372 2
131 372 1
132 372 3
135 372 1
136 372 1
141 372 1
143 372 1
148 372 1
153 372 3
157 372 1
159 372 2
162 372 3
163 372 2
177 372 3
179 372 1
182 372 3
186 372 1
187 372 3
188 372 3
190 372 1
192 372 2
193 372 3
195 372 2
196 372 2
200 372 1
202 372 2
203 372 2
206 372 1
208 372 2
216 372 2
221 372 3
223 372 1
226 372 1
227 372 3
233 372 2
236 372 3
240 372 1
242 372 1
243 372 2
248 372 1
250 372 1
252 372 1
254 372 2
255 372 1
266 372 2
267 372 1
268 372 2
270 372 1
276 372 1
281 372 3
282 372 1
283 372 2
286 372 1
288 372 3
289 372 2
290 372 2
292 372 3
294 372 1
295 372 3
298 372 2
299 372 1
300 372 2
304 372 3
306 372 3
308 372 1
315 372 3
322 372 2
328 372 2
332 372 3
338 372 1
343 372 3
344 372 1
346 372 1
348 372 3
349 372 2
351 372 3
358 372 3
361 372 2
362 372 2
363 372 1
365 372 1
371 372 3
373 372 1
375 372 3
382 372 2
384 372 2
388 372 2
399 372 3
402 372 2
406 372 3
408 372 3
412 372 1
413 372 1
416 372 2
417 372 3
420 372 2
425 372 1
426 372 2
430 372 3
433 372 2
434 372 1
437 372 2
440 372 1
441 372 3
445 372 1
447 372 1
448 372 1
450 372 3
451 372 3
452 372 2
453 372 3
454 372 2
458 372 2
459 372 2
461 372 1
462 372 1
463 372 3
465 372 1
468 372 2
470 372 2
475 372 3
480 372 1
482 372 2
484 372 2
485 372 2
496 372 2
499 372 1
500 372 2
502 372 3
514 372 1
519 372 1
521 372 1
524 372 1
526 372 3
528 372 2
531 372 3
534 372 1
536 372 3
537 372 1
538 372 3
540 372 1
541 372 1
546 372 1
548 372 3
551 372 2
553 372 2
554 372 3
555 372 1
563 372 1
564 372 2
565 372 3
568 372 1
575 372 2
584 372 2
592 372 3
596 372 1
597 372 1
613 372 2
626 372 3
627 372 3
630 372 2
631 372 2
633 372 1
636 372 3
637 372 3
643 372 1
646 372 2
649 372 1
650 372 1
655 372 2
659 372 2
663 372 2
667 372 2
668 372 3
669 372 2
674 372 2
676 372 2
677 372 3
678 372 3
679 372 1
680 372 3
685 372 3
686 372 2
687 372 2
689 372 2
693 372 1
694 372 2
695 372 1
700 372 3
703 372 3
708 372 1
712 372 3
