437 632 3
442 632 3
445 632 3
446 632 2
448 632 3
449 632 3
451 632 1
458 632 2
461 632 3
463 632 2
464 632 1
467 632 1
476 632 3
479 632 2
480 632 1
482 632 2
484 632 1
490 632 1
491 632 2
497 632 2
502 632 1
504 632 3
508 632 3
509 632 3
510 632 1
515 632 3
519 632 2
521 632 3
523 632 3
526 632 1
527 632 1
529 632 1
532 632 3
535 632 2
537 632 2
538 632 2
542 632 3
543 632 1
551 632 1
554 632 2
555 632 2
558 632 1
563 632 3
565 632 2
570 632 1
573 632 2
577 632 3
578 632 1
582 632 2
583 632 3
584 632 3
593 632 3
594 632 1
595 632 1
596 632 3
600 632 1
601 632 3
602 632 2
613 632 2
622 632 1
625 632 2
626 632 3
627 632 2
629 632 2
635 632 3
636 632 3
639 632 2
642 632 3
645 632 2
646 632 2
648 632 2
649 632 1
651 632 1
652 632 2
656 632 1
657 632 3
658 632 1
660 632 2
663 632 2
667 632 2
669 632 3
670 632 1
672 632 3
673 632 2
674 632 3
675 632 2
677 632 2
678 632 3
679 632 2
684 632 1
685 632 3
687 632 2
690 632 1
692 632 3
697 632 1
702 632 3
704 632 2
709 632 2
713 632 1
714 632 2
715 632 1
719 632 1
720 632 1
723 632 3
728 632 2
732 632 3
733 632 3
735 632 3
736 632 3
738 632 3
739 632 3
741 632 3
742 632 1
744 632 1
745 632 1
749 632 3
752 632 2
761 632 2
768 632 1
769 632 2
770 632 3
778 632 2
780 632 2
782 632 3
783 632 1
784 632 3
785 632 3
786 632 1
792 632 2
796 632 2
803 632 1
804 632 2
805 632 2
813 632 2
819 632 3
822 632 2
826 632 1
827 632 3
830 632 3
834 632 2
838 632 1
840 632 1
841 632 2
843 632 1
846 632 3
849 632 1
856 632 2
857 632 3
867 632 1
870 632 3
874 632 2
876 632 2
880 632 3
884 632 2
886 632 2
893 632 1
894 632 1
895 632 3
901 632 1
906 632 3
908 632 1
909 632 2
910 632 3
911 632 1
915 632 1
921 632 2
927 632 2
938 632 1
940 632 2
943 632 1
947 632 1
948 632 1
949 632 1
954 632 2
955 632 3
967 632 2
975 632 1
980 632 1
984 632 3
988 632 3
990 632 1
995 632 3
996 632 3
997 632 3
998 632 2
2 633 2
5 633 3
8 633 3
9 633 2
12 633 3
15 633 3
17 633 3
19 633 1
23 633 3
25 633 3
26 633 1
30 633 2
34 633 3
36 633 1
44 633 1
49 633 1
53 633 1
58 633 3
59 633 2
60 633 2
61 633 1
64 633 3
67 633 1
70 633 1
78 633 1
80 633 3
81 633 2
82 633 2
84 633 3
98 633 3
99 633 1
101 633 2
106 633 2
109 633 1
111 633 3
112 633 2
115 633 2
118 633 2
119 633 2
121 633 3
122 633 3
123 633 1
125 633 3
128 633 1
134 633 2
136 633 1
137 633 2
138 633 1
139 633 2
143 633 2
145 633 1
151 633 3
160 633 3
161 633 1
164 633 1
168 633 2
172 633 2
173 633 3
174 633 3
175 633 2
176 633 3
177 633 2
180 633 1
182 633 1
183 633 2
189 633 2
191 633 3
193 633 2
194 633 1
204 633 3
205 633 2
206 633 1
209 633 2
210 633 1
211 633 3
213 633 2
216 633 3
228 633 2
230 633 3
237 633 1
244 633 1
246 633 2
249 633 1
254 633 2
260 633 1
265 633 1
267 633 3
272 633 1
273 633 2
276 633 3
279 633 3
280 633 3
282 633 3
287 633 3
288 633 3
293 633 3
297 633 2
299 633 3
300 633 2
301 633 3
302 633 2
304 633 3
308 633 2
311 633 1
314 633 1
320 633 3
328 633 3
334 633 1
337 633 3
342 633 3
345 633 1
346 633 2
347 633 3
349 633 1
350 633 1
351 633 2
356 633 1
358 633 1
363 633 3
366 633 2
367 633 1
368 633 3
371 633 1
372 633 2
382 633 2
383 633 1
386 633 1
387 633 2
399 633 2
401 633 2
403 633 2
404 633 2
408 633 3
413 633 3
416 633 3
417 633 2
419 633 3
424 633 2
426 633 3
427 633 1
433 633 2
439 633 1
442 633 3
444 633 3
448 633 1
449 633 3
451 633 2
454 633 1
462 633 3
464 633 3
465 633 1
468 633 1
471 633 3
478 633 3
481 633 1
482 633 3
488 633 2
491 633 1
495 633 1
510 633 3
516 633 3
518 633 3
520 633 2
522 633 1
524 633 2
525 633 2
526 633 1
527 633 1
531 633 2
533 633 2
534 633 3
537 633 1
540 633 1
541 633 3
545 633 3
546 633 1
549 633 2
550 633 2
551 633 3
553 633 3
556 633 1
561 633 1
564 633 1
567 633 3
571 633 2
574 633 2
581 633 3
585 633 2
589 633 3
592 633 1
594 633 3
598 633 1
600 633 1
601 633 1
602 633 2
603 633 3
604 633 2
608 633 2
609 633 1
612 633 1
614 633 2
616 633 3
620 633 2
622 633 1
624 633 1
625 633 3
627 633 2
630 633 1
633 633 1
637 633 3
638 633 1
642 633 3
646 633 3
648 633 3
649 633 2
650 633 2
654 633 2
658 633 1
659 633 1
662 633 1
663 633 3
664 633 3
665 633 1
666 633 2
667 633 3
670 633 1
677 633 2
681 633 2
684 633 1
689 633 2
690 633 1
691 633 3
694 633 3
695 633 3
698 633 3
702 633 2
708 633 3
711 633 3
715 633 3
717 633 1
721 633 2
722 633 2
727 633 3
730 633 3
733 633 2
738 633 2
739 633 1
742 633 2
749 633 1
751 633 1
753 633 2
756 633 2
761 633 1
764 633 2
765 633 2
766 633 3
772 633 2
775 633 1
776 633 2
779 633 3
780 633 3
782 633 1
783 633 1
784 633 1
794 633 2
797 633 1
801 633 1
802 633 1
803 633 3
806 633 1
807 633 2
808 633 1
809 633 2
820 633 1
821 633 2
822 633 2
824 633 3
828 633 3
834 633 3
836 633 1
837 633 1
838 633 2
840 633 3
845 633 1
848 633 2
849 633 1
850 633 3
852 633 2
854 633 2
855 633 1
868 633 3
869 633 2
872 633 2
876 633 1
877 633 1
880 633 2
881 633 3
883 633 2
884 633 3
885 633 3
886 633 2
887 633 1
889 633 1
896 633 3
897 633 1
898 633 2
902 633 2
903 633 1
905 633 2
911 633 2
916 633 1
917 633 1
926 633 3
927 633 2
928 633 2
931 633 3
933 633 2
937 633 1
938 633 3
940 633 1
944 633 3
945 633 1
947 633 1
948 633 1
951 633 3
956 633 3
957 633 2
958 633 3
962 633 1
973 633 3
981 633 3
983 633 1
985 633 2
986 633 1
987 633 2
989 633 1
996 633 2
0 634 1
8 634 2
10 634 3
12 634 1
15 634 3
16 634 3
20 634 2
21 634 2
25 634 1
35 634 3
38 634 1
40 634 3
41 634 3
42 634 3
45 634 2
48 634 2
52 634 3
56 634 3
67 634 3
69 634 3
71 634 3
76 634 1
84 634 1
85 634 2
86 634 2
88 634 1
92 634 3
93 634 1
94 634 1
97 634 3
99 634 3
102 634 1
104 634 3
105 634 2
108 634 2
112 634 1
114 634 1
115 634 3
116 634 3
128 634 1
136 634 2
138 634 2
142 634 1
143 634 3
149 634 1
152 634 2
156 634 1
157 634 2
159 634 3
163 634 1
164 634 2
167 634 1
169 634 1
170 634 2
173 634 1
175 634 1
176 634 3
181 634 2
183 634 2
185 634 3
186 634 1
188 634 1
195 634 3
198 634 1
200 634 1
203 634 3
206 634 1
210 634 2
214 634 2
218 634 3
222 634 2
226 634 2
228 634 1
234 634 1
243 634 2
244 634 2
247 634 1
248 634 1
250 634 3
255 634 1
259 634 3
265 634 2
275 634 2
276 634 2
278 634 1
279 634 3
280 634 2
284 634 1
287 634 3
296 634 1
299 634 2
300 634 1
304 634 3
305 634 2
315 634 2
316 634 3
317 634 3
318 634 1
319 634 3
321 634 1
324 634 2
328 634 2
330 634 1
331 634 1
332 634 3
333 634 2
334 634 3
336 634 3
337 634 2
342 634 1
344 634 1
347 634 2
352 634 3
357 634 2
363 634 3
367 634 3
373 634 3
375 634 2
376 634 1
377 634 1
378 634 3
379 634 2
381 634 2
383 634 1
386 634 2
387 634 3
389 634 1
390 634 3
391 634 1
399 634 2
402 634 3
407 634 1
408 634 1
410 634 1
414 634 1
418 634 2
419 634 3
422 634 3
423 634 1
427 634 1
431 634 1
432 634 2
434 634 3
435 634 1
