438 878 2
440 878 2
441 878 1
444 878 3
448 878 1
450 878 2
451 878 3
452 878 1
456 878 1
458 878 1
460 878 2
461 878 1
467 878 2
470 878 2
471 878 3
472 878 1
474 878 3
475 878 3
479 878 2
482 878 2
484 878 2
485 878 1
486 878 2
491 878 1
495 878 2
503 878 1
504 878 2
511 878 1
518 878 1
521 878 3
524 878 2
525 878 1
526 878 2
528 878 2
529 878 3
532 878 3
534 878 3
537 878 2
538 878 3
540 878 2
541 878 2
544 878 3
546 878 2
547 878 2
550 878 2
557 878 3
558 878 1
559 878 3
560 878 1
561 878 2
562 878 1
564 878 3
566 878 2
571 878 2
575 878 1
576 878 1
581 878 1
584 878 2
586 878 1
590 878 3
592 878 2
597 878 2
600 878 2
604 878 3
607 878 2
609 878 1
610 878 3
611 878 3
612 878 1
614 878 2
616 878 2
620 878 1
623 878 1
624 878 3
628 878 1
631 878 2
633 878 2
636 878 3
639 878 1
641 878 3
642 878 2
647 878 2
651 878 3
652 878 1
655 878 3
658 878 1
660 878 1
675 878 3
676 878 2
684 878 1
686 878 1
688 878 3
689 878 1
690 878 2
692 878 1
695 878 2
698 878 2
701 878 1
704 878 2
705 878 2
708 878 2
709 878 2
712 878 2
715 878 3
717 878 2
718 878 1
721 878 1
725 878 2
727 878 2
729 878 3
738 878 3
741 878 3
743 878 2
744 878 1
745 878 1
754 878 2
756 878 1
757 878 3
762 878 2
764 878 1
766 878 2
770 878 1
773 878 2
775 878 1
782 878 2
785 878 3
786 878 3
788 878 3
789 878 2
792 878 1
794 878 3
796 878 2
804 878 1
805 878 3
806 878 3
813 878 1
814 878 2
815 878 1
816 878 1
817 878 1
821 878 2
822 878 1
826 878 2
828 878 3
830 878 3
832 878 3
833 878 3
835 878 3
840 878 1
842 878 3
848 878 1
850 878 1
851 878 1
854 878 2
858 878 1
859 878 3
860 878 1
863 878 1
864 878 2
865 878 2
868 878 3
869 878 3
872 878 1
881 878 1
882 878 2
884 878 1
885 878 2
886 878 3
891 878 2
896 878 2
901 878 3
903 878 1
907 878 1
908 878 2
918 878 1
919 878 3
922 878 3
923 878 1
926 878 2
929 878 2
931 878 2
934 878 1
940 878 2
942 878 3
947 878 3
948 878 3
950 878 1
952 878 1
953 878 3
955 878 1
956 878 1
962 878 3
964 878 1
966 878 1
973 878 3
976 878 3
977 878 1
980 878 1
981 878 1
982 878 2
985 878 2
986 878 3
987 878 3
997 878 3
0 879 2
1 879 3
2 879 2
5 879 1
11 879 1
15 879 2
16 879 3
17 879 1
19 879 1
21 879 1
25 879 1
30 879 2
32 879 3
36 879 2
39 879 1
40 879 1
49 879 3
57 879 2
58 879 3
64 879 2
65 879 1
72 879 1
77 879 2
79 879 2
84 879 2
85 879 1
90 879 1
94 879 2
98 879 1
102 879 3
104 879 3
106 879 1
112 879 2
114 879 3
119 879 2
122 879 2
125 879 2
126 879 1
133 879 3
135 879 2
137 879 1
138 879 3
140 879 3
142 879 1
143 879 3
150 879 3
157 879 2
160 879 1
163 879 3
165 879 1
169 879 1
174 879 1
178 879 3
179 879 3
183 879 2
185 879 2
187 879 1
190 879 3
192 879 2
194 879 3
196 879 2
197 879 1
198 879 1
206 879 1
210 879 2
213 879 2
218 879 1
219 879 1
221 879 1
223 879 2
228 879 2
229 879 2
232 879 1
234 879 2
236 879 2
241 879 1
247 879 2
248 879 1
253 879 3
257 879 3
258 879 3
259 879 2
266 879 3
268 879 3
269 879 3
272 879 1
274 879 2
277 879 1
291 879 1
292 879 2
293 879 3
299 879 2
300 879 3
304 879 1
305 879 1
308 879 1
309 879 1
315 879 3
316 879 2
320 879 2
323 879 2
325 879 3
329 879 2
331 879 3
332 879 1
333 879 3
337 879 2
338 879 3
339 879 3
342 879 2
344 879 2
345 879 3
348 879 1
350 879 3
352 879 1
353 879 3
355 879 1
356 879 3
357 879 1
358 879 1
359 879 2
362 879 1
363 879 1
365 879 2
370 879 1
372 879 2
373 879 2
374 879 3
378 879 2
380 879 1
381 879 3
383 879 1
389 879 2
401 879 2
403 879 3
406 879 2
409 879 1
410 879 2
413 879 3
415 879 2
416 879 2
417 879 1
420 879 2
426 879 3
429 879 3
430 879 1
431 879 1
437 879 3
440 879 3
442 879 1
444 879 2
445 879 2
450 879 1
452 879 2
467 879 1
469 879 3
470 879 1
471 879 2
473 879 3
474 879 2
477 879 2
479 879 3
482 879 2
483 879 2
484 879 3
493 879 3
497 879 2
501 879 2
515 879 2
517 879 3
518 879 3
519 879 3
520 879 3
523 879 1
527 879 3
529 879 1
531 879 1
532 879 1
537 879 3
539 879 2
540 879 2
542 879 2
548 879 1
553 879 1
556 879 2
559 879 3
561 879 3
563 879 2
571 879 3
574 879 1
575 879 1
576 879 1
577 879 2
578 879 2
582 879 3
594 879 1
597 879 2
599 879 2
602 879 2
604 879 2
608 879 1
609 879 2
611 879 2
614 879 2
615 879 3
624 879 3
626 879 1
629 879 2
634 879 1
636 879 2
641 879 1
642 879 1
647 879 1
649 879 1
650 879 3
656 879 1
657 879 2
659 879 1
661 879 2
662 879 3
663 879 3
667 879 1
670 879 1
671 879 3
676 879 2
678 879 2
679 879 3
680 879 2
681 879 2
682 879 1
685 879 3
686 879 3
689 879 2
692 879 3
693 879 3
695 879 3
696 879 2
698 879 2
699 879 1
701 879 1
709 879 3
711 879 3
715 879 1
719 879 3
721 879 2
722 879 3
724 879 3
729 879 1
731 879 2
732 879 3
737 879 2
738 879 3
744 879 2
746 879 3
752 879 3
754 879 3
757 879 3
760 879 2
762 879 3
767 879 3
768 879 3
774 879 1
776 879 3
779 879 3
784 879 2
791 879 2
792 879 2
793 879 1
801 879 2
802 879 3
805 879 1
807 879 1
814 879 3
816 879 2
818 879 2
819 879 2
824 879 1
829 879 3
831 879 1
832 879 3
837 879 1
840 879 2
841 879 2
845 879 2
847 879 3
848 879 2
851 879 2
854 879 2
857 879 3
867 879 1
870 879 1
873 879 1
876 879 2
878 879 1
881 879 3
882 879 1
888 879 1
891 879 3
892 879 2
894 879 1
895 879 1
896 879 1
900 879 2
902 879 3
903 879 1
905 879 2
908 879 2
909 879 1
914 879 2
915 879 1
917 879 2
919 879 3
920 879 2
922 879 3
925 879 3
932 879 3
936 879 1
938 879 2
942 879 3
959 879 1
960 879 3
967 879 2
970 879 1
971 879 2
974 879 1
976 879 2
982 879 3
987 879 3
6 880 3
7 880 2
12 880 3
13 880 3
16 880 1
18 880 2
25 880 1
26 880 2
27 880 1
33 880 3
38 880 1
40 880 1
41 880 3
44 880 1
50 880 2
54 880 1
57 880 2
60 880 1
62 880 3
63 880 2
72 880 3
73 880 1
75 880 1
79 880 2
83 880 1
88 880 2
91 880 3
99 880 2
100 880 2
101 880 2
103 880 1
109 880 1
111 880 2
113 880 2
116 880 2
119 880 3
122 880 1
123 880 1
127 880 1
128 880 3
130 880 3
131 880 3
134 880 2
138 880 3
139 880 2
145 880 1
147 880 3
149 880 1
150 880 3
153 880 1
154 880 3
156 880 3
174 880 3
189 880 1
191 880 2
197 880 1
198 880 3
201 880 2
213 880 2
214 880 1
215 880 2
222 880 2
223 880 2
225 880 1
226 880 1
229 880 1
230 880 3
238 880 3
239 880 3
241 880 3
242 880 2
247 880 2
249 880 2
256 880 3
262 880 2
264 880 1
271 880 3
275 880 3
278 880 1
281 880 2
282 880 2
285 880 1
288 880 3
292 880 2
293 880 3
295 880 3
296 880 2
299 880 2
306 880 3
316 880 2
317 880 3
318 880 2
320 880 2
321 880 1
326 880 2
328 880 1
330 880 1
333 880 2
342 880 3
343 880 3
344 880 2
345 880 3
346 880 2
349 880 2
353 880 3
357 880 1
364 880 2
371 880 2
372 880 3
376 880 2
377 880 3
387 880 3
392 880 1
397 880 1
403 880 2
404 880 2
407 880 2
408 880 3
412 880 3
414 880 2
417 880 1
419 880 1
420 880 2
421 880 2
425 880 1
426 880 2
427 880 2
433 880 2
440 880 2
443 880 3
447 880 3
448 880 1
452 880 2
454 880 3
