611 179 3
613 179 2
615 179 2
620 179 3
624 179 1
626 179 1
630 179 3
631 179 3
633 179 1
635 179 1
638 179 2
641 179 1
642 179 3
643 179 3
646 179 2
654 179 1
656 179 3
657 179 3
658 179 2
661 179 1
662 179 1
670 179 3
671 179 2
674 179 1
675 179 3
676 179 2
680 179 1
684 179 2
686 179 3
689 179 1
701 179 2
706 179 1
707 179 2
709 179 3
712 179 1
715 179 1
717 179 2
718 179 1
721 179 3
727 179 1
728 179 2
733 179 2
739 179 2
743 179 1
745 179 1
748 179 1
749 179 3
753 179 2
755 179 3
761 179 3
764 179 2
767 179 3
768 179 3
774 179 1
778 179 2
779 179 2
780 179 3
785 179 3
787 179 1
789 179 2
797 179 2
799 179 1
800 179 2
802 179 3
804 179 3
807 179 2
811 179 3
815 179 2
816 179 3
817 179 3
819 179 3
821 179 1
823 179 3
824 179 2
827 179 3
829 179 1
832 179 3
841 179 2
842 179 1
843 179 1
847 179 2
850 179 3
851 179 1
855 179 1
856 179 1
858 179 2
861 179 3
862 179 1
864 179 3
865 179 2
867 179 2
874 179 1
879 179 1
885 179 1
889 179 2
890 179 1
893 179 3
896 179 2
900 179 2
901 179 1
902 179 1
903 179 1
904 179 2
906 179 1
911 179 3
913 179 3
915 179 1
921 179 1
922 179 3
925 179 1
926 179 1
927 179 1
929 179 2
930 179 1
934 179 1
938 179 1
940 179 1
942 179 3
945 179 3
949 179 1
950 179 2
951 179 1
954 179 1
956 179 1
961 179 1
967 179 3
968 179 2
972 179 1
975 179 3
976 179 3
977 179 2
978 179 3
981 179 2
985 179 2
987 179 1
992 179 1
993 179 1
997 179 2
3 180 1
11 180 3
12 180 2
18 180 1
20 180 1
25 180 3
26 180 3
35 180 1
44 180 2
45 180 1
46 180 3
48 180 3
51 180 3
56 180 3
59 180 1
60 180 3
63 180 3
66 180 3
68 180 3
74 180 1
80 180 3
83 180 3
93 180 3
95 180 3
98 180 1
100 180 1
102 180 1
105 180 3
107 180 1
112 180 1
113 180 3
117 180 2
118 180 2
121 180 1
125 180 2
126 180 1
134 180 2
135 180 3
137 180 2
141 180 3
143 180 1
144 180 3
147 180 3
149 180 1
158 180 1
160 180 1
162 180 1
167 180 2
169 180 1
171 180 1
172 180 2
173 180 2
175 180 2
180 180 3
183 180 1
185 180 2
186 180 3
187 180 1
189 180 3
191 180 1
192 180 3
193 180 1
196 180 1
199 180 2
204 180 2
205 180 3
210 180 3
211 180 3
213 180 3
217 180 2
220 180 3
227 180 1
228 180 2
229 180 1
232 180 3
234 180 3
236 180 2
237 180 3
239 180 3
241 180 1
242 180 2
244 180 3
250 180 2
253 180 3
254 180 2
255 180 3
256 180 2
260 180 3
262 180 3
263 180 2
265 180 3
278 180 1
283 180 3
292 180 1
294 180 2
297 180 3
299 180 1
305 180 1
312 180 2
313 180 2
314 180 2
325 180 3
327 180 2
329 180 3
337 180 3
345 180 2
347 180 3
353 180 1
355 180 1
360 180 2
362 180 2
364 180 3
369 180 1
372 180 1
378 180 3
379 180 3
380 180 3
381 180 1
384 180 2
387 180 3
392 180 2
397 180 2
399 180 3
400 180 3
403 180 1
412 180 2
414 180 2
415 180 3
419 180 2
420 180 3
422 180 1
425 180 3
426 180 1
427 180 3
428 180 2
433 180 2
437 180 1
438 180 1
440 180 1
442 180 1
444 180 3
445 180 2
450 180 1
456 180 3
457 180 1
458 180 2
459 180 3
462 180 2
465 180 1
471 180 3
476 180 1
481 180 1
484 180 2
485 180 1
487 180 1
488 180 1
500 180 2
501 180 2
502 180 2
504 180 2
505 180 1
507 180 1
509 180 2
511 180 3
513 180 1
515 180 3
516 180 3
517 180 1
520 180 1
521 180 1
523 180 1
526 180 2
528 180 2
529 180 3
530 180 1
534 180 1
545 180 1
553 180 2
554 180 1
565 180 1
567 180 1
569 180 1
573 180 2
574 180 3
575 180 3
580 180 3
581 180 3
585 180 2
590 180 3
591 180 3
598 180 3
605 180 3
607 180 2
611 180 2
618 180 3
620 180 2
621 180 2
623 180 2
626 180 1
633 180 3
638 180 1
646 180 1
651 180 3
656 180 2
657 180 1
658 180 3
661 180 1
664 180 1
675 180 3
679 180 2
680 180 3
682 180 1
685 180 1
687 180 3
688 180 3
692 180 2
696 180 2
705 180 3
707 180 3
708 180 3
710 180 1
713 180 3
716 180 3
717 180 2
719 180 1
722 180 2
724 180 3
727 180 2
729 180 1
731 180 3
732 180 3
734 180 1
739 180 3
742 180 3
745 180 3
746 180 3
747 180 1
749 180 1
752 180 3
754 180 3
757 180 2
764 180 3
767 180 2
768 180 3
770 180 2
771 180 3
772 180 1
773 180 3
774 180 3
775 180 2
776 180 3
777 180 3
778 180 3
781 180 2
782 180 1
786 180 1
788 180 2
793 180 1
798 180 3
804 180 3
808 180 1
809 180 3
814 180 1
817 180 3
821 180 2
826 180 2
827 180 1
830 180 1
831 180 1
832 180 1
834 180 2
837 180 1
839 180 2
841 180 1
846 180 3
853 180 2
856 180 2
858 180 3
860 180 3
864 180 1
870 180 3
872 180 1
873 180 1
877 180 1
878 180 1
879 180 1
880 180 1
881 180 1
887 180 2
889 180 2
890 180 2
891 180 3
893 180 2
896 180 2
899 180 3
900 180 3
903 180 2
904 180 1
906 180 3
909 180 2
912 180 1
916 180 3
919 180 3
921 180 3
922 180 2
923 180 3
926 180 2
927 180 3
929 180 1
931 180 2
934 180 2
939 180 1
941 180 3
944 180 3
945 180 3
946 180 2
948 180 2
949 180 1
951 180 2
953 180 2
957 180 1
960 180 2
963 180 1
964 180 1
965 180 1
973 180 1
977 180 3
978 180 1
979 180 2
980 180 1
982 180 1
988 180 1
990 180 1
992 180 1
993 180 1
996 180 1
0 181 1
2 181 1
7 181 1
9 181 1
13 181 1
15 181 2
16 181 3
18 181 1
25 181 3
26 181 2
27 181 2
30 181 1
36 181 1
37 181 1
39 181 3
42 181 3
44 181 1
48 181 2
51 181 2
58 181 3
62 181 3
66 181 1
72 181 1
73 181 3
77 181 1
78 181 1
80 181 1
84 181 2
85 181 2
88 181 3
90 181 3
91 181 1
93 181 3
94 181 1
99 181 3
104 181 1
114 181 1
115 181 2
121 181 1
123 181 1
124 181 1
125 181 1
126 181 2
130 181 1
131 181 1
134 181 3
139 181 2
141 181 2
142 181 1
148 181 2
153 181 3
154 181 1
158 181 1
160 181 2
163 181 3
176 181 1
178 181 3
181 181 2
183 181 1
188 181 2
191 181 1
192 181 1
193 181 1
196 181 1
202 181 1
203 181 1
204 181 3
205 181 1
206 181 3
209 181 1
217 181 2
228 181 1
232 181 1
233 181 2
236 181 3
237 181 2
240 181 3
253 181 3
256 181 1
258 181 2
262 181 1
264 181 1
265 181 1
267 181 1
273 181 2
274 181 2
276 181 3
282 181 3
286 181 2
288 181 3
293 181 2
299 181 1
304 181 2
312 181 2
315 181 1
320 181 2
321 181 3
322 181 1
323 181 2
325 181 1
326 181 2
327 181 1
332 181 3
333 181 1
336 181 1
337 181 3
341 181 1
349 181 1
352 181 3
353 181 3
355 181 1
358 181 1
365 181 2
366 181 3
368 181 3
374 181 3
376 181 3
381 181 2
383 181 1
386 181 1
387 181 1
391 181 2
393 181 1
395 181 2
396 181 3
397 181 1
404 181 1
406 181 2
407 181 1
408 181 2
420 181 2
422 181 1
423 181 3
424 181 2
430 181 3
433 181 2
435 181 1
436 181 1
441 181 2
444 181 2
446 181 1
451 181 2
454 181 3
458 181 1
460 181 3
465 181 3
467 181 1
469 181 1
473 181 2
474 181 1
475 181 1
477 181 2
479 181 3
480 181 1
484 181 1
485 181 1
490 181 3
493 181 2
495 181 2
497 181 2
501 181 3
502 181 2
506 181 3
507 181 1
508 181 1
510 181 3
511 181 1
514 181 2
515 181 3
529 181 3
534 181 1
544 181 2
547 181 3
553 181 2
556 181 2
558 181 1
560 181 2
566 181 3
567 181 3
572 181 2
573 181 2
574 181 2
575 181 2
577 181 3
579 181 3
581 181 3
587 181 1
589 181 3
590 181 3
592 181 2
593 181 3
594 181 2
