542 668 1
546 668 1
547 668 1
549 668 3
550 668 2
551 668 3
553 668 3
555 668 2
556 668 3
557 668 2
562 668 3
563 668 2
564 668 2
567 668 3
573 668 3
577 668 3
579 668 2
580 668 2
582 668 1
587 668 2
588 668 2
592 668 3
598 668 3
601 668 3
603 668 1
605 668 2
607 668 2
609 668 1
610 668 1
612 668 2
613 668 1
616 668 1
617 668 3
618 668 1
620 668 3
621 668 1
622 668 3
626 668 2
628 668 2
632 668 2
634 668 2
641 668 1
645 668 1
647 668 1
648 668 2
652 668 1
653 668 2
654 668 1
656 668 3
657 668 1
658 668 1
662 668 2
665 668 3
676 668 1
680 668 1
685 668 2
688 668 1
689 668 3
692 668 1
693 668 1
694 668 3
695 668 1
698 668 1
700 668 1
701 668 2
702 668 2
705 668 3
712 668 3
714 668 2
715 668 2
718 668 2
719 668 1
723 668 1
725 668 3
727 668 1
728 668 2
729 668 1
738 668 2
739 668 1
741 668 3
742 668 2
745 668 3
746 668 2
749 668 3
752 668 1
754 668 2
765 668 1
766 668 1
767 668 2
768 668 3
770 668 3
772 668 2
775 668 2
776 668 3
778 668 2
781 668 1
782 668 1
785 668 2
787 668 2
790 668 1
792 668 3
799 668 2
807 668 1
812 668 1
814 668 1
815 668 2
820 668 1
827 668 2
828 668 2
834 668 3
835 668 3
837 668 1
838 668 2
841 668 1
844 668 2
849 668 1
850 668 1
854 668 1
855 668 1
867 668 2
869 668 3
872 668 1
873 668 3
878 668 2
880 668 1
885 668 2
887 668 1
892 668 3
893 668 1
898 668 3
899 668 2
902 668 3
907 668 1
909 668 1
910 668 3
911 668 2
913 668 1
917 668 2
920 668 3
926 668 1
927 668 3
930 668 3
931 668 2
933 668 2
934 668 3
935 668 1
936 668 1
938 668 3
939 668 1
944 668 1
953 668 3
954 668 2
960 668 1
962 668 3
964 668 1
967 668 3
971 668 3
975 668 1
979 668 1
982 668 1
984 668 2
986 668 3
988 668 1
991 668 1
995 668 2
998 668 1
999 668 3
1 669 2
2 669 2
9 669 3
11 669 3
12 669 3
13 669 3
14 669 2
15 669 3
25 669 3
27 669 3
28 669 3
30 669 3
31 669 2
32 669 2
33 669 3
34 669 2
39 669 1
47 669 1
48 669 1
50 669 3
53 669 2
55 669 3
61 669 1
62 669 2
63 669 1
66 669 3
72 669 2
79 669 2
81 669 3
83 669 1
84 669 2
88 669 2
89 669 3
90 669 1
94 669 1
101 669 2
103 669 1
118 669 3
121 669 3
125 669 1
130 669 2
131 669 3
133 669 3
140 669 2
143 669 3
144 669 3
146 669 2
152 669 2
157 669 2
164 669 1
165 669 2
168 669 1
169 669 3
172 669 2
173 669 2
177 669 3
187 669 2
188 669 3
190 669 1
197 669 3
201 669 3
202 669 1
203 669 2
205 669 3
210 669 3
212 669 2
215 669 1
216 669 3
220 669 1
226 669 2
227 669 2
229 669 3
232 669 3
233 669 3
234 669 1
235 669 2
240 669 1
242 669 2
244 669 3
247 669 3
248 669 2
250 669 2
252 669 1
253 669 3
257 669 2
259 669 2
262 669 3
263 669 3
264 669 1
268 669 3
269 669 2
270 669 3
273 669 3
275 669 1
276 669 1
281 669 3
282 669 1
287 669 2
288 669 1
289 669 1
291 669 3
292 669 2
293 669 2
303 669 2
306 669 2
309 669 3
314 669 2
315 669 3
323 669 1
325 669 2
328 669 2
331 669 1
334 669 3
336 669 2
342 669 2
343 669 3
345 669 1
350 669 3
352 669 3
357 669 1
358 669 2
359 669 3
360 669 1
368 669 3
369 669 1
372 669 2
374 669 1
375 669 2
377 669 1
378 669 3
379 669 2
380 669 2
382 669 3
384 669 2
386 669 3
387 669 3
389 669 3
393 669 3
394 669 2
396 669 3
397 669 2
399 669 1
401 669 3
407 669 3
410 669 2
412 669 1
413 669 2
414 669 3
415 669 3
417 669 1
418 669 2
421 669 2
425 669 2
427 669 2
428 669 3
429 669 3
435 669 1
438 669 1
442 669 1
444 669 3
446 669 1
447 669 2
456 669 1
457 669 3
460 669 2
462 669 2
464 669 1
465 669 3
466 669 1
468 669 2
471 669 3
473 669 1
474 669 1
477 669 2
478 669 2
479 669 2
480 669 3
484 669 1
485 669 2
488 669 2
492 669 3
493 669 1
497 669 1
503 669 2
507 669 1
508 669 3
509 669 2
512 669 3
513 669 1
521 669 2
522 669 3
525 669 1
530 669 3
531 669 1
534 669 2
536 669 2
538 669 3
543 669 2
548 669 1
557 669 3
560 669 1
571 669 1
573 669 3
574 669 2
578 669 1
582 669 3
587 669 3
591 669 3
595 669 2
598 669 1
604 669 1
605 669 3
607 669 1
608 669 2
609 669 3
615 669 3
625 669 2
626 669 3
629 669 3
638 669 1
639 669 2
640 669 3
649 669 1
652 669 3
653 669 2
657 669 2
659 669 1
669 669 3
673 669 1
675 669 2
676 669 1
678 669 1
681 669 2
684 669 3
689 669 1
690 669 3
691 669 2
692 669 3
695 669 2
697 669 2
699 669 1
702 669 1
704 669 2
705 669 1
708 669 3
714 669 1
721 669 1
724 669 1
725 669 2
727 669 1
728 669 2
729 669 3
740 669 3
741 669 2
743 669 1
744 669 1
748 669 2
750 669 2
760 669 1
763 669 1
770 669 3
772 669 1
782 669 3
786 669 3
800 669 2
801 669 1
802 669 1
803 669 1
805 669 2
812 669 2
821 669 1
826 669 1
829 669 3
833 669 1
835 669 1
838 669 1
839 669 1
841 669 1
842 669 3
845 669 1
854 669 1
859 669 3
861 669 1
862 669 3
866 669 2
877 669 1
878 669 1
879 669 3
882 669 3
887 669 3
889 669 2
890 669 3
891 669 1
895 669 2
900 669 1
909 669 1
913 669 3
914 669 3
917 669 2
922 669 3
924 669 2
925 669 1
926 669 1
927 669 2
932 669 2
933 669 3
934 669 1
937 669 3
938 669 1
940 669 3
942 669 2
943 669 3
950 669 3
957 669 2
960 669 3
961 669 1
962 669 3
967 669 1
969 669 1
971 669 3
977 669 2
978 669 1
980 669 3
981 669 1
985 669 1
990 669 1
3 670 1
5 670 1
8 670 1
12 670 1
15 670 1
16 670 2
20 670 2
22 670 2
25 670 1
27 670 1
30 670 1
33 670 1
35 670 3
39 670 2
41 670 3
45 670 2
48 670 1
50 670 2
54 670 1
55 670 3
61 670 1
64 670 2
66 670 2
67 670 2
74 670 1
76 670 2
78 670 2
79 670 3
82 670 3
87 670 1
88 670 3
92 670 1
93 670 3
94 670 3
103 670 2
104 670 2
110 670 3
111 670 3
112 670 3
121 670 3
126 670 3
129 670 2
131 670 1
137 670 1
140 670 3
141 670 1
142 670 3
151 670 3
156 670 2
159 670 3
160 670 2
161 670 1
164 670 1
165 670 3
167 670 3
169 670 3
170 670 3
173 670 2
176 670 1
188 670 3
190 670 2
193 670 2
199 670 3
200 670 2
203 670 1
204 670 3
206 670 2
210 670 3
211 670 2
219 670 3
224 670 3
232 670 2
236 670 1
239 670 1
244 670 3
248 670 2
256 670 3
257 670 2
263 670 3
265 670 2
267 670 2
268 670 3
270 670 3
272 670 3
276 670 3
279 670 3
284 670 1
287 670 2
293 670 1
294 670 2
295 670 2
297 670 2
299 670 2
300 670 1
301 670 2
303 670 1
305 670 3
307 670 1
309 670 3
310 670 1
311 670 3
312 670 1
315 670 3
321 670 3
329 670 2
330 670 3
331 670 2
332 670 1
334 670 3
337 670 3
338 670 1
341 670 3
343 670 2
348 670 1
350 670 3
352 670 1
354 670 3
357 670 1
359 670 2
360 670 1
362 670 3
365 670 1
366 670 2
368 670 2
370 670 2
378 670 1
381 670 1
382 670 1
384 670 3
387 670 2
389 670 1
390 670 2
391 670 3
392 670 2
393 670 1
396 670 1
398 670 3
399 670 2
402 670 3
403 670 3
404 670 3
405 670 2
414 670 1
423 670 2
425 670 1
426 670 2
427 670 1
431 670 1
432 670 3
436 670 2
440 670 3
441 670 2
443 670 3
446 670 2
447 670 2
450 670 1
454 670 2
455 670 2
462 670 2
463 670 1
465 670 1
466 670 3
467 670 3
473 670 1
474 670 3
475 670 2
476 670 1
480 670 1
481 670 3
482 670 2
485 670 2
486 670 1
489 670 1
