720 93 1
724 93 3
726 93 2
729 93 3
731 93 1
736 93 2
737 93 2
739 93 1
741 93 2
742 93 3
745 93 1
752 93 2
758 93 3
761 93 1
762 93 1
763 93 2
766 93 2
769 93 3
773 93 2
781 93 2
783 93 1
784 93 1
791 93 2
793 93 2
796 93 3
797 93 2
802 93 2
806 93 3
809 93 2
810 93 3
815 93 1
820 93 1
821 93 1
826 93 2
827 93 1
832 93 1
833 93 3
838 93 1
844 93 1
846 93 3
848 93 2
849 93 3
851 93 1
852 93 1
861 93 1
868 93 1
871 93 3
872 93 1
873 93 2
877 93 1
879 93 3
880 93 1
884 93 2
890 93 2
901 93 2
903 93 2
904 93 2
906 93 1
915 93 3
916 93 2
918 93 1
920 93 3
922 93 3
925 93 2
928 93 3
929 93 2
930 93 3
931 93 3
932 93 2
938 93 3
944 93 1
945 93 2
948 93 1
954 93 2
956 93 1
957 93 1
962 93 3
963 93 2
969 93 1
971 93 3
972 93 3
973 93 2
974 93 2
976 93 1
980 93 1
982 93 1
985 93 1
987 93 3
988 93 3
991 93 2
4 94 2
6 94 2
7 94 2
13 94 3
15 94 2
16 94 1
17 94 2
18 94 3
20 94 3
24 94 1
25 94 1
26 94 3
27 94 3
28 94 2
34 94 3
35 94 1
38 94 3
40 94 2
50 94 2
51 94 2
52 94 1
53 94 2
59 94 1
61 94 2
63 94 2
64 94 3
70 94 3
75 94 3
77 94 3
78 94 1
80 94 1
82 94 1
83 94 1
86 94 1
87 94 1
89 94 1
90 94 3
106 94 2
108 94 3
112 94 2
114 94 2
115 94 1
116 94 3
117 94 2
121 94 1
126 94 1
129 94 1
130 94 1
136 94 2
139 94 2
142 94 2
143 94 2
146 94 2
147 94 3
152 94 3
154 94 3
155 94 2
156 94 1
158 94 2
160 94 1
166 94 2
170 94 1
171 94 2
174 94 2
180 94 3
181 94 3
188 94 3
191 94 3
195 94 3
201 94 1
204 94 1
206 94 3
207 94 3
208 94 1
209 94 3
211 94 1
213 94 2
214 94 3
215 94 2
216 94 1
224 94 2
226 94 2
229 94 1
230 94 1
231 94 1
232 94 3
233 94 1
234 94 3
240 94 1
241 94 1
244 94 1
246 94 1
248 94 3
255 94 3
261 94 2
262 94 3
264 94 3
266 94 2
267 94 1
269 94 1
270 94 3
272 94 2
277 94 2
278 94 2
281 94 1
284 94 3
285 94 2
286 94 3
289 94 1
290 94 3
292 94 2
295 94 3
296 94 2
297 94 3
300 94 2
308 94 1
309 94 3
311 94 2
314 94 2
323 94 3
325 94 3
327 94 3
328 94 1
329 94 1
330 94 1
342 94 1
343 94 2
345 94 3
349 94 2
350 94 1
353 94 2
355 94 1
358 94 1
359 94 1
361 94 1
363 94 2
364 94 2
369 94 2
371 94 1
372 94 2
373 94 1
374 94 2
380 94 2
382 94 1
385 94 2
388 94 3
389 94 2
390 94 2
394 94 1
396 94 1
397 94 3
400 94 2
404 94 1
407 94 3
408 94 3
410 94 1
414 94 2
416 94 3
417 94 3
419 94 3
425 94 1
427 94 1
428 94 3
430 94 2
434 94 3
449 94 3
451 94 2
452 94 2
458 94 2
460 94 2
470 94 1
476 94 2
478 94 1
479 94 2
480 94 1
483 94 2
484 94 2
485 94 3
486 94 1
490 94 1
491 94 3
499 94 1
503 94 2
504 94 2
505 94 3
511 94 2
512 94 1
517 94 2
520 94 3
522 94 2
523 94 1
525 94 2
526 94 1
528 94 1
531 94 2
534 94 2
536 94 2
539 94 2
544 94 3
549 94 1
551 94 2
553 94 1
554 94 1
555 94 3
556 94 3
557 94 1
560 94 1
561 94 3
570 94 2
571 94 2
575 94 3
578 94 3
582 94 1
585 94 3
586 94 1
589 94 3
593 94 2
599 94 2
603 94 3
607 94 3
617 94 1
625 94 1
626 94 2
628 94 3
634 94 1
638 94 2
639 94 2
641 94 3
643 94 3
658 94 2
662 94 1
663 94 1
667 94 2
668 94 1
678 94 3
679 94 2
680 94 1
685 94 2
686 94 2
701 94 2
704 94 2
706 94 3
712 94 2
715 94 3
716 94 1
717 94 2
718 94 2
719 94 3
721 94 1
723 94 2
734 94 3
741 94 3
742 94 1
744 94 3
745 94 3
747 94 3
750 94 2
753 94 2
755 94 2
759 94 1
760 94 1
761 94 2
762 94 2
767 94 3
771 94 1
776 94 3
782 94 2
783 94 2
788 94 2
791 94 3
798 94 1
805 94 1
810 94 1
814 94 2
817 94 1
819 94 3
820 94 3
827 94 1
832 94 2
833 94 2
835 94 3
837 94 1
838 94 3
843 94 2
846 94 3
848 94 2
849 94 1
852 94 3
854 94 1
859 94 1
860 94 3
861 94 2
862 94 1
863 94 3
868 94 2
870 94 2
875 94 1
878 94 2
882 94 3
886 94 1
889 94 2
890 94 1
892 94 2
895 94 1
897 94 2
899 94 1
900 94 2
913 94 2
916 94 2
918 94 2
919 94 3
921 94 3
927 94 2
929 94 1
931 94 1
934 94 3
936 94 1
937 94 1
939 94 1
942 94 3
946 94 1
947 94 2
953 94 2
954 94 3
962 94 3
963 94 2
964 94 3
965 94 1
967 94 1
969 94 2
971 94 2
972 94 1
973 94 2
974 94 3
977 94 1
978 94 3
980 94 3
982 94 2
983 94 1
985 94 1
986 94 3
988 94 1
990 94 1
993 94 3
997 94 3
0 95 2
6 95 2
12 95 3
14 95 1
15 95 3
17 95 3
20 95 3
21 95 2
27 95 3
29 95 3
33 95 3
39 95 2
43 95 2
53 95 1
69 95 2
70 95 3
73 95 3
74 95 2
79 95 3
82 95 3
84 95 3
89 95 2
92 95 1
94 95 3
96 95 1
97 95 3
99 95 1
101 95 3
103 95 3
105 95 3
106 95 2
107 95 1
110 95 2
112 95 2
116 95 1
118 95 1
119 95 3
121 95 1
129 95 3
131 95 3
135 95 3
136 95 3
139 95 2
140 95 3
142 95 3
149 95 1
159 95 2
164 95 1
166 95 1
170 95 2
175 95 2
177 95 3
178 95 3
181 95 3
183 95 3
185 95 2
192 95 2
194 95 1
195 95 3
196 95 1
209 95 2
213 95 2
214 95 2
217 95 1
220 95 3
223 95 2
224 95 2
225 95 2
228 95 3
230 95 1
234 95 3
247 95 1
258 95 3
259 95 3
260 95 3
261 95 2
264 95 3
265 95 1
266 95 3
270 95 3
273 95 2
276 95 3
278 95 3
288 95 3
289 95 2
291 95 3
294 95 2
300 95 3
302 95 1
303 95 1
305 95 3
306 95 1
307 95 3
309 95 3
311 95 3
312 95 3
314 95 3
316 95 2
321 95 3
322 95 3
324 95 2
326 95 2
330 95 1
333 95 3
334 95 1
338 95 1
340 95 2
343 95 2
344 95 2
345 95 2
349 95 3
351 95 1
358 95 2
365 95 1
366 95 3
369 95 3
372 95 3
374 95 2
376 95 3
377 95 2
380 95 2
382 95 3
386 95 3
387 95 1
390 95 1
394 95 2
396 95 1
397 95 1
400 95 3
403 95 3
404 95 3
405 95 1
406 95 3
413 95 3
414 95 2
418 95 1
419 95 1
420 95 2
421 95 3
422 95 1
424 95 3
426 95 3
427 95 2
428 95 3
429 95 3
430 95 2
431 95 1
433 95 1
435 95 3
438 95 2
439 95 1
444 95 3
445 95 1
446 95 3
457 95 2
460 95 2
465 95 1
469 95 2
472 95 2
473 95 2
476 95 3
482 95 2
483 95 1
488 95 3
490 95 1
491 95 3
493 95 2
496 95 1
497 95 1
498 95 2
501 95 2
504 95 3
505 95 2
506 95 2
508 95 1
510 95 3
511 95 2
525 95 2
529 95 2
530 95 3
536 95 2
543 95 3
544 95 2
546 95 1
547 95 2
548 95 1
553 95 2
558 95 2
560 95 2
565 95 3
574 95 1
576 95 3
578 95 3
580 95 3
587 95 2
588 95 2
589 95 3
591 95 2
592 95 2
595 95 3
598 95 1
602 95 3
604 95 1
605 95 3
607 95 1
609 95 1
612 95 3
613 95 3
616 95 1
619 95 3
626 95 3
627 95 3
629 95 2
632 95 3
634 95 3
635 95 3
637 95 2
638 95 3
639 95 3
640 95 2
642 95 1
651 95 3
657 95 3
659 95 1
662 95 2
664 95 2
667 95 1
668 95 1
673 95 3
678 95 2
679 95 2
