436 652 1
442 652 1
443 652 1
444 652 2
448 652 2
449 652 1
455 652 1
461 652 1
462 652 1
463 652 1
464 652 2
465 652 1
468 652 1
472 652 2
473 652 3
475 652 1
477 652 3
480 652 1
485 652 2
486 652 1
487 652 2
489 652 3
494 652 2
500 652 2
502 652 2
504 652 2
507 652 2
510 652 1
514 652 1
515 652 2
517 652 2
520 652 1
521 652 1
527 652 1
534 652 3
535 652 1
545 652 1
548 652 3
549 652 3
550 652 2
551 652 2
554 652 1
555 652 3
556 652 1
558 652 3
566 652 2
567 652 3
568 652 3
570 652 1
572 652 2
580 652 1
581 652 3
582 652 2
587 652 3
589 652 2
591 652 1
595 652 2
599 652 2
603 652 2
604 652 1
611 652 3
612 652 3
614 652 1
617 652 2
618 652 2
620 652 3
622 652 1
627 652 1
629 652 2
635 652 3
642 652 1
649 652 3
654 652 3
656 652 1
661 652 3
668 652 3
671 652 2
673 652 3
678 652 3
679 652 2
681 652 2
682 652 1
683 652 2
692 652 3
693 652 2
696 652 1
701 652 2
703 652 2
704 652 1
708 652 3
709 652 2
714 652 3
715 652 3
717 652 2
718 652 3
725 652 3
731 652 3
734 652 3
735 652 2
742 652 3
745 652 2
749 652 2
750 652 1
753 652 3
759 652 1
760 652 1
764 652 1
767 652 2
771 652 2
776 652 1
782 652 1
784 652 2
786 652 1
788 652 3
797 652 3
799 652 3
800 652 1
810 652 1
811 652 2
815 652 1
816 652 1
828 652 2
829 652 1
830 652 2
832 652 2
836 652 1
841 652 2
843 652 1
844 652 2
846 652 2
847 652 2
849 652 1
850 652 2
852 652 3
854 652 1
858 652 1
865 652 2
868 652 1
869 652 2
871 652 1
874 652 1
875 652 3
879 652 1
883 652 2
885 652 2
891 652 2
896 652 2
900 652 2
901 652 3
903 652 2
909 652 2
911 652 1
913 652 1
918 652 1
922 652 2
923 652 1
924 652 1
934 652 3
939 652 3
945 652 2
947 652 3
948 652 3
950 652 1
953 652 2
955 652 1
960 652 2
965 652 1
966 652 1
971 652 2
973 652 2
981 652 3
982 652 2
983 652 1
984 652 2
991 652 1
995 652 1
998 652 2
999 652 1
5 653 1
6 653 2
9 653 1
14 653 3
17 653 2
24 653 2
25 653 2
26 653 1
28 653 2
31 653 2
33 653 3
39 653 3
41 653 3
43 653 2
44 653 2
45 653 3
46 653 1
47 653 3
51 653 3
53 653 3
56 653 3
60 653 2
61 653 2
65 653 1
67 653 1
69 653 3
70 653 2
74 653 2
77 653 1
80 653 1
82 653 2
85 653 1
86 653 3
89 653 1
93 653 3
94 653 3
95 653 1
96 653 2
104 653 3
107 653 3
108 653 3
111 653 3
114 653 2
117 653 3
118 653 2
119 653 2
122 653 2
123 653 3
124 653 1
129 653 1
130 653 1
131 653 1
134 653 2
139 653 2
141 653 3
144 653 3
150 653 2
151 653 3
156 653 3
160 653 1
166 653 1
168 653 1
173 653 1
175 653 3
176 653 1
177 653 2
181 653 3
188 653 1
189 653 2
192 653 1
193 653 1
194 653 1
198 653 2
199 653 1
201 653 1
204 653 2
206 653 3
212 653 2
213 653 3
218 653 2
219 653 1
222 653 3
227 653 3
228 653 2
233 653 1
234 653 1
236 653 1
239 653 3
240 653 3
244 653 1
245 653 1
247 653 1
251 653 2
252 653 1
253 653 2
255 653 2
257 653 2
258 653 1
260 653 2
262 653 1
263 653 3
272 653 3
273 653 1
277 653 1
285 653 2
289 653 2
294 653 2
306 653 3
313 653 2
314 653 2
315 653 3
316 653 2
321 653 3
322 653 3
326 653 2
328 653 1
330 653 1
334 653 2
336 653 1
337 653 2
338 653 2
343 653 1
347 653 3
348 653 1
354 653 2
357 653 1
359 653 1
363 653 2
365 653 3
369 653 2
376 653 3
377 653 3
384 653 1
388 653 2
389 653 3
392 653 3
393 653 2
398 653 3
400 653 2
402 653 2
404 653 2
405 653 1
418 653 3
423 653 3
424 653 3
427 653 2
429 653 3
431 653 2
435 653 3
438 653 3
446 653 2
453 653 2
459 653 1
461 653 1
468 653 2
470 653 3
471 653 1
472 653 1
474 653 1
475 653 1
476 653 3
479 653 3
480 653 3
481 653 1
484 653 1
487 653 3
489 653 2
491 653 1
492 653 3
493 653 1
494 653 2
495 653 2
497 653 3
505 653 1
506 653 2
508 653 1
517 653 1
518 653 1
522 653 2
524 653 2
525 653 1
526 653 2
528 653 1
530 653 2
538 653 3
539 653 1
541 653 1
545 653 3
551 653 3
553 653 3
554 653 1
555 653 1
562 653 2
566 653 2
571 653 1
574 653 2
579 653 3
585 653 2
586 653 1
588 653 2
594 653 2
597 653 2
598 653 1
605 653 1
606 653 2
610 653 3
612 653 2
618 653 2
627 653 3
632 653 1
634 653 3
638 653 2
639 653 1
642 653 1
647 653 2
652 653 1
655 653 3
656 653 2
657 653 3
658 653 1
665 653 1
667 653 3
671 653 1
672 653 3
675 653 2
676 653 3
682 653 3
686 653 2
690 653 3
691 653 1
692 653 1
697 653 1
699 653 3
702 653 3
708 653 2
714 653 2
719 653 1
722 653 3
727 653 3
729 653 3
730 653 1
734 653 2
736 653 1
739 653 1
743 653 3
746 653 2
749 653 1
751 653 3
755 653 1
758 653 1
760 653 1
765 653 2
767 653 2
769 653 1
772 653 1
773 653 1
774 653 2
775 653 2
776 653 1
787 653 3
788 653 2
790 653 2
791 653 1
794 653 1
796 653 1
798 653 2
800 653 3
801 653 3
802 653 2
804 653 3
805 653 2
809 653 3
811 653 1
813 653 2
819 653 1
824 653 2
826 653 1
827 653 2
831 653 2
834 653 2
836 653 3
841 653 3
842 653 2
844 653 1
851 653 2
853 653 1
855 653 2
863 653 2
867 653 1
873 653 1
874 653 2
879 653 2
882 653 3
885 653 2
889 653 1
891 653 1
895 653 2
898 653 3
899 653 2
905 653 3
907 653 2
908 653 3
910 653 2
912 653 3
913 653 3
916 653 3
917 653 1
922 653 2
933 653 2
934 653 1
938 653 3
939 653 3
940 653 1
942 653 3
947 653 1
950 653 3
951 653 1
952 653 2
963 653 2
964 653 3
965 653 3
966 653 1
967 653 3
968 653 2
974 653 1
976 653 2
978 653 3
979 653 1
980 653 3
987 653 1
989 653 3
990 653 1
995 653 1
996 653 2
998 653 2
999 653 2
1 654 3
2 654 1
3 654 3
4 654 1
9 654 3
12 654 1
13 654 2
14 654 3
20 654 3
29 654 1
41 654 1
43 654 1
50 654 1
53 654 1
54 654 3
55 654 2
56 654 3
57 654 3
60 654 2
61 654 2
65 654 1
66 654 1
68 654 2
79 654 1
80 654 3
94 654 1
96 654 1
98 654 1
100 654 1
101 654 2
102 654 1
103 654 2
104 654 2
105 654 3
116 654 2
130 654 1
131 654 1
134 654 3
137 654 1
138 654 3
140 654 3
145 654 1
148 654 3
155 654 1
159 654 3
160 654 1
163 654 3
168 654 3
169 654 1
170 654 3
174 654 3
179 654 3
181 654 1
184 654 2
186 654 2
188 654 2
189 654 2
192 654 1
196 654 3
199 654 2
200 654 2
201 654 2
205 654 2
208 654 2
209 654 3
217 654 1
220 654 2
223 654 2
229 654 1
230 654 3
231 654 1
232 654 3
234 654 3
237 654 2
238 654 2
240 654 1
241 654 3
243 654 1
246 654 2
252 654 2
257 654 3
263 654 2
277 654 1
278 654 2
280 654 1
281 654 1
284 654 1
285 654 1
286 654 1
287 654 2
289 654 3
290 654 1
293 654 1
297 654 2
298 654 1
303 654 1
305 654 2
306 654 1
308 654 1
309 654 3
311 654 2
315 654 3
318 654 1
328 654 1
331 654 2
332 654 3
337 654 1
341 654 3
343 654 3
349 654 1
351 654 2
355 654 2
358 654 1
359 654 2
360 654 3
366 654 3
367 654 2
371 654 2
379 654 3
389 654 1
390 654 1
391 654 2
398 654 1
400 654 1
407 654 3
409 654 2
410 654 1
416 654 1
418 654 2
419 654 1
423 654 3
432 654 2
436 654 1
439 654 3
443 654 3
446 654 2
447 654 3
448 654 2
449 654 1
450 654 3
453 654 3
459 654 3
460 654 1
461 654 2
463 654 2
465 654 2
472 654 2
473 654 3
474 654 1
477 654 1
479 654 3
484 654 1
