685 390 1
686 390 2
688 390 3
692 390 1
694 390 1
697 390 3
698 390 1
701 390 1
707 390 3
708 390 3
709 390 1
714 390 3
719 390 1
722 390 3
724 390 3
725 390 2
726 390 1
728 390 3
731 390 2
735 390 2
739 390 1
746 390 2
747 390 1
750 390 1
752 390 3
755 390 3
763 390 1
769 390 3
772 390 3
773 390 1
774 390 1
779 390 3
780 390 3
781 390 2
786 390 1
788 390 1
790 390 2
791 390 3
794 390 1
795 390 1
800 390 3
802 390 2
804 390 3
812 390 3
815 390 1
817 390 2
820 390 3
824 390 3
825 390 3
829 390 3
832 390 1
833 390 3
834 390 1
839 390 3
841 390 3
843 390 3
845 390 1
847 390 3
848 390 3
854 390 3
855 390 3
857 390 2
863 390 2
865 390 1
875 390 2
877 390 3
878 390 1
881 390 1
886 390 3
889 390 3
891 390 3
894 390 3
896 390 1
898 390 2
905 390 3
906 390 2
909 390 2
910 390 2
911 390 1
912 390 3
916 390 3
917 390 1
923 390 1
925 390 1
927 390 3
929 390 2
933 390 2
934 390 3
942 390 2
945 390 2
947 390 2
949 390 2
951 390 2
953 390 3
956 390 1
957 390 1
958 390 2
966 390 3
978 390 3
979 390 1
986 390 3
988 390 2
989 390 3
993 390 3
994 390 3
998 390 2
2 391 3
5 391 3
12 391 1
15 391 3
21 391 2
31 391 2
33 391 3
34 391 1
36 391 3
38 391 2
39 391 1
42 391 2
43 391 3
45 391 1
47 391 3
48 391 2
51 391 3
53 391 1
56 391 1
58 391 1
59 391 3
60 391 3
64 391 2
69 391 1
74 391 1
78 391 2
82 391 3
83 391 1
85 391 1
90 391 2
91 391 2
92 391 3
93 391 3
94 391 1
97 391 2
100 391 1
102 391 1
103 391 1
104 391 2
106 391 1
109 391 2
114 391 2
115 391 2
118 391 3
122 391 1
124 391 1
126 391 1
129 391 2
130 391 3
134 391 3
136 391 2
144 391 3
154 391 3
160 391 3
161 391 1
166 391 1
168 391 1
175 391 2
176 391 3
177 391 1
181 391 2
184 391 2
188 391 1
191 391 2
195 391 2
201 391 2
204 391 3
206 391 2
208 391 3
211 391 1
215 391 1
220 391 2
222 391 2
226 391 3
229 391 2
231 391 3
233 391 1
235 391 2
237 391 1
243 391 1
246 391 2
250 391 3
256 391 2
257 391 2
258 391 1
260 391 1
264 391 2
265 391 1
266 391 3
267 391 1
271 391 3
277 391 2
278 391 3
285 391 3
291 391 2
294 391 3
298 391 1
302 391 3
310 391 2
312 391 2
319 391 1
322 391 3
324 391 2
325 391 1
331 391 2
332 391 3
333 391 3
335 391 3
338 391 1
340 391 1
342 391 3
347 391 2
349 391 3
351 391 1
353 391 3
354 391 1
359 391 2
365 391 3
366 391 1
367 391 3
372 391 1
373 391 3
376 391 1
379 391 2
389 391 1
392 391 2
397 391 2
403 391 2
409 391 2
411 391 3
412 391 1
424 391 1
430 391 3
437 391 1
438 391 1
440 391 1
441 391 3
444 391 3
451 391 2
452 391 2
455 391 2
466 391 1
472 391 1
474 391 2
475 391 3
476 391 3
477 391 2
478 391 1
479 391 3
480 391 2
483 391 1
485 391 3
486 391 2
496 391 2
498 391 2
503 391 3
505 391 1
509 391 2
512 391 1
513 391 2
514 391 1
517 391 3
530 391 3
532 391 2
536 391 3
539 391 2
547 391 1
548 391 1
550 391 1
551 391 1
553 391 3
562 391 2
564 391 1
572 391 3
574 391 1
575 391 1
577 391 3
585 391 1
586 391 1
587 391 3
588 391 1
599 391 3
600 391 1
601 391 2
602 391 3
613 391 3
616 391 2
617 391 1
619 391 1
620 391 1
622 391 2
628 391 3
631 391 1
632 391 2
633 391 2
637 391 3
641 391 1
646 391 1
647 391 2
651 391 2
655 391 3
657 391 2
658 391 3
660 391 1
662 391 2
664 391 1
681 391 3
682 391 1
687 391 1
689 391 1
692 391 1
693 391 3
695 391 2
698 391 1
701 391 3
704 391 3
705 391 2
708 391 1
709 391 2
711 391 2
712 391 2
723 391 1
726 391 2
728 391 3
731 391 2
736 391 2
739 391 1
749 391 1
751 391 3
756 391 3
759 391 3
761 391 3
770 391 1
775 391 2
776 391 1
779 391 3
781 391 1
783 391 2
784 391 3
788 391 1
790 391 1
791 391 1
793 391 1
794 391 1
798 391 3
799 391 1
803 391 3
804 391 3
805 391 2
807 391 2
808 391 1
810 391 2
812 391 2
817 391 2
819 391 3
822 391 2
823 391 3
834 391 3
836 391 2
838 391 1
846 391 2
847 391 1
848 391 2
854 391 2
856 391 1
866 391 2
870 391 3
872 391 3
873 391 1
875 391 1
877 391 1
880 391 2
884 391 3
889 391 3
891 391 2
893 391 3
899 391 2
900 391 3
904 391 3
910 391 2
911 391 1
913 391 3
914 391 1
916 391 2
917 391 1
919 391 2
920 391 2
922 391 3
923 391 1
925 391 2
926 391 1
928 391 1
930 391 1
932 391 2
934 391 3
937 391 2
941 391 2
944 391 3
945 391 1
946 391 1
948 391 1
950 391 1
951 391 1
952 391 1
953 391 1
967 391 3
975 391 3
980 391 3
981 391 1
988 391 1
990 391 1
992 391 2
994 391 2
995 391 3
998 391 3
2 392 1
6 392 3
11 392 3
20 392 3
21 392 2
24 392 3
29 392 2
33 392 1
35 392 1
36 392 1
37 392 3
39 392 3
41 392 1
43 392 1
45 392 3
47 392 2
49 392 1
51 392 3
52 392 2
54 392 2
60 392 3
65 392 3
68 392 1
70 392 3
71 392 3
75 392 2
79 392 1
80 392 3
88 392 1
89 392 3
90 392 3
91 392 2
93 392 3
94 392 2
96 392 1
97 392 2
98 392 3
100 392 1
102 392 3
105 392 2
107 392 2
108 392 1
109 392 2
113 392 3
114 392 3
116 392 3
117 392 3
127 392 2
129 392 2
130 392 2
142 392 2
145 392 3
160 392 1
162 392 3
166 392 2
168 392 2
172 392 1
174 392 1
182 392 1
185 392 2
187 392 2
189 392 1
191 392 3
194 392 1
200 392 3
202 392 1
204 392 3
211 392 2
212 392 2
214 392 2
216 392 1
218 392 2
219 392 3
224 392 3
225 392 3
226 392 2
232 392 3
234 392 2
235 392 1
236 392 2
240 392 1
245 392 1
246 392 1
250 392 2
251 392 3
252 392 3
256 392 3
257 392 1
258 392 2
260 392 2
264 392 3
265 392 1
268 392 1
270 392 1
277 392 3
279 392 2
286 392 3
290 392 2
293 392 3
295 392 3
296 392 2
297 392 3
301 392 2
305 392 3
309 392 2
319 392 1
322 392 3
328 392 2
330 392 1
332 392 2
333 392 2
335 392 3
339 392 3
342 392 3
343 392 1
344 392 3
346 392 3
348 392 3
351 392 3
352 392 1
353 392 1
358 392 3
361 392 3
363 392 2
364 392 2
367 392 1
368 392 3
372 392 3
374 392 1
376 392 2
377 392 1
380 392 3
384 392 3
386 392 3
389 392 1
391 392 3
397 392 1
399 392 3
410 392 1
413 392 3
414 392 1
417 392 2
423 392 2
425 392 1
428 392 3
430 392 1
432 392 3
440 392 1
445 392 3
448 392 2
450 392 2
454 392 2
455 392 3
457 392 2
458 392 1
459 392 1
461 392 1
464 392 2
467 392 1
475 392 2
476 392 3
481 392 1
482 392 3
483 392 1
484 392 1
486 392 1
487 392 2
489 392 2
492 392 1
498 392 3
501 392 3
505 392 2
512 392 3
515 392 2
516 392 2
524 392 3
528 392 2
530 392 1
531 392 3
537 392 2
542 392 3
543 392 1
545 392 3
548 392 3
550 392 2
552 392 3
558 392 3
565 392 1
569 392 3
574 392 3
583 392 2
585 392 1
587 392 1
588 392 1
593 392 1
595 392 3
598 392 3
600 392 2
602 392 1
603 392 2
604 392 1
607 392 1
608 392 1
611 392 2
618 392 1
621 392 3
622 392 3
624 392 3
626 392 3
627 392 2
630 392 3
636 392 1
638 392 2
644 392 1
647 392 3
649 392 1
650 392 2
655 392 2
657 392 3
658 392 2
659 392 1
661 392 1
662 392 1
663 392 2
667 392 3
674 392 1
676 392 1
678 392 2
679 392 3
685 392 3
687 392 1
689 392 2
693 392 3
695 392 1
705 392 2
706 392 3
707 392 3
715 392 2
724 392 1
725 392 1
727 392 1
729 392 2
733 392 2
740 392 2
742 392 2
