266 742 2
267 742 2
269 742 3
270 742 3
273 742 2
274 742 3
278 742 3
281 742 3
286 742 2
288 742 2
290 742 2
291 742 1
292 742 1
293 742 3
295 742 2
296 742 2
297 742 2
300 742 2
306 742 1
308 742 2
311 742 1
312 742 1
316 742 3
317 742 1
322 742 3
326 742 1
330 742 2
331 742 1
332 742 2
335 742 3
336 742 1
341 742 2
343 742 2
348 742 2
350 742 3
352 742 3
355 742 3
358 742 1
359 742 1
361 742 1
370 742 1
372 742 1
376 742 3
377 742 2
378 742 3
382 742 1
383 742 2
385 742 2
389 742 2
393 742 1
394 742 3
395 742 3
397 742 2
403 742 1
404 742 1
405 742 1
408 742 1
415 742 3
418 742 3
422 742 1
425 742 3
427 742 2
429 742 3
431 742 3
436 742 1
437 742 2
438 742 1
439 742 1
441 742 2
444 742 2
445 742 1
448 742 3
450 742 3
456 742 3
465 742 1
470 742 3
472 742 3
474 742 1
475 742 2
478 742 3
484 742 2
485 742 1
488 742 1
492 742 3
493 742 1
494 742 2
499 742 3
500 742 1
503 742 1
504 742 1
505 742 3
508 742 1
509 742 1
512 742 1
514 742 2
515 742 1
518 742 1
519 742 3
522 742 2
530 742 2
531 742 2
533 742 2
534 742 2
535 742 2
540 742 1
542 742 1
546 742 1
550 742 1
554 742 1
555 742 2
557 742 2
564 742 2
566 742 1
567 742 3
576 742 3
578 742 3
579 742 1
584 742 3
588 742 2
590 742 3
592 742 1
593 742 2
604 742 3
605 742 3
606 742 3
608 742 3
609 742 2
610 742 2
611 742 1
617 742 1
618 742 2
622 742 2
623 742 3
627 742 2
628 742 3
637 742 1
638 742 2
641 742 3
645 742 3
646 742 1
648 742 1
651 742 3
654 742 3
657 742 1
660 742 1
661 742 2
663 742 2
672 742 2
673 742 2
675 742 1
679 742 3
680 742 3
690 742 2
692 742 1
693 742 3
697 742 2
700 742 1
702 742 1
703 742 1
704 742 1
707 742 3
715 742 1
721 742 1
722 742 2
723 742 1
727 742 2
728 742 1
734 742 2
746 742 1
747 742 3
749 742 2
751 742 3
753 742 3
756 742 3
758 742 2
767 742 3
768 742 2
771 742 1
773 742 1
780 742 3
783 742 2
786 742 3
787 742 2
788 742 1
791 742 1
793 742 3
797 742 1
798 742 3
804 742 2
805 742 3
808 742 1
816 742 2
817 742 3
822 742 2
823 742 1
825 742 3
831 742 3
836 742 2
838 742 1
839 742 2
845 742 3
847 742 3
851 742 1
855 742 3
856 742 2
860 742 2
862 742 3
863 742 3
865 742 3
866 742 1
869 742 1
870 742 2
871 742 2
874 742 3
879 742 1
882 742 2
884 742 1
885 742 2
887 742 1
889 742 3
892 742 1
893 742 2
898 742 2
899 742 3
902 742 1
903 742 1
908 742 2
909 742 3
910 742 3
919 742 2
923 742 3
924 742 2
927 742 1
929 742 3
930 742 2
933 742 1
935 742 2
936 742 3
937 742 3
939 742 2
944 742 1
948 742 1
949 742 3
951 742 1
952 742 2
956 742 3
961 742 3
963 742 1
965 742 3
966 742 1
970 742 1
973 742 1
979 742 3
986 742 2
989 742 2
991 742 3
993 742 2
995 742 2
996 742 3
3 743 3
5 743 3
6 743 1
10 743 3
14 743 1
20 743 2
28 743 2
33 743 2
39 743 2
41 743 1
43 743 2
53 743 2
60 743 3
62 743 1
64 743 2
65 743 1
66 743 3
68 743 3
69 743 3
72 743 3
81 743 3
84 743 1
88 743 1
89 743 2
97 743 1
99 743 1
100 743 2
102 743 2
112 743 1
115 743 3
120 743 3
122 743 2
127 743 2
128 743 1
130 743 2
131 743 3
134 743 3
138 743 3
139 743 2
141 743 2
142 743 2
145 743 3
147 743 2
148 743 3
154 743 1
156 743 3
159 743 1
160 743 2
161 743 1
164 743 2
165 743 1
167 743 2
170 743 2
171 743 2
172 743 3
173 743 3
175 743 1
179 743 3
181 743 2
195 743 1
198 743 3
202 743 3
204 743 1
208 743 3
209 743 3
215 743 1
216 743 3
224 743 3
228 743 1
229 743 2
235 743 1
241 743 1
242 743 1
244 743 3
246 743 1
247 743 3
250 743 1
252 743 3
259 743 2
260 743 3
262 743 2
270 743 3
271 743 1
272 743 2
275 743 3
279 743 2
282 743 3
286 743 3
290 743 3
294 743 2
295 743 3
296 743 1
297 743 2
299 743 3
302 743 2
307 743 1
308 743 1
313 743 3
322 743 3
323 743 2
326 743 1
327 743 1
330 743 2
332 743 2
333 743 2
334 743 3
336 743 2
337 743 2
340 743 1
344 743 1
347 743 1
349 743 2
350 743 1
352 743 2
355 743 1
357 743 3
360 743 3
361 743 2
362 743 3
364 743 1
367 743 1
372 743 2
373 743 1
377 743 3
382 743 3
386 743 2
388 743 2
389 743 3
391 743 2
398 743 1
400 743 1
401 743 2
404 743 2
406 743 2
413 743 3
414 743 1
417 743 1
424 743 3
426 743 1
427 743 1
428 743 1
432 743 1
442 743 3
446 743 1
447 743 1
453 743 2
464 743 3
467 743 2
472 743 3
474 743 1
475 743 1
485 743 1
487 743 3
489 743 1
492 743 3
497 743 3
498 743 1
499 743 2
500 743 2
502 743 2
504 743 2
505 743 1
507 743 2
508 743 3
511 743 3
515 743 2
517 743 1
519 743 3
521 743 1
523 743 1
527 743 3
528 743 3
529 743 2
532 743 1
535 743 2
543 743 2
546 743 2
547 743 1
550 743 3
554 743 3
555 743 1
557 743 1
561 743 2
562 743 3
564 743 1
568 743 3
571 743 2
582 743 1
585 743 3
586 743 3
587 743 1
591 743 1
598 743 2
600 743 3
601 743 2
604 743 1
606 743 3
609 743 2
612 743 3
613 743 3
614 743 2
615 743 1
616 743 1
618 743 1
619 743 2
622 743 2
623 743 1
627 743 1
630 743 3
631 743 2
645 743 1
646 743 1
647 743 1
649 743 2
651 743 3
655 743 1
656 743 2
657 743 2
658 743 1
660 743 2
662 743 2
663 743 3
668 743 2
671 743 1
674 743 2
676 743 2
678 743 3
683 743 1
688 743 2
690 743 3
694 743 3
698 743 1
700 743 3
701 743 1
706 743 2
707 743 1
708 743 1
710 743 1
712 743 2
715 743 2
720 743 2
722 743 2
726 743 2
728 743 1
729 743 2
731 743 3
735 743 2
738 743 3
741 743 3
744 743 1
747 743 3
748 743 3
750 743 3
752 743 3
754 743 1
764 743 3
766 743 2
768 743 3
774 743 2
784 743 2
787 743 3
789 743 2
791 743 2
795 743 1
797 743 3
799 743 2
800 743 2
806 743 2
808 743 1
809 743 1
810 743 3
814 743 1
820 743 3
824 743 2
825 743 3
828 743 2
829 743 1
833 743 3
834 743 2
839 743 2
840 743 1
842 743 2
844 743 2
852 743 2
853 743 3
860 743 3
869 743 1
872 743 3
874 743 1
875 743 2
876 743 2
877 743 2
887 743 3
891 743 1
894 743 2
895 743 2
897 743 1
898 743 3
902 743 1
903 743 2
913 743 2
914 743 2
915 743 1
917 743 1
918 743 2
920 743 2
922 743 2
926 743 2
933 743 1
937 743 3
939 743 3
940 743 1
941 743 3
942 743 2
949 743 3
950 743 1
954 743 1
955 743 2
958 743 3
963 743 1
964 743 1
966 743 3
974 743 1
977 743 3
980 743 1
981 743 3
983 743 2
985 743 2
986 743 1
989 743 2
990 743 3
994 743 2
0 744 3
3 744 3
5 744 1
14 744 2
24 744 1
30 744 3
32 744 2
38 744 1
45 744 3
47 744 3
48 744 2
54 744 1
59 744 3
62 744 1
63 744 2
65 744 2
66 744 3
68 744 1
70 744 3
72 744 2
74 744 2
87 744 1
88 744 2
99 744 3
100 744 3
109 744 2
111 744 2
112 744 2
113 744 1
115 744 3
116 744 1
119 744 1
121 744 3
124 744 1
127 744 2
129 744 2
130 744 2
133 744 1
137 744 2
139 744 2
142 744 2
146 744 3
147 744 1
154 744 2
155 744 1
158 744 3
159 744 2
162 744 3
163 744 1
168 744 2
173 744 2
174 744 2
176 744 2
177 744 2
179 744 3
181 744 1
183 744 1
184 744 1
185 744 1
188 744 3
189 744 2
190 744 3
196 744 2
197 744 2
203 744 3
211 744 1
216 744 3
217 744 2
218 744 2
219 744 2
230 744 2
237 744 3
238 744 2
239 744 2
244 744 3
