73 293 3
79 293 1
81 293 3
82 293 3
85 293 2
87 293 2
88 293 2
89 293 2
91 293 3
93 293 2
94 293 2
95 293 1
97 293 1
99 293 2
103 293 2
110 293 3
111 293 2
113 293 1
115 293 3
120 293 3
122 293 1
124 293 3
128 293 2
132 293 2
133 293 3
139 293 2
140 293 1
143 293 2
155 293 2
156 293 1
158 293 2
168 293 2
171 293 3
172 293 1
174 293 3
176 293 3
177 293 3
181 293 1
184 293 1
185 293 3
187 293 3
188 293 2
191 293 1
197 293 1
199 293 1
203 293 1
216 293 2
222 293 3
223 293 1
225 293 1
228 293 1
229 293 2
239 293 3
240 293 1
242 293 3
243 293 3
244 293 2
245 293 1
248 293 2
249 293 3
250 293 1
253 293 2
260 293 1
262 293 2
263 293 2
264 293 1
270 293 3
273 293 1
274 293 3
276 293 1
286 293 1
288 293 2
289 293 2
290 293 2
293 293 3
294 293 1
295 293 3
296 293 3
298 293 2
301 293 1
304 293 1
305 293 3
314 293 2
316 293 2
317 293 3
318 293 2
321 293 3
323 293 2
324 293 2
326 293 2
328 293 1
330 293 1
331 293 3
336 293 3
338 293 2
343 293 2
345 293 3
347 293 3
348 293 3
349 293 2
355 293 2
359 293 3
362 293 3
363 293 1
372 293 1
375 293 2
376 293 2
379 293 1
386 293 2
390 293 2
392 293 3
393 293 1
398 293 1
401 293 2
406 293 1
410 293 1
411 293 3
414 293 1
415 293 2
417 293 1
419 293 3
422 293 3
424 293 1
427 293 1
429 293 2
430 293 3
431 293 3
434 293 2
438 293 1
444 293 2
447 293 1
450 293 1
457 293 3
469 293 2
479 293 2
483 293 3
486 293 1
488 293 2
491 293 1
495 293 3
498 293 3
499 293 3
501 293 1
504 293 1
505 293 3
507 293 2
512 293 1
514 293 2
515 293 3
522 293 3
527 293 1
531 293 2
533 293 2
535 293 1
537 293 1
540 293 3
543 293 3
545 293 3
546 293 3
547 293 1
549 293 2
551 293 3
552 293 3
555 293 1
556 293 1
564 293 3
566 293 3
567 293 2
576 293 2
577 293 2
579 293 3
581 293 1
586 293 3
590 293 3
602 293 3
604 293 1
606 293 3
611 293 2
613 293 2
614 293 1
618 293 3
622 293 2
623 293 1
629 293 1
630 293 3
631 293 2
632 293 2
638 293 3
639 293 3
641 293 3
644 293 3
645 293 1
648 293 1
649 293 1
650 293 1
651 293 1
653 293 2
656 293 3
664 293 1
666 293 2
668 293 3
672 293 1
674 293 2
675 293 1
677 293 2
682 293 2
685 293 1
688 293 2
693 293 2
694 293 2
700 293 3
702 293 2
704 293 2
715 293 2
716 293 1
719 293 1
721 293 3
723 293 1
726 293 2
728 293 1
730 293 3
731 293 1
733 293 2
735 293 3
736 293 2
740 293 3
741 293 2
747 293 3
748 293 1
749 293 2
754 293 3
755 293 2
761 293 2
762 293 3
764 293 3
765 293 2
766 293 1
773 293 2
774 293 1
776 293 2
777 293 2
782 293 3
784 293 1
788 293 2
789 293 1
792 293 3
793 293 3
801 293 2
802 293 3
806 293 3
809 293 2
811 293 1
812 293 1
813 293 1
814 293 3
816 293 3
824 293 1
828 293 2
830 293 1
831 293 1
834 293 1
835 293 2
846 293 3
847 293 1
848 293 2
852 293 3
853 293 1
860 293 1
862 293 2
864 293 3
865 293 2
867 293 2
882 293 3
889 293 2
890 293 2
891 293 2
894 293 2
898 293 3
903 293 2
904 293 3
906 293 2
907 293 1
910 293 3
912 293 1
914 293 2
916 293 2
919 293 1
921 293 3
922 293 2
925 293 2
926 293 3
927 293 1
928 293 1
931 293 3
933 293 1
935 293 3
938 293 2
939 293 1
941 293 2
945 293 1
946 293 2
947 293 3
949 293 1
952 293 1
954 293 2
957 293 3
959 293 1
962 293 2
965 293 3
966 293 3
973 293 2
975 293 3
976 293 2
984 293 3
985 293 3
987 293 2
991 293 3
995 293 3
996 293 2
997 293 1
5 294 2
7 294 3
10 294 1
11 294 2
19 294 1
25 294 2
28 294 2
29 294 3
31 294 3
37 294 1
38 294 2
39 294 2
40 294 2
42 294 3
50 294 3
52 294 1
53 294 3
54 294 1
57 294 1
58 294 2
62 294 1
63 294 3
66 294 2
73 294 2
78 294 3
79 294 3
81 294 3
83 294 1
85 294 1
86 294 1
87 294 1
99 294 3
114 294 1
115 294 3
116 294 1
118 294 2
120 294 1
122 294 1
123 294 1
129 294 2
133 294 1
134 294 1
139 294 2
140 294 3
141 294 2
143 294 3
144 294 1
145 294 3
148 294 1
149 294 2
150 294 1
151 294 3
152 294 1
160 294 2
161 294 3
165 294 2
168 294 2
183 294 3
187 294 1
188 294 3
190 294 3
192 294 3
194 294 1
205 294 2
206 294 1
207 294 3
211 294 2
212 294 1
214 294 2
218 294 2
220 294 1
226 294 3
228 294 3
230 294 3
231 294 1
233 294 2
234 294 1
242 294 2
249 294 2
251 294 2
256 294 2
261 294 1
262 294 1
269 294 1
270 294 3
271 294 1
272 294 2
276 294 1
277 294 3
281 294 1
283 294 3
286 294 1
288 294 3
289 294 1
296 294 1
299 294 3
307 294 2
310 294 2
314 294 1
315 294 2
318 294 1
321 294 2
322 294 2
330 294 1
336 294 3
337 294 2
350 294 1
351 294 1
353 294 3
357 294 2
358 294 3
361 294 1
364 294 1
370 294 3
372 294 3
374 294 1
376 294 3
380 294 2
383 294 1
386 294 1
387 294 2
392 294 3
395 294 1
397 294 2
400 294 3
402 294 3
403 294 3
407 294 2
411 294 3
412 294 3
417 294 2
418 294 3
422 294 1
423 294 2
425 294 1
426 294 3
443 294 3
447 294 1
452 294 2
453 294 2
454 294 1
455 294 1
456 294 1
457 294 3
458 294 1
459 294 3
461 294 2
468 294 1
469 294 3
474 294 2
478 294 2
483 294 3
486 294 3
490 294 1
492 294 3
497 294 2
498 294 3
501 294 3
505 294 1
508 294 2
511 294 3
517 294 2
520 294 1
521 294 3
527 294 1
529 294 1
534 294 3
537 294 2
541 294 2
545 294 3
549 294 3
550 294 1
551 294 2
552 294 1
553 294 3
556 294 1
558 294 3
560 294 1
563 294 3
567 294 3
568 294 1
570 294 3
571 294 1
573 294 2
575 294 3
577 294 1
583 294 3
585 294 1
587 294 1
591 294 2
594 294 3
595 294 3
601 294 2
602 294 2
603 294 1
610 294 1
611 294 3
617 294 2
619 294 3
624 294 3
629 294 1
630 294 2
632 294 1
633 294 1
634 294 3
637 294 3
639 294 3
640 294 2
645 294 1
647 294 1
654 294 2
656 294 3
663 294 2
665 294 1
667 294 2
668 294 3
672 294 3
676 294 1
677 294 3
678 294 3
681 294 2
687 294 1
695 294 2
696 294 1
697 294 2
699 294 3
700 294 1
701 294 2
710 294 2
711 294 3
713 294 1
714 294 2
717 294 2
719 294 2
723 294 1
727 294 2
728 294 3
730 294 1
735 294 1
739 294 2
741 294 3
743 294 1
744 294 3
746 294 3
750 294 2
751 294 3
753 294 3
756 294 2
757 294 3
763 294 1
765 294 3
766 294 3
767 294 1
774 294 2
778 294 3
779 294 3
780 294 2
781 294 1
783 294 2
784 294 2
785 294 2
786 294 3
787 294 3
789 294 3
791 294 3
792 294 1
796 294 1
798 294 1
799 294 1
801 294 2
803 294 2
804 294 3
805 294 3
807 294 3
809 294 2
811 294 2
812 294 3
815 294 2
817 294 1
818 294 3
819 294 3
829 294 3
830 294 1
831 294 2
832 294 2
833 294 1
834 294 1
840 294 3
844 294 2
846 294 1
847 294 3
848 294 2
849 294 1
851 294 2
857 294 3
860 294 3
862 294 3
865 294 1
873 294 1
874 294 1
878 294 2
879 294 3
883 294 2
887 294 3
892 294 3
893 294 2
896 294 3
898 294 1
902 294 3
903 294 2
907 294 2
909 294 1
914 294 1
916 294 2
919 294 1
923 294 3
926 294 2
928 294 1
936 294 3
941 294 1
942 294 3
943 294 3
944 294 1
946 294 1
947 294 1
950 294 1
955 294 3
956 294 3
958 294 2
959 294 2
962 294 2
965 294 2
966 294 2
968 294 1
970 294 1
972 294 1
975 294 3
976 294 3
977 294 3
979 294 1
980 294 3
981 294 2
982 294 3
983 294 2
984 294 1
985 294 2
