353 912 1
356 912 3
357 912 2
358 912 2
363 912 3
365 912 3
374 912 2
377 912 3
378 912 3
382 912 2
385 912 3
387 912 1
390 912 2
391 912 1
395 912 3
401 912 1
405 912 3
410 912 1
415 912 1
418 912 1
419 912 2
420 912 1
425 912 2
427 912 1
432 912 3
436 912 1
437 912 3
440 912 3
442 912 2
445 912 1
460 912 1
461 912 3
462 912 1
467 912 3
468 912 3
469 912 1
472 912 1
474 912 2
483 912 3
484 912 2
487 912 2
489 912 2
491 912 3
492 912 2
494 912 3
499 912 3
500 912 3
502 912 3
503 912 1
506 912 2
507 912 2
512 912 3
514 912 3
518 912 1
521 912 2
524 912 2
529 912 2
538 912 1
539 912 3
541 912 1
544 912 2
551 912 2
552 912 2
553 912 2
555 912 1
563 912 3
567 912 3
575 912 1
580 912 3
581 912 3
584 912 2
591 912 2
592 912 2
597 912 2
599 912 3
605 912 1
608 912 1
610 912 3
612 912 2
613 912 1
616 912 1
618 912 3
625 912 2
626 912 3
633 912 2
637 912 2
638 912 3
644 912 2
645 912 2
647 912 3
648 912 2
651 912 2
652 912 3
653 912 2
656 912 1
667 912 3
669 912 1
670 912 1
675 912 2
679 912 3
680 912 1
681 912 1
684 912 3
685 912 3
686 912 2
690 912 1
692 912 3
693 912 2
695 912 3
700 912 2
709 912 2
711 912 1
718 912 2
719 912 1
722 912 3
723 912 3
727 912 3
730 912 2
731 912 2
733 912 1
736 912 1
737 912 1
747 912 2
753 912 2
759 912 1
766 912 3
770 912 1
773 912 1
775 912 3
782 912 1
784 912 2
788 912 3
791 912 3
793 912 3
794 912 1
802 912 3
807 912 1
809 912 2
816 912 1
817 912 3
818 912 3
825 912 3
827 912 3
828 912 2
830 912 2
831 912 1
838 912 3
851 912 2
853 912 3
854 912 3
856 912 2
858 912 3
863 912 3
865 912 3
866 912 2
867 912 2
872 912 1
874 912 1
881 912 2
882 912 3
884 912 1
885 912 2
886 912 1
889 912 1
891 912 3
893 912 2
896 912 2
897 912 1
900 912 2
901 912 2
905 912 1
906 912 1
909 912 3
911 912 1
917 912 2
918 912 3
920 912 2
925 912 2
935 912 1
938 912 1
946 912 1
950 912 2
955 912 2
958 912 3
959 912 3
960 912 2
961 912 1
963 912 2
964 912 3
967 912 3
968 912 1
969 912 3
970 912 2
973 912 2
978 912 2
979 912 2
985 912 2
987 912 2
988 912 3
989 912 3
990 912 1
991 912 2
993 912 2
995 912 3
998 912 1
0 913 3
4 913 3
6 913 2
7 913 3
10 913 2
11 913 2
13 913 3
16 913 2
17 913 2
22 913 2
23 913 2
26 913 2
30 913 3
35 913 3
36 913 3
37 913 2
41 913 1
43 913 2
45 913 1
46 913 1
47 913 1
57 913 2
61 913 3
62 913 2
67 913 2
73 913 2
75 913 3
76 913 1
77 913 2
78 913 2
79 913 2
81 913 1
82 913 1
85 913 1
94 913 1
97 913 3
102 913 2
107 913 2
110 913 1
111 913 2
114 913 1
117 913 1
118 913 3
119 913 2
127 913 1
128 913 3
130 913 3
135 913 1
138 913 3
145 913 3
148 913 1
153 913 1
154 913 1
156 913 3
158 913 2
164 913 2
175 913 2
182 913 1
183 913 1
184 913 2
185 913 2
188 913 1
191 913 2
193 913 1
194 913 2
196 913 3
197 913 3
198 913 2
200 913 1
203 913 1
205 913 1
207 913 1
210 913 3
211 913 2
218 913 1
219 913 2
221 913 1
224 913 2
225 913 2
226 913 2
227 913 3
228 913 2
235 913 1
236 913 1
238 913 3
240 913 3
242 913 1
248 913 2
251 913 3
253 913 1
255 913 3
258 913 2
260 913 2
261 913 3
264 913 1
266 913 1
271 913 3
273 913 1
275 913 1
278 913 3
279 913 2
283 913 1
285 913 1
286 913 1
287 913 2
290 913 3
291 913 1
294 913 2
296 913 3
298 913 3
302 913 2
303 913 3
306 913 3
307 913 3
314 913 1
315 913 2
316 913 3
317 913 1
322 913 3
323 913 1
324 913 2
325 913 3
326 913 3
331 913 3
333 913 2
334 913 2
341 913 3
342 913 2
343 913 3
345 913 2
347 913 1
348 913 1
350 913 1
351 913 3
357 913 3
358 913 1
361 913 3
371 913 2
375 913 2
376 913 1
380 913 2
381 913 3
383 913 2
386 913 2
391 913 1
394 913 3
395 913 1
397 913 1
398 913 1
405 913 3
408 913 1
409 913 2
410 913 1
411 913 3
414 913 2
415 913 3
416 913 3
418 913 2
423 913 2
426 913 3
429 913 3
437 913 2
438 913 3
440 913 2
441 913 1
447 913 2
449 913 1
452 913 3
453 913 1
457 913 3
459 913 2
466 913 1
467 913 1
469 913 1
472 913 3
474 913 3
475 913 3
478 913 3
480 913 3
482 913 2
483 913 3
485 913 3
486 913 1
491 913 1
492 913 2
496 913 1
497 913 3
503 913 2
504 913 1
510 913 2
513 913 1
518 913 3
519 913 2
521 913 3
525 913 1
526 913 1
530 913 1
534 913 1
536 913 2
537 913 1
539 913 1
541 913 1
543 913 2
544 913 3
545 913 1
549 913 3
550 913 2
554 913 1
559 913 1
561 913 2
562 913 3
564 913 3
566 913 1
567 913 3
568 913 1
570 913 1
575 913 1
576 913 2
580 913 2
588 913 1
590 913 3
593 913 2
594 913 3
597 913 1
599 913 3
609 913 1
613 913 3
622 913 1
623 913 2
626 913 1
628 913 2
629 913 1
636 913 1
645 913 2
647 913 3
648 913 1
649 913 1
650 913 2
653 913 2
656 913 1
657 913 3
658 913 2
659 913 1
663 913 1
669 913 1
672 913 1
673 913 3
676 913 2
677 913 3
678 913 2
679 913 2
680 913 2
681 913 1
684 913 1
686 913 2
688 913 2
691 913 1
692 913 1
696 913 3
698 913 3
700 913 1
703 913 3
716 913 1
717 913 3
722 913 1
723 913 2
726 913 1
727 913 2
731 913 1
735 913 1
736 913 3
742 913 1
745 913 2
751 913 3
754 913 1
756 913 3
757 913 1
762 913 1
771 913 3
772 913 3
773 913 3
774 913 3
778 913 2
780 913 1
795 913 1
797 913 2
798 913 1
799 913 1
800 913 2
801 913 3
803 913 1
816 913 1
817 913 2
821 913 2
823 913 3
829 913 2
833 913 2
835 913 3
838 913 3
842 913 2
845 913 3
847 913 3
849 913 3
851 913 3
859 913 2
864 913 3
865 913 3
868 913 3
870 913 3
872 913 1
873 913 2
874 913 2
875 913 1
876 913 1
877 913 2
878 913 1
883 913 1
886 913 2
887 913 2
888 913 2
891 913 1
892 913 1
894 913 1
897 913 1
900 913 3
901 913 1
904 913 2
907 913 3
909 913 3
912 913 2
915 913 2
916 913 2
917 913 1
918 913 3
920 913 3
923 913 2
927 913 2
934 913 3
937 913 3
940 913 2
944 913 3
948 913 1
949 913 2
950 913 1
953 913 2
958 913 3
961 913 3
964 913 1
969 913 2
974 913 1
976 913 1
977 913 3
986 913 2
994 913 3
4 914 2
6 914 3
10 914 1
12 914 1
15 914 3
16 914 3
20 914 3
22 914 3
23 914 1
24 914 3
25 914 3
30 914 1
31 914 1
33 914 3
34 914 2
39 914 3
41 914 2
46 914 2
48 914 3
50 914 3
51 914 3
56 914 1
57 914 2
71 914 2
73 914 2
79 914 1
83 914 2
88 914 1
91 914 3
95 914 1
96 914 2
97 914 2
100 914 1
101 914 1
102 914 3
113 914 1
115 914 1
126 914 2
131 914 2
133 914 3
135 914 3
141 914 2
142 914 3
143 914 1
147 914 1
150 914 3
152 914 2
161 914 2
165 914 3
168 914 1
169 914 1
177 914 2
178 914 2
181 914 2
182 914 2
186 914 3
188 914 2
190 914 2
191 914 2
194 914 2
197 914 3
199 914 3
202 914 1
213 914 1
215 914 3
224 914 1
228 914 1
232 914 1
234 914 2
236 914 2
238 914 1
240 914 3
246 914 1
250 914 2
252 914 2
270 914 3
274 914 1
276 914 2
281 914 1
282 914 1
288 914 1
292 914 1
294 914 1
297 914 1
298 914 3
301 914 3
304 914 2
306 914 3
311 914 1
317 914 1
323 914 2
325 914 2
326 914 1
330 914 1
332 914 3
334 914 2
335 914 3
336 914 3
338 914 2
354 914 3
359 914 1
363 914 3
364 914 1
368 914 1
373 914 3
379 914 3
380 914 2
