413 818 3
415 818 3
420 818 1
428 818 2
430 818 1
434 818 1
436 818 3
438 818 1
443 818 3
444 818 3
448 818 1
454 818 2
459 818 2
461 818 1
463 818 1
467 818 1
470 818 2
476 818 2
478 818 2
480 818 3
481 818 1
488 818 1
490 818 3
499 818 1
500 818 3
503 818 2
507 818 3
508 818 1
517 818 3
526 818 2
532 818 3
534 818 2
537 818 3
540 818 3
541 818 3
551 818 2
555 818 3
559 818 2
561 818 1
562 818 3
565 818 2
572 818 1
575 818 2
576 818 3
577 818 2
581 818 3
585 818 3
587 818 1
588 818 2
592 818 1
594 818 3
595 818 1
607 818 3
611 818 2
614 818 2
616 818 1
620 818 2
628 818 2
630 818 1
632 818 2
638 818 1
639 818 3
641 818 3
642 818 3
645 818 2
646 818 1
653 818 3
654 818 2
655 818 3
657 818 1
658 818 1
663 818 2
668 818 3
671 818 3
677 818 1
681 818 1
682 818 2
684 818 3
686 818 3
690 818 3
696 818 2
700 818 3
701 818 1
704 818 1
705 818 2
707 818 2
711 818 3
713 818 1
718 818 3
721 818 2
724 818 2
725 818 3
726 818 1
727 818 2
729 818 2
739 818 2
742 818 3
744 818 1
748 818 3
752 818 2
753 818 3
756 818 3
758 818 3
759 818 2
764 818 2
768 818 3
770 818 3
776 818 1
780 818 1
782 818 3
784 818 1
785 818 2
786 818 3
789 818 2
794 818 2
795 818 1
798 818 3
802 818 3
804 818 2
808 818 3
810 818 3
814 818 3
817 818 3
819 818 2
821 818 2
822 818 1
831 818 2
833 818 2
838 818 3
839 818 3
842 818 3
843 818 1
845 818 2
847 818 1
853 818 2
855 818 3
865 818 3
866 818 3
868 818 3
869 818 2
870 818 2
871 818 2
872 818 3
875 818 1
877 818 2
878 818 3
879 818 3
880 818 1
881 818 2
883 818 2
886 818 1
889 818 1
890 818 2
891 818 3
895 818 2
897 818 2
899 818 3
904 818 3
909 818 3
916 818 3
918 818 1
922 818 2
925 818 2
927 818 3
933 818 1
934 818 1
940 818 1
948 818 3
949 818 1
952 818 1
959 818 1
960 818 2
961 818 3
962 818 3
967 818 2
968 818 3
974 818 2
979 818 2
981 818 2
982 818 3
991 818 3
994 818 2
995 818 1
997 818 2
0 819 2
1 819 3
5 819 1
6 819 3
11 819 2
12 819 3
14 819 2
15 819 1
25 819 2
26 819 2
29 819 3
32 819 1
40 819 1
46 819 2
51 819 2
58 819 3
60 819 2
61 819 3
62 819 2
69 819 1
70 819 3
75 819 1
76 819 3
77 819 3
83 819 3
84 819 2
87 819 3
88 819 2
89 819 1
92 819 1
94 819 2
100 819 3
102 819 3
106 819 3
117 819 2
119 819 2
120 819 2
122 819 2
131 819 2
136 819 2
138 819 3
139 819 3
147 819 3
148 819 2
149 819 1
152 819 3
156 819 1
157 819 2
160 819 2
162 819 3
163 819 1
175 819 1
178 819 3
180 819 3
183 819 3
184 819 2
191 819 1
192 819 2
196 819 3
198 819 1
199 819 3
206 819 1
211 819 1
222 819 1
226 819 2
229 819 3
236 819 2
240 819 3
241 819 1
244 819 1
248 819 3
249 819 2
250 819 3
255 819 2
258 819 2
263 819 1
264 819 1
269 819 2
270 819 1
273 819 1
274 819 3
279 819 2
280 819 2
281 819 3
291 819 2
295 819 1
297 819 1
301 819 2
303 819 1
305 819 2
308 819 2
309 819 3
312 819 2
313 819 3
314 819 3
331 819 3
333 819 1
335 819 1
336 819 3
341 819 1
343 819 1
346 819 1
347 819 1
353 819 3
355 819 2
362 819 1
364 819 2
368 819 2
371 819 3
372 819 1
374 819 3
377 819 1
381 819 1
382 819 1
386 819 2
387 819 1
388 819 1
389 819 2
391 819 1
393 819 2
399 819 1
401 819 3
408 819 3
409 819 3
410 819 1
412 819 1
416 819 3
417 819 1
418 819 3
423 819 1
425 819 1
434 819 1
436 819 2
437 819 1
438 819 1
440 819 3
442 819 2
444 819 2
446 819 2
447 819 2
453 819 3
457 819 1
470 819 3
474 819 3
475 819 1
479 819 2
482 819 3
490 819 3
491 819 3
492 819 2
493 819 2
495 819 1
507 819 3
511 819 3
512 819 3
514 819 2
515 819 2
516 819 2
518 819 2
519 819 3
520 819 3
522 819 3
530 819 3
534 819 1
535 819 3
537 819 2
540 819 2
542 819 3
547 819 1
551 819 3
552 819 2
560 819 3
564 819 3
565 819 1
566 819 1
568 819 1
573 819 2
577 819 3
581 819 3
583 819 1
584 819 1
585 819 3
588 819 3
593 819 3
600 819 3
602 819 3
603 819 2
606 819 1
608 819 2
615 819 1
616 819 3
618 819 1
624 819 3
625 819 3
627 819 1
637 819 1
640 819 3
643 819 3
645 819 1
650 819 3
658 819 2
668 819 1
671 819 2
680 819 2
681 819 2
685 819 2
692 819 1
693 819 2
696 819 1
698 819 1
703 819 3
708 819 3
709 819 2
713 819 2
714 819 3
717 819 1
718 819 3
719 819 2
725 819 1
730 819 2
731 819 1
736 819 2
741 819 1
744 819 2
753 819 1
757 819 3
762 819 2
763 819 2
766 819 3
768 819 3
770 819 2
774 819 1
780 819 3
786 819 1
788 819 1
794 819 3
796 819 3
805 819 2
807 819 2
808 819 2
810 819 1
818 819 3
820 819 2
821 819 1
824 819 2
826 819 1
827 819 2
830 819 2
831 819 3
836 819 1
839 819 3
844 819 2
846 819 3
848 819 1
849 819 2
851 819 1
855 819 3
856 819 3
859 819 2
861 819 2
862 819 3
867 819 2
869 819 1
871 819 2
874 819 1
875 819 1
877 819 2
878 819 1
879 819 3
880 819 1
881 819 1
883 819 1
885 819 2
886 819 3
898 819 2
900 819 3
901 819 1
903 819 1
904 819 1
906 819 2
911 819 1
913 819 2
914 819 3
923 819 3
925 819 2
926 819 1
929 819 1
931 819 2
933 819 2
935 819 1
937 819 3
938 819 1
942 819 2
944 819 2
946 819 2
949 819 1
951 819 2
960 819 2
966 819 3
968 819 3
969 819 3
978 819 3
981 819 1
983 819 3
984 819 3
987 819 1
998 819 3
999 819 1
1 820 2
3 820 1
4 820 3
11 820 2
13 820 2
15 820 1
17 820 2
18 820 3
22 820 2
23 820 2
26 820 1
40 820 1
41 820 2
42 820 1
47 820 3
48 820 2
49 820 1
51 820 2
52 820 2
59 820 2
60 820 1
62 820 1
63 820 3
70 820 3
75 820 3
77 820 3
79 820 2
80 820 1
87 820 2
92 820 3
93 820 2
94 820 1
95 820 1
96 820 2
97 820 2
99 820 2
100 820 1
103 820 3
105 820 2
111 820 1
113 820 1
114 820 1
116 820 3
117 820 3
121 820 2
124 820 2
131 820 3
133 820 3
142 820 3
146 820 1
150 820 3
151 820 3
154 820 2
158 820 1
160 820 2
166 820 3
168 820 1
169 820 2
178 820 3
181 820 3
183 820 1
184 820 1
188 820 1
192 820 3
194 820 3
202 820 2
204 820 2
206 820 2
209 820 1
213 820 3
216 820 2
217 820 2
218 820 2
219 820 2
223 820 2
224 820 3
228 820 3
229 820 2
232 820 3
235 820 1
236 820 1
238 820 2
243 820 1
245 820 3
248 820 1
249 820 1
252 820 3
260 820 1
266 820 3
267 820 3
272 820 2
276 820 1
277 820 2
281 820 2
283 820 1
285 820 3
289 820 1
290 820 3
292 820 3
293 820 2
295 820 1
296 820 3
303 820 2
305 820 2
308 820 1
312 820 1
313 820 3
315 820 2
318 820 3
321 820 3
324 820 2
330 820 3
331 820 2
337 820 3
339 820 1
340 820 3
342 820 2
349 820 2
352 820 2
353 820 1
354 820 1
357 820 2
358 820 1
362 820 3
372 820 3
377 820 1
385 820 3
387 820 1
388 820 2
395 820 3
401 820 2
405 820 3
406 820 2
408 820 1
412 820 1
417 820 3
418 820 2
419 820 1
421 820 2
422 820 2
424 820 2
430 820 3
435 820 3
440 820 3
442 820 2
448 820 3
449 820 2
452 820 1
453 820 2
454 820 3
455 820 2
459 820 1
461 820 3
462 820 2
463 820 1
465 820 3
471 820 3
472 820 2
474 820 1
480 820 3
486 820 2
489 820 2
495 820 1
497 820 2
503 820 2
504 820 1
507 820 1
511 820 2
514 820 3
515 820 1
516 820 3
523 820 1
524 820 1
525 820 2
