724 143 3
727 143 1
735 143 3
742 143 2
745 143 3
748 143 1
753 143 1
754 143 2
756 143 1
757 143 1
758 143 1
770 143 3
771 143 3
773 143 2
778 143 3
784 143 2
785 143 1
787 143 1
789 143 3
790 143 3
792 143 2
793 143 1
798 143 1
799 143 2
801 143 1
803 143 2
808 143 1
809 143 2
810 143 1
813 143 2
817 143 3
820 143 1
823 143 2
830 143 1
834 143 2
837 143 1
838 143 1
839 143 2
841 143 1
857 143 1
861 143 1
869 143 2
873 143 1
878 143 3
880 143 3
881 143 1
882 143 1
884 143 3
887 143 1
892 143 2
895 143 2
898 143 3
901 143 2
902 143 2
904 143 1
909 143 1
911 143 3
920 143 1
921 143 1
924 143 2
925 143 1
929 143 1
930 143 3
934 143 1
937 143 3
939 143 3
940 143 2
943 143 1
951 143 1
952 143 3
955 143 1
961 143 1
963 143 2
964 143 2
965 143 1
966 143 2
967 143 2
969 143 2
974 143 3
979 143 3
983 143 2
984 143 2
985 143 3
990 143 2
993 143 1
994 143 2
996 143 3
4 144 1
6 144 3
13 144 3
17 144 1
23 144 2
25 144 2
26 144 1
27 144 1
28 144 2
33 144 2
34 144 3
35 144 1
36 144 3
38 144 2
40 144 1
49 144 3
50 144 2
53 144 1
54 144 1
56 144 1
58 144 2
65 144 1
66 144 1
68 144 2
73 144 3
74 144 1
75 144 1
76 144 1
78 144 2
80 144 2
81 144 1
83 144 2
85 144 1
86 144 3
89 144 2
96 144 1
98 144 1
99 144 3
100 144 2
102 144 3
111 144 1
112 144 3
113 144 3
114 144 2
115 144 2
118 144 1
122 144 1
125 144 2
127 144 3
129 144 3
130 144 1
131 144 2
133 144 1
134 144 1
136 144 2
142 144 1
150 144 2
152 144 1
154 144 3
157 144 3
161 144 2
163 144 1
166 144 2
168 144 1
169 144 3
172 144 3
173 144 2
174 144 2
175 144 1
176 144 3
177 144 1
178 144 3
181 144 2
183 144 3
188 144 2
190 144 2
191 144 1
193 144 3
197 144 3
198 144 3
204 144 1
211 144 1
212 144 2
215 144 3
219 144 1
221 144 1
225 144 1
231 144 3
233 144 2
234 144 3
239 144 1
243 144 1
246 144 1
254 144 3
255 144 1
256 144 1
262 144 1
264 144 3
267 144 1
272 144 3
274 144 1
275 144 2
284 144 2
289 144 1
292 144 3
293 144 3
296 144 3
298 144 2
299 144 2
301 144 2
302 144 2
314 144 2
319 144 2
320 144 1
323 144 1
324 144 1
329 144 2
331 144 3
335 144 3
339 144 2
344 144 2
348 144 3
350 144 1
353 144 3
357 144 1
361 144 1
364 144 3
365 144 1
370 144 2
375 144 3
384 144 2
388 144 3
389 144 3
392 144 3
393 144 2
395 144 2
396 144 3
397 144 3
401 144 2
406 144 3
407 144 3
408 144 2
409 144 3
410 144 2
411 144 3
414 144 2
416 144 2
418 144 2
422 144 1
425 144 2
427 144 3
430 144 2
436 144 1
444 144 2
445 144 1
446 144 1
450 144 3
451 144 3
452 144 2
455 144 1
456 144 2
465 144 3
466 144 1
476 144 3
477 144 2
478 144 3
481 144 1
482 144 3
485 144 2
488 144 3
490 144 1
491 144 2
493 144 3
498 144 1
499 144 2
500 144 3
503 144 2
506 144 1
508 144 1
512 144 2
513 144 1
514 144 1
518 144 2
519 144 3
522 144 2
524 144 1
526 144 2
527 144 1
530 144 1
531 144 1
533 144 3
535 144 3
541 144 2
543 144 1
546 144 2
548 144 3
549 144 1
551 144 3
556 144 2
557 144 3
559 144 3
563 144 1
566 144 1
567 144 1
568 144 2
572 144 2
574 144 2
578 144 1
579 144 2
582 144 1
585 144 2
591 144 2
596 144 2
598 144 1
601 144 1
603 144 1
604 144 3
609 144 2
614 144 2
615 144 2
618 144 3
622 144 3
625 144 2
628 144 2
641 144 1
642 144 3
648 144 3
651 144 2
654 144 2
658 144 2
661 144 1
666 144 3
667 144 3
669 144 2
671 144 1
672 144 2
675 144 1
677 144 1
678 144 2
679 144 1
681 144 2
688 144 1
695 144 2
697 144 2
698 144 2
699 144 1
703 144 2
708 144 1
709 144 2
710 144 1
712 144 2
714 144 2
718 144 2
719 144 2
721 144 3
723 144 3
726 144 3
730 144 2
732 144 3
736 144 1
737 144 1
738 144 3
739 144 3
742 144 2
744 144 3
745 144 3
747 144 1
750 144 1
751 144 1
752 144 3
756 144 3
757 144 1
759 144 3
761 144 1
762 144 3
763 144 2
767 144 1
772 144 1
773 144 2
775 144 2
776 144 2
778 144 3
779 144 3
781 144 1
786 144 3
794 144 1
795 144 3
797 144 1
801 144 2
804 144 3
808 144 2
811 144 1
815 144 1
817 144 2
821 144 1
827 144 1
828 144 1
831 144 2
833 144 2
835 144 3
837 144 2
839 144 3
842 144 2
843 144 3
848 144 3
853 144 1
854 144 1
856 144 2
859 144 1
869 144 3
873 144 2
875 144 2
878 144 2
881 144 1
883 144 3
888 144 3
890 144 1
893 144 1
895 144 1
897 144 2
899 144 2
900 144 1
911 144 3
913 144 1
914 144 3
916 144 2
917 144 3
920 144 2
921 144 1
924 144 3
925 144 2
926 144 1
927 144 2
936 144 3
940 144 2
942 144 1
943 144 3
946 144 2
953 144 1
955 144 1
956 144 2
959 144 1
961 144 1
963 144 1
968 144 1
977 144 3
979 144 3
981 144 3
988 144 3
989 144 3
992 144 3
993 144 2
996 144 1
1 145 1
9 145 3
13 145 3
16 145 1
19 145 1
20 145 2
24 145 3
25 145 2
28 145 3
31 145 3
32 145 3
36 145 1
37 145 3
39 145 2
40 145 1
41 145 1
45 145 3
46 145 1
47 145 2
53 145 3
54 145 3
55 145 2
56 145 1
57 145 3
59 145 1
63 145 2
64 145 2
71 145 2
74 145 1
76 145 1
78 145 2
85 145 1
87 145 1
88 145 3
90 145 1
92 145 3
93 145 3
97 145 1
99 145 1
106 145 1
109 145 2
112 145 2
116 145 2
118 145 1
121 145 1
130 145 3
131 145 3
134 145 3
138 145 2
139 145 1
142 145 2
143 145 2
144 145 1
145 145 3
153 145 3
155 145 1
157 145 1
161 145 3
163 145 2
164 145 2
165 145 2
168 145 1
178 145 1
182 145 2
188 145 2
191 145 3
198 145 2
208 145 3
209 145 2
210 145 1
212 145 2
215 145 1
216 145 1
220 145 1
224 145 2
228 145 3
232 145 1
238 145 1
241 145 1
245 145 2
246 145 2
247 145 2
249 145 1
252 145 1
257 145 2
266 145 2
271 145 2
274 145 1
277 145 3
280 145 3
283 145 1
285 145 2
288 145 3
292 145 2
293 145 1
295 145 1
298 145 1
299 145 3
306 145 1
311 145 2
314 145 3
319 145 1
320 145 1
322 145 2
323 145 1
328 145 3
332 145 2
337 145 1
342 145 1
344 145 3
345 145 3
349 145 3
351 145 3
352 145 2
353 145 3
356 145 2
359 145 2
360 145 2
361 145 2
363 145 1
370 145 1
376 145 2
383 145 2
384 145 2
387 145 2
393 145 2
397 145 1
402 145 3
403 145 3
405 145 2
406 145 3
408 145 3
409 145 2
419 145 1
422 145 3
423 145 2
426 145 2
427 145 2
428 145 1
432 145 3
436 145 2
442 145 3
448 145 1
449 145 3
459 145 3
460 145 3
465 145 3
471 145 1
475 145 3
478 145 3
480 145 2
484 145 1
499 145 1
507 145 3
510 145 3
518 145 1
521 145 1
522 145 2
524 145 3
525 145 2
526 145 1
528 145 3
532 145 1
535 145 2
536 145 1
541 145 1
546 145 1
547 145 1
548 145 2
549 145 3
552 145 1
553 145 2
558 145 1
560 145 3
561 145 2
563 145 1
568 145 1
570 145 2
575 145 1
577 145 2
582 145 1
587 145 3
588 145 2
591 145 1
593 145 1
594 145 1
598 145 3
599 145 2
600 145 1
601 145 1
603 145 1
604 145 2
605 145 1
606 145 1
608 145 1
609 145 2
610 145 3
613 145 2
618 145 1
620 145 1
623 145 3
624 145 3
628 145 3
631 145 1
633 145 2
634 145 3
637 145 2
638 145 3
641 145 2
643 145 3
645 145 3
647 145 1
648 145 2
650 145 1
651 145 1
652 145 1
653 145 3
654 145 3
655 145 1
663 145 2
669 145 3
670 145 1
679 145 1
680 145 3
683 145 2
686 145 2
