224 480 2
227 480 1
228 480 2
232 480 1
233 480 1
238 480 2
242 480 3
243 480 2
244 480 2
245 480 3
247 480 3
248 480 1
251 480 1
253 480 3
257 480 2
258 480 2
259 480 1
260 480 3
261 480 1
262 480 3
263 480 3
267 480 1
268 480 2
269 480 3
270 480 1
273 480 2
276 480 1
281 480 3
283 480 2
285 480 1
286 480 1
293 480 3
298 480 2
306 480 2
308 480 3
312 480 3
314 480 3
318 480 1
322 480 1
324 480 3
325 480 2
326 480 3
328 480 2
330 480 1
332 480 3
334 480 1
339 480 3
344 480 3
346 480 2
352 480 1
353 480 3
358 480 2
359 480 3
361 480 1
365 480 1
369 480 1
371 480 1
373 480 3
375 480 2
378 480 2
380 480 1
382 480 3
387 480 3
391 480 2
392 480 3
395 480 1
399 480 3
404 480 3
411 480 1
412 480 2
416 480 2
422 480 3
424 480 3
427 480 3
430 480 1
433 480 3
437 480 3
438 480 2
439 480 2
443 480 3
447 480 2
448 480 2
449 480 1
450 480 3
451 480 2
455 480 2
461 480 2
462 480 1
463 480 3
471 480 3
472 480 3
473 480 2
474 480 1
475 480 3
478 480 1
480 480 3
483 480 3
484 480 1
487 480 2
489 480 2
495 480 1
496 480 2
500 480 1
503 480 1
504 480 2
507 480 3
521 480 3
527 480 2
529 480 3
530 480 3
534 480 1
536 480 3
540 480 1
541 480 3
543 480 2
549 480 3
551 480 1
555 480 2
556 480 2
557 480 2
558 480 3
563 480 3
564 480 1
566 480 3
567 480 2
573 480 1
574 480 3
578 480 3
579 480 3
581 480 2
582 480 3
583 480 3
584 480 2
587 480 3
588 480 1
591 480 3
595 480 1
598 480 3
600 480 1
602 480 1
603 480 3
604 480 3
605 480 1
608 480 1
611 480 2
615 480 3
619 480 2
621 480 1
623 480 2
625 480 1
630 480 3
633 480 2
635 480 1
644 480 1
648 480 1
654 480 3
659 480 2
660 480 3
666 480 3
667 480 2
669 480 3
672 480 1
673 480 1
674 480 2
676 480 2
678 480 3
679 480 3
682 480 1
683 480 3
684 480 3
686 480 2
688 480 3
689 480 2
696 480 1
698 480 3
702 480 1
710 480 1
713 480 1
720 480 2
722 480 2
727 480 2
732 480 3
734 480 1
735 480 3
736 480 2
738 480 1
742 480 1
746 480 1
753 480 1
754 480 2
756 480 3
759 480 3
765 480 1
766 480 2
768 480 1
769 480 3
771 480 2
774 480 3
775 480 1
777 480 2
778 480 3
783 480 2
784 480 2
786 480 1
795 480 1
798 480 2
799 480 1
800 480 2
803 480 2
805 480 1
807 480 1
813 480 3
814 480 1
817 480 1
819 480 1
820 480 1
822 480 1
824 480 1
827 480 1
830 480 1
833 480 3
834 480 1
837 480 3
838 480 1
840 480 2
841 480 2
842 480 2
843 480 1
852 480 3
853 480 2
855 480 2
856 480 3
860 480 1
863 480 2
864 480 1
867 480 1
870 480 2
873 480 3
876 480 1
881 480 3
886 480 2
888 480 3
890 480 1
892 480 1
895 480 2
899 480 1
908 480 2
913 480 2
915 480 3
917 480 3
920 480 2
921 480 1
923 480 2
926 480 1
929 480 2
931 480 2
934 480 3
935 480 2
949 480 1
950 480 2
951 480 3
956 480 2
958 480 1
961 480 2
964 480 1
965 480 2
967 480 3
970 480 2
972 480 1
973 480 2
975 480 3
976 480 3
979 480 2
980 480 2
982 480 3
985 480 3
989 480 1
995 480 3
1 481 1
6 481 3
16 481 1
17 481 2
22 481 1
29 481 1
30 481 3
34 481 3
36 481 1
39 481 3
45 481 3
48 481 3
56 481 3
57 481 3
59 481 3
62 481 1
79 481 3
86 481 1
91 481 3
92 481 1
96 481 2
97 481 3
100 481 3
101 481 3
106 481 3
109 481 1
111 481 2
112 481 2
113 481 2
115 481 1
121 481 2
126 481 3
131 481 2
135 481 1
137 481 1
140 481 1
141 481 3
142 481 3
143 481 2
145 481 3
146 481 1
148 481 1
151 481 3
156 481 3
159 481 2
163 481 1
164 481 2
170 481 2
181 481 2
186 481 2
187 481 2
188 481 1
192 481 3
193 481 1
194 481 3
196 481 1
197 481 2
198 481 2
201 481 2
203 481 2
206 481 3
208 481 2
214 481 1
217 481 2
218 481 3
224 481 3
229 481 3
232 481 2
236 481 1
240 481 2
245 481 3
248 481 2
251 481 3
254 481 1
258 481 2
261 481 2
262 481 2
265 481 2
271 481 2
273 481 1
274 481 2
285 481 1
290 481 1
291 481 3
303 481 3
306 481 1
308 481 2
311 481 3
315 481 1
322 481 3
323 481 3
324 481 1
326 481 1
327 481 3
328 481 1
331 481 2
337 481 3
343 481 1
348 481 2
349 481 2
351 481 1
353 481 2
356 481 2
359 481 3
360 481 3
362 481 3
363 481 2
368 481 2
370 481 2
372 481 2
375 481 1
380 481 1
385 481 3
387 481 1
389 481 1
393 481 2
398 481 3
400 481 1
402 481 3
403 481 3
404 481 1
405 481 2
407 481 1
408 481 2
410 481 1
414 481 1
417 481 3
420 481 2
421 481 1
427 481 3
428 481 1
431 481 1
432 481 2
436 481 1
438 481 2
441 481 1
444 481 3
446 481 3
451 481 1
455 481 1
460 481 1
464 481 1
476 481 1
477 481 3
483 481 3
486 481 1
487 481 1
491 481 1
492 481 2
494 481 1
495 481 1
500 481 1
503 481 1
511 481 3
518 481 2
519 481 2
523 481 2
526 481 3
531 481 3
533 481 1
535 481 3
536 481 3
542 481 2
545 481 3
547 481 3
550 481 1
552 481 1
559 481 2
560 481 3
562 481 1
564 481 3
565 481 3
567 481 2
568 481 3
572 481 2
576 481 3
579 481 1
582 481 3
583 481 2
587 481 3
591 481 1
592 481 3
598 481 3
600 481 3
602 481 2
606 481 1
607 481 3
608 481 3
610 481 2
612 481 3
613 481 2
614 481 2
617 481 2
619 481 3
628 481 1
629 481 1
632 481 3
633 481 1
634 481 1
636 481 3
637 481 2
639 481 2
642 481 3
644 481 2
648 481 2
652 481 1
653 481 2
659 481 2
663 481 1
664 481 3
670 481 2
675 481 3
681 481 2
682 481 2
687 481 1
694 481 2
700 481 1
701 481 3
705 481 3
707 481 3
708 481 2
711 481 2
712 481 3
713 481 3
722 481 1
723 481 1
726 481 3
730 481 2
740 481 3
746 481 2
747 481 3
748 481 1
749 481 3
751 481 1
753 481 3
755 481 2
761 481 3
766 481 2
767 481 1
769 481 2
771 481 2
775 481 3
777 481 1
779 481 3
781 481 2
782 481 1
785 481 3
789 481 1
795 481 2
796 481 3
798 481 2
810 481 2
813 481 2
814 481 2
821 481 2
823 481 1
826 481 1
828 481 2
834 481 3
835 481 1
836 481 3
837 481 3
838 481 3
840 481 2
841 481 1
842 481 1
844 481 2
846 481 3
851 481 3
852 481 1
859 481 3
860 481 1
862 481 2
867 481 1
869 481 2
871 481 2
875 481 3
876 481 1
879 481 2
882 481 2
886 481 2
894 481 3
896 481 2
899 481 2
900 481 2
902 481 2
905 481 3
908 481 3
911 481 3
913 481 3
922 481 3
940 481 3
941 481 2
945 481 2
952 481 3
960 481 3
962 481 3
963 481 3
965 481 2
967 481 1
969 481 2
970 481 3
971 481 2
972 481 3
976 481 3
980 481 3
987 481 2
988 481 3
990 481 3
993 481 2
995 481 2
996 481 2
998 481 2
2 482 1
5 482 2
13 482 3
15 482 1
16 482 2
17 482 3
18 482 3
21 482 3
24 482 1
25 482 1
27 482 1
29 482 2
37 482 1
41 482 1
47 482 3
49 482 2
51 482 3
58 482 2
59 482 1
61 482 2
64 482 1
69 482 3
70 482 3
79 482 1
83 482 1
84 482 1
86 482 1
87 482 3
89 482 1
91 482 2
93 482 2
103 482 3
104 482 2
105 482 3
107 482 3
110 482 2
112 482 1
113 482 2
114 482 3
115 482 2
121 482 2
123 482 3
126 482 1
135 482 3
139 482 3
140 482 1
141 482 3
142 482 2
143 482 2
144 482 2
147 482 1
148 482 2
155 482 2
156 482 2
160 482 2
161 482 1
162 482 3
165 482 2
170 482 3
171 482 3
172 482 3
174 482 3
181 482 2
183 482 2
184 482 3
192 482 1
193 482 3
195 482 2
197 482 2
198 482 1
199 482 2
201 482 3
203 482 2
204 482 2
206 482 2
