708 838 1
709 838 2
711 838 2
714 838 1
715 838 3
718 838 1
719 838 2
721 838 1
724 838 1
725 838 3
729 838 3
732 838 1
735 838 1
736 838 2
738 838 1
739 838 3
741 838 3
743 838 3
744 838 1
746 838 3
752 838 1
758 838 1
759 838 1
760 838 1
761 838 2
764 838 1
767 838 1
769 838 1
771 838 3
772 838 3
773 838 1
777 838 3
779 838 3
782 838 1
788 838 1
790 838 3
795 838 3
800 838 2
807 838 2
814 838 1
817 838 1
819 838 2
821 838 1
826 838 2
827 838 1
828 838 1
829 838 1
831 838 1
837 838 3
846 838 2
847 838 1
858 838 3
864 838 2
866 838 1
867 838 3
869 838 3
876 838 2
879 838 3
880 838 3
884 838 1
885 838 2
886 838 1
888 838 3
892 838 3
898 838 3
903 838 3
907 838 3
910 838 3
914 838 2
921 838 3
924 838 3
931 838 2
936 838 1
941 838 3
943 838 3
947 838 1
948 838 1
949 838 1
953 838 1
955 838 1
961 838 1
962 838 3
964 838 3
965 838 2
966 838 2
968 838 3
974 838 2
975 838 1
976 838 1
977 838 1
978 838 2
989 838 3
993 838 2
997 838 2
999 838 2
0 839 1
4 839 1
11 839 2
14 839 1
15 839 3
16 839 2
17 839 2
18 839 3
22 839 3
23 839 2
26 839 3
27 839 2
30 839 1
31 839 2
35 839 2
37 839 3
40 839 3
42 839 1
43 839 3
46 839 2
51 839 2
55 839 1
56 839 2
57 839 2
59 839 3
64 839 2
68 839 1
69 839 2
70 839 1
71 839 3
77 839 2
80 839 2
81 839 1
82 839 1
86 839 2
95 839 1
96 839 1
97 839 3
98 839 1
104 839 1
106 839 3
108 839 2
109 839 1
110 839 1
112 839 1
113 839 1
114 839 1
116 839 1
122 839 3
126 839 3
128 839 2
130 839 2
131 839 3
133 839 1
135 839 3
137 839 3
138 839 3
145 839 3
146 839 3
148 839 1
155 839 1
157 839 3
158 839 1
160 839 2
161 839 2
162 839 1
165 839 3
172 839 1
174 839 3
175 839 3
178 839 3
179 839 3
183 839 3
185 839 1
186 839 1
187 839 1
190 839 2
191 839 3
192 839 3
194 839 2
197 839 2
198 839 1
206 839 3
208 839 2
209 839 3
210 839 3
211 839 3
213 839 2
214 839 1
216 839 1
217 839 1
219 839 2
221 839 3
222 839 1
227 839 3
228 839 2
230 839 1
231 839 2
232 839 2
234 839 3
235 839 1
239 839 3
242 839 3
243 839 2
245 839 2
246 839 1
248 839 2
254 839 2
256 839 1
258 839 3
263 839 2
264 839 2
266 839 2
280 839 2
281 839 1
283 839 3
285 839 3
286 839 2
293 839 2
294 839 2
295 839 3
296 839 1
303 839 2
305 839 2
310 839 1
316 839 2
319 839 2
320 839 3
324 839 3
327 839 1
330 839 1
340 839 3
346 839 1
349 839 3
351 839 1
359 839 2
362 839 3
364 839 1
366 839 1
369 839 1
372 839 3
377 839 1
380 839 3
395 839 3
399 839 2
401 839 1
404 839 2
406 839 3
408 839 2
411 839 1
413 839 1
414 839 3
419 839 1
420 839 3
421 839 2
425 839 2
430 839 1
431 839 2
432 839 1
434 839 1
436 839 2
439 839 3
442 839 1
443 839 2
446 839 3
447 839 1
456 839 3
458 839 3
463 839 3
464 839 1
476 839 2
478 839 3
480 839 2
481 839 1
482 839 3
483 839 3
487 839 3
491 839 1
497 839 2
498 839 1
502 839 1
504 839 2
511 839 3
513 839 2
518 839 2
520 839 2
524 839 3
527 839 3
534 839 1
539 839 1
541 839 3
542 839 2
543 839 2
550 839 3
553 839 3
567 839 3
570 839 3
571 839 3
572 839 3
573 839 1
575 839 2
576 839 2
577 839 3
583 839 1
594 839 2
597 839 1
604 839 3
615 839 2
616 839 2
619 839 3
627 839 2
630 839 3
631 839 3
633 839 2
634 839 1
635 839 1
636 839 1
639 839 2
640 839 1
641 839 1
647 839 1
650 839 2
660 839 2
661 839 1
663 839 2
665 839 2
667 839 3
668 839 3
669 839 2
671 839 2
672 839 2
675 839 3
676 839 3
678 839 2
681 839 1
687 839 3
694 839 1
695 839 2
696 839 2
698 839 2
700 839 2
701 839 2
702 839 3
703 839 3
709 839 2
714 839 3
716 839 1
719 839 3
721 839 1
725 839 2
728 839 3
729 839 2
730 839 2
731 839 1
732 839 1
733 839 3
734 839 2
736 839 1
737 839 1
738 839 3
740 839 2
742 839 3
743 839 2
745 839 2
746 839 2
747 839 2
748 839 3
750 839 1
752 839 1
761 839 1
765 839 1
767 839 2
769 839 2
770 839 2
778 839 3
779 839 1
783 839 3
784 839 3
787 839 2
793 839 2
795 839 3
796 839 2
803 839 2
806 839 1
809 839 3
810 839 2
811 839 1
812 839 3
816 839 1
817 839 1
819 839 1
821 839 2
827 839 3
828 839 1
829 839 2
834 839 3
842 839 2
843 839 3
846 839 2
849 839 3
854 839 3
857 839 1
862 839 3
864 839 2
865 839 3
866 839 3
872 839 1
873 839 1
878 839 2
882 839 3
893 839 1
895 839 2
902 839 1
913 839 2
916 839 3
924 839 3
925 839 2
928 839 2
930 839 2
932 839 1
934 839 3
938 839 3
939 839 1
940 839 3
942 839 1
943 839 3
953 839 2
956 839 3
957 839 2
958 839 2
959 839 3
960 839 1
963 839 1
964 839 2
965 839 1
966 839 1
971 839 1
972 839 1
977 839 1
981 839 2
984 839 3
985 839 3
987 839 2
988 839 2
989 839 1
992 839 2
994 839 3
996 839 1
0 840 1
1 840 3
2 840 1
13 840 1
19 840 1
21 840 3
22 840 3
33 840 2
35 840 2
42 840 1
43 840 2
45 840 2
52 840 2
53 840 2
59 840 1
60 840 2
61 840 3
73 840 1
76 840 2
79 840 3
88 840 2
97 840 1
100 840 3
103 840 3
104 840 3
105 840 1
107 840 3
108 840 3
109 840 3
113 840 2
116 840 3
117 840 2
118 840 1
119 840 2
124 840 3
129 840 1
130 840 1
131 840 1
134 840 2
135 840 1
137 840 2
139 840 3
147 840 1
160 840 3
165 840 2
166 840 1
170 840 1
173 840 1
174 840 1
179 840 1
184 840 2
186 840 1
187 840 2
189 840 2
193 840 2
196 840 3
197 840 3
199 840 1
206 840 1
208 840 1
210 840 2
216 840 2
217 840 1
224 840 2
228 840 1
229 840 2
232 840 3
235 840 2
237 840 2
238 840 2
239 840 1
242 840 3
244 840 1
246 840 1
253 840 2
256 840 1
257 840 3
265 840 3
266 840 3
269 840 3
271 840 3
273 840 2
275 840 3
278 840 1
279 840 2
280 840 2
281 840 3
282 840 3
285 840 1
291 840 2
299 840 2
306 840 3
307 840 3
315 840 2
317 840 3
321 840 3
324 840 2
329 840 2
330 840 3
335 840 2
342 840 3
344 840 1
345 840 2
347 840 1
352 840 1
362 840 2
364 840 3
366 840 1
368 840 2
376 840 1
378 840 3
379 840 2
381 840 2
382 840 3
390 840 2
391 840 1
393 840 2
394 840 1
398 840 3
399 840 2
404 840 3
408 840 1
410 840 2
411 840 1
413 840 1
416 840 1
419 840 2
420 840 2
425 840 3
426 840 1
434 840 3
435 840 3
439 840 2
446 840 2
450 840 1
456 840 3
459 840 2
463 840 1
464 840 2
468 840 2
469 840 1
470 840 1
480 840 3
482 840 2
483 840 3
489 840 2
490 840 2
491 840 3
494 840 3
496 840 1
498 840 2
504 840 1
511 840 1
512 840 1
517 840 2
518 840 2
519 840 1
521 840 1
524 840 3
526 840 2
527 840 3
529 840 2
534 840 2
535 840 1
541 840 3
543 840 2
544 840 2
546 840 2
549 840 3
553 840 2
557 840 1
558 840 1
559 840 3
567 840 1
570 840 1
574 840 1
578 840 1
580 840 3
581 840 3
584 840 3
585 840 2
586 840 3
588 840 3
589 840 2
592 840 3
593 840 2
594 840 3
595 840 1
597 840 3
601 840 3
602 840 3
610 840 2
615 840 3
624 840 1
626 840 2
629 840 1
631 840 2
633 840 1
635 840 2
636 840 1
638 840 3
641 840 3
643 840 1
646 840 3
647 840 1
648 840 3
649 840 3
650 840 2
655 840 2
660 840 2
661 840 3
664 840 2
667 840 3
670 840 3
671 840 3
674 840 2
678 840 2
681 840 2
682 840 3
684 840 2
687 840 1
691 840 1
694 840 2
