471 454 1
473 454 1
477 454 1
480 454 3
483 454 1
489 454 3
490 454 2
492 454 2
495 454 1
496 454 3
497 454 2
498 454 2
499 454 1
500 454 1
501 454 1
514 454 3
516 454 3
517 454 3
518 454 1
521 454 3
523 454 2
530 454 3
533 454 3
537 454 2
538 454 2
539 454 3
545 454 3
549 454 1
551 454 3
556 454 2
561 454 2
562 454 1
566 454 3
567 454 1
572 454 3
578 454 2
579 454 1
584 454 2
587 454 1
590 454 2
591 454 1
593 454 1
598 454 2
601 454 1
606 454 2
610 454 3
614 454 2
618 454 1
623 454 3
627 454 1
628 454 3
630 454 3
633 454 2
637 454 2
643 454 1
644 454 1
645 454 2
646 454 2
650 454 2
651 454 1
653 454 1
654 454 1
657 454 1
658 454 2
660 454 1
663 454 3
665 454 3
668 454 2
669 454 2
670 454 1
672 454 2
673 454 3
674 454 2
676 454 1
683 454 2
684 454 2
687 454 2
688 454 3
693 454 1
694 454 1
695 454 3
700 454 1
706 454 2
707 454 3
717 454 2
719 454 2
720 454 3
721 454 3
722 454 2
724 454 1
725 454 2
726 454 3
728 454 1
729 454 1
730 454 3
740 454 2
747 454 1
749 454 1
755 454 3
756 454 2
759 454 2
765 454 1
768 454 1
773 454 1
777 454 3
779 454 1
787 454 2
790 454 1
796 454 3
797 454 1
798 454 1
801 454 3
803 454 3
807 454 1
811 454 1
815 454 3
816 454 2
818 454 3
822 454 1
823 454 2
826 454 3
827 454 1
830 454 2
831 454 3
837 454 1
845 454 1
848 454 3
849 454 3
850 454 3
851 454 1
855 454 3
867 454 2
873 454 1
875 454 2
877 454 3
878 454 3
884 454 3
885 454 2
887 454 2
890 454 1
893 454 1
898 454 1
902 454 3
915 454 1
919 454 3
933 454 3
937 454 2
939 454 2
941 454 3
942 454 2
943 454 3
947 454 3
948 454 2
958 454 1
959 454 1
963 454 1
964 454 3
965 454 2
966 454 3
969 454 1
975 454 1
976 454 1
985 454 3
988 454 3
989 454 3
990 454 3
991 454 2
993 454 3
995 454 1
996 454 2
1 455 2
3 455 3
4 455 1
7 455 2
8 455 1
11 455 3
16 455 2
17 455 3
22 455 2
23 455 1
28 455 2
32 455 1
33 455 1
35 455 2
36 455 3
39 455 1
41 455 2
42 455 2
47 455 1
52 455 1
54 455 3
58 455 1
59 455 3
63 455 1
69 455 1
70 455 1
71 455 1
77 455 2
80 455 1
82 455 2
83 455 3
85 455 3
88 455 2
91 455 3
92 455 2
94 455 2
96 455 1
99 455 2
102 455 3
103 455 3
106 455 1
112 455 1
113 455 3
116 455 1
120 455 3
124 455 3
127 455 2
128 455 2
133 455 1
136 455 2
148 455 3
149 455 2
154 455 3
160 455 1
164 455 3
168 455 1
169 455 2
173 455 2
174 455 3
176 455 3
177 455 3
180 455 2
181 455 2
182 455 1
184 455 3
185 455 2
187 455 1
188 455 3
192 455 1
193 455 2
195 455 2
196 455 2
200 455 1
202 455 2
204 455 2
205 455 1
208 455 3
217 455 2
219 455 2
222 455 2
223 455 2
224 455 1
225 455 1
229 455 3
231 455 1
233 455 3
237 455 1
242 455 1
243 455 1
245 455 3
251 455 1
255 455 3
260 455 2
262 455 3
264 455 3
265 455 2
267 455 1
273 455 3
276 455 3
277 455 1
278 455 2
279 455 3
285 455 1
286 455 3
287 455 2
289 455 2
291 455 2
293 455 1
294 455 1
295 455 2
301 455 2
307 455 1
308 455 3
310 455 3
311 455 3
314 455 2
315 455 1
319 455 2
324 455 2
326 455 2
327 455 3
328 455 2
330 455 2
331 455 1
332 455 3
333 455 2
339 455 1
344 455 2
348 455 3
349 455 2
351 455 2
357 455 1
358 455 3
365 455 1
371 455 1
377 455 3
381 455 1
389 455 3
390 455 3
391 455 2
394 455 3
402 455 1
403 455 1
405 455 2
407 455 2
408 455 1
413 455 1
414 455 1
426 455 2
428 455 2
430 455 3
432 455 3
433 455 3
435 455 3
436 455 2
439 455 2
440 455 2
441 455 1
443 455 1
445 455 3
446 455 1
449 455 3
450 455 1
452 455 1
457 455 1
458 455 3
460 455 2
463 455 1
465 455 1
467 455 3
473 455 3
474 455 3
477 455 3
479 455 1
482 455 2
487 455 2
488 455 3
489 455 2
493 455 3
494 455 2
499 455 2
501 455 3
502 455 3
504 455 3
505 455 1
510 455 1
513 455 3
514 455 1
517 455 2
521 455 2
525 455 1
529 455 1
532 455 3
533 455 2
544 455 2
550 455 2
553 455 2
557 455 2
561 455 3
563 455 2
564 455 1
568 455 1
574 455 1
576 455 2
578 455 1
580 455 2
581 455 2
586 455 1
590 455 1
591 455 2
597 455 1
599 455 1
600 455 3
603 455 2
605 455 3
609 455 2
612 455 3
613 455 2
615 455 3
617 455 1
618 455 1
620 455 2
621 455 2
624 455 3
628 455 2
629 455 2
634 455 3
636 455 3
642 455 1
644 455 3
648 455 2
650 455 2
651 455 1
652 455 1
655 455 3
660 455 1
666 455 2
669 455 1
673 455 2
674 455 2
675 455 3
686 455 1
690 455 1
691 455 2
692 455 2
693 455 2
695 455 1
701 455 2
704 455 3
705 455 3
710 455 3
718 455 3
736 455 3
739 455 3
742 455 2
743 455 2
746 455 3
748 455 1
749 455 2
751 455 1
754 455 3
759 455 1
761 455 1
763 455 3
766 455 2
767 455 3
768 455 2
769 455 3
770 455 3
773 455 2
775 455 2
781 455 1
784 455 2
791 455 2
798 455 3
803 455 1
806 455 3
809 455 3
810 455 2
811 455 3
815 455 2
822 455 2
823 455 1
828 455 1
829 455 3
831 455 3
832 455 3
833 455 3
837 455 2
838 455 1
839 455 1
840 455 2
843 455 1
846 455 2
847 455 1
848 455 1
852 455 1
853 455 1
857 455 3
859 455 3
860 455 1
861 455 2
866 455 3
867 455 1
872 455 3
875 455 3
876 455 1
880 455 3
885 455 1
891 455 2
892 455 1
893 455 1
894 455 3
897 455 2
898 455 1
899 455 2
904 455 3
907 455 3
909 455 2
913 455 2
914 455 2
918 455 3
924 455 1
931 455 1
938 455 1
942 455 3
943 455 1
945 455 2
947 455 3
954 455 2
959 455 2
960 455 2
961 455 2
962 455 2
963 455 3
965 455 2
971 455 1
974 455 2
975 455 3
976 455 1
980 455 1
983 455 2
984 455 1
987 455 3
990 455 1
992 455 3
993 455 3
996 455 2
999 455 2
8 456 3
9 456 3
12 456 2
14 456 1
16 456 3
17 456 1
22 456 1
26 456 2
27 456 3
36 456 2
39 456 1
41 456 1
42 456 2
45 456 1
48 456 1
50 456 1
51 456 2
53 456 3
54 456 3
55 456 1
60 456 2
70 456 2
71 456 3
73 456 2
74 456 2
79 456 1
81 456 2
82 456 3
90 456 3
91 456 1
97 456 2
98 456 2
99 456 2
100 456 3
108 456 3
109 456 1
112 456 3
117 456 3
118 456 2
121 456 1
122 456 2
126 456 2
128 456 3
137 456 3
139 456 3
141 456 1
145 456 2
147 456 2
148 456 2
149 456 2
151 456 3
154 456 2
155 456 2
156 456 1
157 456 3
162 456 1
173 456 2
174 456 3
175 456 1
179 456 3
181 456 2
182 456 2
185 456 2
186 456 1
190 456 3
193 456 1
196 456 3
201 456 1
202 456 2
207 456 3
210 456 2
211 456 3
216 456 1
219 456 2
222 456 2
223 456 1
226 456 3
229 456 1
232 456 1
234 456 3
235 456 1
236 456 3
237 456 1
238 456 2
241 456 2
249 456 3
251 456 3
252 456 1
256 456 2
259 456 1
260 456 3
261 456 2
262 456 1
263 456 2
264 456 3
267 456 3
273 456 3
282 456 1
284 456 2
286 456 3
289 456 3
290 456 2
291 456 3
293 456 1
295 456 2
297 456 2
311 456 3
312 456 3
313 456 2
316 456 2
320 456 2
327 456 1
330 456 2
334 456 3
336 456 3
348 456 2
352 456 2
368 456 2
371 456 1
372 456 1
376 456 2
377 456 1
378 456 3
384 456 1
387 456 1
390 456 1
391 456 2
396 456 1
401 456 1
405 456 2
407 456 3
410 456 1
412 456 2
417 456 3
422 456 3
424 456 2
433 456 2
436 456 2
440 456 3
443 456 1
450 456 3
452 456 1
456 456 1
465 456 1
466 456 3
470 456 3
471 456 3
