391 778 1
395 778 2
400 778 2
401 778 3
402 778 3
404 778 1
407 778 3
408 778 2
414 778 1
415 778 2
419 778 3
424 778 1
425 778 3
426 778 2
428 778 1
438 778 3
441 778 3
442 778 2
443 778 1
444 778 1
448 778 1
449 778 2
453 778 3
455 778 3
457 778 1
459 778 3
460 778 1
462 778 3
463 778 1
464 778 1
468 778 2
474 778 3
478 778 3
482 778 2
483 778 2
486 778 1
487 778 3
488 778 2
492 778 2
493 778 1
495 778 1
496 778 1
506 778 2
509 778 3
512 778 3
521 778 3
523 778 2
525 778 3
527 778 2
528 778 3
530 778 2
533 778 3
536 778 2
538 778 1
543 778 3
550 778 1
553 778 2
555 778 3
556 778 1
561 778 1
564 778 1
568 778 1
569 778 3
570 778 1
571 778 1
572 778 1
578 778 1
579 778 1
582 778 2
585 778 1
588 778 2
595 778 1
598 778 3
599 778 2
610 778 2
612 778 3
614 778 2
621 778 1
624 778 2
630 778 3
632 778 1
636 778 2
637 778 3
638 778 1
642 778 1
648 778 1
654 778 2
656 778 3
659 778 3
665 778 1
667 778 2
669 778 2
671 778 1
672 778 2
673 778 3
675 778 2
676 778 2
677 778 3
680 778 2
681 778 2
687 778 2
694 778 1
696 778 1
699 778 2
704 778 2
709 778 3
710 778 3
715 778 3
717 778 2
720 778 2
725 778 3
727 778 3
728 778 3
732 778 1
734 778 3
737 778 3
740 778 2
742 778 3
747 778 1
749 778 3
752 778 1
753 778 1
754 778 1
757 778 1
759 778 1
761 778 1
763 778 3
765 778 3
768 778 3
769 778 2
770 778 2
772 778 3
774 778 3
776 778 3
777 778 3
781 778 3
783 778 1
789 778 3
791 778 3
799 778 3
801 778 1
807 778 3
811 778 3
813 778 1
816 778 1
817 778 1
820 778 3
825 778 3
826 778 2
830 778 3
832 778 1
833 778 2
836 778 2
843 778 1
844 778 1
846 778 3
850 778 3
851 778 2
853 778 3
855 778 2
857 778 3
858 778 2
862 778 2
865 778 3
867 778 3
868 778 2
869 778 2
871 778 3
874 778 3
875 778 1
876 778 3
877 778 2
879 778 2
880 778 2
889 778 1
890 778 3
893 778 1
897 778 3
901 778 1
905 778 2
909 778 1
910 778 1
913 778 3
916 778 1
921 778 3
924 778 3
925 778 1
933 778 1
934 778 2
938 778 3
940 778 1
943 778 1
948 778 2
949 778 1
954 778 1
955 778 3
957 778 2
959 778 2
964 778 3
965 778 3
969 778 3
974 778 1
976 778 2
980 778 3
983 778 1
989 778 2
993 778 1
995 778 1
997 778 1
3 779 2
5 779 3
6 779 1
9 779 2
13 779 1
16 779 2
17 779 1
18 779 3
21 779 2
27 779 2
30 779 3
32 779 1
33 779 3
39 779 2
40 779 1
43 779 2
44 779 1
45 779 2
46 779 2
49 779 3
50 779 2
51 779 3
52 779 3
53 779 1
56 779 3
57 779 2
59 779 2
60 779 1
73 779 1
77 779 2
80 779 2
83 779 3
89 779 3
91 779 3
97 779 3
107 779 2
108 779 1
109 779 3
118 779 3
119 779 3
124 779 3
130 779 3
133 779 1
135 779 3
141 779 3
143 779 3
144 779 3
145 779 1
146 779 2
147 779 1
148 779 1
151 779 2
152 779 3
156 779 2
160 779 2
164 779 1
165 779 2
166 779 3
168 779 1
169 779 2
171 779 1
172 779 2
174 779 1
175 779 1
180 779 3
182 779 2
187 779 2
189 779 1
190 779 2
191 779 2
192 779 3
193 779 2
195 779 3
201 779 2
202 779 3
203 779 1
206 779 3
212 779 1
213 779 1
221 779 3
222 779 2
223 779 2
225 779 1
226 779 1
229 779 2
233 779 2
237 779 2
238 779 2
239 779 3
240 779 3
245 779 2
252 779 3
254 779 3
257 779 3
258 779 1
260 779 2
261 779 3
267 779 3
269 779 3
270 779 3
275 779 1
279 779 2
283 779 3
285 779 3
286 779 1
288 779 2
289 779 1
290 779 2
297 779 2
302 779 3
309 779 2
312 779 1
313 779 1
319 779 3
320 779 2
322 779 2
326 779 1
331 779 2
348 779 1
351 779 2
356 779 3
358 779 2
374 779 3
375 779 1
378 779 3
379 779 3
380 779 2
385 779 1
388 779 3
389 779 2
396 779 3
399 779 1
402 779 1
405 779 2
409 779 3
410 779 1
413 779 1
414 779 2
423 779 3
425 779 2
426 779 1
428 779 3
431 779 3
433 779 3
434 779 1
436 779 2
440 779 2
441 779 1
443 779 2
447 779 1
449 779 2
453 779 3
457 779 2
460 779 1
464 779 1
469 779 2
470 779 2
476 779 3
478 779 2
480 779 1
486 779 1
488 779 1
489 779 2
493 779 2
502 779 2
505 779 2
506 779 3
512 779 3
513 779 3
514 779 3
518 779 3
519 779 2
521 779 2
522 779 2
525 779 3
530 779 1
532 779 1
534 779 2
537 779 2
541 779 1
542 779 1
543 779 2
544 779 2
547 779 2
548 779 3
549 779 1
550 779 3
552 779 3
553 779 2
554 779 3
557 779 3
562 779 3
565 779 3
572 779 3
575 779 1
576 779 2
582 779 2
583 779 3
586 779 2
590 779 2
592 779 2
596 779 3
599 779 1
601 779 2
614 779 3
623 779 3
630 779 1
631 779 3
633 779 2
634 779 1
638 779 3
651 779 3
654 779 3
659 779 1
660 779 2
666 779 3
668 779 1
669 779 1
670 779 2
678 779 1
686 779 1
688 779 1
691 779 3
692 779 1
695 779 2
701 779 3
702 779 1
707 779 2
709 779 1
710 779 2
713 779 2
717 779 1
724 779 3
726 779 2
731 779 3
734 779 1
737 779 3
743 779 3
748 779 3
750 779 1
752 779 3
755 779 1
756 779 2
760 779 2
763 779 2
764 779 3
765 779 2
767 779 1
768 779 1
775 779 1
776 779 2
777 779 3
779 779 3
781 779 2
786 779 3
787 779 3
790 779 2
792 779 3
799 779 1
800 779 2
801 779 2
803 779 3
809 779 2
813 779 2
816 779 2
819 779 1
820 779 1
822 779 3
824 779 2
827 779 2
828 779 3
830 779 1
834 779 3
839 779 2
840 779 1
841 779 1
842 779 3
844 779 3
846 779 1
850 779 3
851 779 1
852 779 2
853 779 2
856 779 3
861 779 3
862 779 3
865 779 3
866 779 3
868 779 1
869 779 1
874 779 2
876 779 1
877 779 1
878 779 2
879 779 2
880 779 3
884 779 2
885 779 3
886 779 2
888 779 2
889 779 1
891 779 2
905 779 3
910 779 3
914 779 3
918 779 2
919 779 2
920 779 1
923 779 1
926 779 2
927 779 3
928 779 2
936 779 1
940 779 3
947 779 3
948 779 3
949 779 1
950 779 1
956 779 3
958 779 2
967 779 1
968 779 2
969 779 3
975 779 2
976 779 1
983 779 2
989 779 1
995 779 2
996 779 3
0 780 1
14 780 3
17 780 1
18 780 3
22 780 1
27 780 3
31 780 1
33 780 2
36 780 3
42 780 1
44 780 2
46 780 2
49 780 3
50 780 2
51 780 1
52 780 2
53 780 1
57 780 2
60 780 2
67 780 3
69 780 1
70 780 2
74 780 2
75 780 2
76 780 1
82 780 3
83 780 3
84 780 2
85 780 2
91 780 1
93 780 3
95 780 2
99 780 3
112 780 3
115 780 1
116 780 2
121 780 1
122 780 1
123 780 2
124 780 1
125 780 2
127 780 3
129 780 3
131 780 2
133 780 2
139 780 3
140 780 2
147 780 3
150 780 2
158 780 3
160 780 3
162 780 3
164 780 1
167 780 3
172 780 1
175 780 3
181 780 1
182 780 3
184 780 3
187 780 3
190 780 1
191 780 3
192 780 1
193 780 2
195 780 1
201 780 1
204 780 3
206 780 3
210 780 2
214 780 2
219 780 1
221 780 3
226 780 2
227 780 1
228 780 3
229 780 3
230 780 1
238 780 1
239 780 3
249 780 2
254 780 1
256 780 1
258 780 1
261 780 1
265 780 2
271 780 3
277 780 3
279 780 2
282 780 2
284 780 3
288 780 3
292 780 3
295 780 3
303 780 2
304 780 1
305 780 2
307 780 2
309 780 1
311 780 1
314 780 2
315 780 3
317 780 1
328 780 2
332 780 2
334 780 2
343 780 1
346 780 1
347 780 2
348 780 2
349 780 3
351 780 2
352 780 1
353 780 3
354 780 1
355 780 3
357 780 2
366 780 2
369 780 2
372 780 1
374 780 2
379 780 3
381 780 2
382 780 1
383 780 2
387 780 2
390 780 2
393 780 3
397 780 2
