552 694 1
555 694 3
567 694 2
574 694 1
575 694 2
576 694 2
577 694 3
579 694 2
591 694 3
592 694 3
595 694 2
597 694 2
600 694 3
601 694 3
602 694 2
603 694 3
605 694 3
606 694 2
607 694 1
608 694 3
614 694 3
617 694 1
620 694 1
622 694 1
624 694 3
628 694 2
629 694 1
630 694 2
631 694 3
634 694 1
635 694 2
640 694 3
648 694 2
652 694 1
658 694 3
663 694 3
673 694 2
674 694 1
676 694 1
677 694 3
678 694 3
681 694 2
682 694 1
684 694 1
686 694 2
690 694 3
691 694 2
692 694 1
693 694 1
696 694 2
697 694 3
698 694 3
702 694 3
703 694 1
709 694 2
714 694 3
715 694 2
720 694 1
722 694 2
723 694 3
731 694 3
733 694 2
749 694 1
751 694 2
755 694 3
760 694 2
761 694 2
764 694 1
765 694 1
767 694 2
772 694 1
774 694 3
775 694 1
780 694 1
781 694 2
783 694 2
784 694 3
785 694 3
786 694 3
787 694 2
788 694 3
789 694 3
792 694 3
793 694 1
794 694 1
796 694 1
799 694 2
800 694 1
801 694 2
802 694 2
804 694 2
808 694 2
810 694 2
817 694 1
819 694 2
820 694 3
823 694 2
824 694 3
826 694 1
827 694 3
828 694 3
831 694 1
832 694 1
833 694 2
837 694 3
840 694 2
842 694 3
844 694 2
847 694 3
849 694 1
850 694 1
854 694 1
856 694 1
857 694 1
859 694 1
861 694 2
868 694 3
869 694 3
870 694 3
871 694 3
874 694 3
876 694 2
883 694 1
887 694 3
890 694 1
891 694 2
892 694 3
896 694 2
898 694 3
900 694 3
901 694 2
903 694 1
905 694 3
906 694 3
907 694 1
908 694 3
910 694 2
913 694 2
915 694 1
918 694 2
924 694 3
925 694 2
929 694 2
932 694 3
934 694 1
936 694 3
937 694 2
938 694 2
939 694 1
940 694 1
946 694 3
947 694 3
948 694 2
951 694 1
954 694 2
960 694 1
962 694 3
963 694 1
966 694 2
969 694 3
973 694 3
975 694 2
977 694 3
979 694 3
983 694 2
988 694 2
989 694 2
990 694 2
991 694 1
992 694 2
995 694 1
997 694 3
998 694 3
7 695 3
12 695 2
16 695 3
18 695 3
21 695 1
22 695 2
24 695 1
26 695 1
28 695 1
29 695 3
35 695 3
36 695 1
37 695 2
41 695 3
42 695 1
46 695 1
47 695 2
51 695 2
54 695 1
55 695 2
58 695 3
59 695 2
62 695 2
66 695 1
76 695 2
77 695 3
83 695 2
88 695 1
90 695 2
94 695 3
95 695 1
96 695 1
98 695 1
99 695 2
101 695 2
102 695 2
104 695 1
110 695 2
111 695 1
112 695 3
113 695 2
117 695 1
120 695 1
121 695 2
129 695 3
134 695 3
136 695 3
141 695 2
142 695 1
144 695 2
145 695 1
146 695 3
147 695 1
150 695 1
151 695 1
158 695 3
162 695 1
166 695 2
170 695 1
176 695 3
184 695 2
187 695 3
188 695 2
190 695 2
191 695 2
192 695 1
195 695 3
197 695 2
205 695 1
213 695 2
214 695 1
215 695 2
219 695 1
220 695 2
223 695 2
229 695 1
230 695 3
235 695 3
236 695 2
241 695 3
242 695 2
243 695 3
246 695 2
247 695 3
249 695 2
250 695 1
251 695 1
256 695 2
258 695 1
261 695 3
264 695 1
265 695 3
268 695 3
277 695 2
279 695 1
280 695 1
289 695 3
291 695 1
292 695 2
294 695 3
295 695 3
300 695 1
301 695 2
302 695 2
303 695 2
304 695 2
312 695 1
316 695 3
318 695 1
319 695 2
323 695 2
334 695 1
339 695 2
346 695 1
347 695 3
351 695 2
355 695 2
364 695 2
369 695 1
376 695 1
377 695 3
378 695 1
381 695 3
388 695 3
394 695 2
397 695 2
407 695 3
410 695 3
411 695 1
414 695 3
415 695 1
425 695 1
426 695 1
428 695 1
431 695 3
432 695 2
435 695 3
449 695 3
455 695 2
457 695 1
461 695 1
462 695 1
464 695 2
465 695 3
467 695 2
468 695 3
473 695 2
474 695 1
475 695 3
476 695 3
477 695 1
479 695 2
482 695 3
485 695 3
487 695 1
490 695 2
493 695 2
496 695 3
498 695 3
507 695 3
512 695 3
513 695 3
514 695 1
526 695 2
532 695 1
538 695 3
541 695 3
542 695 3
544 695 2
547 695 3
556 695 3
562 695 2
564 695 2
567 695 2
568 695 1
570 695 3
574 695 1
583 695 2
585 695 3
588 695 2
590 695 2
592 695 1
598 695 2
600 695 3
601 695 2
605 695 3
606 695 3
610 695 3
611 695 2
613 695 2
619 695 2
623 695 1
626 695 1
638 695 3
645 695 2
655 695 2
656 695 2
659 695 1
664 695 3
667 695 3
669 695 3
670 695 3
671 695 3
674 695 1
675 695 3
682 695 1
683 695 3
685 695 1
686 695 3
688 695 2
693 695 2
695 695 1
696 695 2
699 695 2
700 695 3
704 695 2
708 695 3
709 695 1
710 695 2
711 695 3
713 695 1
723 695 3
725 695 3
726 695 3
727 695 3
730 695 3
732 695 2
736 695 3
743 695 3
744 695 2
748 695 3
750 695 2
753 695 3
755 695 1
756 695 1
758 695 2
768 695 2
769 695 1
770 695 2
780 695 1
781 695 3
788 695 3
794 695 2
797 695 2
809 695 3
810 695 2
813 695 1
817 695 1
819 695 1
821 695 3
824 695 1
826 695 3
828 695 1
830 695 1
832 695 3
834 695 1
843 695 3
845 695 2
848 695 1
850 695 1
857 695 1
859 695 1
860 695 2
865 695 2
879 695 1
882 695 1
884 695 2
888 695 1
891 695 1
893 695 1
894 695 1
898 695 3
916 695 3
917 695 2
921 695 1
924 695 2
928 695 3
935 695 3
937 695 1
942 695 3
943 695 1
945 695 2
946 695 3
947 695 2
949 695 1
950 695 2
951 695 3
952 695 1
955 695 2
957 695 2
962 695 2
966 695 2
967 695 3
973 695 3
974 695 3
977 695 2
979 695 2
984 695 3
986 695 3
987 695 3
989 695 1
991 695 2
994 695 1
995 695 1
996 695 3
998 695 3
999 695 1
3 696 1
5 696 1
6 696 1
11 696 3
15 696 2
16 696 3
19 696 2
24 696 3
26 696 3
31 696 3
33 696 2
35 696 1
37 696 3
38 696 1
41 696 3
42 696 3
44 696 2
46 696 3
51 696 3
53 696 2
54 696 3
55 696 3
58 696 3
59 696 3
62 696 2
71 696 3
73 696 1
74 696 1
75 696 2
79 696 1
83 696 2
86 696 2
87 696 1
99 696 2
103 696 3
108 696 2
114 696 1
118 696 1
120 696 1
123 696 3
124 696 3
126 696 3
129 696 2
132 696 2
133 696 1
134 696 2
141 696 3
150 696 2
153 696 2
155 696 3
166 696 3
167 696 2
173 696 3
174 696 3
175 696 3
184 696 1
186 696 1
187 696 3
195 696 2
197 696 3
198 696 1
202 696 1
204 696 1
207 696 3
208 696 2
211 696 3
214 696 1
215 696 1
223 696 1
226 696 3
230 696 3
231 696 2
232 696 3
235 696 3
237 696 3
242 696 3
243 696 3
244 696 2
246 696 3
255 696 2
266 696 1
267 696 2
268 696 1
271 696 3
275 696 3
276 696 1
277 696 3
281 696 3
282 696 1
284 696 3
288 696 2
290 696 2
292 696 3
293 696 1
294 696 3
296 696 1
297 696 1
300 696 1
305 696 2
307 696 2
308 696 2
313 696 2
318 696 1
320 696 3
321 696 3
335 696 2
336 696 3
337 696 1
338 696 2
341 696 1
343 696 3
345 696 3
353 696 1
359 696 2
370 696 1
375 696 3
381 696 2
385 696 2
391 696 1
392 696 1
405 696 2
407 696 3
411 696 2
418 696 1
419 696 2
420 696 2
424 696 3
430 696 3
431 696 1
434 696 3
438 696 3
441 696 2
444 696 3
446 696 2
452 696 3
455 696 1
460 696 1
462 696 3
465 696 1
466 696 1
470 696 1
474 696 1
476 696 2
477 696 1
479 696 2
482 696 1
484 696 3
485 696 3
486 696 1
487 696 3
492 696 1
496 696 1
498 696 1
502 696 1
503 696 2
504 696 2
506 696 3
508 696 3
510 696 1
512 696 2
516 696 2
519 696 3
521 696 3
523 696 3
524 696 1
528 696 3
535 696 2
540 696 2
544 696 2
550 696 1
553 696 1
559 696 2
564 696 2
569 696 3
570 696 3
571 696 1
572 696 1
579 696 2
580 696 2
582 696 1
583 696 2
584 696 3
587 696 2
588 696 2
591 696 1
592 696 3
