523 177 2
524 177 2
527 177 3
529 177 2
543 177 2
545 177 1
546 177 3
552 177 3
554 177 3
558 177 1
559 177 3
560 177 2
562 177 3
564 177 1
568 177 3
571 177 2
572 177 3
577 177 3
578 177 1
580 177 2
584 177 1
585 177 1
592 177 3
594 177 1
596 177 1
600 177 2
604 177 2
614 177 2
615 177 3
619 177 2
620 177 2
621 177 2
623 177 3
624 177 3
627 177 1
628 177 3
629 177 3
630 177 3
631 177 3
634 177 3
636 177 2
637 177 3
642 177 2
643 177 3
644 177 2
645 177 2
652 177 3
653 177 2
659 177 1
663 177 2
669 177 2
670 177 2
674 177 3
677 177 2
681 177 3
682 177 1
685 177 2
688 177 3
692 177 2
694 177 2
696 177 2
701 177 1
707 177 3
708 177 1
709 177 2
712 177 1
718 177 3
719 177 2
720 177 2
724 177 3
725 177 2
729 177 2
732 177 1
737 177 2
744 177 1
750 177 1
751 177 3
752 177 3
753 177 2
754 177 1
755 177 2
759 177 1
760 177 1
765 177 2
766 177 3
771 177 2
777 177 3
780 177 3
783 177 3
784 177 3
785 177 1
786 177 1
803 177 2
805 177 2
808 177 2
810 177 1
816 177 3
827 177 2
831 177 2
833 177 2
838 177 3
842 177 2
844 177 1
846 177 3
848 177 3
858 177 3
865 177 2
873 177 3
874 177 1
875 177 2
876 177 2
879 177 3
882 177 2
883 177 3
885 177 3
887 177 1
888 177 1
894 177 3
897 177 1
901 177 1
902 177 3
905 177 3
907 177 3
912 177 3
916 177 3
921 177 3
931 177 3
933 177 1
936 177 1
938 177 3
939 177 1
944 177 3
949 177 3
950 177 1
955 177 2
956 177 2
966 177 1
968 177 1
970 177 1
971 177 2
973 177 3
974 177 2
977 177 1
978 177 2
980 177 1
983 177 1
985 177 3
986 177 3
989 177 2
993 177 1
995 177 3
996 177 2
1 178 1
2 178 2
6 178 3
7 178 1
8 178 2
11 178 3
12 178 1
15 178 1
19 178 2
25 178 3
27 178 3
28 178 2
29 178 1
32 178 2
38 178 1
46 178 2
47 178 2
51 178 2
54 178 3
55 178 1
59 178 1
61 178 2
63 178 2
67 178 3
72 178 3
74 178 1
77 178 1
80 178 1
82 178 2
86 178 3
91 178 1
92 178 1
93 178 2
96 178 1
97 178 2
113 178 2
117 178 3
118 178 2
122 178 2
126 178 3
128 178 1
129 178 1
132 178 2
133 178 2
138 178 1
141 178 1
145 178 3
149 178 3
150 178 1
153 178 3
161 178 3
175 178 1
181 178 3
183 178 3
184 178 1
185 178 1
186 178 2
193 178 2
196 178 3
202 178 3
203 178 1
204 178 3
211 178 3
212 178 3
217 178 2
218 178 3
220 178 2
224 178 2
226 178 3
229 178 3
231 178 1
232 178 1
242 178 1
248 178 1
253 178 3
254 178 2
257 178 3
261 178 1
263 178 2
268 178 3
276 178 2
278 178 2
279 178 2
280 178 1
286 178 3
287 178 2
288 178 1
289 178 2
291 178 1
293 178 2
295 178 2
302 178 2
308 178 1
313 178 3
314 178 3
316 178 2
324 178 1
331 178 3
332 178 2
336 178 1
338 178 2
341 178 3
342 178 3
347 178 2
349 178 2
355 178 1
357 178 1
360 178 2
367 178 2
368 178 1
370 178 2
372 178 1
373 178 2
376 178 1
378 178 1
381 178 2
384 178 1
394 178 2
396 178 1
399 178 3
401 178 1
402 178 1
404 178 1
407 178 1
410 178 2
411 178 2
414 178 3
418 178 3
423 178 2
428 178 1
430 178 3
431 178 3
436 178 3
437 178 3
440 178 3
441 178 2
443 178 1
445 178 1
448 178 1
449 178 1
450 178 2
454 178 2
456 178 2
457 178 2
458 178 3
467 178 2
473 178 1
474 178 2
476 178 3
477 178 1
479 178 2
480 178 1
484 178 2
490 178 3
492 178 3
494 178 3
496 178 1
509 178 3
516 178 2
525 178 3
526 178 1
530 178 1
533 178 3
534 178 3
535 178 1
538 178 2
539 178 3
542 178 1
544 178 3
549 178 2
554 178 3
555 178 1
559 178 1
565 178 1
567 178 3
580 178 3
581 178 3
582 178 1
585 178 2
588 178 1
592 178 1
594 178 3
609 178 2
612 178 1
614 178 2
616 178 2
617 178 1
624 178 1
626 178 3
629 178 1
630 178 3
631 178 3
632 178 2
635 178 1
636 178 1
639 178 1
642 178 1
648 178 3
652 178 3
653 178 1
655 178 2
656 178 3
658 178 3
659 178 1
666 178 3
667 178 2
670 178 1
671 178 3
672 178 2
673 178 3
680 178 2
683 178 2
687 178 3
688 178 2
692 178 2
697 178 1
699 178 1
702 178 1
703 178 2
709 178 2
711 178 1
713 178 1
714 178 3
717 178 2
720 178 3
721 178 3
723 178 1
726 178 3
729 178 1
730 178 3
731 178 3
742 178 3
748 178 2
751 178 2
753 178 1
754 178 2
757 178 2
758 178 3
767 178 3
776 178 1
777 178 1
781 178 3
782 178 2
783 178 2
784 178 3
793 178 2
797 178 1
800 178 2
801 178 2
805 178 2
807 178 2
808 178 3
810 178 1
813 178 3
822 178 2
827 178 1
830 178 1
831 178 3
833 178 2
842 178 2
843 178 2
845 178 2
853 178 3
854 178 1
859 178 3
861 178 1
863 178 3
867 178 2
868 178 1
872 178 3
880 178 3
882 178 3
883 178 2
884 178 3
887 178 3
891 178 2
892 178 2
893 178 3
897 178 3
899 178 3
906 178 1
914 178 3
918 178 1
922 178 3
925 178 3
929 178 2
933 178 2
934 178 2
937 178 3
940 178 3
943 178 1
947 178 3
948 178 2
950 178 2
951 178 1
954 178 2
972 178 3
974 178 1
975 178 2
977 178 3
979 178 1
980 178 3
984 178 3
987 178 3
988 178 3
992 178 1
995 178 3
997 178 1
998 178 2
1 179 2
3 179 2
4 179 1
6 179 1
7 179 1
8 179 2
10 179 2
12 179 1
14 179 3
18 179 2
21 179 1
24 179 1
26 179 1
31 179 3
32 179 3
39 179 1
41 179 1
42 179 1
43 179 3
46 179 2
49 179 2
52 179 2
55 179 2
56 179 2
58 179 1
59 179 1
61 179 1
62 179 1
66 179 2
67 179 3
68 179 2
74 179 1
75 179 1
76 179 1
79 179 1
84 179 1
90 179 3
92 179 2
93 179 2
98 179 3
104 179 3
109 179 1
116 179 1
118 179 2
122 179 1
125 179 3
128 179 2
130 179 3
133 179 1
134 179 3
136 179 1
137 179 3
140 179 3
143 179 2
145 179 3
146 179 1
147 179 1
149 179 3
158 179 2
163 179 1
164 179 1
165 179 2
167 179 1
168 179 2
171 179 1
175 179 3
176 179 1
177 179 2
178 179 3
181 179 3
187 179 2
190 179 3
195 179 1
196 179 3
198 179 2
204 179 3
206 179 3
208 179 1
210 179 3
213 179 1
214 179 1
216 179 3
217 179 2
218 179 1
219 179 1
225 179 1
229 179 2
230 179 1
232 179 1
233 179 2
235 179 1
240 179 3
241 179 1
242 179 1
244 179 3
250 179 2
252 179 1
253 179 3
256 179 1
258 179 2
262 179 3
265 179 1
267 179 3
270 179 2
275 179 1
276 179 2
277 179 2
280 179 1
281 179 3
285 179 2
291 179 1
295 179 3
296 179 2
300 179 3
301 179 2
313 179 2
315 179 1
321 179 2
322 179 3
326 179 3
332 179 1
333 179 2
334 179 1
338 179 3
344 179 1
345 179 3
350 179 1
353 179 1
354 179 3
355 179 3
357 179 3
362 179 2
368 179 3
372 179 2
373 179 3
376 179 1
380 179 3
381 179 3
382 179 2
389 179 1
390 179 1
393 179 2
396 179 2
399 179 1
402 179 1
404 179 2
408 179 1
411 179 1
414 179 2
423 179 3
426 179 3
430 179 3
431 179 2
434 179 2
437 179 3
439 179 3
440 179 1
443 179 3
444 179 3
450 179 3
451 179 1
459 179 1
472 179 1
478 179 1
482 179 2
488 179 1
492 179 1
493 179 2
494 179 2
500 179 2
503 179 3
506 179 1
507 179 1
508 179 3
511 179 2
513 179 1
517 179 1
521 179 2
524 179 2
525 179 3
526 179 3
529 179 1
532 179 3
534 179 3
538 179 3
539 179 2
541 179 3
543 179 3
546 179 1
552 179 3
555 179 1
556 179 1
558 179 2
560 179 1
565 179 3
569 179 3
572 179 1
576 179 2
581 179 1
583 179 2
584 179 2
592 179 1
595 179 2
601 179 1
605 179 3
