341 958 3
349 958 2
353 958 2
358 958 1
360 958 1
368 958 3
373 958 1
375 958 1
376 958 3
377 958 2
378 958 1
379 958 2
383 958 1
386 958 1
387 958 2
391 958 3
392 958 2
396 958 3
398 958 3
401 958 2
402 958 2
403 958 2
404 958 2
405 958 2
408 958 2
410 958 1
413 958 1
414 958 3
415 958 3
421 958 3
429 958 3
431 958 2
435 958 2
438 958 3
445 958 1
447 958 1
448 958 1
453 958 3
454 958 3
456 958 1
460 958 3
461 958 3
462 958 1
469 958 1
470 958 2
472 958 2
475 958 1
476 958 2
477 958 3
486 958 1
487 958 3
489 958 3
490 958 1
491 958 1
492 958 2
495 958 2
505 958 3
509 958 1
510 958 3
521 958 2
524 958 2
534 958 1
535 958 3
537 958 3
539 958 2
540 958 2
541 958 3
545 958 3
549 958 2
553 958 2
554 958 2
556 958 2
558 958 2
559 958 2
561 958 2
564 958 3
565 958 1
569 958 2
570 958 3
571 958 3
572 958 3
573 958 1
574 958 3
576 958 1
577 958 1
578 958 3
579 958 2
580 958 3
583 958 1
584 958 3
587 958 1
597 958 3
604 958 1
608 958 3
609 958 2
612 958 1
615 958 2
617 958 1
625 958 1
626 958 2
630 958 1
633 958 3
636 958 3
641 958 3
643 958 1
645 958 2
647 958 2
649 958 2
651 958 2
654 958 1
659 958 1
661 958 3
662 958 1
663 958 2
668 958 2
670 958 1
671 958 3
672 958 3
673 958 3
677 958 2
678 958 2
679 958 2
680 958 3
682 958 3
683 958 1
687 958 3
690 958 2
693 958 2
695 958 3
697 958 2
707 958 1
709 958 2
713 958 2
714 958 3
715 958 3
718 958 3
719 958 1
721 958 3
727 958 1
730 958 2
731 958 1
735 958 1
736 958 2
739 958 1
740 958 1
742 958 2
746 958 3
751 958 3
752 958 2
756 958 3
757 958 1
758 958 3
762 958 2
771 958 3
782 958 3
790 958 1
793 958 2
796 958 3
797 958 3
800 958 2
803 958 2
804 958 1
805 958 2
813 958 2
814 958 1
815 958 3
816 958 2
818 958 2
821 958 1
822 958 2
823 958 1
827 958 3
829 958 3
831 958 2
832 958 1
835 958 2
840 958 3
842 958 2
852 958 2
856 958 1
860 958 3
861 958 3
867 958 1
871 958 3
874 958 2
876 958 3
877 958 3
883 958 1
893 958 1
895 958 3
898 958 3
899 958 2
904 958 2
907 958 3
908 958 2
909 958 2
914 958 2
916 958 3
917 958 2
919 958 3
921 958 3
923 958 2
927 958 1
928 958 1
930 958 1
937 958 1
939 958 3
941 958 3
944 958 3
947 958 3
950 958 3
960 958 2
961 958 3
970 958 2
973 958 3
978 958 3
982 958 1
985 958 1
990 958 2
992 958 3
0 959 2
1 959 1
4 959 1
8 959 3
11 959 3
12 959 2
14 959 1
15 959 2
17 959 1
20 959 3
21 959 2
23 959 1
26 959 3
27 959 2
32 959 1
35 959 3
37 959 3
38 959 2
42 959 1
43 959 2
57 959 2
63 959 1
69 959 1
73 959 3
75 959 3
76 959 2
80 959 3
81 959 1
82 959 1
83 959 2
87 959 2
88 959 3
91 959 3
96 959 2
98 959 1
100 959 1
103 959 3
104 959 1
106 959 3
108 959 2
111 959 1
116 959 2
120 959 3
124 959 2
126 959 3
127 959 2
130 959 2
132 959 1
134 959 1
135 959 1
136 959 3
137 959 1
140 959 3
141 959 3
143 959 3
152 959 3
162 959 3
164 959 1
166 959 2
171 959 1
173 959 2
175 959 1
183 959 1
185 959 2
186 959 1
188 959 2
191 959 1
194 959 1
198 959 3
199 959 1
207 959 2
215 959 2
222 959 1
225 959 1
228 959 1
232 959 2
234 959 1
238 959 2
239 959 3
240 959 3
242 959 3
243 959 1
245 959 1
247 959 2
251 959 2
255 959 2
257 959 3
259 959 1
260 959 3
262 959 1
265 959 2
272 959 1
277 959 1
279 959 2
280 959 1
282 959 2
292 959 2
294 959 2
295 959 2
296 959 3
297 959 1
298 959 2
299 959 3
303 959 2
309 959 3
311 959 1
313 959 3
318 959 2
320 959 2
324 959 2
330 959 3
331 959 3
334 959 2
336 959 1
340 959 3
342 959 3
343 959 1
349 959 2
356 959 1
357 959 2
359 959 1
362 959 1
371 959 3
373 959 1
374 959 3
376 959 3
377 959 2
380 959 1
382 959 1
391 959 2
398 959 2
399 959 2
401 959 1
403 959 2
406 959 1
407 959 2
409 959 1
410 959 3
413 959 1
417 959 3
419 959 1
423 959 3
424 959 1
430 959 3
431 959 2
432 959 2
433 959 3
435 959 2
438 959 1
440 959 1
442 959 3
448 959 2
451 959 1
452 959 3
453 959 1
454 959 3
456 959 2
458 959 1
460 959 1
461 959 2
463 959 3
465 959 3
474 959 2
483 959 2
485 959 1
486 959 2
488 959 2
489 959 2
490 959 2
491 959 1
495 959 2
496 959 2
499 959 1
503 959 3
505 959 3
507 959 1
510 959 2
514 959 1
520 959 2
521 959 1
526 959 2
529 959 3
530 959 2
532 959 1
538 959 3
543 959 2
552 959 3
553 959 1
563 959 3
566 959 3
567 959 1
577 959 3
579 959 1
583 959 2
585 959 3
586 959 1
591 959 1
593 959 3
595 959 3
596 959 2
604 959 2
609 959 2
612 959 3
619 959 2
621 959 2
625 959 1
628 959 2
630 959 2
633 959 3
638 959 2
642 959 2
644 959 1
647 959 2
649 959 1
654 959 3
659 959 1
663 959 3
664 959 1
668 959 3
669 959 2
671 959 3
672 959 2
680 959 3
682 959 3
684 959 2
687 959 3
688 959 1
691 959 2
693 959 1
694 959 1
699 959 3
702 959 1
708 959 3
709 959 2
712 959 2
715 959 2
716 959 3
720 959 1
723 959 1
725 959 1
726 959 2
729 959 1
730 959 1
733 959 1
753 959 2
754 959 2
755 959 2
761 959 1
768 959 1
772 959 2
774 959 3
782 959 2
783 959 1
784 959 2
785 959 1
787 959 3
792 959 1
794 959 3
801 959 1
803 959 3
807 959 1
815 959 3
816 959 3
821 959 2
825 959 1
826 959 3
830 959 3
832 959 1
835 959 3
839 959 3
841 959 2
843 959 2
848 959 3
851 959 3
852 959 1
854 959 3
856 959 1
858 959 1
859 959 3
860 959 2
861 959 2
866 959 2
867 959 1
872 959 1
874 959 2
878 959 3
880 959 2
883 959 3
884 959 2
885 959 3
891 959 2
893 959 3
894 959 2
896 959 1
897 959 3
898 959 3
900 959 1
901 959 1
906 959 1
909 959 1
915 959 1
919 959 3
920 959 3
924 959 3
926 959 3
935 959 3
937 959 1
947 959 2
948 959 2
949 959 1
950 959 1
951 959 2
953 959 3
954 959 2
957 959 2
960 959 2
961 959 2
962 959 1
963 959 1
967 959 1
969 959 2
970 959 2
974 959 2
978 959 1
984 959 1
991 959 1
992 959 2
997 959 2
998 959 3
999 959 2
2 960 3
3 960 2
9 960 3
12 960 2
17 960 2
18 960 3
19 960 3
26 960 3
33 960 1
34 960 3
38 960 1
39 960 1
41 960 1
45 960 2
48 960 1
51 960 1
53 960 3
57 960 1
59 960 3
60 960 1
61 960 1
71 960 3
72 960 2
82 960 1
85 960 2
88 960 3
90 960 2
91 960 2
93 960 2
94 960 2
95 960 1
98 960 2
99 960 1
103 960 2
105 960 2
109 960 3
113 960 2
116 960 3
117 960 2
118 960 1
119 960 1
128 960 2
130 960 3
131 960 3
132 960 3
133 960 1
135 960 2
136 960 3
141 960 2
146 960 1
148 960 1
149 960 2
150 960 2
153 960 2
159 960 1
162 960 3
163 960 2
169 960 3
171 960 3
173 960 2
174 960 1
176 960 1
177 960 2
184 960 1
192 960 3
194 960 1
195 960 2
198 960 1
203 960 1
204 960 2
209 960 1
210 960 3
213 960 3
214 960 3
219 960 3
220 960 2
221 960 3
225 960 2
229 960 1
241 960 1
251 960 2
252 960 1
255 960 3
257 960 1
259 960 3
261 960 1
265 960 3
267 960 2
279 960 1
280 960 1
281 960 2
289 960 1
291 960 3
292 960 3
293 960 3
294 960 1
295 960 3
296 960 3
297 960 1
299 960 1
301 960 2
306 960 3
308 960 3
312 960 1
313 960 3
314 960 3
322 960 1
323 960 3
326 960 1
332 960 3
334 960 2
336 960 2
338 960 2
357 960 3
358 960 2
359 960 2
