516 984 1
520 984 3
523 984 3
532 984 2
540 984 3
541 984 1
542 984 3
543 984 3
545 984 1
546 984 3
555 984 2
556 984 1
559 984 1
560 984 3
562 984 3
564 984 3
567 984 2
572 984 2
577 984 2
579 984 3
582 984 3
583 984 3
584 984 2
593 984 1
594 984 2
597 984 3
604 984 1
610 984 3
612 984 3
617 984 1
618 984 2
619 984 3
624 984 1
625 984 3
626 984 1
627 984 2
631 984 3
633 984 1
636 984 2
637 984 3
638 984 1
639 984 2
640 984 3
646 984 3
649 984 1
654 984 1
656 984 3
657 984 3
660 984 1
663 984 2
667 984 1
679 984 1
686 984 2
689 984 2
690 984 2
691 984 2
697 984 1
698 984 3
701 984 1
703 984 1
704 984 1
706 984 2
709 984 1
717 984 3
722 984 2
723 984 2
724 984 1
725 984 2
728 984 1
733 984 1
735 984 1
740 984 1
741 984 2
742 984 2
746 984 3
756 984 1
760 984 3
767 984 1
769 984 2
771 984 2
774 984 3
775 984 1
779 984 3
781 984 2
787 984 3
797 984 3
798 984 1
804 984 3
806 984 2
810 984 1
815 984 1
817 984 3
825 984 1
832 984 1
833 984 1
834 984 2
836 984 2
838 984 3
840 984 3
841 984 1
846 984 1
847 984 1
855 984 1
856 984 2
858 984 2
860 984 3
863 984 2
864 984 3
866 984 3
868 984 3
874 984 2
876 984 1
877 984 2
883 984 1
887 984 1
889 984 2
891 984 2
894 984 2
897 984 2
900 984 2
901 984 1
903 984 2
907 984 1
909 984 1
917 984 2
919 984 3
924 984 1
930 984 2
940 984 2
941 984 1
944 984 2
949 984 1
950 984 3
952 984 3
954 984 2
955 984 2
968 984 2
969 984 3
970 984 3
974 984 2
980 984 2
982 984 3
986 984 1
987 984 1
988 984 1
998 984 1
0 985 1
2 985 3
3 985 1
5 985 3
8 985 1
11 985 1
13 985 3
15 985 3
16 985 2
17 985 1
18 985 3
19 985 1
26 985 3
29 985 1
31 985 3
35 985 3
37 985 1
38 985 3
41 985 2
46 985 2
47 985 2
54 985 2
55 985 1
61 985 2
69 985 3
70 985 2
71 985 3
72 985 1
80 985 3
81 985 3
85 985 3
88 985 2
89 985 3
91 985 1
92 985 2
95 985 2
100 985 2
102 985 3
105 985 1
108 985 1
115 985 2
118 985 3
119 985 2
120 985 3
123 985 2
127 985 2
128 985 1
129 985 3
134 985 3
135 985 1
136 985 3
139 985 2
143 985 2
153 985 3
156 985 2
157 985 1
158 985 1
161 985 1
165 985 2
171 985 2
172 985 3
175 985 2
181 985 2
182 985 1
183 985 1
184 985 1
185 985 1
187 985 1
190 985 3
193 985 2
195 985 1
197 985 3
200 985 2
201 985 2
205 985 1
211 985 2
213 985 3
215 985 1
216 985 2
218 985 1
219 985 2
220 985 2
221 985 1
222 985 3
224 985 2
230 985 2
238 985 1
242 985 1
244 985 1
245 985 1
249 985 2
250 985 2
251 985 1
254 985 3
261 985 2
262 985 2
263 985 1
264 985 3
265 985 1
268 985 2
271 985 1
277 985 1
282 985 2
284 985 2
287 985 2
291 985 2
294 985 3
300 985 3
302 985 2
307 985 3
309 985 2
313 985 3
325 985 3
329 985 3
330 985 1
331 985 2
334 985 1
335 985 3
337 985 3
339 985 1
343 985 2
347 985 1
352 985 3
354 985 2
357 985 2
359 985 1
360 985 3
361 985 1
362 985 3
366 985 1
372 985 2
376 985 2
382 985 1
384 985 3
393 985 2
401 985 1
402 985 3
411 985 2
412 985 2
413 985 2
417 985 1
426 985 2
433 985 2
435 985 3
436 985 2
437 985 3
438 985 3
439 985 3
443 985 3
445 985 1
446 985 2
448 985 3
452 985 2
454 985 3
455 985 2
460 985 3
461 985 3
462 985 1
464 985 1
474 985 1
477 985 1
485 985 1
487 985 3
493 985 2
494 985 2
497 985 1
498 985 3
501 985 2
503 985 3
504 985 3
508 985 2
514 985 1
520 985 1
524 985 3
525 985 1
526 985 1
527 985 2
534 985 3
535 985 2
538 985 2
540 985 1
542 985 1
544 985 3
550 985 3
551 985 3
555 985 2
556 985 1
558 985 2
570 985 2
573 985 2
578 985 3
581 985 2
582 985 3
585 985 1
594 985 3
596 985 2
600 985 2
604 985 1
605 985 3
606 985 1
609 985 1
610 985 1
611 985 2
615 985 2
616 985 1
618 985 3
619 985 3
622 985 3
628 985 2
632 985 3
633 985 1
638 985 2
641 985 2
653 985 1
654 985 1
655 985 3
665 985 3
668 985 2
670 985 2
677 985 2
680 985 1
681 985 2
683 985 2
684 985 2
686 985 1
687 985 2
691 985 3
695 985 2
696 985 2
701 985 1
704 985 3
712 985 2
713 985 3
715 985 2
716 985 1
720 985 1
721 985 2
725 985 1
726 985 1
729 985 1
732 985 2
737 985 2
742 985 3
746 985 3
754 985 1
756 985 2
761 985 2
765 985 1
767 985 3
769 985 3
771 985 1
774 985 3
775 985 2
785 985 3
791 985 1
796 985 3
799 985 1
801 985 3
802 985 1
805 985 2
806 985 2
807 985 3
811 985 2
812 985 1
816 985 2
818 985 1
819 985 3
822 985 2
830 985 3
831 985 2
833 985 3
843 985 3
848 985 2
851 985 1
852 985 1
854 985 3
858 985 1
865 985 1
868 985 3
870 985 1
871 985 3
876 985 3
877 985 1
878 985 1
880 985 1
881 985 1
893 985 3
894 985 3
895 985 1
897 985 2
902 985 2
906 985 1
909 985 1
912 985 2
913 985 1
915 985 1
916 985 3
919 985 3
921 985 1
922 985 1
924 985 2
925 985 1
927 985 3
929 985 1
931 985 1
932 985 2
934 985 2
937 985 1
948 985 2
955 985 3
956 985 3
957 985 3
961 985 3
964 985 3
966 985 1
969 985 2
974 985 3
977 985 3
978 985 2
979 985 2
982 985 1
987 985 2
989 985 2
994 985 2
996 985 1
0 986 3
1 986 1
12 986 3
19 986 2
20 986 2
22 986 1
23 986 1
27 986 1
31 986 1
38 986 3
39 986 1
40 986 3
41 986 2
42 986 2
43 986 3
45 986 1
47 986 2
49 986 3
51 986 2
54 986 2
59 986 3
60 986 2
66 986 1
67 986 3
72 986 3
73 986 3
75 986 1
78 986 2
80 986 2
85 986 2
88 986 1
89 986 1
91 986 3
103 986 3
106 986 2
119 986 3
123 986 1
125 986 3
128 986 3
133 986 1
134 986 1
140 986 3
141 986 2
149 986 3
150 986 2
152 986 2
154 986 2
156 986 3
157 986 3
158 986 2
159 986 1
164 986 3
166 986 2
170 986 3
172 986 1
177 986 3
179 986 2
180 986 2
181 986 1
183 986 3
188 986 3
192 986 1
197 986 1
200 986 2
205 986 2
206 986 1
207 986 3
209 986 3
211 986 2
220 986 3
221 986 1
222 986 2
223 986 3
229 986 2
231 986 3
232 986 3
234 986 2
244 986 3
245 986 3
251 986 3
253 986 3
258 986 3
263 986 2
264 986 3
267 986 1
268 986 3
272 986 1
273 986 1
274 986 3
275 986 1
278 986 2
280 986 2
283 986 3
289 986 3
297 986 2
298 986 1
303 986 3
306 986 3
308 986 2
313 986 1
315 986 3
321 986 3
322 986 1
324 986 3
327 986 2
334 986 1
341 986 2
345 986 2
348 986 2
350 986 3
351 986 2
354 986 3
362 986 2
364 986 3
368 986 1
370 986 1
373 986 3
374 986 1
375 986 1
378 986 1
386 986 2
390 986 1
391 986 1
393 986 1
394 986 2
401 986 2
403 986 3
404 986 3
405 986 3
406 986 3
408 986 1
410 986 3
412 986 3
416 986 1
417 986 1
419 986 1
420 986 3
422 986 2
426 986 1
427 986 1
434 986 2
436 986 3
437 986 2
441 986 3
448 986 2
452 986 1
456 986 2
460 986 2
461 986 1
463 986 3
464 986 2
465 986 3
475 986 1
476 986 3
477 986 2
481 986 3
483 986 1
484 986 3
486 986 1
487 986 2
488 986 1
494 986 2
496 986 1
497 986 3
498 986 3
508 986 1
510 986 1
511 986 1
512 986 3
521 986 3
524 986 2
527 986 1
528 986 3
534 986 3
538 986 2
542 986 2
554 986 2
557 986 1
559 986 3
564 986 2
565 986 2
568 986 1
570 986 1
571 986 2
579 986 3
582 986 1
586 986 1
588 986 1
589 986 1
594 986 1
597 986 2
598 986 3
599 986 3
604 986 2
607 986 3
