897 344 2
898 344 1
899 344 1
903 344 3
904 344 3
905 344 1
907 344 3
908 344 2
909 344 2
910 344 2
915 344 1
916 344 1
918 344 2
920 344 1
924 344 3
925 344 2
931 344 3
932 344 1
933 344 3
936 344 2
939 344 3
940 344 3
950 344 1
952 344 3
954 344 3
956 344 1
958 344 2
963 344 3
968 344 1
969 344 3
971 344 2
974 344 1
980 344 3
981 344 1
982 344 3
994 344 2
995 344 3
998 344 3
0 345 2
2 345 1
15 345 1
20 345 1
21 345 1
23 345 3
25 345 2
31 345 3
33 345 1
38 345 3
39 345 2
42 345 1
45 345 1
49 345 3
50 345 3
55 345 2
56 345 1
57 345 1
60 345 1
64 345 3
65 345 3
66 345 3
68 345 2
70 345 3
75 345 1
76 345 2
80 345 2
81 345 2
82 345 3
88 345 3
96 345 1
97 345 2
98 345 3
100 345 2
102 345 1
103 345 2
108 345 2
109 345 3
112 345 2
114 345 1
115 345 1
118 345 1
123 345 2
127 345 1
141 345 1
152 345 3
153 345 3
157 345 2
159 345 1
161 345 1
164 345 1
167 345 1
168 345 3
170 345 2
171 345 2
175 345 1
180 345 1
182 345 3
183 345 1
185 345 3
187 345 3
192 345 1
195 345 2
202 345 3
205 345 1
207 345 2
209 345 1
210 345 3
213 345 1
217 345 1
225 345 2
234 345 2
239 345 1
240 345 2
250 345 3
252 345 1
264 345 2
265 345 1
267 345 2
270 345 1
271 345 3
274 345 2
280 345 3
290 345 2
291 345 3
297 345 2
298 345 2
301 345 2
302 345 1
305 345 2
306 345 3
309 345 2
315 345 3
317 345 3
319 345 1
327 345 2
330 345 3
332 345 1
342 345 1
345 345 3
349 345 2
351 345 2
356 345 1
362 345 2
367 345 2
369 345 2
370 345 2
374 345 3
377 345 1
379 345 2
380 345 3
385 345 1
386 345 2
396 345 1
397 345 2
398 345 1
401 345 1
402 345 1
405 345 2
407 345 2
408 345 1
409 345 3
416 345 3
417 345 3
420 345 3
423 345 2
429 345 3
435 345 3
440 345 2
448 345 1
449 345 2
453 345 2
456 345 1
457 345 1
460 345 3
461 345 2
463 345 1
465 345 1
466 345 3
468 345 1
469 345 2
472 345 3
474 345 3
475 345 3
476 345 3
479 345 1
482 345 2
484 345 1
485 345 2
490 345 1
493 345 1
494 345 3
499 345 3
501 345 2
502 345 2
506 345 3
508 345 2
514 345 1
516 345 3
518 345 2
519 345 3
521 345 1
525 345 3
527 345 3
528 345 2
529 345 1
530 345 3
531 345 2
532 345 3
535 345 3
538 345 3
542 345 3
545 345 3
557 345 3
560 345 3
568 345 3
571 345 3
572 345 1
573 345 1
574 345 2
575 345 1
577 345 3
578 345 1
580 345 3
583 345 3
585 345 1
586 345 3
588 345 3
590 345 2
594 345 3
596 345 3
599 345 2
603 345 3
607 345 2
608 345 3
609 345 1
612 345 1
614 345 1
615 345 3
618 345 1
621 345 1
625 345 1
638 345 1
640 345 3
641 345 1
642 345 2
643 345 1
645 345 3
646 345 2
653 345 3
654 345 3
655 345 3
656 345 1
658 345 2
660 345 2
662 345 2
665 345 3
669 345 3
672 345 2
674 345 2
676 345 3
679 345 3
682 345 2
683 345 3
685 345 3
686 345 2
688 345 3
690 345 1
695 345 3
698 345 1
699 345 2
702 345 1
703 345 2
704 345 2
705 345 3
706 345 2
707 345 3
708 345 1
717 345 3
719 345 1
722 345 2
724 345 1
726 345 3
731 345 1
733 345 1
751 345 1
753 345 2
754 345 3
757 345 2
760 345 2
761 345 1
763 345 2
764 345 2
769 345 3
770 345 1
772 345 2
774 345 1
775 345 1
777 345 3
778 345 3
780 345 2
781 345 1
782 345 2
788 345 3
789 345 2
790 345 2
791 345 1
793 345 3
796 345 3
799 345 2
801 345 3
804 345 1
806 345 1
808 345 2
814 345 3
816 345 2
818 345 3
819 345 1
820 345 3
823 345 2
824 345 3
827 345 3
829 345 3
833 345 2
838 345 3
842 345 2
844 345 3
847 345 1
850 345 3
851 345 1
853 345 1
854 345 1
855 345 3
856 345 2
857 345 1
863 345 2
870 345 3
871 345 3
874 345 2
875 345 2
886 345 1
887 345 1
888 345 3
889 345 3
893 345 2
904 345 1
909 345 1
912 345 3
913 345 2
915 345 1
920 345 2
922 345 1
927 345 1
936 345 2
937 345 2
942 345 2
951 345 1
955 345 3
964 345 2
965 345 3
966 345 3
968 345 3
969 345 1
970 345 1
971 345 1
972 345 2
973 345 2
975 345 3
976 345 1
977 345 2
978 345 3
980 345 1
981 345 1
984 345 1
986 345 1
988 345 3
991 345 3
996 345 3
998 345 3
999 345 3
1 346 3
2 346 3
5 346 1
6 346 3
10 346 2
13 346 2
16 346 1
22 346 2
25 346 1
26 346 1
31 346 2
33 346 3
34 346 2
35 346 2
36 346 3
39 346 2
40 346 1
41 346 3
46 346 1
55 346 2
56 346 3
59 346 3
60 346 3
62 346 2
64 346 2
66 346 3
67 346 1
68 346 1
72 346 2
74 346 3
75 346 2
77 346 2
78 346 2
79 346 2
80 346 1
82 346 1
83 346 2
84 346 2
85 346 2
90 346 2
94 346 1
97 346 3
98 346 1
100 346 1
101 346 1
103 346 1
112 346 1
113 346 2
115 346 3
121 346 2
125 346 3
126 346 2
127 346 2
128 346 3
134 346 3
138 346 1
142 346 2
147 346 1
150 346 2
155 346 3
156 346 3
159 346 1
164 346 1
167 346 2
169 346 2
170 346 2
171 346 3
173 346 2
176 346 3
182 346 3
183 346 1
184 346 1
187 346 2
188 346 1
192 346 2
194 346 2
197 346 1
205 346 1
208 346 1
209 346 2
210 346 1
214 346 3
215 346 3
216 346 1
217 346 1
222 346 1
228 346 2
229 346 2
232 346 2
235 346 1
237 346 2
246 346 1
249 346 1
250 346 2
251 346 2
253 346 1
254 346 3
257 346 2
258 346 3
259 346 3
261 346 1
263 346 3
271 346 1
272 346 2
274 346 2
277 346 2
280 346 1
284 346 2
285 346 1
286 346 2
287 346 1
288 346 2
289 346 3
292 346 2
296 346 1
297 346 3
298 346 2
304 346 3
307 346 2
312 346 3
313 346 3
314 346 1
323 346 3
327 346 1
328 346 3
329 346 3
330 346 1
334 346 3
340 346 3
341 346 2
345 346 1
349 346 1
350 346 2
358 346 1
362 346 3
363 346 3
365 346 2
372 346 3
373 346 3
375 346 1
376 346 3
377 346 2
380 346 2
381 346 3
387 346 3
392 346 2
393 346 2
394 346 2
396 346 2
397 346 3
401 346 1
404 346 2
405 346 2
412 346 2
416 346 2
417 346 1
419 346 3
420 346 1
422 346 1
432 346 3
441 346 1
445 346 1
449 346 1
452 346 3
453 346 1
456 346 2
458 346 1
464 346 3
475 346 2
477 346 2
478 346 3
483 346 3
485 346 2
486 346 2
489 346 2
496 346 3
501 346 3
510 346 2
517 346 3
519 346 2
520 346 1
521 346 2
524 346 2
525 346 3
526 346 2
529 346 3
530 346 2
532 346 2
534 346 2
538 346 3
541 346 2
544 346 1
547 346 2
554 346 1
556 346 2
558 346 2
562 346 2
563 346 2
568 346 3
569 346 1
571 346 1
580 346 1
583 346 3
589 346 3
590 346 1
591 346 1
597 346 1
604 346 2
605 346 3
606 346 2
607 346 2
610 346 1
615 346 3
616 346 1
617 346 1
618 346 3
619 346 1
622 346 1
623 346 3
624 346 3
625 346 1
626 346 3
632 346 3
637 346 3
640 346 1
641 346 1
643 346 3
646 346 3
647 346 3
649 346 2
659 346 1
670 346 1
677 346 2
680 346 1
681 346 1
683 346 1
686 346 2
689 346 2
690 346 2
691 346 2
693 346 1
695 346 3
699 346 2
708 346 3
711 346 3
713 346 2
714 346 3
715 346 1
718 346 2
721 346 3
730 346 1
731 346 2
733 346 3
734 346 2
736 346 3
738 346 2
742 346 2
746 346 3
748 346 3
752 346 3
754 346 3
755 346 3
756 346 3
758 346 2
766 346 3
768 346 2
774 346 1
778 346 3
780 346 2
782 346 2
795 346 2
798 346 3
801 346 2
803 346 3
806 346 3
810 346 1
812 346 1
816 346 1
817 346 1
820 346 3
821 346 1
824 346 1
825 346 3
830 346 3
831 346 3
832 346 1
836 346 3
845 346 2
