603 432 2
605 432 3
607 432 3
609 432 2
622 432 2
625 432 1
626 432 2
627 432 1
633 432 2
634 432 3
636 432 1
637 432 3
638 432 1
639 432 1
640 432 2
642 432 1
643 432 3
646 432 2
655 432 3
659 432 1
665 432 3
673 432 1
674 432 1
675 432 3
677 432 1
678 432 2
680 432 1
682 432 1
684 432 2
686 432 1
687 432 3
689 432 1
694 432 2
697 432 2
701 432 3
702 432 3
703 432 3
704 432 1
705 432 1
710 432 1
717 432 2
718 432 2
719 432 2
721 432 1
723 432 3
724 432 3
727 432 2
728 432 1
729 432 2
730 432 3
732 432 3
733 432 3
739 432 2
750 432 2
754 432 3
763 432 2
765 432 3
766 432 3
771 432 3
778 432 1
781 432 3
786 432 2
788 432 1
789 432 1
792 432 3
793 432 1
794 432 2
796 432 2
797 432 2
798 432 1
805 432 3
806 432 1
810 432 2
816 432 3
818 432 3
822 432 1
823 432 1
825 432 3
827 432 1
829 432 1
830 432 3
832 432 2
834 432 1
836 432 2
837 432 3
838 432 3
839 432 1
840 432 1
844 432 3
845 432 1
847 432 2
853 432 1
854 432 1
862 432 1
865 432 2
874 432 2
876 432 1
877 432 3
880 432 2
885 432 2
889 432 1
896 432 1
897 432 2
902 432 2
908 432 2
914 432 1
915 432 1
917 432 1
922 432 1
923 432 3
924 432 3
927 432 3
929 432 3
931 432 2
932 432 1
933 432 1
934 432 3
940 432 3
948 432 2
949 432 2
951 432 2
962 432 1
964 432 1
966 432 1
968 432 2
969 432 1
970 432 2
971 432 2
974 432 3
976 432 3
978 432 2
979 432 1
981 432 1
984 432 1
987 432 3
989 432 2
991 432 1
993 432 3
995 432 3
998 432 1
0 433 1
4 433 2
6 433 3
7 433 1
9 433 2
14 433 2
17 433 3
20 433 2
24 433 1
29 433 2
30 433 3
38 433 2
39 433 3
43 433 1
45 433 1
47 433 3
54 433 1
57 433 1
58 433 3
62 433 1
63 433 1
67 433 3
68 433 2
73 433 2
74 433 3
82 433 2
84 433 1
88 433 2
91 433 2
92 433 3
105 433 1
113 433 3
114 433 3
115 433 2
117 433 1
120 433 3
121 433 2
124 433 1
125 433 2
127 433 2
129 433 1
130 433 1
131 433 2
132 433 2
140 433 3
147 433 1
157 433 2
158 433 1
163 433 1
166 433 2
168 433 3
169 433 2
170 433 3
172 433 2
174 433 1
175 433 1
180 433 3
182 433 2
191 433 1
193 433 2
195 433 1
197 433 1
198 433 3
199 433 2
201 433 1
202 433 1
211 433 1
217 433 1
221 433 1
227 433 1
230 433 1
236 433 3
238 433 2
243 433 1
250 433 3
253 433 2
255 433 3
256 433 1
258 433 1
260 433 2
264 433 3
266 433 2
267 433 1
273 433 2
274 433 2
275 433 2
277 433 2
281 433 3
286 433 1
287 433 2
288 433 3
293 433 2
296 433 1
298 433 1
300 433 3
302 433 1
306 433 1
307 433 2
308 433 3
318 433 2
319 433 2
324 433 1
327 433 2
329 433 1
330 433 3
334 433 1
335 433 2
336 433 1
338 433 3
342 433 2
343 433 2
344 433 2
349 433 1
350 433 1
351 433 2
355 433 1
356 433 1
361 433 2
366 433 2
375 433 2
384 433 3
392 433 1
397 433 2
401 433 1
403 433 3
409 433 1
411 433 3
414 433 2
415 433 2
417 433 1
418 433 1
419 433 1
420 433 3
421 433 3
422 433 2
426 433 2
427 433 1
431 433 1
432 433 1
437 433 3
441 433 1
445 433 2
447 433 1
450 433 1
451 433 3
456 433 1
458 433 1
461 433 3
462 433 3
465 433 3
467 433 1
474 433 2
479 433 3
480 433 3
483 433 2
484 433 3
486 433 1
490 433 1
491 433 3
492 433 1
493 433 1
500 433 2
504 433 2
508 433 2
516 433 3
517 433 1
523 433 3
524 433 2
525 433 3
528 433 2
529 433 3
530 433 3
539 433 3
541 433 3
547 433 1
551 433 3
559 433 3
562 433 1
568 433 2
571 433 1
572 433 3
573 433 3
574 433 2
577 433 2
581 433 1
582 433 3
583 433 3
585 433 1
590 433 2
595 433 3
597 433 2
598 433 3
599 433 1
600 433 2
603 433 3
604 433 2
605 433 1
609 433 1
611 433 2
613 433 3
614 433 1
624 433 3
626 433 1
630 433 1
631 433 2
633 433 2
635 433 1
639 433 3
640 433 1
647 433 2
648 433 3
650 433 1
651 433 2
654 433 2
656 433 3
659 433 1
661 433 3
669 433 2
671 433 3
673 433 2
681 433 2
682 433 1
686 433 3
687 433 3
688 433 1
693 433 3
694 433 2
700 433 2
702 433 2
707 433 3
709 433 3
712 433 3
714 433 1
717 433 2
720 433 2
721 433 2
722 433 2
728 433 1
730 433 2
733 433 1
741 433 2
742 433 1
748 433 1
752 433 1
754 433 3
756 433 3
757 433 3
758 433 1
759 433 2
762 433 3
767 433 2
768 433 2
771 433 2
774 433 2
779 433 3
782 433 2
784 433 1
786 433 3
787 433 3
788 433 3
792 433 2
794 433 3
798 433 2
800 433 1
801 433 3
802 433 2
805 433 1
806 433 1
810 433 3
813 433 1
818 433 1
825 433 2
830 433 1
832 433 1
833 433 1
835 433 2
836 433 1
837 433 3
839 433 2
845 433 1
846 433 1
847 433 1
851 433 1
854 433 2
855 433 3
862 433 3
867 433 2
869 433 3
876 433 3
885 433 1
886 433 1
888 433 1
895 433 3
901 433 2
906 433 2
909 433 2
911 433 1
912 433 1
915 433 3
917 433 2
918 433 3
926 433 2
927 433 2
929 433 2
930 433 3
931 433 3
933 433 1
934 433 1
937 433 1
938 433 2
939 433 2
945 433 3
946 433 1
952 433 3
953 433 3
955 433 2
956 433 2
957 433 3
959 433 3
962 433 3
963 433 3
965 433 2
969 433 2
970 433 2
975 433 3
976 433 2
982 433 2
983 433 1
984 433 1
985 433 3
988 433 1
994 433 2
996 433 1
997 433 1
998 433 2
999 433 3
5 434 1
14 434 1
15 434 1
17 434 3
24 434 3
31 434 2
42 434 1
44 434 3
49 434 3
52 434 3
53 434 1
54 434 2
55 434 2
56 434 3
60 434 1
61 434 2
74 434 1
81 434 1
86 434 3
89 434 3
96 434 1
100 434 3
102 434 2
104 434 3
105 434 3
107 434 3
108 434 1
113 434 3
115 434 1
117 434 3
122 434 2
123 434 1
126 434 3
128 434 2
129 434 2
130 434 2
131 434 1
132 434 2
136 434 3
139 434 2
140 434 1
141 434 1
143 434 3
148 434 2
152 434 1
154 434 2
164 434 2
165 434 3
168 434 3
171 434 3
176 434 3
177 434 1
180 434 1
181 434 2
184 434 2
187 434 3
190 434 3
191 434 3
192 434 2
194 434 1
195 434 3
204 434 1
216 434 3
218 434 3
220 434 3
226 434 1
227 434 2
228 434 1
238 434 1
241 434 3
246 434 2
248 434 1
249 434 3
251 434 1
256 434 1
260 434 3
265 434 3
266 434 1
267 434 3
268 434 2
270 434 1
273 434 2
274 434 2
276 434 2
280 434 3
282 434 2
290 434 2
294 434 3
298 434 2
300 434 3
302 434 3
310 434 2
312 434 1
315 434 2
317 434 1
319 434 2
321 434 2
324 434 1
326 434 3
328 434 1
329 434 3
332 434 2
337 434 3
341 434 2
344 434 1
346 434 2
350 434 1
352 434 2
357 434 2
359 434 1
364 434 3
367 434 1
369 434 1
370 434 2
377 434 3
381 434 3
384 434 2
386 434 1
388 434 1
390 434 3
394 434 1
396 434 3
398 434 1
401 434 2
404 434 1
406 434 3
407 434 1
413 434 2
417 434 2
418 434 3
425 434 1
427 434 2
428 434 2
429 434 2
433 434 1
434 434 1
436 434 1
450 434 2
460 434 2
461 434 1
470 434 3
472 434 2
473 434 3
475 434 1
481 434 3
483 434 2
489 434 1
494 434 2
501 434 3
504 434 3
505 434 3
507 434 1
508 434 2
509 434 1
511 434 3
512 434 1
513 434 3
515 434 2
517 434 3
520 434 1
521 434 1
523 434 1
526 434 3
528 434 3
534 434 3
538 434 2
540 434 3
541 434 1
544 434 1
545 434 2
548 434 2
550 434 3
552 434 2
555 434 2
556 434 2
563 434 1
564 434 2
565 434 1
569 434 3
570 434 3
571 434 1
572 434 1
574 434 2
575 434 2
576 434 2
577 434 3
579 434 3
580 434 3
582 434 3
583 434 1
