587 690 3
589 690 2
592 690 2
593 690 3
601 690 2
602 690 1
604 690 1
606 690 3
609 690 2
610 690 3
612 690 2
615 690 2
617 690 2
618 690 2
623 690 1
625 690 3
632 690 2
634 690 2
636 690 3
638 690 3
641 690 2
642 690 3
645 690 2
646 690 2
647 690 2
648 690 1
651 690 1
655 690 1
657 690 1
658 690 1
662 690 1
665 690 2
671 690 2
672 690 3
677 690 2
679 690 1
681 690 2
682 690 3
683 690 1
685 690 1
689 690 3
690 690 1
692 690 1
693 690 3
701 690 3
702 690 1
704 690 3
707 690 1
708 690 2
709 690 2
711 690 1
714 690 2
715 690 3
716 690 3
720 690 3
731 690 3
736 690 1
745 690 2
747 690 1
750 690 1
751 690 2
753 690 1
754 690 1
758 690 3
760 690 2
771 690 1
773 690 1
774 690 3
783 690 3
784 690 3
785 690 1
786 690 3
787 690 2
790 690 1
796 690 2
801 690 1
809 690 3
810 690 3
811 690 2
815 690 2
819 690 1
824 690 2
827 690 3
829 690 1
832 690 3
833 690 1
834 690 3
835 690 3
836 690 3
839 690 1
841 690 2
842 690 1
851 690 1
854 690 3
867 690 3
869 690 2
870 690 2
872 690 3
880 690 2
884 690 1
895 690 1
896 690 3
903 690 2
904 690 2
906 690 3
907 690 2
910 690 1
913 690 2
914 690 2
920 690 3
921 690 2
922 690 1
923 690 2
933 690 3
934 690 2
935 690 2
938 690 1
943 690 2
948 690 3
954 690 2
960 690 1
961 690 3
965 690 3
967 690 3
973 690 3
974 690 1
985 690 2
988 690 3
991 690 3
992 690 3
993 690 2
994 690 2
995 690 2
996 690 1
998 690 1
999 690 1
4 691 1
10 691 2
13 691 3
14 691 3
19 691 3
21 691 3
25 691 1
26 691 3
30 691 2
34 691 2
39 691 2
44 691 3
46 691 1
47 691 2
54 691 1
59 691 3
60 691 3
72 691 1
82 691 1
88 691 2
92 691 1
93 691 3
95 691 2
99 691 3
100 691 1
101 691 1
102 691 2
104 691 3
105 691 2
106 691 2
107 691 2
119 691 2
120 691 3
123 691 3
126 691 1
129 691 2
138 691 1
140 691 1
141 691 3
149 691 1
150 691 2
152 691 2
165 691 2
166 691 2
168 691 2
171 691 1
178 691 1
182 691 2
186 691 2
188 691 1
190 691 2
192 691 2
194 691 1
195 691 3
199 691 3
203 691 2
209 691 2
211 691 2
214 691 1
217 691 3
218 691 3
219 691 3
220 691 1
221 691 1
222 691 1
224 691 3
228 691 3
231 691 2
232 691 2
233 691 3
238 691 1
242 691 3
244 691 2
245 691 2
246 691 2
248 691 3
249 691 1
255 691 2
259 691 2
260 691 2
262 691 1
263 691 3
265 691 3
266 691 3
269 691 3
278 691 2
279 691 2
282 691 2
285 691 2
287 691 1
290 691 3
291 691 1
293 691 3
298 691 2
299 691 3
303 691 1
307 691 1
308 691 2
316 691 3
317 691 1
318 691 1
319 691 3
321 691 2
323 691 3
331 691 2
332 691 1
335 691 3
337 691 2
339 691 1
340 691 3
343 691 1
344 691 3
352 691 3
353 691 1
354 691 2
356 691 3
359 691 1
360 691 2
361 691 1
362 691 3
364 691 3
365 691 3
368 691 1
369 691 1
376 691 3
377 691 1
382 691 1
384 691 3
388 691 3
389 691 1
390 691 2
394 691 2
401 691 2
402 691 1
403 691 2
404 691 3
407 691 3
409 691 1
420 691 2
422 691 2
424 691 1
429 691 3
432 691 3
433 691 2
437 691 1
442 691 1
443 691 3
447 691 2
452 691 1
455 691 3
458 691 2
459 691 2
462 691 1
463 691 3
465 691 2
468 691 1
474 691 3
475 691 2
476 691 3
477 691 2
479 691 1
481 691 3
485 691 2
486 691 2
487 691 3
490 691 2
493 691 3
494 691 2
496 691 1
507 691 3
508 691 1
509 691 1
511 691 3
512 691 2
516 691 3
517 691 1
522 691 2
523 691 3
526 691 1
535 691 3
537 691 3
540 691 1
554 691 3
556 691 3
557 691 3
559 691 1
560 691 1
565 691 3
566 691 3
567 691 2
568 691 1
570 691 2
574 691 1
582 691 1
583 691 2
589 691 1
590 691 3
591 691 1
593 691 3
599 691 1
606 691 1
608 691 2
611 691 2
614 691 1
620 691 3
623 691 3
626 691 1
630 691 1
635 691 2
640 691 2
641 691 2
643 691 1
645 691 1
647 691 1
655 691 2
656 691 2
658 691 1
661 691 3
665 691 2
666 691 1
671 691 1
672 691 2
675 691 2
677 691 1
685 691 1
688 691 2
689 691 2
694 691 3
695 691 1
696 691 3
701 691 2
705 691 3
710 691 3
711 691 3
713 691 2
719 691 1
720 691 3
725 691 2
726 691 3
731 691 1
735 691 1
736 691 1
738 691 1
739 691 1
741 691 2
745 691 3
746 691 3
748 691 3
749 691 3
750 691 2
751 691 1
753 691 2
755 691 2
758 691 3
759 691 2
760 691 2
761 691 1
766 691 1
772 691 2
775 691 2
778 691 1
780 691 3
788 691 3
791 691 1
793 691 2
797 691 3
799 691 1
800 691 2
804 691 1
808 691 2
810 691 3
811 691 3
813 691 3
815 691 2
817 691 3
821 691 3
824 691 3
830 691 2
831 691 3
833 691 1
838 691 3
842 691 2
843 691 1
845 691 1
847 691 1
849 691 3
851 691 3
854 691 3
860 691 1
862 691 3
863 691 2
865 691 3
869 691 2
873 691 3
875 691 2
880 691 3
889 691 3
892 691 3
893 691 2
897 691 2
902 691 1
905 691 3
908 691 3
916 691 1
919 691 3
927 691 2
930 691 3
932 691 3
933 691 3
935 691 1
938 691 1
946 691 1
947 691 1
948 691 2
961 691 2
963 691 3
965 691 3
967 691 1
968 691 2
970 691 3
971 691 1
976 691 2
982 691 2
986 691 2
989 691 3
990 691 2
992 691 1
994 691 2
995 691 3
997 691 1
999 691 1
0 692 1
6 692 2
13 692 2
16 692 1
20 692 1
21 692 1
23 692 1
25 692 3
33 692 1
35 692 2
40 692 1
43 692 2
45 692 1
46 692 2
53 692 1
55 692 1
56 692 1
61 692 3
62 692 2
65 692 1
67 692 3
69 692 2
71 692 1
80 692 1
81 692 1
89 692 1
93 692 1
95 692 2
96 692 2
100 692 1
101 692 3
102 692 2
106 692 2
107 692 2
111 692 1
126 692 1
129 692 1
130 692 3
131 692 2
135 692 3
137 692 2
144 692 3
145 692 2
148 692 2
150 692 1
151 692 1
153 692 1
154 692 1
155 692 1
156 692 2
157 692 2
173 692 3
174 692 2
175 692 3
183 692 1
189 692 3
195 692 2
198 692 1
200 692 2
201 692 1
204 692 2
207 692 2
209 692 1
211 692 2
213 692 3
217 692 2
219 692 1
222 692 3
223 692 3
224 692 2
228 692 1
229 692 2
231 692 3
235 692 3
240 692 3
242 692 3
246 692 3
247 692 2
248 692 2
260 692 1
267 692 1
268 692 1
270 692 1
275 692 2
279 692 3
282 692 1
286 692 3
287 692 3
288 692 2
293 692 1
297 692 1
299 692 3
301 692 2
302 692 3
304 692 1
310 692 2
311 692 1
313 692 2
314 692 1
316 692 1
324 692 3
325 692 2
326 692 3
332 692 3
335 692 3
336 692 2
340 692 3
341 692 3
342 692 1
343 692 3
344 692 2
351 692 1
353 692 3
354 692 1
358 692 3
360 692 1
361 692 1
364 692 1
372 692 1
377 692 3
379 692 2
385 692 3
388 692 3
392 692 1
394 692 3
396 692 3
405 692 1
406 692 1
407 692 2
409 692 3
411 692 1
413 692 2
416 692 3
418 692 1
420 692 1
426 692 2
431 692 2
436 692 1
437 692 3
438 692 3
440 692 2
442 692 3
443 692 1
448 692 3
452 692 2
456 692 3
462 692 1
465 692 1
469 692 2
471 692 3
476 692 1
481 692 3
482 692 2
484 692 1
485 692 1
488 692 3
489 692 2
497 692 1
498 692 2
501 692 1
503 692 1
504 692 2
508 692 1
509 692 1
511 692 2
512 692 3
513 692 2
516 692 2
518 692 1
520 692 3
521 692 2
524 692 1
525 692 3
532 692 3
534 692 3
536 692 1
538 692 3
544 692 1
545 692 3
548 692 2
549 692 3
556 692 2
561 692 2
562 692 2
563 692 2
569 692 1
570 692 3
571 692 2
575 692 3
578 692 2
583 692 1
584 692 1
586 692 1
589 692 1
590 692 2
592 692 2
593 692 1
597 692 1
600 692 1
