212 730 3
216 730 3
217 730 2
218 730 3
228 730 3
229 730 3
230 730 2
234 730 3
236 730 1
238 730 2
240 730 2
243 730 1
244 730 2
250 730 1
254 730 1
257 730 2
259 730 3
261 730 2
263 730 2
264 730 1
266 730 3
268 730 2
269 730 2
270 730 1
272 730 1
277 730 2
278 730 3
280 730 3
281 730 3
297 730 2
298 730 3
301 730 1
303 730 2
306 730 3
312 730 3
318 730 2
321 730 3
322 730 3
325 730 1
327 730 3
329 730 2
331 730 3
333 730 2
335 730 1
338 730 3
342 730 1
343 730 1
345 730 2
347 730 2
348 730 3
350 730 2
351 730 1
355 730 3
356 730 2
357 730 2
364 730 3
365 730 3
369 730 3
371 730 3
379 730 2
381 730 2
384 730 3
385 730 3
386 730 2
387 730 3
393 730 3
397 730 3
399 730 2
400 730 3
402 730 3
403 730 1
406 730 3
408 730 1
414 730 2
424 730 2
425 730 3
427 730 3
433 730 3
435 730 3
436 730 3
438 730 3
439 730 2
441 730 3
453 730 3
456 730 2
458 730 2
459 730 2
461 730 1
462 730 2
463 730 1
465 730 2
479 730 1
492 730 1
500 730 3
504 730 2
506 730 3
508 730 1
509 730 1
514 730 2
516 730 2
517 730 1
519 730 3
520 730 2
521 730 1
522 730 2
523 730 1
526 730 3
527 730 3
528 730 2
529 730 3
535 730 1
540 730 3
546 730 2
549 730 3
554 730 1
555 730 2
557 730 2
559 730 1
569 730 3
570 730 1
574 730 2
580 730 1
582 730 3
584 730 2
586 730 3
589 730 2
591 730 1
592 730 3
593 730 3
594 730 2
596 730 1
600 730 2
606 730 3
614 730 3
616 730 2
621 730 2
622 730 3
623 730 2
631 730 1
633 730 3
638 730 3
640 730 3
642 730 2
644 730 2
645 730 3
651 730 3
656 730 3
657 730 2
658 730 2
659 730 3
662 730 1
663 730 2
665 730 2
668 730 2
671 730 1
675 730 2
676 730 1
679 730 1
680 730 3
685 730 2
688 730 3
699 730 1
702 730 3
703 730 1
704 730 3
705 730 3
707 730 1
708 730 1
711 730 1
712 730 3
716 730 1
718 730 1
723 730 3
724 730 2
726 730 1
727 730 3
731 730 1
738 730 1
743 730 3
744 730 2
746 730 2
748 730 2
749 730 2
754 730 3
758 730 2
767 730 1
769 730 1
772 730 3
775 730 3
778 730 3
779 730 1
782 730 3
783 730 1
784 730 1
785 730 3
787 730 1
788 730 2
790 730 1
791 730 1
792 730 1
793 730 2
795 730 1
796 730 2
803 730 3
812 730 2
813 730 3
815 730 1
817 730 2
820 730 1
822 730 2
823 730 2
824 730 3
831 730 2
833 730 2
838 730 2
847 730 2
849 730 1
850 730 3
851 730 1
854 730 1
855 730 2
856 730 1
857 730 2
859 730 3
863 730 1
865 730 3
867 730 1
868 730 3
869 730 1
871 730 1
874 730 2
877 730 2
879 730 3
882 730 1
885 730 1
897 730 3
898 730 3
901 730 1
904 730 2
905 730 3
907 730 1
910 730 1
912 730 1
915 730 3
920 730 3
921 730 2
923 730 2
926 730 2
927 730 1
930 730 2
931 730 3
932 730 3
937 730 1
939 730 1
950 730 3
952 730 2
955 730 2
956 730 2
959 730 2
965 730 2
966 730 1
971 730 3
976 730 1
980 730 1
986 730 2
990 730 1
991 730 1
999 730 1
1 731 3
2 731 1
3 731 3
4 731 3
5 731 1
9 731 3
10 731 2
13 731 1
18 731 2
21 731 1
27 731 2
28 731 3
30 731 1
31 731 2
32 731 1
33 731 3
35 731 1
39 731 2
41 731 2
42 731 3
43 731 3
44 731 1
48 731 2
49 731 3
51 731 3
53 731 1
65 731 3
67 731 3
74 731 3
75 731 2
78 731 3
79 731 3
80 731 1
83 731 3
85 731 2
88 731 3
90 731 3
93 731 1
100 731 1
101 731 2
102 731 2
107 731 3
110 731 1
111 731 3
115 731 1
117 731 1
122 731 1
126 731 2
127 731 2
128 731 2
136 731 1
140 731 3
142 731 3
145 731 1
146 731 2
148 731 3
149 731 2
154 731 2
156 731 2
159 731 3
163 731 3
164 731 3
166 731 2
167 731 1
171 731 3
172 731 1
174 731 2
175 731 2
178 731 1
179 731 2
180 731 1
183 731 1
184 731 2
187 731 2
188 731 1
189 731 1
190 731 1
192 731 2
195 731 3
197 731 3
202 731 3
204 731 1
205 731 3
206 731 1
209 731 1
210 731 2
213 731 1
215 731 3
216 731 2
219 731 1
221 731 2
222 731 1
229 731 2
230 731 2
232 731 3
236 731 1
237 731 3
238 731 2
243 731 3
245 731 3
246 731 1
247 731 3
253 731 1
254 731 3
259 731 1
268 731 2
269 731 1
276 731 1
277 731 1
278 731 3
282 731 1
285 731 2
288 731 1
292 731 3
295 731 3
299 731 1
300 731 3
301 731 2
304 731 3
305 731 1
314 731 1
315 731 3
317 731 2
319 731 1
327 731 3
331 731 1
332 731 3
333 731 3
334 731 1
339 731 1
341 731 3
342 731 1
344 731 2
347 731 2
348 731 3
353 731 1
356 731 3
357 731 2
364 731 1
372 731 3
374 731 3
375 731 1
376 731 2
381 731 1
384 731 1
385 731 1
389 731 1
397 731 1
398 731 3
400 731 2
401 731 3
403 731 1
404 731 1
407 731 2
409 731 3
410 731 3
414 731 3
419 731 3
420 731 3
422 731 3
425 731 2
427 731 2
428 731 3
429 731 3
430 731 3
431 731 1
434 731 2
435 731 3
438 731 2
444 731 1
445 731 2
449 731 1
457 731 3
458 731 2
464 731 3
466 731 3
467 731 3
472 731 2
473 731 2
475 731 1
478 731 1
480 731 1
484 731 3
486 731 2
489 731 1
490 731 3
494 731 1
496 731 3
498 731 2
501 731 2
505 731 2
508 731 1
510 731 1
512 731 3
513 731 2
514 731 3
515 731 3
516 731 3
520 731 2
522 731 2
527 731 3
528 731 2
535 731 2
537 731 2
547 731 3
548 731 1
549 731 1
551 731 3
552 731 2
554 731 2
555 731 3
560 731 2
564 731 2
565 731 3
566 731 3
569 731 3
570 731 2
571 731 2
573 731 3
574 731 1
580 731 2
583 731 2
584 731 1
585 731 2
586 731 2
595 731 2
603 731 1
605 731 2
610 731 3
617 731 2
620 731 1
622 731 2
629 731 1
631 731 1
635 731 2
641 731 3
645 731 2
649 731 3
651 731 3
652 731 1
657 731 3
658 731 1
663 731 2
664 731 1
667 731 3
668 731 3
672 731 1
678 731 3
683 731 2
685 731 1
686 731 2
687 731 3
688 731 3
689 731 1
693 731 3
697 731 2
700 731 3
702 731 3
708 731 3
709 731 1
712 731 1
714 731 2
716 731 3
717 731 2
720 731 3
721 731 3
728 731 1
730 731 1
731 731 1
737 731 1
741 731 3
744 731 1
747 731 3
752 731 1
754 731 3
763 731 2
771 731 3
775 731 3
777 731 3
780 731 1
781 731 1
786 731 3
787 731 2
788 731 2
790 731 1
794 731 1
796 731 3
799 731 1
807 731 3
808 731 1
813 731 3
815 731 1
816 731 1
817 731 2
820 731 1
821 731 3
825 731 2
832 731 2
834 731 2
836 731 3
837 731 1
840 731 2
841 731 3
842 731 2
844 731 3
845 731 2
851 731 3
854 731 1
857 731 3
860 731 3
865 731 3
867 731 3
868 731 3
872 731 3
882 731 1
884 731 1
885 731 3
886 731 1
887 731 3
888 731 3
889 731 2
896 731 1
899 731 3
903 731 2
906 731 1
909 731 3
913 731 1
919 731 2
926 731 2
931 731 2
932 731 1
938 731 1
939 731 3
940 731 2
945 731 3
947 731 3
950 731 3
951 731 3
954 731 2
955 731 2
958 731 3
964 731 1
966 731 2
970 731 1
978 731 3
979 731 2
982 731 2
985 731 1
986 731 3
988 731 1
990 731 1
8 732 3
10 732 3
11 732 2
12 732 1
16 732 3
17 732 2
20 732 1
22 732 2
24 732 3
25 732 2
28 732 2
32 732 3
35 732 2
36 732 3
37 732 1
47 732 2
59 732 2
60 732 3
65 732 2
68 732 1
69 732 3
70 732 2
73 732 3
77 732 1
80 732 2
84 732 3
90 732 3
92 732 1
97 732 2
103 732 1
107 732 2
110 732 2
121 732 3
123 732 3
124 732 3
125 732 3
128 732 3
132 732 1
136 732 3
137 732 2
145 732 3
149 732 2
150 732 3
151 732 2
160 732 3
163 732 3
169 732 2
