65 257 3
73 257 1
77 257 3
85 257 2
86 257 2
96 257 2
97 257 2
98 257 3
100 257 1
110 257 3
111 257 3
116 257 2
118 257 3
121 257 1
122 257 2
123 257 1
124 257 1
126 257 3
128 257 2
129 257 1
132 257 2
136 257 3
137 257 2
142 257 3
143 257 2
144 257 1
145 257 3
149 257 2
152 257 1
153 257 2
156 257 2
171 257 1
177 257 3
178 257 1
179 257 2
180 257 1
181 257 3
189 257 3
197 257 3
199 257 3
205 257 3
207 257 3
210 257 3
211 257 3
212 257 1
213 257 1
214 257 3
215 257 2
216 257 2
219 257 3
220 257 1
221 257 2
224 257 2
229 257 3
230 257 1
234 257 2
235 257 2
237 257 1
238 257 3
239 257 3
244 257 1
247 257 1
248 257 1
259 257 1
261 257 3
271 257 2
277 257 3
281 257 2
284 257 2
285 257 1
288 257 3
289 257 3
291 257 2
292 257 2
295 257 1
297 257 1
300 257 2
306 257 3
309 257 2
310 257 1
312 257 3
313 257 2
314 257 1
315 257 3
318 257 3
321 257 2
322 257 2
324 257 2
325 257 3
337 257 1
341 257 1
342 257 2
346 257 2
347 257 3
348 257 3
349 257 3
354 257 2
356 257 1
357 257 2
358 257 2
360 257 1
361 257 3
365 257 2
366 257 3
367 257 3
368 257 1
371 257 1
372 257 3
373 257 2
382 257 1
390 257 3
406 257 1
409 257 3
411 257 1
415 257 3
420 257 2
424 257 3
426 257 1
427 257 1
429 257 2
430 257 3
433 257 2
434 257 1
435 257 1
440 257 2
441 257 2
444 257 2
445 257 2
446 257 3
449 257 3
461 257 2
468 257 1
469 257 2
471 257 1
473 257 3
474 257 2
477 257 2
480 257 2
483 257 1
488 257 2
495 257 3
496 257 2
499 257 2
502 257 1
505 257 3
506 257 2
507 257 3
509 257 1
510 257 2
513 257 3
514 257 3
517 257 2
525 257 2
530 257 3
531 257 3
532 257 3
533 257 3
536 257 1
537 257 3
538 257 3
539 257 1
545 257 2
548 257 2
549 257 1
556 257 1
559 257 3
561 257 2
565 257 3
567 257 3
570 257 1
574 257 2
576 257 2
586 257 2
588 257 2
592 257 3
597 257 3
599 257 3
601 257 2
604 257 3
606 257 3
607 257 1
609 257 1
617 257 3
618 257 2
622 257 1
626 257 2
628 257 2
630 257 2
636 257 2
643 257 3
646 257 3
647 257 3
648 257 3
654 257 2
655 257 3
664 257 3
668 257 1
669 257 3
675 257 3
682 257 3
685 257 2
687 257 1
692 257 3
693 257 2
694 257 2
698 257 2
703 257 3
704 257 2
706 257 3
707 257 2
712 257 3
715 257 2
716 257 3
717 257 1
720 257 3
723 257 2
725 257 1
727 257 3
728 257 2
730 257 1
732 257 3
734 257 3
742 257 3
743 257 3
746 257 2
747 257 2
749 257 1
759 257 1
761 257 2
764 257 3
766 257 1
767 257 3
773 257 1
780 257 3
781 257 3
785 257 1
787 257 1
790 257 3
792 257 3
793 257 3
798 257 3
800 257 2
803 257 2
810 257 1
812 257 1
819 257 1
822 257 3
831 257 2
834 257 1
838 257 3
839 257 2
843 257 1
848 257 3
849 257 1
851 257 1
862 257 3
867 257 2
868 257 1
869 257 2
870 257 1
884 257 3
889 257 2
895 257 3
896 257 2
899 257 1
901 257 2
903 257 3
906 257 3
907 257 2
912 257 1
917 257 1
919 257 3
921 257 1
923 257 2
926 257 3
933 257 3
934 257 3
938 257 3
942 257 2
943 257 1
945 257 2
948 257 2
955 257 2
957 257 3
966 257 3
968 257 1
972 257 3
977 257 1
979 257 2
980 257 2
982 257 2
999 257 3
1 258 2
4 258 1
9 258 3
10 258 3
12 258 2
18 258 2
19 258 2
20 258 2
25 258 1
33 258 1
37 258 1
43 258 3
46 258 3
51 258 3
53 258 2
54 258 3
55 258 3
58 258 1
62 258 3
65 258 3
66 258 2
67 258 2
68 258 2
69 258 2
70 258 2
76 258 2
80 258 1
83 258 1
84 258 3
86 258 1
89 258 3
91 258 2
92 258 2
93 258 1
97 258 2
99 258 3
100 258 3
101 258 1
111 258 2
113 258 3
115 258 1
117 258 1
123 258 1
124 258 3
125 258 3
129 258 1
131 258 2
133 258 2
138 258 2
144 258 1
146 258 2
150 258 3
154 258 1
157 258 1
159 258 2
160 258 2
164 258 3
165 258 1
169 258 2
171 258 3
173 258 2
175 258 3
177 258 2
179 258 3
180 258 2
196 258 2
199 258 2
200 258 1
204 258 1
205 258 1
206 258 2
207 258 3
210 258 3
214 258 1
215 258 1
228 258 3
231 258 2
232 258 3
242 258 3
243 258 2
246 258 3
247 258 1
255 258 3
256 258 1
260 258 3
268 258 1
269 258 2
270 258 2
272 258 1
279 258 2
280 258 3
282 258 1
283 258 3
286 258 2
288 258 2
293 258 3
296 258 2
298 258 3
301 258 3
302 258 1
307 258 3
309 258 2
317 258 1
318 258 2
321 258 3
323 258 1
324 258 1
330 258 2
331 258 2
336 258 1
343 258 2
344 258 1
348 258 3
355 258 1
356 258 3
359 258 1
360 258 2
361 258 2
362 258 1
363 258 2
365 258 3
366 258 1
367 258 2
369 258 2
372 258 3
373 258 3
377 258 3
379 258 3
382 258 2
385 258 2
388 258 3
390 258 1
391 258 3
392 258 3
394 258 2
396 258 1
400 258 2
401 258 2
402 258 1
404 258 1
405 258 3
406 258 2
407 258 3
415 258 1
417 258 2
420 258 2
422 258 1
424 258 3
425 258 1
426 258 3
432 258 3
437 258 1
452 258 2
453 258 2
461 258 2
465 258 3
476 258 3
479 258 1
484 258 2
486 258 3
488 258 2
490 258 3
491 258 1
500 258 2
502 258 3
504 258 2
510 258 3
511 258 1
515 258 3
517 258 1
519 258 3
524 258 1
530 258 2
539 258 1
542 258 1
544 258 3
546 258 3
550 258 3
552 258 3
555 258 2
556 258 1
566 258 1
567 258 2
569 258 2
577 258 3
584 258 1
587 258 3
590 258 1
594 258 3
597 258 2
600 258 3
609 258 1
611 258 3
613 258 3
616 258 3
617 258 2
621 258 2
626 258 1
628 258 3
631 258 3
632 258 1
633 258 1
637 258 1
639 258 3
641 258 1
647 258 1
652 258 3
654 258 3
655 258 3
657 258 3
660 258 2
664 258 3
672 258 2
673 258 1
679 258 1
680 258 3
681 258 1
682 258 2
684 258 3
687 258 3
689 258 3
696 258 1
700 258 3
702 258 1
703 258 3
706 258 3
709 258 1
717 258 1
718 258 1
721 258 1
723 258 1
725 258 2
728 258 3
729 258 3
732 258 2
733 258 3
739 258 1
740 258 3
747 258 2
749 258 2
752 258 2
756 258 3
758 258 2
759 258 3
762 258 3
763 258 3
765 258 3
768 258 2
769 258 2
773 258 2
778 258 2
781 258 3
785 258 1
786 258 1
795 258 3
798 258 2
802 258 1
810 258 2
811 258 3
822 258 1
823 258 2
827 258 2
830 258 3
834 258 1
840 258 3
848 258 2
855 258 1
856 258 1
858 258 3
868 258 2
871 258 2
874 258 1
877 258 3
878 258 3
880 258 3
886 258 3
894 258 1
898 258 2
899 258 1
901 258 3
904 258 2
909 258 3
912 258 3
914 258 3
917 258 3
918 258 3
933 258 2
937 258 2
941 258 1
947 258 3
954 258 1
956 258 1
960 258 3
961 258 1
962 258 1
965 258 3
970 258 3
971 258 1
972 258 2
976 258 3
979 258 3
987 258 2
990 258 1
991 258 1
998 258 3
0 259 2
1 259 3
7 259 2
19 259 2
21 259 2
25 259 2
27 259 3
30 259 1
35 259 1
36 259 2
38 259 3
41 259 1
42 259 3
43 259 1
44 259 1
48 259 2
53 259 1
54 259 1
57 259 2
69 259 2
76 259 2
79 259 1
82 259 3
87 259 1
92 259 1
94 259 1
95 259 1
96 259 3
99 259 1
100 259 1
105 259 1
109 259 1
110 259 1
113 259 2
114 259 2
115 259 1
119 259 2
121 259 1
122 259 3
125 259 1
128 259 3
129 259 1
130 259 3
131 259 1
140 259 1
142 259 1
144 259 3
146 259 1
151 259 1
153 259 3
155 259 3
160 259 2
166 259 1
170 259 2
179 259 3
182 259 2
190 259 3
191 259 3
192 259 2
193 259 2
195 259 2
198 259 2
199 259 1
200 259 1
201 259 1
206 259 2
209 259 3
210 259 3
211 259 1
