392 500 2
394 500 3
395 500 3
399 500 3
400 500 3
401 500 3
404 500 1
415 500 3
420 500 2
421 500 2
430 500 1
431 500 1
436 500 1
439 500 1
444 500 3
445 500 2
450 500 1
456 500 1
457 500 3
458 500 3
460 500 2
462 500 3
466 500 1
467 500 3
468 500 1
469 500 1
470 500 3
471 500 1
472 500 1
473 500 1
475 500 3
480 500 2
481 500 3
482 500 1
483 500 3
484 500 3
485 500 1
488 500 1
489 500 2
491 500 2
494 500 2
498 500 2
501 500 1
503 500 2
509 500 2
512 500 2
513 500 2
514 500 1
517 500 2
523 500 1
525 500 3
526 500 2
528 500 3
530 500 3
533 500 2
540 500 1
541 500 3
543 500 2
545 500 2
548 500 1
552 500 1
555 500 3
559 500 1
563 500 1
567 500 1
569 500 1
571 500 2
573 500 1
578 500 1
579 500 3
588 500 1
591 500 3
592 500 1
593 500 1
595 500 2
596 500 3
601 500 1
602 500 2
609 500 1
617 500 3
626 500 2
632 500 3
641 500 1
642 500 2
644 500 2
647 500 2
648 500 2
649 500 1
650 500 2
653 500 1
655 500 2
657 500 3
662 500 2
667 500 1
670 500 3
671 500 2
675 500 2
679 500 3
682 500 3
687 500 2
688 500 1
689 500 3
692 500 2
697 500 1
698 500 2
700 500 1
704 500 2
705 500 3
708 500 2
710 500 1
712 500 3
716 500 3
719 500 1
721 500 1
724 500 3
727 500 3
731 500 3
732 500 1
736 500 1
737 500 3
739 500 2
741 500 1
761 500 2
763 500 1
765 500 3
766 500 1
770 500 3
771 500 3
772 500 1
775 500 1
777 500 2
783 500 2
785 500 2
786 500 2
787 500 2
794 500 1
795 500 1
796 500 1
797 500 1
799 500 1
805 500 2
816 500 1
817 500 1
819 500 3
823 500 2
835 500 3
839 500 2
840 500 2
842 500 1
843 500 3
844 500 2
853 500 1
855 500 2
857 500 2
863 500 2
865 500 3
868 500 2
873 500 3
874 500 3
883 500 1
887 500 3
889 500 3
891 500 1
892 500 3
897 500 1
900 500 2
902 500 3
907 500 2
909 500 3
912 500 1
913 500 2
914 500 2
923 500 2
926 500 3
927 500 2
944 500 3
948 500 1
949 500 2
951 500 2
960 500 3
961 500 2
963 500 2
966 500 3
968 500 1
970 500 3
971 500 2
972 500 2
975 500 3
977 500 1
984 500 2
986 500 2
987 500 3
989 500 2
991 500 1
992 500 1
999 500 1
5 501 2
7 501 1
10 501 1
13 501 3
14 501 2
15 501 3
16 501 1
18 501 1
19 501 3
22 501 2
23 501 1
25 501 2
28 501 3
29 501 3
33 501 1
34 501 2
35 501 3
37 501 3
42 501 3
43 501 3
45 501 1
52 501 2
56 501 1
59 501 3
62 501 3
63 501 2
67 501 1
71 501 1
76 501 2
77 501 3
78 501 3
81 501 1
82 501 2
84 501 1
86 501 2
91 501 3
94 501 3
95 501 1
100 501 1
103 501 1
104 501 1
109 501 1
113 501 3
115 501 2
116 501 1
118 501 3
123 501 2
124 501 2
128 501 1
131 501 1
135 501 1
138 501 2
140 501 3
144 501 1
148 501 3
152 501 2
153 501 3
155 501 1
156 501 1
158 501 2
159 501 2
161 501 3
163 501 1
164 501 3
165 501 3
167 501 2
169 501 3
173 501 2
174 501 2
175 501 2
184 501 1
186 501 2
191 501 2
193 501 1
194 501 2
196 501 3
198 501 2
201 501 1
207 501 2
208 501 1
209 501 1
211 501 3
213 501 1
215 501 2
218 501 2
220 501 3
222 501 3
228 501 2
229 501 3
231 501 2
233 501 2
235 501 2
236 501 1
240 501 3
243 501 2
245 501 1
246 501 1
256 501 3
257 501 2
259 501 2
262 501 1
263 501 1
265 501 3
267 501 2
268 501 1
272 501 1
273 501 3
281 501 3
283 501 1
284 501 1
288 501 2
292 501 2
295 501 1
298 501 1
299 501 2
300 501 1
301 501 3
304 501 2
308 501 1
309 501 2
310 501 3
314 501 1
316 501 2
317 501 1
336 501 1
337 501 1
339 501 3
341 501 3
344 501 2
346 501 1
351 501 1
354 501 3
357 501 2
360 501 2
367 501 2
368 501 2
370 501 2
372 501 2
375 501 2
380 501 1
383 501 2
384 501 2
387 501 2
388 501 1
391 501 2
392 501 3
396 501 2
399 501 3
400 501 1
402 501 2
403 501 2
404 501 2
405 501 2
407 501 3
415 501 3
419 501 1
422 501 1
425 501 3
429 501 3
433 501 3
437 501 2
439 501 2
440 501 2
442 501 1
443 501 2
445 501 3
446 501 1
451 501 3
456 501 1
459 501 3
466 501 3
467 501 1
468 501 2
471 501 2
473 501 3
474 501 2
479 501 1
480 501 3
486 501 3
489 501 2
490 501 2
493 501 2
494 501 2
497 501 1
498 501 2
500 501 2
505 501 2
507 501 2
510 501 1
514 501 3
519 501 1
524 501 1
528 501 2
529 501 2
535 501 3
541 501 3
542 501 2
545 501 3
551 501 1
552 501 3
559 501 3
564 501 2
566 501 1
568 501 2
571 501 1
578 501 1
586 501 2
587 501 2
589 501 3
596 501 1
599 501 3
603 501 2
604 501 2
615 501 2
616 501 2
617 501 1
620 501 3
622 501 1
626 501 2
630 501 3
632 501 2
633 501 2
634 501 2
637 501 1
640 501 2
641 501 1
644 501 2
650 501 2
653 501 3
654 501 3
656 501 2
658 501 2
659 501 2
663 501 3
666 501 3
671 501 1
675 501 1
676 501 2
681 501 3
684 501 2
685 501 1
688 501 1
689 501 1
691 501 2
693 501 2
698 501 1
699 501 3
704 501 2
706 501 3
711 501 1
714 501 1
715 501 1
717 501 1
731 501 2
732 501 3
734 501 2
736 501 3
738 501 2
740 501 3
745 501 3
746 501 3
747 501 1
755 501 2
757 501 3
761 501 1
762 501 3
765 501 1
768 501 3
769 501 2
771 501 3
773 501 1
778 501 3
783 501 1
785 501 3
788 501 3
789 501 1
790 501 1
793 501 3
794 501 3
797 501 3
799 501 3
801 501 3
802 501 2
804 501 1
805 501 2
810 501 3
818 501 3
821 501 1
823 501 1
824 501 1
825 501 1
826 501 1
831 501 3
833 501 2
834 501 1
836 501 2
839 501 2
841 501 2
843 501 1
844 501 1
846 501 3
847 501 3
851 501 1
852 501 3
853 501 1
854 501 3
856 501 3
857 501 3
859 501 2
860 501 3
866 501 3
874 501 1
880 501 1
881 501 3
882 501 3
884 501 1
886 501 1
891 501 3
892 501 3
893 501 3
896 501 3
906 501 2
908 501 1
909 501 2
915 501 1
919 501 1
921 501 2
922 501 3
923 501 3
924 501 3
932 501 3
935 501 1
936 501 2
939 501 2
943 501 3
948 501 3
955 501 2
958 501 3
965 501 1
967 501 3
978 501 3
979 501 3
981 501 3
991 501 3
993 501 2
996 501 1
997 501 2
1 502 2
3 502 2
4 502 1
6 502 3
9 502 2
12 502 2
13 502 2
16 502 1
27 502 1
29 502 3
35 502 1
37 502 2
47 502 3
48 502 2
53 502 3
54 502 2
60 502 1
63 502 1
66 502 3
70 502 3
76 502 1
79 502 3
85 502 1
87 502 2
89 502 1
95 502 2
96 502 2
100 502 1
103 502 2
104 502 3
105 502 1
107 502 2
109 502 1
110 502 2
113 502 3
114 502 3
115 502 1
116 502 2
121 502 1
124 502 2
128 502 1
129 502 3
136 502 1
138 502 2
139 502 3
146 502 1
164 502 2
167 502 2
168 502 2
169 502 2
172 502 2
173 502 2
175 502 3
176 502 2
178 502 2
179 502 3
180 502 2
184 502 1
189 502 3
194 502 1
202 502 3
203 502 3
205 502 1
209 502 3
210 502 2
212 502 2
217 502 3
220 502 2
225 502 2
228 502 2
234 502 3
240 502 3
249 502 3
253 502 1
257 502 1
258 502 1
259 502 1
263 502 1
264 502 2
265 502 3
269 502 1
270 502 1
273 502 3
277 502 1
280 502 1
281 502 3
282 502 2
288 502 2
292 502 1
293 502 2
294 502 1
296 502 1
299 502 2
300 502 3
302 502 2
308 502 1
311 502 2
312 502 1
313 502 1
314 502 1
317 502 3
318 502 1
321 502 2
327 502 1
331 502 2
335 502 1
341 502 2
342 502 3
349 502 2
351 502 2
357 502 2
358 502 1
361 502 3
368 502 1
374 502 3
379 502 1
386 502 1
389 502 1
390 502 1
391 502 3
392 502 1
394 502 2
396 502 2
