464 438 2
473 438 1
479 438 1
480 438 2
487 438 3
495 438 3
497 438 2
503 438 1
505 438 1
508 438 1
514 438 3
516 438 2
520 438 3
521 438 1
524 438 1
528 438 1
532 438 2
535 438 2
538 438 3
539 438 2
542 438 1
545 438 3
548 438 3
552 438 2
554 438 1
555 438 2
556 438 2
557 438 2
559 438 1
560 438 1
565 438 1
566 438 2
568 438 1
569 438 1
579 438 1
581 438 2
584 438 3
588 438 3
590 438 1
592 438 3
596 438 3
598 438 1
600 438 2
601 438 3
603 438 1
608 438 2
613 438 2
616 438 3
620 438 3
631 438 1
636 438 2
637 438 3
639 438 1
640 438 2
643 438 1
644 438 2
645 438 2
647 438 2
650 438 3
653 438 3
654 438 1
655 438 3
662 438 1
666 438 3
670 438 2
672 438 1
673 438 3
675 438 2
679 438 3
681 438 1
683 438 3
687 438 3
688 438 1
689 438 2
690 438 2
693 438 3
696 438 2
698 438 1
700 438 3
701 438 1
703 438 3
708 438 2
709 438 3
711 438 1
714 438 1
720 438 1
728 438 1
731 438 3
732 438 3
733 438 3
734 438 1
739 438 2
742 438 3
744 438 3
745 438 3
746 438 3
748 438 3
751 438 1
752 438 2
766 438 1
767 438 1
770 438 3
773 438 3
776 438 3
781 438 3
782 438 3
786 438 2
787 438 3
790 438 3
795 438 3
796 438 1
797 438 3
798 438 1
804 438 1
807 438 1
811 438 1
815 438 1
817 438 1
818 438 1
820 438 1
822 438 2
824 438 2
825 438 2
827 438 2
829 438 1
831 438 2
835 438 1
837 438 2
839 438 2
841 438 2
843 438 1
849 438 2
853 438 1
856 438 3
858 438 3
863 438 3
866 438 2
870 438 3
874 438 1
875 438 1
879 438 1
882 438 3
884 438 3
886 438 1
887 438 1
888 438 1
889 438 2
903 438 2
905 438 3
907 438 1
908 438 1
910 438 2
911 438 2
916 438 2
917 438 1
920 438 3
923 438 3
925 438 2
929 438 3
932 438 1
933 438 1
938 438 2
944 438 3
945 438 3
946 438 2
947 438 3
948 438 3
955 438 3
958 438 1
962 438 3
969 438 3
970 438 2
972 438 3
975 438 3
978 438 2
986 438 2
988 438 3
990 438 3
999 438 1
1 439 1
4 439 2
6 439 1
10 439 3
15 439 2
16 439 3
18 439 2
19 439 3
24 439 2
26 439 2
33 439 1
37 439 2
39 439 3
42 439 1
44 439 1
45 439 2
46 439 1
47 439 2
53 439 3
56 439 3
57 439 2
58 439 1
60 439 1
63 439 1
65 439 2
66 439 2
67 439 2
69 439 3
73 439 3
76 439 1
77 439 3
78 439 2
83 439 2
84 439 3
88 439 1
89 439 1
93 439 1
95 439 3
97 439 1
99 439 3
108 439 2
109 439 1
111 439 1
113 439 1
114 439 1
116 439 1
120 439 2
121 439 3
124 439 2
129 439 1
130 439 1
135 439 2
136 439 3
137 439 1
151 439 3
156 439 2
158 439 1
159 439 3
160 439 2
164 439 2
172 439 3
178 439 2
179 439 2
182 439 2
184 439 2
186 439 1
187 439 3
189 439 2
193 439 1
194 439 3
197 439 2
199 439 1
205 439 2
209 439 1
217 439 2
224 439 3
225 439 1
226 439 2
228 439 2
229 439 3
233 439 3
235 439 3
242 439 1
243 439 2
246 439 2
250 439 2
251 439 1
253 439 3
255 439 3
257 439 2
259 439 3
265 439 2
268 439 2
269 439 2
276 439 2
280 439 3
282 439 2
288 439 3
289 439 3
293 439 2
294 439 2
298 439 2
302 439 1
308 439 1
312 439 1
313 439 3
316 439 1
323 439 2
324 439 1
333 439 3
334 439 2
340 439 1
341 439 3
348 439 2
350 439 3
351 439 2
357 439 3
364 439 2
367 439 2
368 439 2
372 439 2
373 439 2
378 439 2
381 439 3
383 439 2
389 439 1
390 439 1
398 439 3
399 439 1
405 439 1
406 439 3
408 439 1
416 439 2
424 439 2
425 439 1
428 439 1
431 439 2
432 439 2
438 439 3
441 439 2
442 439 3
445 439 1
446 439 3
448 439 1
449 439 1
450 439 3
452 439 3
454 439 3
456 439 3
467 439 1
468 439 2
472 439 1
476 439 3
478 439 1
480 439 1
481 439 1
484 439 3
486 439 2
487 439 3
491 439 2
493 439 2
495 439 2
496 439 3
497 439 2
498 439 1
499 439 1
501 439 3
504 439 1
506 439 3
507 439 3
511 439 1
513 439 3
514 439 3
515 439 1
517 439 2
518 439 1
519 439 2
526 439 1
528 439 3
529 439 1
530 439 3
531 439 3
542 439 3
545 439 2
546 439 3
547 439 1
549 439 3
550 439 1
552 439 3
553 439 1
564 439 3
566 439 2
572 439 3
573 439 2
576 439 2
577 439 1
578 439 2
581 439 2
583 439 2
585 439 1
590 439 1
591 439 2
592 439 3
593 439 3
594 439 1
595 439 2
599 439 3
605 439 3
606 439 2
610 439 2
611 439 1
612 439 3
614 439 3
616 439 2
618 439 1
621 439 1
623 439 3
624 439 2
626 439 2
629 439 3
631 439 1
632 439 2
633 439 3
635 439 1
636 439 1
638 439 3
641 439 2
642 439 1
646 439 2
654 439 2
666 439 2
672 439 3
675 439 3
678 439 1
680 439 3
682 439 3
684 439 1
685 439 3
687 439 2
689 439 1
690 439 3
691 439 1
693 439 3
694 439 3
697 439 1
698 439 3
705 439 3
707 439 1
708 439 3
709 439 1
710 439 3
712 439 3
713 439 2
714 439 1
715 439 2
716 439 3
723 439 3
727 439 1
730 439 1
731 439 2
734 439 3
737 439 1
741 439 3
742 439 1
750 439 3
753 439 1
755 439 3
756 439 3
757 439 3
763 439 2
764 439 3
765 439 2
767 439 1
768 439 1
769 439 2
770 439 3
771 439 2
773 439 2
774 439 1
777 439 2
780 439 3
784 439 2
787 439 3
788 439 1
789 439 3
795 439 2
799 439 1
800 439 3
801 439 3
802 439 3
805 439 3
808 439 3
820 439 1
829 439 2
831 439 3
833 439 1
845 439 3
846 439 1
851 439 1
856 439 2
857 439 2
859 439 1
861 439 1
867 439 1
869 439 3
872 439 3
874 439 1
875 439 1
882 439 3
885 439 1
887 439 3
890 439 2
891 439 1
900 439 3
904 439 3
907 439 3
911 439 2
914 439 3
915 439 3
917 439 1
919 439 1
922 439 2
931 439 1
933 439 1
935 439 2
936 439 2
943 439 1
944 439 2
949 439 2
954 439 3
955 439 2
956 439 1
964 439 3
979 439 3
981 439 3
984 439 3
986 439 1
990 439 3
992 439 2
994 439 3
996 439 1
0 440 3
4 440 2
5 440 1
11 440 1
12 440 2
15 440 2
18 440 3
19 440 3
20 440 3
23 440 2
26 440 1
28 440 2
29 440 3
37 440 3
42 440 2
43 440 3
46 440 2
49 440 3
51 440 1
54 440 1
58 440 2
72 440 2
74 440 2
76 440 2
78 440 3
79 440 1
82 440 1
91 440 1
94 440 3
96 440 1
98 440 2
101 440 2
102 440 3
105 440 1
107 440 3
108 440 3
109 440 3
112 440 2
113 440 3
115 440 1
120 440 3
127 440 3
130 440 1
134 440 3
135 440 2
136 440 1
139 440 1
141 440 2
144 440 1
147 440 1
154 440 1
156 440 2
158 440 2
160 440 3
161 440 2
165 440 3
166 440 1
182 440 3
183 440 1
184 440 1
195 440 2
196 440 1
197 440 1
200 440 3
205 440 3
208 440 3
211 440 2
218 440 2
224 440 3
227 440 2
229 440 3
232 440 3
233 440 2
237 440 3
240 440 2
244 440 1
245 440 3
248 440 2
249 440 2
253 440 2
261 440 1
263 440 1
265 440 2
267 440 2
268 440 1
269 440 1
271 440 2
273 440 1
276 440 1
279 440 3
281 440 3
282 440 1
286 440 3
287 440 2
288 440 1
289 440 1
290 440 1
291 440 1
292 440 3
295 440 3
299 440 1
300 440 3
305 440 1
306 440 1
309 440 2
314 440 3
316 440 1
317 440 3
321 440 3
323 440 2
324 440 3
326 440 2
328 440 3
329 440 2
330 440 2
336 440 2
337 440 1
338 440 3
339 440 2
340 440 2
345 440 1
346 440 3
349 440 3
352 440 2
355 440 2
367 440 1
368 440 2
369 440 2
370 440 3
374 440 3
376 440 2
383 440 1
385 440 3
386 440 2
387 440 2
388 440 3
401 440 1
403 440 3
405 440 3
413 440 2
420 440 2
433 440 3
437 440 1
439 440 1
443 440 2
446 440 3
