388 197 3
391 197 1
393 197 1
394 197 1
397 197 3
400 197 3
404 197 2
408 197 3
413 197 3
414 197 1
415 197 3
416 197 3
417 197 3
420 197 2
421 197 2
424 197 2
425 197 2
426 197 3
428 197 1
429 197 1
430 197 1
432 197 2
435 197 3
436 197 3
438 197 3
442 197 3
444 197 3
447 197 2
450 197 2
452 197 3
455 197 3
463 197 1
467 197 1
468 197 3
470 197 2
471 197 2
473 197 2
475 197 3
477 197 1
478 197 3
479 197 3
483 197 2
489 197 3
492 197 3
496 197 1
503 197 1
507 197 2
508 197 1
511 197 2
512 197 3
519 197 2
525 197 3
526 197 3
527 197 3
528 197 2
529 197 3
534 197 1
535 197 3
540 197 2
545 197 2
550 197 3
553 197 2
554 197 1
556 197 2
562 197 3
567 197 2
568 197 2
574 197 3
580 197 1
581 197 3
587 197 1
588 197 2
590 197 2
592 197 3
593 197 3
596 197 3
598 197 2
601 197 1
604 197 3
606 197 1
611 197 2
613 197 3
615 197 2
616 197 1
617 197 2
618 197 3
628 197 1
630 197 2
631 197 2
633 197 2
634 197 3
636 197 3
639 197 2
647 197 2
649 197 1
651 197 2
659 197 2
660 197 3
663 197 1
664 197 3
668 197 1
670 197 3
673 197 2
674 197 1
677 197 1
680 197 2
681 197 1
685 197 1
687 197 3
688 197 3
689 197 3
690 197 2
692 197 3
694 197 2
698 197 2
701 197 1
710 197 1
711 197 1
712 197 2
715 197 3
722 197 1
728 197 2
736 197 3
737 197 1
738 197 3
740 197 3
741 197 3
742 197 3
745 197 3
747 197 3
748 197 2
751 197 1
754 197 3
757 197 2
773 197 1
776 197 3
778 197 3
779 197 2
783 197 3
787 197 2
789 197 3
792 197 1
796 197 3
800 197 3
806 197 2
813 197 1
819 197 1
820 197 1
822 197 2
831 197 3
832 197 3
839 197 1
841 197 2
845 197 1
847 197 1
848 197 2
852 197 1
855 197 3
856 197 2
860 197 3
867 197 3
873 197 3
881 197 3
889 197 3
891 197 3
892 197 2
894 197 3
895 197 2
900 197 3
901 197 3
908 197 3
909 197 2
917 197 2
922 197 2
923 197 3
926 197 3
928 197 2
929 197 3
930 197 3
938 197 1
939 197 3
942 197 3
949 197 3
950 197 2
952 197 2
955 197 2
958 197 2
964 197 2
965 197 1
967 197 3
970 197 2
971 197 3
975 197 3
983 197 3
984 197 1
986 197 2
990 197 3
992 197 3
996 197 3
0 198 1
5 198 2
6 198 1
9 198 3
11 198 3
12 198 2
13 198 2
15 198 2
17 198 3
18 198 2
19 198 2
25 198 2
30 198 1
37 198 2
41 198 2
42 198 2
48 198 2
51 198 3
52 198 2
53 198 2
55 198 2
56 198 3
58 198 2
63 198 2
64 198 1
69 198 3
76 198 2
78 198 3
79 198 3
87 198 3
90 198 3
91 198 2
99 198 3
100 198 1
102 198 2
103 198 1
106 198 2
109 198 1
111 198 1
114 198 3
117 198 1
119 198 2
121 198 2
125 198 2
126 198 1
127 198 2
130 198 3
131 198 2
135 198 3
137 198 3
139 198 1
140 198 2
141 198 2
142 198 2
144 198 3
147 198 2
150 198 1
152 198 2
153 198 3
158 198 1
161 198 2
162 198 1
166 198 3
171 198 1
173 198 1
178 198 3
183 198 2
185 198 2
187 198 3
189 198 3
190 198 2
191 198 1
197 198 1
202 198 1
204 198 1
209 198 2
210 198 2
211 198 2
217 198 1
230 198 1
232 198 3
236 198 2
239 198 2
241 198 3
243 198 3
249 198 2
255 198 1
256 198 2
259 198 1
261 198 1
262 198 2
264 198 2
266 198 2
267 198 3
270 198 2
272 198 2
280 198 1
282 198 2
286 198 1
290 198 2
292 198 2
295 198 2
297 198 2
301 198 1
303 198 1
305 198 3
307 198 2
313 198 3
317 198 1
332 198 2
333 198 1
334 198 1
335 198 3
336 198 3
342 198 3
343 198 2
344 198 3
350 198 1
357 198 2
358 198 1
361 198 2
362 198 1
363 198 3
365 198 1
367 198 1
370 198 2
371 198 3
375 198 3
376 198 3
381 198 1
383 198 3
384 198 2
385 198 2
386 198 3
389 198 2
390 198 1
392 198 1
393 198 2
396 198 3
398 198 3
399 198 3
406 198 3
414 198 1
415 198 1
419 198 3
421 198 3
422 198 1
424 198 1
425 198 3
428 198 1
429 198 2
431 198 3
435 198 3
440 198 2
443 198 3
445 198 3
458 198 3
459 198 3
460 198 2
466 198 1
469 198 3
473 198 2
474 198 1
486 198 2
488 198 1
491 198 3
495 198 1
502 198 3
503 198 2
506 198 2
507 198 1
509 198 1
511 198 2
518 198 3
521 198 3
523 198 3
526 198 2
529 198 3
531 198 3
532 198 1
537 198 1
538 198 1
545 198 2
552 198 1
555 198 2
556 198 1
557 198 2
559 198 3
560 198 1
565 198 3
567 198 1
573 198 1
581 198 2
582 198 2
589 198 1
592 198 3
594 198 2
598 198 3
600 198 1
602 198 2
605 198 2
613 198 3
617 198 1
621 198 2
622 198 1
624 198 1
625 198 3
629 198 1
630 198 2
631 198 2
632 198 2
633 198 3
635 198 3
638 198 1
639 198 2
643 198 2
646 198 1
651 198 3
655 198 3
656 198 1
659 198 3
660 198 3
664 198 1
667 198 3
668 198 2
671 198 1
672 198 3
675 198 1
681 198 3
684 198 3
685 198 3
688 198 2
692 198 3
694 198 1
695 198 2
697 198 3
700 198 1
701 198 2
709 198 1
712 198 3
713 198 2
715 198 3
717 198 3
724 198 1
725 198 3
726 198 3
729 198 2
732 198 3
733 198 2
734 198 2
735 198 1
736 198 1
738 198 1
741 198 3
748 198 1
749 198 3
751 198 3
755 198 3
757 198 2
758 198 3
760 198 3
762 198 1
763 198 3
767 198 1
768 198 1
772 198 3
775 198 1
781 198 2
783 198 3
785 198 3
786 198 1
788 198 3
791 198 3
794 198 1
795 198 3
797 198 1
800 198 3
801 198 2
803 198 2
809 198 2
816 198 1
820 198 2
821 198 1
823 198 2
826 198 1
827 198 1
829 198 3
830 198 2
840 198 1
842 198 2
847 198 3
849 198 2
850 198 1
851 198 1
858 198 1
863 198 2
864 198 2
865 198 3
866 198 2
867 198 3
869 198 3
870 198 3
872 198 3
874 198 3
875 198 3
877 198 3
879 198 3
882 198 3
885 198 3
887 198 3
889 198 1
891 198 2
894 198 3
898 198 1
904 198 1
909 198 3
914 198 1
917 198 2
921 198 3
924 198 1
925 198 1
926 198 1
928 198 2
936 198 3
938 198 2
939 198 2
942 198 3
943 198 3
947 198 3
948 198 1
949 198 3
951 198 2
952 198 2
957 198 1
962 198 2
967 198 3
969 198 3
976 198 1
984 198 1
991 198 3
992 198 3
994 198 3
998 198 1
0 199 1
3 199 3
7 199 1
13 199 1
15 199 1
19 199 1
20 199 3
22 199 3
23 199 1
26 199 2
30 199 3
32 199 1
35 199 3
39 199 3
44 199 3
45 199 2
50 199 3
53 199 1
57 199 1
58 199 3
59 199 2
60 199 2
63 199 1
76 199 2
80 199 2
82 199 1
83 199 3
86 199 3
90 199 2
91 199 1
93 199 3
102 199 1
112 199 3
113 199 2
114 199 2
123 199 1
129 199 1
131 199 3
133 199 1
134 199 1
136 199 3
142 199 1
144 199 1
151 199 1
152 199 1
160 199 1
162 199 3
163 199 2
168 199 3
169 199 1
170 199 2
171 199 1
175 199 2
178 199 2
179 199 1
181 199 2
185 199 2
186 199 3
195 199 3
196 199 2
197 199 2
203 199 1
214 199 1
217 199 1
222 199 3
226 199 1
228 199 3
229 199 1
235 199 1
236 199 3
245 199 3
253 199 2
257 199 3
262 199 3
265 199 1
270 199 3
271 199 2
280 199 1
281 199 3
286 199 2
291 199 3
295 199 3
297 199 2
300 199 3
303 199 2
305 199 3
306 199 1
308 199 3
309 199 3
313 199 1
319 199 3
320 199 2
321 199 1
323 199 3
330 199 1
334 199 3
335 199 2
338 199 1
339 199 2
342 199 2
343 199 3
344 199 1
345 199 3
346 199 3
347 199 3
348 199 3
350 199 1
352 199 1
353 199 2
354 199 1
355 199 1
356 199 1
357 199 1
359 199 1
364 199 1
365 199 1
376 199 1
386 199 2
387 199 2
401 199 3
402 199 2
403 199 3
408 199 1
410 199 2
