464 788 2
470 788 2
475 788 1
477 788 3
479 788 2
481 788 2
482 788 1
485 788 1
487 788 2
489 788 2
491 788 2
501 788 3
505 788 1
506 788 1
507 788 3
508 788 2
512 788 2
513 788 1
515 788 3
518 788 3
522 788 2
523 788 1
525 788 1
528 788 1
529 788 3
533 788 1
537 788 1
538 788 2
539 788 2
541 788 1
543 788 2
545 788 3
546 788 1
549 788 3
553 788 2
556 788 3
561 788 3
562 788 3
571 788 3
575 788 3
579 788 1
580 788 3
589 788 1
590 788 1
591 788 2
593 788 3
596 788 2
597 788 1
598 788 2
599 788 2
603 788 2
609 788 1
614 788 2
618 788 2
622 788 3
623 788 3
624 788 2
625 788 2
631 788 2
632 788 1
633 788 1
635 788 1
636 788 3
637 788 3
640 788 1
642 788 2
644 788 3
646 788 1
648 788 2
650 788 2
651 788 1
653 788 1
654 788 2
656 788 2
657 788 2
665 788 2
674 788 3
675 788 3
678 788 2
680 788 1
683 788 1
684 788 3
690 788 3
697 788 1
698 788 2
700 788 1
704 788 1
707 788 2
710 788 1
719 788 3
722 788 2
724 788 3
729 788 3
730 788 1
731 788 1
734 788 2
735 788 2
740 788 2
741 788 1
743 788 1
746 788 1
754 788 1
757 788 3
759 788 2
760 788 1
761 788 3
763 788 3
766 788 3
767 788 3
773 788 2
775 788 2
776 788 2
778 788 2
779 788 3
782 788 3
785 788 3
788 788 2
792 788 2
796 788 3
797 788 2
800 788 3
803 788 1
806 788 3
807 788 1
811 788 1
812 788 1
815 788 3
817 788 1
824 788 1
825 788 2
830 788 2
833 788 2
836 788 1
840 788 1
847 788 1
849 788 3
853 788 1
854 788 3
855 788 2
862 788 2
869 788 1
871 788 3
875 788 2
882 788 1
885 788 1
886 788 1
887 788 3
888 788 2
896 788 3
902 788 3
904 788 3
905 788 2
906 788 3
911 788 1
916 788 3
920 788 2
921 788 1
923 788 2
929 788 2
930 788 3
940 788 3
942 788 2
948 788 1
950 788 1
958 788 2
959 788 2
962 788 2
963 788 1
966 788 2
970 788 1
973 788 3
976 788 1
980 788 2
986 788 3
993 788 3
994 788 1
997 788 2
998 788 1
999 788 3
3 789 3
5 789 2
8 789 2
9 789 3
20 789 1
22 789 2
25 789 1
26 789 3
29 789 3
30 789 3
31 789 1
35 789 3
36 789 1
38 789 3
41 789 2
43 789 1
44 789 1
45 789 2
46 789 1
51 789 2
52 789 2
53 789 1
54 789 2
57 789 3
61 789 2
62 789 1
63 789 3
64 789 2
66 789 2
71 789 3
73 789 2
76 789 1
78 789 2
85 789 2
86 789 3
89 789 2
90 789 1
91 789 1
94 789 2
95 789 2
102 789 2
103 789 3
105 789 2
112 789 1
114 789 1
116 789 1
117 789 3
120 789 3
121 789 3
123 789 1
127 789 3
129 789 1
132 789 2
136 789 2
142 789 2
148 789 2
149 789 2
150 789 3
152 789 3
156 789 2
161 789 3
164 789 2
165 789 2
166 789 3
180 789 3
186 789 2
191 789 3
192 789 3
194 789 2
197 789 3
205 789 2
207 789 1
209 789 2
212 789 3
216 789 2
219 789 2
220 789 2
222 789 2
224 789 1
227 789 2
232 789 1
235 789 1
236 789 3
238 789 3
242 789 3
243 789 2
244 789 1
249 789 1
251 789 1
253 789 1
256 789 2
262 789 1
267 789 2
273 789 1
275 789 1
276 789 3
278 789 2
279 789 2
283 789 1
284 789 3
285 789 2
287 789 1
289 789 1
291 789 1
292 789 2
293 789 2
299 789 3
301 789 3
303 789 3
305 789 3
307 789 3
312 789 2
313 789 1
314 789 1
315 789 3
316 789 2
320 789 3
321 789 2
322 789 2
323 789 3
329 789 1
338 789 3
344 789 1
345 789 2
346 789 1
347 789 1
358 789 2
363 789 1
368 789 1
371 789 3
377 789 1
380 789 2
381 789 1
383 789 3
385 789 1
389 789 3
390 789 2
391 789 2
393 789 1
396 789 2
402 789 3
405 789 1
406 789 2
407 789 2
412 789 1
414 789 3
416 789 1
417 789 2
420 789 1
425 789 3
426 789 2
429 789 3
430 789 2
436 789 3
442 789 1
444 789 3
445 789 3
446 789 2
448 789 1
452 789 3
458 789 1
460 789 3
461 789 2
463 789 2
468 789 3
470 789 2
472 789 3
477 789 3
480 789 2
485 789 2
489 789 3
493 789 2
497 789 1
498 789 1
500 789 1
509 789 3
510 789 2
513 789 2
518 789 3
525 789 2
526 789 1
529 789 2
530 789 2
531 789 3
536 789 3
540 789 3
541 789 2
542 789 3
543 789 1
545 789 2
546 789 1
548 789 3
555 789 2
556 789 2
561 789 1
565 789 3
569 789 3
573 789 2
574 789 1
577 789 3
588 789 3
592 789 3
593 789 3
596 789 3
597 789 1
599 789 2
601 789 3
607 789 1
608 789 2
609 789 2
615 789 2
617 789 2
618 789 2
628 789 2
631 789 1
632 789 1
633 789 3
635 789 3
636 789 1
638 789 1
639 789 1
640 789 3
641 789 3
644 789 2
645 789 2
646 789 3
647 789 2
650 789 3
655 789 2
657 789 1
660 789 3
661 789 2
662 789 1
663 789 1
664 789 2
668 789 2
681 789 2
682 789 1
683 789 1
685 789 3
686 789 3
691 789 1
694 789 3
698 789 2
701 789 1
705 789 1
707 789 1
712 789 1
713 789 1
714 789 2
716 789 1
719 789 2
720 789 3
721 789 3
725 789 1
726 789 1
727 789 1
729 789 3
731 789 2
734 789 3
739 789 1
741 789 2
744 789 2
745 789 2
746 789 2
748 789 3
750 789 2
752 789 3
757 789 1
759 789 3
760 789 3
766 789 3
771 789 2
780 789 1
786 789 1
789 789 3
792 789 1
793 789 1
795 789 3
796 789 3
798 789 3
801 789 3
803 789 1
804 789 1
805 789 3
806 789 1
807 789 1
810 789 2
811 789 2
813 789 3
824 789 3
829 789 3
830 789 3
835 789 2
837 789 1
839 789 2
840 789 1
842 789 3
845 789 3
847 789 2
851 789 1
852 789 3
855 789 3
857 789 1
861 789 1
862 789 3
865 789 1
867 789 1
870 789 1
873 789 1
877 789 2
880 789 3
884 789 1
885 789 1
890 789 3
893 789 2
895 789 2
896 789 3
900 789 1
902 789 3
903 789 2
906 789 1
907 789 3
908 789 3
916 789 3
924 789 2
926 789 3
929 789 2
932 789 3
936 789 3
937 789 2
939 789 2
946 789 3
947 789 2
949 789 1
952 789 3
955 789 3
958 789 3
962 789 3
965 789 3
966 789 1
967 789 2
970 789 1
974 789 2
975 789 3
976 789 1
977 789 2
980 789 1
981 789 1
982 789 1
986 789 3
989 789 2
990 789 1
992 789 2
993 789 1
994 789 2
997 789 1
999 789 1
0 790 1
1 790 3
3 790 3
4 790 2
6 790 3
7 790 1
9 790 3
12 790 3
15 790 3
22 790 1
23 790 3
24 790 2
31 790 1
36 790 3
39 790 1
41 790 3
42 790 2
43 790 2
45 790 2
47 790 1
48 790 1
49 790 2
56 790 2
58 790 3
59 790 1
61 790 2
64 790 3
68 790 3
73 790 1
77 790 1
81 790 3
82 790 3
84 790 3
86 790 2
87 790 1
88 790 2
89 790 1
95 790 1
96 790 2
100 790 3
106 790 3
111 790 3
112 790 3
113 790 2
114 790 3
121 790 3
125 790 3
126 790 2
130 790 3
131 790 2
134 790 3
135 790 2
148 790 2
152 790 2
156 790 3
159 790 2
161 790 1
165 790 2
170 790 3
171 790 3
175 790 2
181 790 1
182 790 2
183 790 1
186 790 1
188 790 3
189 790 3
192 790 1
198 790 3
199 790 3
202 790 3
210 790 2
211 790 1
222 790 2
227 790 1
232 790 3
234 790 3
246 790 3
251 790 2
253 790 1
255 790 2
256 790 3
261 790 3
263 790 1
267 790 3
270 790 2
274 790 1
276 790 3
280 790 2
282 790 3
285 790 1
288 790 1
291 790 2
295 790 2
296 790 1
300 790 2
301 790 3
304 790 3
310 790 2
314 790 2
319 790 3
321 790 3
324 790 3
327 790 3
331 790 1
332 790 1
338 790 1
339 790 3
343 790 1
346 790 2
348 790 2
350 790 1
352 790 1
353 790 3
356 790 3
358 790 1
360 790 2
362 790 3
363 790 1
365 790 2
366 790 1
373 790 1
377 790 2
378 790 1
381 790 1
384 790 3
386 790 2
387 790 2
388 790 1
