124 726 1
125 726 1
128 726 2
129 726 1
131 726 1
132 726 2
133 726 2
136 726 3
139 726 1
143 726 1
150 726 2
151 726 1
152 726 2
155 726 3
156 726 1
157 726 3
158 726 2
170 726 1
171 726 1
173 726 1
174 726 3
175 726 3
176 726 2
177 726 3
181 726 2
185 726 2
187 726 1
188 726 3
191 726 2
193 726 3
195 726 2
196 726 2
198 726 3
199 726 3
203 726 3
208 726 3
212 726 3
213 726 3
219 726 3
220 726 3
223 726 2
227 726 1
230 726 3
233 726 2
234 726 3
238 726 2
239 726 2
240 726 2
245 726 1
246 726 3
247 726 3
251 726 1
252 726 3
255 726 3
258 726 3
259 726 3
264 726 1
269 726 3
271 726 3
273 726 3
277 726 3
281 726 1
285 726 2
287 726 3
289 726 2
292 726 2
293 726 1
296 726 2
297 726 3
299 726 3
300 726 2
301 726 1
303 726 1
304 726 1
308 726 3
309 726 3
313 726 2
316 726 3
318 726 2
321 726 1
324 726 1
327 726 3
329 726 1
332 726 3
333 726 3
341 726 1
350 726 2
355 726 2
360 726 3
365 726 3
369 726 2
373 726 1
374 726 3
378 726 3
380 726 3
385 726 2
391 726 2
392 726 2
396 726 2
397 726 2
404 726 2
406 726 3
408 726 1
409 726 1
411 726 2
413 726 3
414 726 2
419 726 1
422 726 2
430 726 3
435 726 1
437 726 2
438 726 3
439 726 2
442 726 3
444 726 3
445 726 1
446 726 2
449 726 2
451 726 3
453 726 2
454 726 3
464 726 2
473 726 1
474 726 2
477 726 2
488 726 1
493 726 2
504 726 3
509 726 2
510 726 3
512 726 2
513 726 1
520 726 2
524 726 3
525 726 2
527 726 3
534 726 3
543 726 1
544 726 3
545 726 3
552 726 1
553 726 3
554 726 2
555 726 1
556 726 2
557 726 1
558 726 3
560 726 3
564 726 1
565 726 2
568 726 3
573 726 2
574 726 3
578 726 2
580 726 1
582 726 3
583 726 1
587 726 1
589 726 3
592 726 3
595 726 2
597 726 3
600 726 3
605 726 2
606 726 1
608 726 1
609 726 3
611 726 2
615 726 2
620 726 1
622 726 3
626 726 3
633 726 3
634 726 1
635 726 2
638 726 1
640 726 1
644 726 1
645 726 1
647 726 3
648 726 3
654 726 2
657 726 3
658 726 3
660 726 2
662 726 3
664 726 3
665 726 3
666 726 2
667 726 3
672 726 3
673 726 1
677 726 3
678 726 3
682 726 1
683 726 3
685 726 3
686 726 3
687 726 2
688 726 2
691 726 3
692 726 3
694 726 1
698 726 2
699 726 2
700 726 3
710 726 2
721 726 3
722 726 3
723 726 1
724 726 2
725 726 3
727 726 1
733 726 2
734 726 2
737 726 3
738 726 2
745 726 3
748 726 2
756 726 3
757 726 2
758 726 2
761 726 3
763 726 3
769 726 2
771 726 1
772 726 2
779 726 3
781 726 1
785 726 3
790 726 2
793 726 1
795 726 2
802 726 2
803 726 2
804 726 3
808 726 3
810 726 3
811 726 1
812 726 1
815 726 2
816 726 1
820 726 3
822 726 1
823 726 2
825 726 1
830 726 2
833 726 1
835 726 1
838 726 3
841 726 1
848 726 3
852 726 2
856 726 2
859 726 1
862 726 1
866 726 3
868 726 3
871 726 1
873 726 3
877 726 2
878 726 3
880 726 3
885 726 3
890 726 2
893 726 2
896 726 1
897 726 1
901 726 3
907 726 2
909 726 2
919 726 2
920 726 3
922 726 1
924 726 2
925 726 2
928 726 1
932 726 2
933 726 2
934 726 1
940 726 3
941 726 2
945 726 3
948 726 3
951 726 2
952 726 2
953 726 2
958 726 1
960 726 1
965 726 3
971 726 3
972 726 3
975 726 3
976 726 2
977 726 2
980 726 3
985 726 2
988 726 3
989 726 1
990 726 1
995 726 3
996 726 2
999 726 3
1 727 1
3 727 1
14 727 1
17 727 3
19 727 1
23 727 2
25 727 1
28 727 1
31 727 3
32 727 2
39 727 1
48 727 2
51 727 1
53 727 1
54 727 1
55 727 1
56 727 2
57 727 1
60 727 1
64 727 3
66 727 1
67 727 3
68 727 1
69 727 3
77 727 1
80 727 1
84 727 3
91 727 3
92 727 3
97 727 3
100 727 3
101 727 2
104 727 2
111 727 1
115 727 3
116 727 3
120 727 1
121 727 1
122 727 3
127 727 3
128 727 3
131 727 1
133 727 2
134 727 1
136 727 2
138 727 1
139 727 3
140 727 1
143 727 2
145 727 2
146 727 3
155 727 3
160 727 3
161 727 3
162 727 3
164 727 2
168 727 2
169 727 2
174 727 3
175 727 2
177 727 3
178 727 1
183 727 1
184 727 1
185 727 3
189 727 1
194 727 2
196 727 1
197 727 2
198 727 3
199 727 2
200 727 3
207 727 1
208 727 1
211 727 3
212 727 3
221 727 1
229 727 3
235 727 2
240 727 1
241 727 1
249 727 3
256 727 2
260 727 2
261 727 3
263 727 1
265 727 3
276 727 1
282 727 2
295 727 2
312 727 1
314 727 3
318 727 1
319 727 3
321 727 2
324 727 2
328 727 3
329 727 3
330 727 2
334 727 3
338 727 1
339 727 2
341 727 2
344 727 1
352 727 3
354 727 1
356 727 3
357 727 2
358 727 3
363 727 2
367 727 2
370 727 2
371 727 2
374 727 3
382 727 1
387 727 1
390 727 2
397 727 1
402 727 1
409 727 1
411 727 2
412 727 2
414 727 1
416 727 1
417 727 3
419 727 3
427 727 3
428 727 1
429 727 1
432 727 2
433 727 1
437 727 1
439 727 2
446 727 3
448 727 3
449 727 2
452 727 2
455 727 3
459 727 1
460 727 2
462 727 3
464 727 1
466 727 2
467 727 1
468 727 1
470 727 3
472 727 1
477 727 1
483 727 1
487 727 1
488 727 2
490 727 1
493 727 3
497 727 1
498 727 2
499 727 1
506 727 1
510 727 2
512 727 3
518 727 3
519 727 2
526 727 2
534 727 1
536 727 2
538 727 2
548 727 2
549 727 1
554 727 3
556 727 1
562 727 3
565 727 2
566 727 2
567 727 2
568 727 1
569 727 3
572 727 1
574 727 1
576 727 2
579 727 1
582 727 3
586 727 1
589 727 2
594 727 2
595 727 2
600 727 3
602 727 2
605 727 3
606 727 1
610 727 3
611 727 3
615 727 1
623 727 2
625 727 3
631 727 2
633 727 1
638 727 1
639 727 1
640 727 3
643 727 3
644 727 2
646 727 2
648 727 1
650 727 3
654 727 2
657 727 1
660 727 2
662 727 2
663 727 3
664 727 1
665 727 1
668 727 1
669 727 2
671 727 1
686 727 2
688 727 1
694 727 1
700 727 2
708 727 2
717 727 2
719 727 2
720 727 2
723 727 3
724 727 3
725 727 3
726 727 2
733 727 2
736 727 2
737 727 2
739 727 3
741 727 2
743 727 3
748 727 3
749 727 2
750 727 1
751 727 3
753 727 2
756 727 1
758 727 1
759 727 3
764 727 3
766 727 3
768 727 3
770 727 1
774 727 1
777 727 1
778 727 1
787 727 3
794 727 1
796 727 3
797 727 3
798 727 1
799 727 2
800 727 2
804 727 2
806 727 3
807 727 3
809 727 3
810 727 2
813 727 2
820 727 2
823 727 1
825 727 1
829 727 2
836 727 3
840 727 2
846 727 3
847 727 3
848 727 1
851 727 3
852 727 3
854 727 3
858 727 3
859 727 1
860 727 1
861 727 1
864 727 1
870 727 1
871 727 1
874 727 2
875 727 3
876 727 1
878 727 1
879 727 3
884 727 1
887 727 2
889 727 2
891 727 2
894 727 2
896 727 3
897 727 1
898 727 3
899 727 2
903 727 3
905 727 2
909 727 1
910 727 1
917 727 2
920 727 3
924 727 3
926 727 1
934 727 3
937 727 2
939 727 1
942 727 2
948 727 2
949 727 2
953 727 3
956 727 3
961 727 3
967 727 1
968 727 3
972 727 2
982 727 2
984 727 3
989 727 2
990 727 2
992 727 2
993 727 2
995 727 2
997 727 2
998 727 3
7 728 2
10 728 1
12 728 2
19 728 1
23 728 3
28 728 2
32 728 2
33 728 2
34 728 3
43 728 2
45 728 1
47 728 3
49 728 3
53 728 1
56 728 1
58 728 2
59 728 3
60 728 2
65 728 2
66 728 3
68 728 2
73 728 3
74 728 2
77 728 1
84 728 2
85 728 2
90 728 1
99 728 2
103 728 3
104 728 1
105 728 3
109 728 2
111 728 2
113 728 1
116 728 3
117 728 2
119 728 2
123 728 3
124 728 1
127 728 3
130 728 3
