592 574 2
594 574 1
597 574 2
604 574 3
607 574 2
611 574 3
628 574 2
631 574 3
634 574 3
638 574 2
642 574 2
644 574 2
646 574 1
647 574 1
652 574 2
653 574 2
656 574 1
660 574 1
662 574 2
665 574 2
667 574 1
668 574 1
670 574 2
672 574 2
677 574 2
682 574 3
683 574 3
685 574 2
686 574 2
687 574 1
693 574 1
698 574 3
700 574 1
701 574 3
705 574 3
707 574 2
716 574 2
725 574 2
727 574 3
731 574 2
734 574 2
738 574 1
739 574 3
740 574 1
744 574 1
745 574 2
749 574 3
757 574 2
763 574 2
765 574 2
770 574 1
774 574 3
775 574 2
776 574 2
779 574 3
783 574 3
788 574 2
789 574 2
792 574 1
793 574 1
797 574 2
802 574 1
806 574 1
808 574 3
809 574 2
812 574 1
821 574 2
824 574 3
826 574 1
830 574 3
833 574 2
835 574 3
840 574 3
842 574 3
843 574 3
844 574 3
855 574 1
859 574 2
861 574 2
865 574 2
866 574 2
867 574 3
869 574 3
880 574 2
881 574 1
883 574 3
888 574 3
889 574 1
891 574 1
893 574 1
895 574 1
896 574 1
898 574 3
900 574 1
905 574 2
907 574 3
908 574 3
913 574 2
914 574 1
919 574 1
921 574 1
922 574 1
924 574 3
925 574 3
926 574 1
928 574 1
932 574 3
943 574 2
949 574 3
951 574 2
952 574 1
959 574 2
960 574 1
963 574 2
970 574 3
971 574 1
972 574 2
973 574 2
976 574 2
978 574 1
979 574 3
983 574 1
988 574 1
991 574 2
993 574 3
1 575 1
2 575 1
3 575 3
6 575 2
7 575 1
9 575 3
10 575 3
12 575 1
13 575 1
23 575 2
31 575 2
32 575 1
36 575 1
37 575 1
39 575 1
42 575 2
44 575 2
46 575 1
51 575 1
58 575 2
60 575 2
66 575 3
72 575 2
74 575 2
75 575 3
76 575 3
79 575 1
82 575 2
83 575 3
84 575 1
87 575 2
88 575 2
89 575 1
96 575 2
100 575 3
101 575 3
104 575 3
119 575 2
121 575 2
122 575 1
125 575 3
128 575 1
134 575 1
141 575 2
142 575 3
144 575 3
146 575 3
149 575 3
152 575 3
153 575 3
158 575 3
159 575 2
163 575 1
164 575 1
166 575 3
171 575 3
173 575 2
185 575 2
186 575 1
187 575 3
193 575 1
199 575 2
203 575 2
204 575 3
206 575 1
207 575 3
214 575 2
215 575 2
220 575 3
225 575 2
230 575 1
231 575 1
234 575 1
236 575 3
239 575 3
244 575 3
247 575 1
251 575 3
253 575 1
254 575 2
255 575 2
256 575 2
259 575 3
261 575 2
262 575 3
265 575 2
274 575 2
275 575 2
276 575 3
280 575 1
282 575 2
287 575 3
291 575 1
298 575 2
302 575 2
307 575 2
308 575 1
313 575 2
320 575 1
325 575 1
326 575 1
327 575 3
339 575 3
347 575 2
350 575 2
351 575 1
368 575 3
372 575 3
377 575 1
378 575 2
381 575 3
386 575 2
392 575 2
395 575 2
397 575 1
398 575 3
400 575 3
402 575 3
404 575 1
414 575 1
415 575 2
416 575 1
433 575 3
440 575 3
442 575 3
443 575 3
445 575 1
446 575 3
447 575 2
449 575 3
454 575 3
458 575 2
459 575 2
461 575 1
465 575 2
466 575 2
471 575 1
472 575 3
473 575 1
475 575 2
477 575 1
481 575 1
499 575 3
500 575 1
501 575 1
503 575 2
506 575 1
507 575 2
513 575 2
515 575 1
517 575 3
518 575 2
527 575 1
529 575 2
530 575 3
531 575 1
532 575 2
540 575 1
542 575 3
544 575 2
546 575 3
547 575 3
549 575 3
551 575 3
553 575 2
564 575 1
565 575 2
568 575 1
569 575 1
571 575 2
572 575 3
576 575 2
577 575 2
578 575 3
585 575 1
586 575 3
587 575 2
594 575 3
599 575 1
600 575 3
602 575 3
603 575 3
611 575 3
612 575 1
613 575 2
615 575 1
621 575 3
623 575 3
624 575 2
625 575 1
629 575 2
635 575 3
636 575 3
638 575 3
642 575 1
648 575 2
650 575 2
653 575 3
655 575 3
658 575 2
664 575 3
669 575 2
670 575 3
671 575 2
673 575 2
676 575 1
678 575 1
679 575 3
680 575 1
683 575 2
685 575 1
686 575 1
687 575 2
688 575 1
691 575 2
695 575 3
696 575 1
698 575 3
700 575 3
703 575 3
706 575 3
707 575 1
709 575 3
711 575 2
713 575 1
714 575 1
719 575 3
720 575 3
721 575 1
722 575 2
724 575 1
727 575 1
732 575 2
736 575 3
738 575 3
739 575 1
746 575 2
749 575 3
751 575 2
753 575 1
754 575 2
756 575 3
757 575 3
762 575 2
763 575 1
765 575 3
766 575 1
767 575 1
774 575 2
781 575 2
786 575 3
787 575 3
791 575 2
795 575 1
796 575 1
799 575 2
801 575 3
803 575 2
804 575 1
805 575 1
811 575 1
818 575 3
824 575 2
826 575 2
827 575 1
828 575 3
832 575 1
835 575 3
840 575 3
842 575 1
850 575 1
851 575 2
854 575 3
855 575 2
864 575 3
865 575 1
867 575 3
870 575 1
872 575 1
877 575 2
878 575 2
879 575 1
882 575 1
884 575 3
891 575 3
893 575 3
894 575 3
901 575 1
902 575 1
907 575 1
911 575 3
912 575 1
913 575 1
920 575 3
924 575 2
925 575 1
929 575 3
932 575 3
935 575 1
936 575 2
937 575 2
938 575 1
940 575 2
943 575 1
944 575 3
945 575 1
946 575 1
948 575 2
955 575 3
958 575 1
960 575 1
963 575 3
971 575 1
977 575 2
979 575 3
981 575 2
982 575 1
987 575 2
989 575 1
990 575 1
991 575 3
0 576 1
4 576 1
5 576 1
7 576 3
8 576 2
10 576 3
11 576 3
13 576 2
28 576 1
29 576 2
30 576 1
35 576 3
36 576 3
37 576 3
38 576 3
44 576 1
46 576 2
49 576 1
50 576 1
54 576 3
56 576 1
58 576 1
61 576 3
62 576 3
68 576 1
69 576 2
70 576 1
74 576 1
75 576 3
80 576 1
81 576 1
89 576 3
96 576 3
98 576 3
103 576 3
104 576 2
109 576 3
110 576 2
111 576 3
113 576 3
114 576 2
119 576 3
121 576 3
122 576 1
123 576 3
124 576 1
132 576 3
136 576 3
137 576 3
140 576 1
141 576 3
142 576 3
146 576 1
147 576 1
153 576 3
155 576 3
156 576 2
160 576 3
161 576 3
169 576 2
170 576 1
171 576 3
172 576 1
177 576 1
180 576 1
181 576 2
187 576 3
190 576 1
191 576 2
193 576 3
199 576 2
203 576 2
207 576 1
213 576 1
220 576 2
224 576 2
226 576 2
228 576 3
236 576 2
239 576 1
246 576 2
247 576 2
248 576 2
254 576 2
260 576 2
262 576 2
264 576 1
268 576 3
270 576 1
276 576 3
277 576 3
279 576 3
282 576 3
284 576 2
288 576 3
289 576 1
290 576 3
291 576 2
292 576 2
293 576 1
297 576 1
301 576 2
302 576 3
304 576 3
311 576 1
315 576 1
316 576 2
320 576 2
326 576 3
330 576 1
334 576 2
337 576 3
338 576 3
340 576 2
344 576 1
353 576 1
354 576 2
357 576 1
361 576 3
363 576 3
364 576 1
368 576 2
371 576 1
374 576 3
388 576 3
396 576 1
398 576 1
399 576 3
409 576 3
410 576 1
411 576 3
419 576 3
425 576 2
426 576 1
427 576 1
428 576 3
432 576 1
434 576 3
436 576 1
439 576 3
440 576 2
441 576 2
442 576 1
443 576 3
444 576 3
446 576 1
451 576 2
452 576 1
453 576 3
457 576 1
458 576 2
465 576 3
466 576 1
475 576 1
478 576 3
479 576 3
480 576 1
483 576 1
487 576 3
488 576 3
490 576 2
496 576 1
498 576 1
500 576 1
502 576 2
510 576 2
512 576 1
519 576 3
524 576 3
527 576 1
529 576 1
533 576 2
534 576 3
539 576 1
542 576 2
544 576 3
547 576 3
561 576 1
562 576 1
567 576 3
568 576 2
569 576 1
570 576 1
573 576 1
579 576 1
580 576 1
582 576 3
587 576 3
589 576 3
594 576 1
605 576 3
614 576 2
615 576 3
616 576 3
623 576 3
625 576 2
628 576 1
630 576 1
632 576 3
633 576 2
635 576 1
643 576 3
645 576 1
647 576 1
651 576 2
652 576 1
655 576 2
657 576 3
658 576 2
667 576 1
669 576 3
671 576 3
675 576 1
678 576 1
679 576 1
685 576 1
708 576 3
709 576 2
710 576 3
712 576 2
