525 872 3
535 872 2
537 872 3
539 872 2
544 872 1
547 872 3
552 872 1
553 872 1
556 872 3
557 872 3
559 872 1
560 872 2
565 872 2
566 872 1
573 872 1
574 872 2
575 872 2
577 872 1
578 872 1
579 872 3
580 872 3
590 872 1
591 872 1
592 872 2
597 872 3
601 872 3
606 872 1
610 872 2
614 872 2
620 872 1
623 872 2
624 872 1
629 872 3
636 872 1
637 872 2
638 872 2
639 872 2
641 872 1
643 872 3
649 872 1
652 872 1
653 872 3
654 872 2
656 872 2
660 872 2
661 872 3
666 872 3
672 872 1
673 872 3
680 872 1
685 872 2
687 872 2
688 872 1
692 872 1
696 872 3
698 872 3
699 872 3
701 872 2
702 872 1
706 872 1
716 872 3
718 872 2
729 872 3
732 872 3
738 872 2
740 872 1
741 872 2
745 872 2
748 872 3
749 872 3
753 872 3
756 872 1
757 872 3
758 872 2
762 872 1
764 872 2
765 872 3
767 872 3
771 872 1
777 872 1
779 872 1
780 872 2
785 872 3
788 872 2
790 872 1
791 872 1
792 872 3
793 872 3
798 872 2
805 872 2
807 872 3
808 872 3
811 872 2
813 872 1
814 872 2
820 872 1
821 872 2
827 872 2
828 872 3
829 872 1
830 872 3
831 872 3
834 872 1
841 872 1
849 872 1
861 872 3
867 872 1
873 872 3
874 872 2
878 872 1
881 872 1
888 872 1
891 872 2
892 872 1
895 872 2
901 872 2
902 872 2
903 872 1
906 872 3
907 872 2
910 872 3
911 872 1
912 872 2
914 872 2
919 872 3
925 872 2
927 872 2
934 872 1
937 872 1
940 872 3
943 872 1
944 872 1
947 872 3
948 872 2
953 872 1
954 872 2
957 872 2
959 872 3
965 872 3
966 872 1
970 872 2
971 872 2
977 872 3
981 872 1
983 872 2
990 872 3
997 872 2
0 873 2
1 873 1
2 873 3
3 873 3
5 873 2
9 873 2
10 873 3
12 873 1
13 873 2
17 873 1
20 873 2
21 873 2
23 873 3
25 873 1
29 873 2
30 873 1
32 873 2
33 873 3
42 873 3
44 873 1
46 873 3
50 873 2
52 873 3
57 873 3
62 873 1
66 873 2
73 873 2
74 873 2
75 873 2
79 873 3
80 873 3
81 873 1
86 873 1
88 873 3
98 873 2
100 873 2
103 873 1
104 873 3
114 873 2
116 873 2
118 873 3
120 873 2
121 873 1
125 873 1
129 873 1
133 873 3
138 873 2
140 873 3
142 873 2
143 873 2
150 873 2
155 873 2
157 873 3
159 873 1
160 873 3
162 873 3
163 873 1
164 873 2
165 873 2
172 873 3
173 873 2
180 873 3
181 873 1
183 873 1
190 873 2
192 873 3
194 873 1
195 873 3
206 873 1
208 873 3
210 873 1
211 873 3
213 873 3
214 873 2
218 873 1
219 873 3
220 873 1
223 873 1
226 873 1
229 873 3
233 873 3
236 873 3
241 873 1
243 873 3
244 873 2
248 873 2
252 873 3
256 873 3
258 873 1
259 873 3
263 873 2
265 873 1
267 873 3
275 873 1
276 873 3
279 873 3
281 873 1
282 873 1
284 873 1
285 873 1
287 873 3
294 873 1
296 873 3
297 873 2
298 873 1
299 873 1
302 873 1
303 873 3
305 873 1
307 873 3
310 873 1
311 873 1
317 873 2
323 873 2
328 873 1
334 873 1
335 873 3
339 873 3
340 873 3
342 873 2
343 873 3
346 873 1
348 873 3
349 873 1
354 873 3
360 873 1
364 873 2
366 873 1
368 873 1
369 873 2
373 873 3
377 873 2
379 873 1
380 873 2
381 873 2
382 873 2
384 873 3
389 873 2
395 873 3
396 873 2
398 873 2
399 873 3
403 873 3
404 873 1
408 873 2
409 873 2
411 873 1
412 873 1
413 873 1
417 873 2
418 873 3
419 873 2
421 873 1
424 873 3
429 873 1
433 873 3
441 873 1
444 873 2
446 873 3
453 873 2
457 873 2
459 873 3
466 873 1
470 873 3
471 873 2
475 873 2
476 873 2
487 873 3
493 873 1
495 873 3
497 873 1
499 873 3
500 873 1
504 873 3
506 873 3
507 873 3
515 873 3
516 873 2
518 873 3
522 873 2
523 873 1
526 873 2
527 873 1
530 873 1
533 873 2
537 873 3
538 873 2
547 873 2
552 873 3
562 873 3
563 873 3
564 873 2
566 873 3
569 873 3
570 873 1
572 873 2
576 873 2
578 873 2
583 873 2
589 873 2
591 873 3
594 873 1
599 873 1
602 873 3
611 873 1
613 873 3
617 873 3
626 873 3
631 873 2
632 873 3
635 873 2
640 873 3
641 873 1
646 873 2
648 873 3
654 873 2
655 873 2
656 873 3
658 873 3
659 873 3
660 873 2
661 873 3
662 873 3
665 873 1
670 873 1
671 873 3
678 873 1
680 873 1
681 873 1
684 873 1
690 873 2
691 873 3
694 873 2
695 873 3
697 873 2
700 873 3
703 873 1
707 873 2
709 873 1
711 873 2
715 873 2
716 873 1
717 873 1
721 873 2
722 873 2
725 873 2
727 873 3
731 873 3
732 873 3
734 873 3
742 873 3
746 873 3
748 873 1
750 873 3
754 873 1
758 873 2
763 873 1
765 873 2
769 873 2
773 873 3
774 873 2
787 873 2
792 873 3
796 873 1
801 873 3
804 873 3
817 873 1
819 873 1
823 873 1
824 873 3
831 873 1
832 873 2
838 873 2
839 873 1
842 873 3
843 873 2
844 873 3
847 873 2
857 873 1
866 873 2
867 873 3
870 873 2
876 873 3
877 873 1
881 873 1
891 873 1
893 873 1
894 873 3
899 873 1
901 873 2
902 873 2
903 873 3
906 873 2
912 873 1
914 873 1
918 873 3
924 873 3
925 873 2
926 873 1
927 873 2
929 873 2
930 873 1
935 873 1
936 873 1
939 873 1
941 873 1
943 873 1
945 873 3
946 873 3
952 873 2
954 873 3
961 873 1
962 873 3
966 873 1
967 873 3
972 873 3
974 873 1
976 873 2
978 873 3
984 873 3
985 873 2
988 873 3
990 873 2
991 873 1
992 873 2
997 873 2
998 873 2
999 873 2
0 874 2
4 874 1
5 874 2
6 874 3
7 874 2
14 874 3
15 874 3
16 874 2
17 874 1
29 874 2
30 874 1
33 874 1
34 874 1
35 874 3
40 874 3
41 874 2
42 874 3
44 874 3
46 874 3
48 874 2
50 874 3
53 874 3
59 874 1
63 874 1
66 874 2
68 874 3
69 874 1
72 874 3
77 874 1
81 874 1
82 874 1
85 874 1
88 874 1
89 874 1
91 874 3
94 874 2
96 874 2
98 874 2
102 874 1
120 874 2
121 874 1
122 874 1
125 874 1
131 874 3
139 874 2
140 874 2
144 874 3
146 874 2
149 874 1
151 874 2
153 874 3
157 874 1
167 874 2
181 874 3
183 874 3
191 874 2
193 874 2
195 874 2
201 874 3
204 874 2
205 874 2
206 874 3
208 874 3
209 874 2
210 874 3
213 874 3
216 874 2
217 874 2
225 874 3
228 874 3
230 874 1
231 874 1
232 874 3
235 874 1
245 874 2
253 874 2
255 874 3
257 874 3
259 874 1
260 874 2
261 874 2
262 874 1
264 874 3
265 874 3
275 874 1
280 874 2
282 874 1
283 874 3
284 874 2
293 874 1
299 874 1
303 874 3
304 874 2
305 874 2
306 874 3
307 874 3
310 874 2
316 874 3
317 874 2
318 874 3
321 874 2
322 874 2
325 874 2
329 874 3
331 874 1
333 874 3
337 874 2
338 874 3
340 874 3
341 874 3
342 874 2
343 874 3
347 874 3
354 874 2
355 874 1
356 874 2
360 874 1
361 874 3
362 874 2
363 874 2
364 874 1
365 874 1
368 874 3
370 874 3
371 874 3
372 874 3
373 874 2
375 874 3
376 874 3
377 874 1
380 874 3
389 874 3
392 874 1
394 874 3
397 874 1
398 874 2
399 874 1
401 874 2
403 874 2
407 874 3
410 874 2
412 874 2
414 874 3
419 874 2
421 874 1
422 874 1
423 874 3
427 874 2
430 874 3
434 874 3
436 874 1
438 874 1
441 874 3
443 874 1
444 874 3
446 874 3
448 874 1
449 874 3
452 874 2
456 874 2
458 874 3
461 874 1
464 874 1
465 874 3
471 874 3
472 874 1
475 874 2
476 874 2
479 874 1
482 874 3
486 874 2
487 874 2
488 874 1
489 874 3
490 874 1
491 874 1
494 874 1
495 874 3
497 874 3
498 874 3
499 874 3
500 874 2
501 874 3
506 874 2
507 874 2
510 874 2
512 874 1
516 874 1
524 874 3
525 874 3
526 874 3
