21 748 1
22 748 3
23 748 1
32 748 2
33 748 3
35 748 2
36 748 3
38 748 2
44 748 1
45 748 2
47 748 1
48 748 3
50 748 2
51 748 3
52 748 1
57 748 1
58 748 1
62 748 3
63 748 2
64 748 2
65 748 1
76 748 1
80 748 3
82 748 1
83 748 3
84 748 3
86 748 1
89 748 1
93 748 3
95 748 1
107 748 1
112 748 1
116 748 1
118 748 3
121 748 2
122 748 1
124 748 1
126 748 1
129 748 1
131 748 3
141 748 2
142 748 3
146 748 2
150 748 1
157 748 3
158 748 2
167 748 2
174 748 1
181 748 1
184 748 2
196 748 3
198 748 3
204 748 3
208 748 3
210 748 3
219 748 2
221 748 2
222 748 2
228 748 1
231 748 2
233 748 1
235 748 3
247 748 1
252 748 2
255 748 3
262 748 3
289 748 2
291 748 2
297 748 3
301 748 3
302 748 1
306 748 1
311 748 1
314 748 2
315 748 3
324 748 2
325 748 2
333 748 2
334 748 1
336 748 1
337 748 3
339 748 2
345 748 3
349 748 3
356 748 3
363 748 3
369 748 1
370 748 3
374 748 3
383 748 1
387 748 2
389 748 2
390 748 3
392 748 2
396 748 1
399 748 3
401 748 1
403 748 2
407 748 2
409 748 3
411 748 1
416 748 1
421 748 3
422 748 3
426 748 1
429 748 1
432 748 3
433 748 3
435 748 1
438 748 2
439 748 1
442 748 1
445 748 1
450 748 1
459 748 3
463 748 1
469 748 3
472 748 3
473 748 2
475 748 1
476 748 3
487 748 3
488 748 3
489 748 3
492 748 2
493 748 2
495 748 2
497 748 2
501 748 3
502 748 2
504 748 3
508 748 3
511 748 2
517 748 2
519 748 1
521 748 2
523 748 3
524 748 1
527 748 2
530 748 1
531 748 3
535 748 1
536 748 2
541 748 3
542 748 3
544 748 3
547 748 3
557 748 2
558 748 2
559 748 3
561 748 1
566 748 3
567 748 3
571 748 3
572 748 2
574 748 3
576 748 2
577 748 2
578 748 1
579 748 2
580 748 1
585 748 2
586 748 3
587 748 3
588 748 3
593 748 2
594 748 1
597 748 3
603 748 2
606 748 2
611 748 2
612 748 3
614 748 2
616 748 1
620 748 2
621 748 3
622 748 2
623 748 3
624 748 1
626 748 2
632 748 2
633 748 1
634 748 3
635 748 3
639 748 1
642 748 1
643 748 2
644 748 1
652 748 3
657 748 2
670 748 1
675 748 1
680 748 3
681 748 2
682 748 1
692 748 1
703 748 3
708 748 2
710 748 3
712 748 2
713 748 2
714 748 2
718 748 3
724 748 2
725 748 2
726 748 1
731 748 1
732 748 3
737 748 3
738 748 2
740 748 1
741 748 1
742 748 2
743 748 2
746 748 1
747 748 3
750 748 1
753 748 1
754 748 1
758 748 3
765 748 1
766 748 1
767 748 3
772 748 2
774 748 1
778 748 3
782 748 1
787 748 2
790 748 1
793 748 2
794 748 1
810 748 2
816 748 3
821 748 3
823 748 2
824 748 2
832 748 1
834 748 1
835 748 1
836 748 2
839 748 1
841 748 2
852 748 1
858 748 3
860 748 1
862 748 2
867 748 2
870 748 2
872 748 2
875 748 2
878 748 1
879 748 1
890 748 2
891 748 3
894 748 2
899 748 2
903 748 2
906 748 2
908 748 1
910 748 1
911 748 3
914 748 2
916 748 2
918 748 1
919 748 3
920 748 1
921 748 2
926 748 1
928 748 1
930 748 1
932 748 2
933 748 3
938 748 1
940 748 1
945 748 1
948 748 2
950 748 2
953 748 1
954 748 3
955 748 1
961 748 1
968 748 2
969 748 1
970 748 3
975 748 3
976 748 3
978 748 1
980 748 2
985 748 3
986 748 1
992 748 3
994 748 2
998 748 1
12 749 1
13 749 1
15 749 2
16 749 3
21 749 3
22 749 2
26 749 2
29 749 1
30 749 1
32 749 2
33 749 1
34 749 3
37 749 1
42 749 2
44 749 1
47 749 2
52 749 2
53 749 3
55 749 2
60 749 1
67 749 2
79 749 3
80 749 1
81 749 2
82 749 2
83 749 2
84 749 3
88 749 3
89 749 1
92 749 3
95 749 1
97 749 1
101 749 1
103 749 3
104 749 1
107 749 3
109 749 2
114 749 1
116 749 2
124 749 2
127 749 2
129 749 2
131 749 1
132 749 3
142 749 2
144 749 2
146 749 3
147 749 1
150 749 2
151 749 1
154 749 2
155 749 2
158 749 2
159 749 2
160 749 3
163 749 1
166 749 1
167 749 2
169 749 3
172 749 3
179 749 2
183 749 2
185 749 2
190 749 3
191 749 3
192 749 3
193 749 2
198 749 1
199 749 2
205 749 1
206 749 3
207 749 1
208 749 1
209 749 3
215 749 2
219 749 2
220 749 1
223 749 1
226 749 1
230 749 2
235 749 1
236 749 2
237 749 3
238 749 2
239 749 1
240 749 3
241 749 1
243 749 3
244 749 3
246 749 3
247 749 3
248 749 2
250 749 1
251 749 1
252 749 3
256 749 2
257 749 1
259 749 2
260 749 1
263 749 1
264 749 1
268 749 1
271 749 1
273 749 2
276 749 3
278 749 2
282 749 2
284 749 1
286 749 2
289 749 3
304 749 1
306 749 1
311 749 3
316 749 1
319 749 2
320 749 2
321 749 3
324 749 3
329 749 3
330 749 3
333 749 1
345 749 2
346 749 1
351 749 1
354 749 1
357 749 1
359 749 3
361 749 3
371 749 1
372 749 1
376 749 2
383 749 3
391 749 3
392 749 3
394 749 1
395 749 2
401 749 1
411 749 3
412 749 2
413 749 3
414 749 2
415 749 2
426 749 3
427 749 2
428 749 3
429 749 2
433 749 1
434 749 3
435 749 2
436 749 3
439 749 2
440 749 3
442 749 2
449 749 2
452 749 1
453 749 2
459 749 3
465 749 3
466 749 2
468 749 3
471 749 2
473 749 1
479 749 3
480 749 1
482 749 3
487 749 3
488 749 1
499 749 2
504 749 2
510 749 2
511 749 3
515 749 1
518 749 3
519 749 1
521 749 2
522 749 3
523 749 1
525 749 2
527 749 2
528 749 2
529 749 3
530 749 2
532 749 1
533 749 3
534 749 3
537 749 2
538 749 2
539 749 1
547 749 1
549 749 2
553 749 3
558 749 3
561 749 2
562 749 2
564 749 1
569 749 2
574 749 2
577 749 1
581 749 1
582 749 2
587 749 1
590 749 2
592 749 3
595 749 1
598 749 1
601 749 2
602 749 1
604 749 2
606 749 3
607 749 1
611 749 3
613 749 2
616 749 3
621 749 3
626 749 2
635 749 2
636 749 3
638 749 1
639 749 1
641 749 1
645 749 1
646 749 3
652 749 1
656 749 3
658 749 2
661 749 3
662 749 2
664 749 1
668 749 1
671 749 1
677 749 2
678 749 3
702 749 3
704 749 3
706 749 3
710 749 1
713 749 3
715 749 1
717 749 3
724 749 1
726 749 1
731 749 2
733 749 2
734 749 1
738 749 1
746 749 1
748 749 2
749 749 3
752 749 2
754 749 2
755 749 1
759 749 1
764 749 1
765 749 2
772 749 1
777 749 3
782 749 1
783 749 3
785 749 1
787 749 1
788 749 2
793 749 3
796 749 1
799 749 1
800 749 3
801 749 1
802 749 1
803 749 1
806 749 1
823 749 3
829 749 2
840 749 1
849 749 1
853 749 1
855 749 1
860 749 3
864 749 2
867 749 3
871 749 2
872 749 1
874 749 2
878 749 1
879 749 1
885 749 1
886 749 2
888 749 2
890 749 2
892 749 3
895 749 3
899 749 2
905 749 2
907 749 2
908 749 1
909 749 1
915 749 1
920 749 2
921 749 2
924 749 3
929 749 2
931 749 1
932 749 1
933 749 1
935 749 2
941 749 2
942 749 1
943 749 2
946 749 3
947 749 1
951 749 1
956 749 3
971 749 1
983 749 2
987 749 2
989 749 1
995 749 2
996 749 1
997 749 3
0 750 2
4 750 3
12 750 3
13 750 3
17 750 3
21 750 2
22 750 2
23 750 3
26 750 1
28 750 2
29 750 1
33 750 1
36 750 2
43 750 2
49 750 2
51 750 3
54 750 2
56 750 1
57 750 2
60 750 3
62 750 2
63 750 1
65 750 3
66 750 2
67 750 2
70 750 1
77 750 2
80 750 3
84 750 3
87 750 2
91 750 1
92 750 1
98 750 3
103 750 2
108 750 1
111 750 1
113 750 3
117 750 2
119 750 1
121 750 2
124 750 2
126 750 2
131 750 1
132 750 1
134 750 2
135 750 1
137 750 3
139 750 1
148 750 1
167 750 2
169 750 3
170 750 1
172 750 3
174 750 1
175 750 3
177 750 2
