551 384 1
560 384 3
561 384 2
564 384 3
567 384 3
578 384 2
579 384 3
582 384 2
583 384 2
584 384 3
588 384 3
589 384 1
596 384 1
597 384 3
598 384 3
600 384 3
608 384 2
609 384 1
611 384 3
615 384 2
617 384 2
620 384 2
624 384 2
629 384 2
630 384 2
631 384 1
636 384 1
639 384 1
644 384 2
645 384 1
647 384 1
649 384 3
650 384 3
651 384 3
653 384 3
655 384 3
658 384 2
660 384 2
663 384 2
664 384 2
666 384 3
673 384 1
679 384 1
680 384 3
684 384 1
688 384 3
694 384 2
695 384 1
697 384 2
707 384 1
713 384 3
714 384 2
717 384 2
718 384 1
720 384 2
721 384 2
725 384 1
731 384 3
732 384 1
734 384 2
737 384 3
739 384 1
746 384 2
750 384 3
751 384 2
753 384 2
754 384 3
763 384 1
766 384 2
767 384 1
769 384 2
771 384 1
773 384 1
774 384 2
777 384 3
780 384 3
781 384 2
782 384 3
783 384 2
784 384 2
787 384 2
789 384 1
792 384 3
793 384 3
795 384 3
796 384 3
803 384 1
804 384 1
805 384 2
807 384 3
817 384 2
818 384 3
820 384 2
822 384 1
824 384 3
833 384 1
834 384 1
835 384 3
838 384 3
839 384 1
840 384 1
841 384 3
843 384 1
844 384 3
845 384 3
849 384 1
851 384 1
858 384 3
859 384 1
864 384 1
867 384 2
869 384 2
875 384 2
877 384 1
878 384 3
881 384 1
885 384 3
886 384 1
887 384 2
888 384 3
890 384 3
891 384 1
894 384 2
896 384 2
898 384 1
900 384 1
901 384 3
909 384 1
910 384 2
911 384 1
912 384 3
917 384 3
919 384 3
921 384 1
923 384 2
926 384 1
929 384 3
933 384 3
935 384 2
944 384 2
946 384 1
948 384 1
952 384 2
957 384 1
958 384 3
960 384 2
965 384 2
966 384 3
970 384 1
975 384 3
976 384 1
989 384 1
996 384 1
997 384 2
1 385 1
2 385 2
4 385 2
5 385 1
6 385 2
8 385 1
11 385 2
15 385 1
27 385 3
30 385 1
33 385 3
36 385 2
38 385 2
40 385 1
42 385 1
43 385 1
49 385 3
51 385 2
54 385 2
56 385 1
57 385 1
58 385 3
59 385 3
62 385 1
65 385 3
70 385 1
75 385 1
76 385 1
78 385 3
80 385 1
86 385 2
89 385 3
95 385 2
96 385 3
98 385 3
103 385 2
107 385 2
112 385 2
113 385 1
116 385 3
121 385 3
128 385 1
130 385 1
131 385 1
137 385 1
138 385 2
140 385 1
144 385 1
145 385 2
148 385 1
157 385 2
158 385 1
161 385 1
168 385 3
171 385 1
173 385 2
177 385 3
179 385 1
182 385 3
187 385 3
190 385 1
191 385 1
196 385 1
198 385 1
202 385 2
208 385 1
212 385 2
214 385 1
220 385 3
221 385 1
226 385 3
231 385 1
233 385 1
237 385 3
246 385 3
247 385 1
252 385 2
254 385 2
257 385 1
259 385 3
261 385 2
263 385 2
266 385 3
267 385 1
271 385 1
273 385 1
276 385 3
277 385 2
279 385 1
283 385 1
285 385 1
286 385 2
287 385 3
292 385 3
294 385 2
295 385 1
308 385 3
314 385 3
315 385 1
316 385 2
317 385 3
319 385 3
320 385 1
324 385 2
328 385 2
336 385 1
337 385 1
338 385 2
342 385 1
344 385 1
349 385 2
356 385 3
357 385 3
358 385 3
363 385 1
364 385 3
366 385 3
368 385 2
369 385 3
370 385 2
372 385 1
376 385 2
378 385 3
380 385 1
383 385 2
384 385 2
385 385 1
387 385 1
388 385 3
389 385 2
390 385 1
392 385 3
393 385 2
403 385 1
404 385 2
405 385 3
406 385 3
407 385 2
410 385 3
412 385 1
418 385 3
419 385 1
420 385 1
421 385 2
422 385 3
425 385 1
426 385 1
427 385 3
428 385 3
429 385 2
430 385 2
436 385 3
439 385 3
441 385 1
444 385 1
448 385 1
451 385 1
459 385 1
462 385 3
463 385 1
465 385 1
466 385 1
467 385 2
469 385 1
470 385 2
477 385 1
480 385 2
481 385 1
494 385 3
499 385 2
504 385 1
506 385 2
507 385 3
508 385 3
509 385 1
510 385 2
512 385 2
513 385 2
514 385 1
515 385 3
521 385 1
522 385 1
525 385 3
530 385 1
533 385 1
540 385 1
544 385 2
547 385 2
548 385 2
550 385 3
552 385 1
555 385 1
556 385 1
557 385 2
561 385 2
564 385 2
566 385 3
569 385 3
572 385 2
573 385 3
574 385 1
576 385 1
578 385 1
579 385 3
583 385 2
584 385 2
586 385 2
589 385 2
590 385 1
599 385 3
601 385 3
610 385 3
612 385 2
618 385 3
627 385 2
630 385 3
633 385 2
635 385 2
642 385 1
646 385 2
648 385 1
651 385 1
654 385 3
655 385 2
656 385 3
657 385 2
658 385 3
661 385 1
662 385 2
664 385 2
669 385 3
678 385 2
681 385 1
682 385 3
685 385 2
690 385 3
694 385 3
695 385 3
699 385 1
705 385 2
717 385 1
718 385 1
720 385 3
738 385 3
740 385 2
744 385 2
748 385 3
756 385 3
757 385 3
759 385 1
762 385 2
767 385 1
769 385 1
770 385 3
771 385 3
775 385 2
776 385 2
780 385 1
785 385 3
787 385 2
789 385 3
792 385 2
805 385 1
807 385 3
808 385 2
809 385 3
810 385 2
811 385 3
817 385 3
828 385 1
830 385 2
837 385 3
843 385 1
846 385 2
847 385 3
850 385 1
851 385 1
858 385 3
871 385 1
873 385 1
879 385 2
883 385 1
884 385 1
888 385 2
891 385 1
892 385 1
895 385 3
896 385 3
897 385 2
899 385 1
903 385 2
904 385 1
905 385 2
906 385 2
907 385 1
910 385 1
915 385 2
917 385 1
926 385 2
934 385 1
937 385 3
939 385 2
940 385 3
941 385 2
942 385 2
947 385 1
949 385 2
957 385 2
959 385 3
965 385 1
966 385 2
971 385 1
973 385 3
974 385 1
982 385 2
986 385 1
989 385 2
990 385 1
992 385 2
996 385 3
998 385 3
2 386 3
10 386 3
11 386 2
14 386 3
18 386 3
21 386 2
26 386 1
30 386 2
32 386 1
34 386 1
37 386 3
40 386 3
41 386 1
43 386 3
47 386 1
50 386 2
58 386 2
68 386 2
76 386 3
80 386 2
82 386 1
83 386 3
84 386 1
86 386 2
91 386 3
92 386 3
93 386 1
94 386 2
98 386 2
110 386 3
112 386 1
115 386 1
119 386 1
120 386 3
121 386 3
123 386 3
126 386 1
128 386 1
133 386 1
134 386 1
135 386 1
136 386 1
141 386 1
145 386 3
147 386 2
148 386 3
151 386 1
152 386 1
155 386 3
158 386 1
159 386 1
161 386 3
164 386 2
167 386 3
170 386 2
173 386 1
174 386 1
177 386 3
184 386 3
188 386 3
189 386 2
193 386 3
195 386 1
200 386 1
203 386 1
205 386 3
210 386 3
211 386 1
229 386 2
234 386 2
237 386 1
238 386 2
240 386 2
241 386 1
242 386 3
243 386 3
248 386 2
252 386 3
254 386 3
256 386 2
257 386 1
260 386 1
263 386 1
265 386 1
266 386 1
269 386 3
274 386 1
277 386 1
280 386 2
292 386 3
298 386 1
302 386 2
304 386 1
307 386 2
308 386 1
313 386 2
314 386 3
316 386 3
318 386 3
319 386 2
320 386 3
326 386 1
330 386 3
333 386 1
336 386 3
340 386 1
344 386 1
345 386 3
348 386 1
349 386 3
351 386 1
352 386 3
353 386 3
356 386 2
357 386 3
358 386 3
363 386 1
365 386 3
372 386 2
375 386 1
376 386 2
378 386 3
379 386 2
397 386 1
398 386 2
404 386 3
409 386 3
410 386 2
411 386 3
412 386 3
415 386 3
416 386 2
419 386 1
423 386 3
426 386 1
427 386 3
429 386 3
430 386 3
433 386 1
434 386 3
439 386 1
444 386 1
447 386 1
451 386 3
456 386 3
463 386 2
464 386 1
465 386 2
470 386 3
474 386 1
475 386 3
477 386 2
486 386 2
493 386 2
495 386 2
503 386 2
510 386 1
512 386 2
515 386 1
518 386 2
521 386 2
522 386 1
524 386 1
525 386 1
528 386 3
530 386 3
533 386 1
534 386 1
535 386 1
540 386 3
541 386 1
542 386 1
544 386 3
545 386 1
562 386 1
566 386 2
568 386 1
569 386 2
571 386 3
572 386 1
573 386 3
575 386 3
578 386 2
582 386 3
587 386 2
588 386 2
589 386 3
592 386 3
600 386 1
602 386 1
606 386 2
