769 336 2
770 336 2
771 336 2
772 336 3
776 336 1
779 336 2
785 336 3
788 336 1
790 336 2
793 336 1
795 336 3
796 336 1
803 336 1
810 336 3
818 336 2
820 336 2
822 336 2
834 336 1
836 336 3
839 336 2
841 336 2
843 336 1
845 336 1
847 336 2
849 336 1
853 336 2
854 336 3
856 336 1
861 336 3
862 336 1
863 336 1
864 336 2
865 336 3
872 336 1
881 336 2
885 336 1
896 336 2
901 336 2
905 336 3
907 336 2
908 336 3
910 336 1
911 336 1
912 336 3
913 336 2
915 336 2
916 336 2
918 336 1
919 336 1
922 336 2
943 336 3
944 336 1
945 336 3
946 336 3
949 336 3
954 336 2
958 336 1
962 336 2
966 336 2
971 336 3
973 336 1
975 336 3
976 336 3
984 336 1
985 336 3
990 336 3
991 336 1
997 336 3
3 337 3
6 337 2
9 337 1
10 337 2
15 337 2
18 337 2
35 337 3
36 337 2
37 337 1
43 337 3
46 337 1
47 337 1
48 337 2
50 337 3
52 337 1
65 337 2
67 337 3
69 337 3
71 337 3
72 337 3
73 337 1
74 337 1
75 337 3
81 337 2
83 337 3
88 337 1
91 337 2
93 337 3
94 337 3
99 337 1
101 337 3
102 337 3
103 337 1
104 337 2
112 337 2
114 337 1
115 337 1
117 337 3
122 337 2
124 337 1
125 337 1
126 337 1
132 337 2
135 337 3
140 337 1
144 337 3
147 337 3
148 337 2
150 337 2
156 337 2
157 337 2
158 337 3
160 337 2
170 337 3
171 337 1
175 337 2
181 337 2
184 337 3
191 337 2
198 337 3
203 337 2
208 337 1
211 337 3
214 337 1
218 337 2
225 337 3
231 337 3
233 337 1
239 337 3
240 337 1
241 337 2
242 337 2
243 337 3
245 337 1
246 337 3
249 337 1
251 337 1
252 337 1
253 337 1
254 337 1
258 337 1
261 337 1
262 337 1
270 337 3
272 337 2
274 337 3
276 337 3
277 337 1
279 337 2
280 337 3
282 337 1
286 337 3
289 337 3
290 337 2
294 337 3
296 337 2
297 337 1
298 337 3
300 337 2
308 337 2
309 337 2
312 337 2
313 337 3
318 337 2
320 337 1
326 337 3
333 337 1
336 337 2
345 337 2
346 337 2
348 337 1
359 337 2
362 337 1
364 337 2
371 337 3
372 337 3
376 337 2
380 337 1
383 337 3
385 337 2
389 337 1
391 337 1
395 337 3
396 337 3
399 337 3
403 337 3
405 337 2
408 337 3
409 337 1
410 337 1
417 337 1
418 337 2
419 337 1
420 337 2
431 337 3
436 337 1
438 337 2
447 337 2
449 337 1
450 337 2
451 337 3
454 337 3
457 337 2
467 337 3
468 337 1
470 337 3
471 337 2
479 337 3
480 337 2
483 337 3
486 337 1
487 337 2
491 337 3
493 337 3
494 337 2
497 337 1
503 337 1
504 337 1
505 337 3
508 337 1
510 337 1
512 337 3
514 337 3
521 337 2
526 337 3
527 337 2
536 337 2
538 337 1
543 337 2
547 337 2
549 337 1
550 337 3
552 337 1
553 337 2
556 337 2
558 337 2
559 337 2
568 337 2
570 337 1
573 337 2
575 337 2
576 337 3
577 337 3
580 337 2
582 337 1
584 337 1
588 337 1
589 337 1
591 337 2
595 337 3
598 337 2
601 337 2
607 337 3
608 337 3
609 337 3
611 337 3
613 337 1
614 337 1
615 337 3
616 337 2
620 337 2
622 337 1
627 337 1
629 337 2
631 337 2
633 337 2
634 337 3
635 337 3
640 337 2
652 337 2
657 337 2
658 337 1
660 337 3
666 337 3
669 337 1
673 337 2
677 337 3
681 337 2
686 337 3
688 337 2
692 337 3
698 337 2
701 337 2
702 337 3
703 337 2
704 337 3
708 337 3
711 337 1
712 337 1
714 337 1
717 337 2
723 337 3
725 337 3
726 337 3
729 337 1
733 337 2
735 337 2
736 337 3
738 337 1
742 337 1
743 337 3
744 337 1
745 337 2
750 337 3
752 337 2
753 337 3
755 337 3
758 337 3
759 337 2
760 337 1
762 337 1
767 337 3
770 337 1
771 337 2
775 337 2
776 337 2
778 337 3
780 337 1
781 337 2
786 337 1
787 337 3
788 337 2
789 337 2
792 337 3
793 337 3
794 337 2
802 337 3
804 337 3
806 337 3
807 337 2
809 337 1
810 337 1
821 337 1
822 337 3
823 337 3
824 337 2
827 337 1
830 337 1
832 337 2
835 337 3
837 337 1
840 337 3
841 337 1
844 337 2
848 337 1
850 337 3
853 337 3
860 337 2
861 337 2
862 337 2
863 337 2
864 337 3
865 337 1
866 337 3
873 337 3
875 337 1
878 337 1
879 337 1
885 337 2
886 337 2
887 337 2
888 337 1
889 337 2
893 337 1
895 337 2
896 337 3
906 337 2
913 337 1
915 337 2
916 337 2
917 337 1
919 337 2
922 337 1
923 337 1
924 337 1
928 337 1
929 337 3
932 337 3
937 337 3
941 337 3
947 337 2
949 337 1
950 337 1
951 337 3
954 337 3
956 337 3
957 337 2
958 337 2
962 337 2
965 337 1
968 337 3
970 337 3
971 337 3
972 337 2
973 337 1
976 337 3
979 337 1
988 337 3
989 337 2
991 337 1
992 337 3
996 337 3
997 337 2
1 338 2
6 338 3
10 338 1
15 338 2
16 338 3
22 338 2
24 338 2
31 338 3
35 338 2
40 338 1
47 338 1
48 338 1
49 338 3
55 338 1
57 338 3
61 338 3
62 338 1
63 338 3
64 338 2
66 338 3
69 338 3
70 338 2
71 338 3
72 338 1
75 338 3
84 338 1
90 338 2
91 338 1
95 338 2
96 338 3
98 338 2
100 338 1
103 338 1
107 338 2
112 338 2
117 338 1
120 338 1
123 338 2
124 338 1
133 338 1
135 338 2
138 338 1
140 338 1
142 338 3
144 338 1
146 338 2
147 338 3
150 338 1
151 338 3
153 338 2
157 338 1
160 338 3
161 338 2
164 338 2
171 338 1
174 338 3
175 338 1
176 338 2
177 338 3
181 338 1
184 338 2
186 338 1
187 338 1
190 338 1
193 338 2
196 338 2
199 338 3
200 338 1
201 338 3
202 338 2
204 338 2
206 338 2
208 338 3
209 338 2
212 338 2
215 338 2
216 338 3
219 338 3
221 338 1
224 338 3
227 338 1
228 338 1
229 338 3
232 338 1
236 338 2
238 338 2
241 338 3
245 338 3
249 338 3
255 338 2
256 338 3
258 338 1
260 338 1
263 338 1
265 338 2
266 338 3
269 338 3
284 338 2
285 338 1
286 338 1
289 338 2
294 338 3
295 338 2
298 338 3
299 338 3
301 338 1
304 338 1
307 338 1
309 338 3
310 338 3
312 338 1
314 338 2
316 338 2
318 338 1
320 338 1
322 338 2
331 338 3
338 338 2
342 338 1
348 338 1
349 338 2
350 338 3
352 338 1
359 338 2
368 338 3
374 338 2
380 338 1
381 338 2
382 338 2
384 338 3
388 338 2
393 338 2
396 338 1
398 338 3
399 338 2
402 338 2
411 338 2
412 338 1
413 338 1
423 338 2
426 338 2
431 338 1
434 338 3
437 338 1
439 338 2
441 338 3
442 338 2
444 338 1
452 338 2
457 338 2
460 338 2
466 338 1
473 338 1
475 338 2
483 338 3
485 338 3
487 338 1
490 338 3
491 338 1
498 338 1
502 338 1
504 338 1
505 338 3
509 338 3
518 338 3
519 338 3
521 338 2
522 338 3
527 338 3
532 338 2
534 338 1
539 338 3
540 338 3
541 338 1
543 338 2
548 338 3
550 338 3
551 338 2
552 338 2
555 338 2
556 338 3
557 338 1
563 338 1
565 338 3
568 338 3
570 338 1
572 338 3
580 338 3
585 338 3
588 338 3
591 338 3
593 338 1
594 338 1
596 338 1
604 338 3
606 338 2
609 338 3
610 338 1
612 338 3
615 338 3
621 338 1
623 338 3
624 338 3
626 338 2
629 338 1
631 338 2
635 338 2
640 338 3
646 338 3
649 338 3
652 338 2
654 338 2
655 338 2
659 338 3
660 338 3
663 338 1
664 338 1
668 338 2
671 338 1
673 338 2
674 338 3
675 338 2
686 338 1
687 338 3
689 338 2
691 338 1
697 338 3
703 338 1
705 338 2
706 338 2
709 338 1
711 338 2
713 338 2
714 338 3
715 338 3
716 338 2
717 338 1
718 338 3
721 338 3
734 338 2
736 338 3
737 338 1
738 338 1
739 338 2
742 338 2
744 338 2
745 338 1
749 338 3
751 338 2
754 338 3
758 338 2
760 338 1
761 338 3
764 338 2
765 338 1
