338 203 2
340 203 3
345 203 1
348 203 3
349 203 3
353 203 3
354 203 2
357 203 3
358 203 1
359 203 2
363 203 1
364 203 1
368 203 1
373 203 3
374 203 2
375 203 3
376 203 1
378 203 2
384 203 3
387 203 1
393 203 3
395 203 3
396 203 1
400 203 1
403 203 1
406 203 3
409 203 2
412 203 3
415 203 2
416 203 1
419 203 3
423 203 3
424 203 2
428 203 2
429 203 3
440 203 3
441 203 2
446 203 3
447 203 2
451 203 3
453 203 1
454 203 2
456 203 2
460 203 2
462 203 2
467 203 3
471 203 3
476 203 3
478 203 1
480 203 3
486 203 3
493 203 2
495 203 2
498 203 2
500 203 2
502 203 1
508 203 2
515 203 1
520 203 2
521 203 3
522 203 3
523 203 3
524 203 1
525 203 2
529 203 3
534 203 2
535 203 3
536 203 3
537 203 2
547 203 2
554 203 3
556 203 1
562 203 3
563 203 1
566 203 2
567 203 2
568 203 3
571 203 3
573 203 2
574 203 2
575 203 3
576 203 1
583 203 2
584 203 2
585 203 2
587 203 1
592 203 2
598 203 2
604 203 1
605 203 2
606 203 1
608 203 3
609 203 1
616 203 3
617 203 2
619 203 3
625 203 3
628 203 1
633 203 3
635 203 3
636 203 2
641 203 1
644 203 1
647 203 3
653 203 1
655 203 3
664 203 3
666 203 3
668 203 2
670 203 3
672 203 2
673 203 1
676 203 1
682 203 1
683 203 1
684 203 3
686 203 3
688 203 3
691 203 1
698 203 3
701 203 2
703 203 1
717 203 2
724 203 3
725 203 1
726 203 1
728 203 1
731 203 1
743 203 2
745 203 2
749 203 3
751 203 2
754 203 3
756 203 2
759 203 1
762 203 2
763 203 2
765 203 1
766 203 3
771 203 3
775 203 1
776 203 3
777 203 2
782 203 3
784 203 2
792 203 1
795 203 1
801 203 3
808 203 1
812 203 3
813 203 1
815 203 3
816 203 2
818 203 1
822 203 3
823 203 2
825 203 1
826 203 2
827 203 2
832 203 1
833 203 3
834 203 1
837 203 1
838 203 1
839 203 1
845 203 2
846 203 2
848 203 2
849 203 2
853 203 2
854 203 1
855 203 3
860 203 1
865 203 3
867 203 1
875 203 3
877 203 3
878 203 3
879 203 3
884 203 3
886 203 3
888 203 2
889 203 1
894 203 1
899 203 2
900 203 3
901 203 3
903 203 3
905 203 3
912 203 2
915 203 2
917 203 2
920 203 1
921 203 1
927 203 1
929 203 3
930 203 1
935 203 2
936 203 3
937 203 3
938 203 2
939 203 2
943 203 1
949 203 3
951 203 3
952 203 2
953 203 3
954 203 1
962 203 2
964 203 2
965 203 3
968 203 3
969 203 3
971 203 2
975 203 3
976 203 2
981 203 3
986 203 1
996 203 2
997 203 2
999 203 2
0 204 3
5 204 2
6 204 2
8 204 1
14 204 1
15 204 3
16 204 1
17 204 1
23 204 1
25 204 3
32 204 2
34 204 2
35 204 2
38 204 2
41 204 2
44 204 2
50 204 2
60 204 3
61 204 2
65 204 1
67 204 1
69 204 1
74 204 1
75 204 3
78 204 3
81 204 1
84 204 1
85 204 1
86 204 3
88 204 3
91 204 2
92 204 3
95 204 3
97 204 2
101 204 1
106 204 2
107 204 3
109 204 1
112 204 3
115 204 2
117 204 3
118 204 2
121 204 2
122 204 2
125 204 1
126 204 3
130 204 2
132 204 2
140 204 3
142 204 2
143 204 2
147 204 2
151 204 1
153 204 1
154 204 1
157 204 1
159 204 3
164 204 1
168 204 2
170 204 1
172 204 1
180 204 2
181 204 3
186 204 2
187 204 2
188 204 3
189 204 1
192 204 2
196 204 1
200 204 1
204 204 1
205 204 3
213 204 2
214 204 2
215 204 2
216 204 2
221 204 3
224 204 3
225 204 3
226 204 2
227 204 3
228 204 2
232 204 3
233 204 3
239 204 3
242 204 3
243 204 3
248 204 2
249 204 3
252 204 2
259 204 1
260 204 1
263 204 3
264 204 3
266 204 3
269 204 2
275 204 2
279 204 1
280 204 3
281 204 3
283 204 3
284 204 1
287 204 1
291 204 3
295 204 3
299 204 2
300 204 3
303 204 1
305 204 1
306 204 1
308 204 2
314 204 1
325 204 3
329 204 2
334 204 1
336 204 2
337 204 1
341 204 2
343 204 3
346 204 1
347 204 1
349 204 2
350 204 3
352 204 2
356 204 3
358 204 3
361 204 2
370 204 1
376 204 3
378 204 2
382 204 1
384 204 1
389 204 3
392 204 2
395 204 2
396 204 1
400 204 1
403 204 3
404 204 1
405 204 3
406 204 3
408 204 2
413 204 3
416 204 3
419 204 3
422 204 3
425 204 3
427 204 2
431 204 2
433 204 1
434 204 2
436 204 1
437 204 1
440 204 3
442 204 3
443 204 2
444 204 2
449 204 1
450 204 2
451 204 1
452 204 1
456 204 1
458 204 2
461 204 2
468 204 1
469 204 2
471 204 1
473 204 1
478 204 1
481 204 1
485 204 2
487 204 3
489 204 2
491 204 1
493 204 1
494 204 2
496 204 1
499 204 1
501 204 2
503 204 1
504 204 2
511 204 3
514 204 3
515 204 2
532 204 1
536 204 2
540 204 3
541 204 1
542 204 3
543 204 3
546 204 3
548 204 2
553 204 2
555 204 1
557 204 1
559 204 1
562 204 1
564 204 1
567 204 1
569 204 2
570 204 2
575 204 3
576 204 2
578 204 1
583 204 3
584 204 3
587 204 2
590 204 1
593 204 2
594 204 1
596 204 3
597 204 3
598 204 1
602 204 2
604 204 3
610 204 3
612 204 1
616 204 3
621 204 3
623 204 1
628 204 1
635 204 1
637 204 3
642 204 2
649 204 2
651 204 3
652 204 1
653 204 1
663 204 1
665 204 2
667 204 2
670 204 2
676 204 3
677 204 1
684 204 2
686 204 2
688 204 1
690 204 2
692 204 1
693 204 3
694 204 2
697 204 2
698 204 1
699 204 2
701 204 2
708 204 3
709 204 2
710 204 2
711 204 2
712 204 1
716 204 2
717 204 3
720 204 3
724 204 3
726 204 1
727 204 1
731 204 2
732 204 3
742 204 2
746 204 3
747 204 2
749 204 3
752 204 1
753 204 2
755 204 2
756 204 3
759 204 3
760 204 3
764 204 3
766 204 3
767 204 3
770 204 3
774 204 1
778 204 1
783 204 3
785 204 3
791 204 3
792 204 2
797 204 2
798 204 3
799 204 3
801 204 1
807 204 2
809 204 1
810 204 1
812 204 1
816 204 2
818 204 3
819 204 1
823 204 2
825 204 1
826 204 3
827 204 2
829 204 3
835 204 2
836 204 2
841 204 2
843 204 3
858 204 2
861 204 1
864 204 3
865 204 3
866 204 3
867 204 3
873 204 3
877 204 3
878 204 3
881 204 1
882 204 1
887 204 2
890 204 3
891 204 1
893 204 1
894 204 3
898 204 2
900 204 3
901 204 3
903 204 2
904 204 2
906 204 1
907 204 3
911 204 3
919 204 1
920 204 2
921 204 3
922 204 1
923 204 3
924 204 1
928 204 3
929 204 3
933 204 1
934 204 3
936 204 2
937 204 2
938 204 2
941 204 3
943 204 3
945 204 2
955 204 2
960 204 1
961 204 2
963 204 1
969 204 1
974 204 2
981 204 3
982 204 1
985 204 1
987 204 1
988 204 2
996 204 1
997 204 1
999 204 3
0 205 2
2 205 3
4 205 2
8 205 2
14 205 1
17 205 2
20 205 2
22 205 3
23 205 3
27 205 2
30 205 2
34 205 1
35 205 3
37 205 1
38 205 3
39 205 3
45 205 3
52 205 2
53 205 1
56 205 1
60 205 1
61 205 1
63 205 2
64 205 2
65 205 1
69 205 1
74 205 2
76 205 3
78 205 2
84 205 1
86 205 1
92 205 1
94 205 1
96 205 3
97 205 2
99 205 2
102 205 3
104 205 1
114 205 1
115 205 3
116 205 2
117 205 3
121 205 2
122 205 2
125 205 1
129 205 2
131 205 1
133 205 2
134 205 2
135 205 3
139 205 1
140 205 1
142 205 1
145 205 1
146 205 1
148 205 3
151 205 2
156 205 2
157 205 3
159 205 2
162 205 3
163 205 1
164 205 2
167 205 1
172 205 1
174 205 3
180 205 1
181 205 2
184 205 1
186 205 2
187 205 3
188 205 3
192 205 2
193 205 1
196 205 1
205 205 1
211 205 3
213 205 3
214 205 3
216 205 1
219 205 3
221 205 3
225 205 1
229 205 1
230 205 2
233 205 1
234 205 2
239 205 3
242 205 1
243 205 3
247 205 1
248 205 1
249 205 2
