866 992 1
872 992 1
873 992 1
875 992 2
882 992 3
887 992 2
890 992 1
891 992 2
894 992 2
899 992 2
901 992 2
902 992 1
910 992 1
911 992 3
912 992 2
914 992 1
917 992 2
920 992 2
921 992 3
923 992 2
928 992 1
929 992 1
936 992 2
938 992 2
939 992 1
941 992 3
943 992 3
944 992 3
949 992 3
952 992 3
956 992 3
961 992 1
962 992 3
964 992 3
965 992 3
970 992 2
991 992 3
992 992 3
993 992 3
994 992 3
996 992 1
8 993 3
10 993 1
11 993 2
17 993 2
18 993 3
20 993 1
24 993 1
27 993 1
31 993 3
35 993 2
36 993 1
41 993 1
45 993 1
47 993 3
50 993 3
51 993 2
52 993 2
54 993 2
55 993 1
57 993 2
62 993 1
66 993 2
70 993 2
78 993 1
82 993 2
85 993 1
86 993 3
89 993 1
90 993 3
93 993 3
104 993 2
106 993 1
109 993 2
113 993 3
114 993 2
115 993 3
121 993 2
125 993 2
127 993 2
133 993 3
134 993 1
139 993 3
147 993 1
149 993 3
150 993 2
152 993 2
153 993 2
156 993 1
158 993 1
160 993 1
162 993 3
163 993 2
165 993 1
167 993 1
169 993 1
172 993 3
176 993 1
181 993 1
182 993 1
189 993 3
190 993 1
193 993 2
194 993 1
195 993 2
199 993 1
203 993 2
204 993 1
212 993 1
213 993 3
220 993 1
221 993 2
222 993 1
225 993 3
234 993 3
239 993 1
242 993 3
246 993 2
250 993 1
255 993 3
265 993 3
271 993 1
273 993 1
274 993 1
277 993 2
278 993 2
279 993 3
280 993 3
281 993 3
282 993 1
285 993 3
287 993 3
289 993 2
292 993 2
293 993 1
298 993 1
303 993 1
304 993 2
310 993 2
318 993 2
321 993 2
324 993 3
325 993 1
331 993 2
332 993 1
333 993 1
335 993 2
336 993 1
339 993 3
342 993 3
344 993 2
348 993 3
349 993 3
352 993 1
353 993 1
358 993 2
361 993 2
362 993 3
363 993 1
365 993 1
367 993 2
368 993 1
371 993 1
372 993 2
374 993 2
376 993 2
378 993 3
379 993 2
383 993 2
385 993 2
391 993 1
392 993 3
393 993 1
396 993 3
400 993 3
401 993 3
404 993 1
405 993 1
409 993 1
410 993 2
411 993 3
422 993 2
423 993 3
424 993 1
425 993 2
428 993 3
429 993 2
430 993 1
432 993 1
435 993 1
436 993 1
440 993 2
444 993 3
445 993 3
449 993 2
451 993 3
455 993 2
456 993 1
458 993 1
460 993 2
464 993 1
465 993 3
469 993 2
471 993 3
472 993 1
477 993 2
478 993 3
479 993 2
480 993 1
484 993 1
486 993 3
487 993 2
494 993 2
497 993 1
498 993 2
499 993 1
500 993 3
504 993 3
507 993 3
508 993 3
513 993 3
514 993 2
515 993 3
518 993 2
525 993 1
532 993 1
534 993 1
540 993 3
543 993 3
545 993 1
547 993 3
548 993 3
550 993 2
553 993 1
555 993 2
557 993 3
558 993 3
559 993 2
560 993 2
561 993 3
565 993 3
566 993 3
570 993 3
576 993 2
579 993 3
580 993 3
582 993 3
588 993 1
590 993 1
597 993 1
598 993 1
600 993 1
601 993 3
604 993 2
607 993 1
613 993 1
614 993 1
616 993 3
617 993 1
620 993 1
622 993 3
627 993 2
628 993 1
633 993 3
640 993 2
641 993 1
643 993 3
644 993 1
647 993 2
649 993 1
651 993 1
657 993 1
658 993 3
670 993 3
674 993 2
675 993 2
680 993 3
681 993 3
683 993 2
684 993 1
688 993 3
698 993 2
700 993 3
703 993 1
704 993 3
705 993 2
706 993 2
712 993 3
714 993 1
715 993 3
717 993 3
723 993 3
726 993 1
731 993 3
733 993 3
735 993 2
737 993 3
739 993 2
741 993 3
744 993 3
748 993 1
750 993 3
752 993 1
754 993 1
760 993 1
761 993 2
763 993 3
768 993 3
770 993 2
774 993 1
775 993 1
777 993 2
780 993 2
781 993 1
783 993 1
787 993 2
788 993 3
790 993 2
792 993 1
793 993 1
802 993 2
806 993 1
811 993 1
814 993 1
816 993 2
823 993 1
824 993 1
825 993 3
828 993 1
831 993 3
832 993 3
835 993 1
841 993 1
846 993 2
849 993 1
852 993 3
854 993 3
856 993 1
860 993 2
864 993 3
867 993 1
873 993 2
874 993 2
880 993 3
884 993 2
889 993 2
893 993 1
896 993 2
898 993 3
900 993 3
902 993 3
904 993 2
907 993 2
908 993 1
910 993 2
915 993 3
919 993 2
920 993 1
922 993 3
924 993 2
925 993 2
926 993 3
929 993 1
930 993 2
933 993 2
938 993 1
939 993 1
940 993 2
942 993 2
945 993 3
949 993 2
950 993 1
951 993 2
952 993 2
953 993 3
956 993 1
957 993 3
958 993 3
959 993 3
962 993 1
964 993 1
970 993 2
971 993 2
972 993 3
974 993 1
977 993 2
978 993 2
980 993 2
987 993 1
988 993 3
999 993 3
5 994 1
6 994 1
12 994 3
15 994 1
18 994 2
26 994 2
42 994 2
44 994 1
45 994 1
53 994 2
55 994 1
56 994 3
57 994 3
63 994 2
64 994 3
68 994 3
69 994 3
77 994 1
80 994 2
82 994 3
85 994 1
91 994 3
92 994 2
97 994 3
104 994 2
105 994 3
109 994 2
112 994 2
113 994 3
118 994 1
121 994 3
128 994 3
129 994 1
132 994 1
138 994 2
143 994 1
145 994 1
146 994 2
150 994 3
151 994 1
152 994 2
153 994 1
155 994 1
156 994 1
157 994 1
169 994 3
172 994 2
175 994 3
178 994 1
180 994 2
183 994 3
186 994 1
187 994 2
188 994 1
199 994 1
201 994 3
207 994 3
208 994 1
214 994 1
216 994 2
218 994 3
219 994 1
220 994 2
230 994 2
233 994 2
234 994 1
236 994 1
238 994 2
241 994 3
242 994 1
246 994 1
248 994 3
252 994 2
255 994 1
256 994 1
265 994 3
266 994 3
268 994 2
271 994 3
278 994 3
285 994 3
290 994 1
295 994 2
298 994 2
308 994 2
311 994 2
313 994 3
315 994 2
316 994 1
318 994 2
319 994 3
324 994 2
325 994 1
326 994 2
328 994 1
330 994 3
336 994 1
337 994 1
338 994 1
342 994 2
345 994 2
349 994 2
351 994 3
355 994 2
361 994 1
367 994 1
368 994 2
370 994 1
374 994 2
375 994 2
379 994 2
380 994 2
386 994 3
387 994 3
388 994 3
393 994 3
395 994 2
396 994 1
397 994 2
399 994 1
400 994 1
403 994 1
405 994 3
406 994 1
409 994 2
413 994 1
414 994 1
420 994 2
423 994 3
424 994 1
429 994 3
430 994 2
434 994 3
438 994 3
445 994 3
446 994 3
449 994 1
452 994 1
456 994 2
458 994 3
459 994 3
464 994 1
465 994 3
473 994 1
480 994 3
482 994 1
483 994 1
487 994 2
488 994 2
493 994 2
494 994 2
495 994 3
496 994 2
497 994 2
499 994 3
503 994 1
504 994 2
505 994 3
513 994 3
517 994 3
526 994 1
528 994 2
530 994 3
533 994 2
536 994 3
538 994 3
539 994 2
540 994 1
546 994 1
552 994 3
553 994 2
555 994 1
562 994 1
563 994 1
566 994 2
567 994 3
569 994 2
571 994 3
574 994 3
575 994 3
577 994 2
579 994 1
580 994 3
582 994 2
584 994 2
591 994 1
593 994 1
604 994 1
606 994 1
607 994 3
609 994 3
610 994 2
612 994 3
613 994 3
616 994 1
617 994 1
618 994 3
619 994 1
622 994 2
626 994 1
629 994 2
630 994 3
631 994 1
632 994 1
633 994 2
634 994 3
637 994 3
638 994 1
639 994 1
642 994 3
651 994 1
653 994 3
655 994 3
659 994 2
660 994 2
661 994 1
663 994 1
677 994 2
681 994 1
682 994 3
685 994 1
686 994 3
688 994 2
689 994 2
693 994 3
694 994 3
697 994 2
698 994 3
699 994 2
703 994 1
708 994 2
709 994 1
710 994 3
711 994 3
713 994 1
714 994 2
716 994 3
718 994 3
728 994 1
730 994 2
734 994 1
738 994 3
739 994 3
740 994 1
746 994 2
748 994 1
755 994 2
762 994 1
768 994 2
769 994 1
770 994 1
777 994 1
779 994 1
780 994 2
781 994 1
783 994 3
786 994 2
789 994 1
790 994 3
792 994 3
794 994 2
800 994 1
804 994 2
808 994 2
809 994 3
811 994 3
818 994 2
819 994 3
822 994 1
825 994 3
826 994 1
828 994 1
830 994 1
831 994 2
833 994 1
