609 167 3
610 167 3
613 167 3
614 167 1
623 167 1
625 167 1
626 167 2
628 167 3
629 167 2
631 167 3
633 167 2
637 167 3
640 167 2
641 167 3
644 167 2
646 167 1
647 167 3
648 167 2
652 167 2
653 167 1
655 167 1
656 167 3
658 167 2
662 167 3
665 167 2
666 167 1
667 167 3
668 167 1
669 167 1
671 167 1
672 167 1
673 167 3
675 167 3
677 167 1
681 167 3
682 167 2
685 167 1
689 167 2
690 167 3
691 167 2
692 167 1
693 167 3
695 167 1
696 167 2
699 167 3
703 167 1
705 167 3
706 167 3
708 167 1
709 167 3
711 167 1
712 167 1
713 167 1
714 167 2
715 167 1
718 167 1
719 167 3
720 167 3
722 167 3
724 167 3
725 167 2
728 167 2
731 167 3
732 167 2
736 167 1
737 167 3
739 167 1
740 167 2
742 167 1
745 167 1
748 167 2
754 167 2
757 167 3
760 167 3
761 167 3
763 167 2
764 167 3
765 167 1
769 167 2
774 167 2
775 167 1
776 167 2
781 167 2
784 167 3
785 167 3
795 167 3
797 167 1
798 167 2
799 167 3
807 167 2
810 167 2
814 167 2
816 167 1
819 167 3
821 167 3
822 167 2
825 167 2
831 167 1
832 167 1
834 167 3
836 167 1
837 167 1
847 167 2
850 167 3
852 167 1
854 167 1
855 167 1
858 167 3
863 167 3
867 167 1
868 167 2
869 167 2
877 167 2
878 167 3
879 167 1
880 167 1
881 167 3
886 167 1
888 167 3
891 167 1
894 167 1
895 167 1
896 167 2
899 167 2
903 167 1
906 167 1
912 167 3
913 167 2
914 167 1
920 167 2
924 167 3
925 167 3
928 167 1
930 167 2
936 167 2
937 167 1
938 167 1
942 167 3
945 167 1
948 167 2
950 167 3
951 167 3
954 167 2
957 167 3
960 167 3
963 167 2
964 167 2
967 167 2
973 167 1
974 167 3
982 167 1
990 167 1
995 167 1
999 167 1
2 168 2
7 168 2
9 168 1
11 168 1
13 168 2
14 168 1
26 168 2
30 168 3
31 168 2
34 168 1
36 168 2
37 168 3
42 168 1
44 168 2
45 168 3
52 168 1
54 168 3
57 168 2
58 168 3
60 168 2
66 168 2
68 168 2
70 168 2
77 168 2
79 168 1
81 168 1
86 168 3
89 168 2
93 168 2
94 168 3
115 168 1
121 168 2
125 168 1
126 168 2
127 168 3
129 168 1
130 168 1
136 168 1
160 168 3
165 168 1
169 168 3
171 168 3
176 168 3
177 168 2
178 168 1
181 168 3
183 168 1
184 168 1
191 168 3
193 168 3
194 168 2
200 168 1
202 168 1
204 168 1
206 168 2
213 168 2
215 168 1
221 168 2
226 168 2
230 168 3
232 168 1
235 168 1
236 168 1
237 168 1
240 168 3
241 168 2
242 168 3
247 168 2
248 168 1
249 168 2
255 168 3
257 168 1
262 168 1
263 168 1
264 168 3
266 168 2
270 168 1
272 168 1
273 168 1
277 168 3
278 168 1
279 168 1
285 168 2
294 168 3
298 168 2
304 168 2
305 168 2
306 168 3
308 168 3
309 168 3
311 168 2
315 168 2
316 168 1
320 168 1
322 168 1
326 168 3
328 168 1
330 168 3
335 168 2
337 168 1
342 168 1
346 168 1
347 168 2
348 168 1
350 168 3
352 168 3
353 168 2
355 168 2
357 168 3
359 168 2
363 168 1
364 168 2
365 168 1
366 168 2
367 168 2
368 168 1
373 168 2
375 168 1
377 168 1
378 168 2
381 168 2
382 168 1
387 168 1
393 168 2
396 168 1
398 168 2
402 168 3
407 168 2
409 168 3
414 168 3
416 168 2
417 168 2
419 168 3
421 168 3
423 168 1
425 168 3
426 168 2
428 168 2
432 168 2
440 168 2
441 168 1
443 168 2
445 168 3
446 168 1
448 168 2
452 168 3
455 168 2
457 168 1
460 168 3
463 168 1
464 168 3
472 168 3
473 168 3
475 168 1
477 168 2
483 168 3
484 168 1
492 168 2
496 168 2
498 168 2
499 168 1
501 168 3
503 168 3
504 168 1
510 168 2
511 168 3
513 168 2
518 168 3
519 168 3
523 168 3
525 168 3
530 168 2
532 168 3
533 168 1
534 168 1
536 168 2
537 168 1
542 168 1
543 168 1
544 168 2
548 168 2
552 168 1
558 168 1
565 168 3
566 168 2
567 168 1
571 168 1
573 168 3
574 168 3
575 168 3
576 168 1
579 168 2
581 168 1
586 168 3
588 168 2
590 168 1
593 168 3
601 168 2
602 168 3
605 168 3
609 168 1
611 168 1
612 168 2
614 168 3
616 168 2
618 168 3
624 168 1
632 168 3
633 168 3
634 168 3
638 168 1
639 168 1
640 168 3
643 168 2
644 168 3
645 168 2
651 168 3
652 168 3
657 168 1
658 168 3
659 168 1
663 168 1
664 168 1
665 168 3
666 168 3
669 168 3
673 168 2
675 168 2
678 168 2
680 168 1
681 168 2
686 168 2
687 168 2
691 168 2
694 168 2
695 168 3
698 168 3
705 168 1
709 168 1
713 168 2
717 168 2
719 168 1
722 168 1
726 168 3
731 168 3
737 168 1
738 168 1
747 168 2
752 168 2
755 168 2
760 168 3
764 168 1
765 168 2
766 168 1
770 168 2
782 168 1
785 168 1
786 168 3
787 168 3
791 168 1
794 168 2
796 168 1
798 168 3
800 168 2
806 168 3
807 168 1
812 168 2
815 168 2
818 168 1
825 168 3
826 168 1
832 168 2
833 168 1
837 168 1
839 168 1
846 168 1
848 168 2
849 168 1
850 168 1
854 168 2
855 168 3
856 168 1
861 168 3
872 168 3
877 168 1
884 168 1
887 168 1
889 168 2
894 168 3
896 168 2
901 168 3
906 168 3
907 168 1
908 168 2
913 168 3
917 168 2
918 168 2
922 168 2
924 168 2
925 168 2
928 168 2
932 168 2
937 168 3
940 168 2
943 168 2
944 168 3
946 168 2
952 168 2
958 168 1
962 168 3
965 168 2
966 168 3
967 168 3
968 168 2
970 168 3
971 168 3
972 168 2
975 168 1
978 168 2
981 168 2
982 168 1
984 168 2
988 168 1
0 169 1
4 169 3
6 169 1
7 169 1
10 169 3
11 169 3
14 169 2
15 169 2
16 169 3
22 169 1
25 169 3
29 169 3
33 169 2
36 169 2
37 169 3
38 169 3
39 169 1
48 169 2
54 169 3
59 169 1
60 169 3
67 169 2
70 169 2
75 169 1
83 169 1
88 169 3
94 169 2
97 169 2
99 169 2
100 169 2
101 169 2
104 169 2
105 169 1
108 169 3
109 169 3
111 169 3
116 169 1
119 169 2
122 169 1
123 169 2
128 169 1
133 169 3
135 169 1
136 169 3
137 169 1
138 169 2
141 169 1
145 169 2
146 169 3
148 169 3
149 169 2
152 169 1
156 169 3
162 169 1
163 169 1
166 169 2
169 169 2
172 169 3
175 169 2
180 169 2
181 169 3
182 169 2
191 169 3
192 169 3
200 169 3
204 169 3
208 169 3
212 169 3
214 169 2
218 169 3
220 169 2
223 169 1
224 169 3
226 169 1
231 169 3
234 169 2
238 169 2
241 169 3
242 169 2
244 169 1
245 169 3
246 169 3
251 169 2
259 169 1
260 169 3
261 169 2
262 169 3
264 169 2
268 169 3
269 169 2
271 169 2
273 169 3
274 169 1
276 169 2
277 169 1
278 169 3
279 169 3
287 169 2
288 169 3
289 169 1
291 169 1
292 169 2
293 169 2
294 169 2
295 169 3
296 169 1
299 169 3
301 169 3
302 169 3
303 169 3
305 169 3
308 169 1
309 169 2
311 169 3
316 169 1
320 169 1
330 169 3
337 169 3
341 169 2
347 169 1
350 169 1
351 169 3
352 169 2
354 169 2
355 169 3
356 169 3
359 169 3
361 169 2
363 169 3
368 169 1
375 169 1
378 169 3
380 169 2
382 169 3
386 169 1
388 169 2
390 169 2
392 169 2
393 169 3
395 169 1
396 169 2
397 169 3
398 169 3
401 169 1
402 169 1
407 169 3
408 169 3
409 169 3
410 169 1
417 169 3
421 169 2
422 169 2
423 169 3
424 169 1
425 169 3
426 169 3
429 169 1
430 169 2
432 169 2
434 169 3
439 169 3
441 169 1
442 169 2
451 169 3
452 169 2
454 169 1
458 169 2
459 169 2
461 169 2
464 169 3
467 169 3
469 169 2
474 169 3
475 169 1
476 169 2
484 169 3
488 169 3
489 169 2
490 169 2
492 169 3
495 169 2
497 169 2
498 169 1
500 169 1
502 169 3
506 169 3
512 169 3
514 169 3
515 169 2
