406 648 3
410 648 3
425 648 3
427 648 2
432 648 2
434 648 2
436 648 1
438 648 3
446 648 2
449 648 3
450 648 1
455 648 3
456 648 2
461 648 2
463 648 2
465 648 2
467 648 2
468 648 1
471 648 1
472 648 2
484 648 1
489 648 1
490 648 1
491 648 2
492 648 2
496 648 1
498 648 2
504 648 1
505 648 3
506 648 3
518 648 2
522 648 1
524 648 2
525 648 2
529 648 3
530 648 1
531 648 1
532 648 2
534 648 1
536 648 3
538 648 2
539 648 2
540 648 2
541 648 3
546 648 3
547 648 1
548 648 1
549 648 2
550 648 3
553 648 2
554 648 3
555 648 3
556 648 2
559 648 3
563 648 1
565 648 2
566 648 3
567 648 3
570 648 1
576 648 2
578 648 2
579 648 3
581 648 3
584 648 1
587 648 1
588 648 2
593 648 1
595 648 2
601 648 2
604 648 3
605 648 2
610 648 1
617 648 1
619 648 3
622 648 3
623 648 3
627 648 3
629 648 1
633 648 1
635 648 3
638 648 2
640 648 1
643 648 2
644 648 1
645 648 2
647 648 3
651 648 1
654 648 2
657 648 1
660 648 1
664 648 3
670 648 1
671 648 3
672 648 2
674 648 3
677 648 3
682 648 2
686 648 1
688 648 2
690 648 1
691 648 3
692 648 2
698 648 1
699 648 1
702 648 2
707 648 3
709 648 2
711 648 3
720 648 1
727 648 1
729 648 2
734 648 3
740 648 2
741 648 2
747 648 3
752 648 1
756 648 3
758 648 3
761 648 1
762 648 2
769 648 1
770 648 1
771 648 3
773 648 2
775 648 2
777 648 3
780 648 3
781 648 2
782 648 2
784 648 1
785 648 2
786 648 3
787 648 2
793 648 1
796 648 3
797 648 1
798 648 2
802 648 1
807 648 2
811 648 3
812 648 3
813 648 1
815 648 3
816 648 2
817 648 3
820 648 1
827 648 2
828 648 3
832 648 1
833 648 3
835 648 3
837 648 3
839 648 1
840 648 1
843 648 2
848 648 2
855 648 1
856 648 1
857 648 1
860 648 3
862 648 2
864 648 1
865 648 2
866 648 1
867 648 1
868 648 2
871 648 3
872 648 2
875 648 1
876 648 1
880 648 3
883 648 2
886 648 2
888 648 3
898 648 1
899 648 2
902 648 3
908 648 1
909 648 2
911 648 1
913 648 3
918 648 1
921 648 3
925 648 2
931 648 2
932 648 1
934 648 3
942 648 1
943 648 3
949 648 3
950 648 1
955 648 2
958 648 3
962 648 3
963 648 3
967 648 2
968 648 3
971 648 3
973 648 1
974 648 1
978 648 3
979 648 2
983 648 3
985 648 2
986 648 2
987 648 1
989 648 2
992 648 3
993 648 1
999 648 1
0 649 2
1 649 2
4 649 3
5 649 3
8 649 2
10 649 2
11 649 1
15 649 3
18 649 3
23 649 3
27 649 1
31 649 1
34 649 2
35 649 2
37 649 3
39 649 3
40 649 2
42 649 2
45 649 2
49 649 3
50 649 3
51 649 1
52 649 1
54 649 1
58 649 1
62 649 2
65 649 1
67 649 3
76 649 2
77 649 2
80 649 1
82 649 1
83 649 2
84 649 3
85 649 1
87 649 3
93 649 1
96 649 1
97 649 2
100 649 3
102 649 1
109 649 1
112 649 1
113 649 3
115 649 3
118 649 2
122 649 2
123 649 1
126 649 1
129 649 1
132 649 2
135 649 2
138 649 1
141 649 1
144 649 2
145 649 1
147 649 2
153 649 3
159 649 3
160 649 2
161 649 1
162 649 1
169 649 3
171 649 3
173 649 2
174 649 3
176 649 2
177 649 3
180 649 2
186 649 2
193 649 3
197 649 2
198 649 2
202 649 1
208 649 3
220 649 2
221 649 3
222 649 1
227 649 3
232 649 1
237 649 1
239 649 3
242 649 3
243 649 2
245 649 3
251 649 1
256 649 2
257 649 2
260 649 1
265 649 3
267 649 3
271 649 1
273 649 3
275 649 2
278 649 3
281 649 1
286 649 3
288 649 1
290 649 3
293 649 2
298 649 3
299 649 2
300 649 1
302 649 1
304 649 1
307 649 2
309 649 2
313 649 2
315 649 2
317 649 1
319 649 2
320 649 2
322 649 2
324 649 3
325 649 3
329 649 2
331 649 2
332 649 1
336 649 1
337 649 3
338 649 3
339 649 3
340 649 1
342 649 2
348 649 3
351 649 1
357 649 3
359 649 3
364 649 1
366 649 3
367 649 2
371 649 1
372 649 2
374 649 3
379 649 3
380 649 1
386 649 2
387 649 2
392 649 2
393 649 1
394 649 2
396 649 2
401 649 3
402 649 2
404 649 1
405 649 2
408 649 1
409 649 1
410 649 3
418 649 1
419 649 2
420 649 2
421 649 2
423 649 2
425 649 2
439 649 2
441 649 2
446 649 3
449 649 1
454 649 2
455 649 1
456 649 1
457 649 3
459 649 2
461 649 1
465 649 1
481 649 1
495 649 1
496 649 1
498 649 3
501 649 3
502 649 3
505 649 3
507 649 1
509 649 1
516 649 2
518 649 3
524 649 1
525 649 2
526 649 2
527 649 1
539 649 3
543 649 1
544 649 1
546 649 3
548 649 2
551 649 2
552 649 2
553 649 3
559 649 2
563 649 2
564 649 1
573 649 2
578 649 3
579 649 2
580 649 3
581 649 2
586 649 1
588 649 2
590 649 3
591 649 1
592 649 3
593 649 1
599 649 1
601 649 1
602 649 1
603 649 3
604 649 3
608 649 1
610 649 2
617 649 2
618 649 1
625 649 1
626 649 3
630 649 3
632 649 3
636 649 3
637 649 2
638 649 3
649 649 2
651 649 1
652 649 3
656 649 2
664 649 3
668 649 2
670 649 3
671 649 1
672 649 1
679 649 2
681 649 3
684 649 3
688 649 2
691 649 2
695 649 1
696 649 3
697 649 3
698 649 2
703 649 1
706 649 1
709 649 1
714 649 3
720 649 3
722 649 3
724 649 2
726 649 2
731 649 1
733 649 3
735 649 2
739 649 1
747 649 2
751 649 3
757 649 2
758 649 3
760 649 3
764 649 1
765 649 2
766 649 1
770 649 1
771 649 1
775 649 1
781 649 1
784 649 2
785 649 1
787 649 1
791 649 1
792 649 3
795 649 3
796 649 2
799 649 1
801 649 3
802 649 3
803 649 3
806 649 1
810 649 3
814 649 1
815 649 1
818 649 3
819 649 3
821 649 2
823 649 1
830 649 1
833 649 2
835 649 2
837 649 2
840 649 3
842 649 1
845 649 2
847 649 1
848 649 3
851 649 2
853 649 3
854 649 2
855 649 3
856 649 2
859 649 3
860 649 3
866 649 2
867 649 2
871 649 1
872 649 3
876 649 2
877 649 2
882 649 1
885 649 3
890 649 3
898 649 2
899 649 3
901 649 2
903 649 2
910 649 1
911 649 1
916 649 2
919 649 2
923 649 2
924 649 1
925 649 3
926 649 3
927 649 1
928 649 1
930 649 2
933 649 2
934 649 2
936 649 1
946 649 3
957 649 3
963 649 3
965 649 3
968 649 3
969 649 3
971 649 3
974 649 2
979 649 3
982 649 1
988 649 3
989 649 2
992 649 1
994 649 1
998 649 2
4 650 3
5 650 3
10 650 3
11 650 1
12 650 3
16 650 3
17 650 2
21 650 3
22 650 3
26 650 2
27 650 1
28 650 2
32 650 1
33 650 2
36 650 3
37 650 2
39 650 1
40 650 1
41 650 1
42 650 2
53 650 2
59 650 1
61 650 1
62 650 1
63 650 2
64 650 3
69 650 3
72 650 1
77 650 2
78 650 1
84 650 1
90 650 3
93 650 3
97 650 3
98 650 2
108 650 1
112 650 2
113 650 1
119 650 3
122 650 2
125 650 2
128 650 2
131 650 3
132 650 1
133 650 3
135 650 2
139 650 1
142 650 1
144 650 1
145 650 3
146 650 2
148 650 3
149 650 2
150 650 3
153 650 2
159 650 2
162 650 1
164 650 3
167 650 2
170 650 1
171 650 2
179 650 3
183 650 3
184 650 2
190 650 2
209 650 1
210 650 2
212 650 3
214 650 1
215 650 1
217 650 3
218 650 3
220 650 1
221 650 3
222 650 3
223 650 1
225 650 1
232 650 3
235 650 2
236 650 1
237 650 1
240 650 1
248 650 2
249 650 3
252 650 2
255 650 1
259 650 1
262 650 1
265 650 3
267 650 3
271 650 2
273 650 3
276 650 3
277 650 2
281 650 3
283 650 1
289 650 1
294 650 3
296 650 2
300 650 3
303 650 3
308 650 3
309 650 1
310 650 2
312 650 1
313 650 3
315 650 1
317 650 2
325 650 2
326 650 2
328 650 3
336 650 1
340 650 3
343 650 1
345 650 2
350 650 3
360 650 3
362 650 2
