703 364 1
707 364 3
708 364 2
710 364 1
712 364 2
718 364 2
720 364 1
721 364 3
725 364 3
733 364 1
736 364 1
737 364 3
738 364 1
740 364 3
741 364 1
744 364 3
745 364 2
751 364 1
752 364 2
753 364 2
754 364 3
760 364 1
762 364 3
768 364 2
772 364 2
774 364 3
777 364 3
778 364 3
790 364 2
804 364 3
808 364 1
812 364 3
814 364 3
815 364 2
818 364 3
819 364 1
821 364 3
825 364 1
830 364 1
831 364 2
833 364 2
837 364 2
840 364 2
843 364 1
844 364 1
847 364 2
849 364 3
850 364 2
852 364 3
853 364 2
858 364 2
861 364 1
863 364 3
865 364 1
869 364 1
875 364 2
879 364 2
881 364 3
882 364 3
883 364 1
888 364 1
890 364 3
892 364 2
893 364 3
895 364 1
896 364 3
901 364 2
902 364 3
903 364 1
904 364 2
905 364 3
906 364 1
907 364 1
913 364 2
918 364 2
925 364 1
927 364 1
930 364 3
932 364 1
937 364 3
940 364 3
943 364 2
949 364 1
959 364 3
961 364 2
968 364 1
971 364 3
974 364 2
975 364 3
980 364 3
982 364 1
988 364 2
993 364 2
996 364 3
998 364 1
2 365 1
4 365 1
5 365 1
6 365 1
9 365 1
11 365 1
15 365 3
17 365 3
19 365 3
21 365 3
22 365 1
27 365 3
28 365 1
30 365 1
31 365 3
37 365 2
40 365 1
41 365 2
47 365 1
49 365 2
52 365 3
58 365 1
60 365 3
64 365 2
66 365 3
68 365 3
70 365 1
71 365 2
72 365 1
76 365 3
77 365 3
80 365 1
81 365 1
84 365 3
85 365 1
90 365 3
97 365 3
98 365 2
99 365 1
112 365 3
119 365 1
122 365 1
123 365 3
127 365 2
134 365 2
137 365 3
138 365 2
153 365 2
155 365 3
156 365 3
157 365 2
158 365 2
159 365 2
160 365 1
161 365 3
162 365 2
163 365 2
169 365 1
170 365 1
174 365 2
175 365 2
177 365 1
179 365 3
180 365 1
182 365 1
183 365 2
184 365 3
185 365 1
186 365 2
189 365 2
193 365 1
194 365 3
199 365 2
202 365 1
204 365 1
213 365 2
217 365 1
219 365 2
220 365 3
224 365 1
226 365 2
227 365 3
228 365 1
233 365 1
240 365 1
241 365 3
242 365 3
244 365 1
245 365 1
246 365 1
247 365 1
250 365 2
251 365 2
255 365 2
258 365 2
261 365 2
265 365 3
267 365 1
269 365 2
272 365 1
273 365 2
274 365 3
275 365 2
278 365 2
281 365 2
296 365 3
298 365 1
301 365 2
302 365 2
305 365 3
306 365 1
309 365 1
314 365 1
315 365 1
316 365 3
317 365 2
321 365 2
325 365 2
326 365 2
329 365 1
333 365 2
339 365 1
344 365 2
348 365 3
351 365 2
353 365 3
362 365 3
364 365 3
365 365 1
366 365 1
372 365 3
376 365 2
377 365 2
379 365 3
381 365 1
386 365 2
389 365 1
391 365 3
398 365 1
399 365 1
401 365 1
403 365 2
409 365 3
410 365 3
412 365 3
417 365 1
420 365 3
422 365 3
423 365 3
424 365 1
427 365 1
430 365 2
434 365 3
441 365 3
442 365 2
443 365 2
444 365 1
447 365 3
448 365 1
450 365 3
455 365 2
459 365 1
463 365 1
465 365 3
466 365 3
472 365 1
473 365 1
478 365 2
479 365 1
480 365 3
481 365 3
485 365 2
486 365 2
492 365 1
495 365 1
497 365 2
499 365 2
500 365 3
502 365 1
505 365 2
506 365 1
507 365 1
509 365 3
511 365 2
518 365 1
519 365 2
523 365 3
524 365 1
541 365 2
542 365 1
544 365 1
545 365 1
549 365 1
552 365 1
555 365 3
558 365 3
559 365 2
560 365 1
561 365 1
562 365 1
565 365 3
567 365 1
568 365 1
570 365 3
571 365 1
574 365 1
575 365 2
576 365 2
580 365 3
581 365 3
588 365 1
589 365 3
592 365 3
594 365 3
602 365 1
606 365 1
608 365 3
610 365 3
612 365 1
615 365 2
616 365 2
618 365 1
621 365 3
625 365 2
628 365 2
629 365 3
630 365 3
633 365 2
635 365 1
636 365 2
638 365 2
641 365 3
642 365 1
643 365 1
646 365 3
648 365 2
650 365 2
651 365 1
656 365 2
658 365 2
661 365 2
668 365 3
669 365 1
670 365 1
675 365 3
676 365 1
678 365 2
681 365 2
685 365 3
689 365 2
690 365 1
692 365 1
693 365 2
696 365 3
700 365 3
715 365 2
716 365 1
721 365 1
722 365 2
725 365 3
730 365 3
732 365 3
737 365 3
739 365 3
742 365 3
746 365 3
747 365 2
748 365 3
749 365 2
755 365 3
756 365 2
758 365 2
764 365 2
768 365 1
774 365 1
779 365 3
781 365 2
783 365 3
785 365 2
789 365 1
792 365 2
794 365 2
797 365 3
803 365 2
806 365 1
810 365 3
811 365 3
813 365 3
814 365 1
815 365 3
818 365 1
820 365 3
821 365 3
822 365 2
823 365 2
824 365 2
825 365 1
830 365 3
834 365 2
837 365 1
839 365 1
843 365 3
848 365 2
855 365 2
856 365 2
862 365 1
866 365 1
870 365 3
871 365 2
875 365 2
877 365 1
886 365 3
888 365 1
891 365 2
893 365 3
894 365 3
896 365 2
897 365 2
903 365 3
905 365 1
912 365 1
915 365 1
919 365 3
920 365 1
926 365 1
927 365 2
928 365 2
934 365 1
935 365 3
940 365 2
942 365 2
943 365 3
950 365 2
953 365 3
954 365 1
955 365 2
961 365 3
962 365 1
963 365 3
965 365 1
966 365 1
967 365 3
969 365 3
973 365 2
974 365 1
983 365 2
985 365 2
987 365 3
989 365 3
990 365 2
991 365 2
993 365 2
998 365 2
0 366 1
1 366 1
4 366 2
10 366 1
15 366 3
16 366 1
18 366 3
20 366 2
21 366 1
23 366 2
24 366 2
26 366 1
28 366 3
32 366 2
34 366 1
36 366 2
40 366 2
42 366 1
43 366 1
44 366 3
47 366 2
48 366 3
49 366 3
52 366 1
55 366 1
56 366 1
57 366 2
58 366 1
61 366 3
66 366 2
67 366 2
70 366 3
71 366 2
75 366 3
77 366 2
80 366 1
89 366 1
90 366 3
97 366 3
98 366 2
100 366 3
102 366 3
107 366 3
108 366 3
109 366 2
111 366 1
115 366 2
128 366 2
130 366 2
135 366 3
139 366 3
140 366 1
142 366 1
143 366 2
145 366 3
146 366 1
147 366 2
149 366 2
150 366 3
151 366 1
153 366 1
154 366 3
156 366 2
160 366 1
162 366 2
163 366 2
166 366 1
169 366 3
172 366 1
176 366 2
179 366 2
180 366 2
181 366 3
183 366 2
184 366 3
186 366 3
187 366 3
202 366 3
209 366 2
210 366 3
211 366 3
220 366 2
221 366 2
223 366 1
230 366 2
235 366 3
237 366 3
238 366 2
239 366 1
242 366 3
247 366 2
248 366 3
251 366 2
257 366 1
260 366 1
265 366 3
270 366 2
279 366 2
286 366 2
287 366 3
289 366 1
293 366 2
298 366 2
301 366 3
302 366 3
307 366 2
310 366 1
312 366 2
322 366 1
327 366 1
328 366 1
330 366 2
334 366 3
337 366 1
340 366 3
342 366 1
350 366 3
351 366 1
352 366 1
355 366 2
356 366 3
357 366 2
358 366 3
359 366 2
361 366 3
365 366 1
367 366 3
376 366 2
377 366 1
379 366 2
381 366 1
382 366 2
383 366 2
384 366 2
394 366 2
401 366 3
403 366 1
407 366 3
409 366 3
411 366 1
417 366 1
418 366 1
420 366 3
421 366 3
426 366 3
430 366 2
438 366 1
441 366 3
447 366 2
449 366 1
450 366 3
454 366 1
455 366 1
458 366 2
459 366 2
461 366 2
462 366 3
463 366 2
464 366 3
467 366 2
475 366 1
476 366 1
480 366 1
481 366 3
484 366 1
489 366 3
491 366 2
495 366 2
502 366 1
503 366 3
504 366 3
514 366 1
515 366 2
516 366 2
517 366 1
523 366 3
529 366 3
534 366 3
538 366 3
543 366 2
547 366 3
549 366 2
558 366 3
560 366 1
562 366 1
563 366 1
565 366 3
571 366 2
576 366 3
577 366 2
579 366 2
580 366 2
581 366 3
584 366 2
585 366 3
586 366 2
587 366 3
590 366 3
591 366 1
592 366 1
594 366 1
595 366 1
605 366 1
611 366 3
613 366 2
615 366 2
624 366 2
626 366 2
627 366 1
629 366 1
632 366 3
634 366 1
635 366 1
642 366 1
645 366 1
647 366 2
650 366 3
656 366 3
