356 215 1
366 215 3
368 215 1
374 215 1
375 215 3
385 215 2
391 215 3
393 215 1
397 215 3
400 215 2
406 215 1
407 215 3
409 215 3
420 215 3
422 215 1
425 215 3
430 215 3
433 215 3
435 215 1
437 215 2
441 215 3
446 215 2
447 215 2
448 215 2
450 215 2
451 215 2
453 215 2
456 215 3
457 215 1
459 215 2
460 215 1
463 215 2
465 215 3
467 215 1
468 215 2
471 215 3
475 215 2
485 215 3
488 215 3
489 215 1
491 215 1
498 215 1
502 215 2
503 215 1
505 215 3
512 215 3
516 215 2
523 215 2
528 215 1
540 215 1
541 215 2
545 215 3
548 215 1
549 215 3
550 215 3
557 215 1
558 215 3
560 215 1
561 215 1
562 215 1
571 215 2
572 215 3
573 215 1
576 215 2
577 215 2
578 215 1
581 215 2
582 215 1
587 215 3
589 215 2
590 215 3
591 215 2
592 215 2
593 215 1
603 215 1
612 215 3
617 215 3
619 215 3
621 215 1
623 215 1
628 215 1
633 215 3
646 215 1
647 215 1
648 215 2
649 215 3
653 215 1
671 215 2
673 215 2
680 215 3
683 215 3
684 215 1
687 215 3
690 215 1
691 215 3
692 215 2
694 215 2
695 215 1
696 215 2
699 215 2
705 215 1
706 215 2
708 215 2
712 215 2
714 215 3
715 215 1
716 215 1
717 215 3
718 215 1
722 215 1
723 215 1
724 215 2
725 215 3
728 215 2
729 215 2
740 215 1
744 215 2
748 215 1
752 215 2
753 215 1
757 215 3
759 215 3
760 215 1
762 215 3
764 215 1
771 215 1
772 215 1
773 215 3
776 215 3
778 215 3
780 215 1
781 215 1
786 215 2
790 215 2
796 215 1
802 215 2
805 215 2
806 215 1
807 215 3
811 215 1
812 215 2
813 215 3
816 215 3
818 215 2
819 215 1
820 215 1
821 215 1
822 215 3
825 215 3
827 215 1
828 215 3
830 215 3
836 215 1
838 215 1
839 215 1
847 215 1
851 215 3
852 215 3
854 215 2
858 215 3
859 215 1
860 215 3
861 215 1
863 215 3
870 215 3
879 215 3
884 215 1
885 215 2
891 215 1
894 215 3
896 215 2
900 215 3
905 215 3
908 215 1
912 215 3
915 215 3
917 215 1
918 215 1
919 215 2
920 215 2
925 215 2
926 215 2
928 215 2
929 215 1
930 215 2
934 215 2
936 215 3
944 215 1
949 215 3
950 215 2
953 215 1
956 215 1
958 215 3
959 215 2
961 215 1
965 215 3
969 215 1
970 215 1
972 215 1
974 215 3
976 215 1
978 215 2
984 215 2
985 215 3
989 215 2
990 215 3
991 215 2
993 215 3
997 215 3
998 215 1
0 216 3
4 216 1
12 216 2
14 216 2
18 216 3
23 216 3
26 216 1
32 216 3
38 216 1
41 216 1
42 216 3
45 216 2
51 216 1
56 216 3
57 216 3
59 216 2
63 216 3
64 216 1
66 216 3
68 216 1
70 216 2
72 216 2
73 216 1
75 216 1
76 216 3
78 216 1
80 216 3
83 216 2
88 216 3
94 216 2
98 216 3
102 216 3
105 216 1
113 216 3
114 216 2
117 216 2
126 216 1
128 216 1
130 216 1
131 216 2
134 216 2
135 216 2
137 216 1
138 216 1
141 216 1
145 216 2
148 216 3
149 216 1
150 216 2
157 216 2
159 216 3
166 216 2
168 216 2
170 216 3
171 216 2
172 216 3
174 216 1
176 216 1
180 216 1
184 216 3
185 216 3
188 216 1
189 216 1
190 216 3
194 216 1
196 216 3
199 216 3
201 216 2
204 216 2
205 216 3
206 216 1
207 216 2
212 216 3
217 216 2
222 216 1
223 216 1
224 216 1
227 216 3
228 216 3
235 216 1
242 216 3
243 216 3
244 216 3
250 216 3
259 216 2
261 216 2
262 216 2
269 216 2
270 216 1
271 216 1
274 216 1
276 216 3
278 216 1
282 216 2
283 216 3
285 216 2
286 216 2
288 216 3
289 216 1
290 216 2
294 216 2
295 216 3
297 216 2
298 216 3
299 216 3
304 216 1
305 216 3
306 216 1
307 216 3
309 216 2
310 216 3
311 216 2
313 216 1
314 216 2
324 216 3
328 216 1
329 216 1
335 216 2
337 216 2
340 216 3
344 216 1
346 216 2
348 216 2
352 216 2
353 216 1
355 216 3
356 216 1
357 216 3
358 216 1
359 216 3
361 216 1
363 216 2
366 216 2
367 216 2
371 216 2
372 216 3
374 216 1
381 216 2
383 216 2
384 216 2
387 216 3
389 216 3
392 216 3
394 216 1
396 216 2
404 216 3
405 216 3
408 216 2
413 216 1
414 216 3
415 216 1
417 216 2
418 216 2
419 216 3
424 216 1
426 216 3
427 216 3
430 216 2
432 216 2
433 216 1
437 216 2
439 216 3
441 216 1
442 216 1
443 216 2
444 216 3
446 216 1
449 216 3
453 216 3
456 216 2
457 216 3
458 216 2
461 216 2
464 216 2
473 216 3
474 216 3
475 216 3
476 216 1
480 216 1
482 216 3
483 216 3
484 216 2
489 216 1
491 216 3
492 216 1
493 216 2
494 216 2
497 216 2
498 216 2
502 216 1
508 216 3
515 216 2
520 216 1
522 216 3
523 216 3
524 216 2
525 216 2
530 216 3
531 216 1
532 216 2
537 216 3
538 216 1
543 216 3
550 216 1
552 216 1
554 216 2
555 216 1
556 216 1
561 216 2
562 216 1
563 216 2
570 216 1
575 216 1
591 216 3
592 216 3
593 216 1
594 216 1
599 216 3
602 216 1
604 216 3
605 216 1
613 216 3
614 216 2
616 216 3
617 216 3
619 216 2
621 216 2
622 216 1
625 216 2
627 216 2
631 216 1
632 216 1
637 216 1
638 216 1
639 216 3
640 216 3
643 216 3
659 216 3
662 216 1
668 216 2
670 216 1
678 216 1
681 216 2
682 216 1
685 216 3
687 216 2
688 216 2
689 216 2
692 216 2
693 216 1
698 216 2
700 216 2
701 216 1
706 216 3
707 216 1
708 216 1
709 216 3
712 216 1
713 216 3
716 216 2
719 216 1
720 216 1
729 216 1
732 216 2
743 216 1
746 216 1
748 216 3
755 216 2
757 216 3
767 216 3
770 216 3
772 216 2
776 216 2
778 216 3
779 216 3
783 216 2
786 216 2
787 216 3
795 216 1
796 216 2
800 216 1
801 216 2
804 216 3
805 216 2
809 216 3
810 216 1
811 216 1
813 216 2
819 216 1
823 216 2
825 216 2
828 216 1
829 216 3
830 216 3
831 216 3
833 216 1
836 216 1
837 216 3
841 216 3
842 216 2
843 216 3
846 216 3
851 216 1
854 216 1
855 216 3
859 216 3
861 216 1
868 216 3
870 216 3
882 216 3
885 216 3
886 216 1
890 216 2
893 216 3
896 216 1
897 216 3
901 216 2
903 216 3
908 216 1
911 216 2
912 216 1
913 216 3
915 216 1
916 216 2
917 216 2
918 216 3
924 216 1
927 216 3
929 216 2
930 216 3
931 216 3
933 216 2
934 216 1
935 216 1
936 216 1
937 216 2
940 216 3
941 216 3
944 216 2
946 216 2
947 216 1
951 216 2
952 216 2
958 216 3
960 216 1
962 216 2
965 216 2
966 216 2
967 216 1
970 216 3
973 216 3
974 216 1
980 216 2
984 216 1
986 216 1
991 216 1
993 216 3
998 216 2
999 216 2
4 217 3
10 217 1
14 217 3
18 217 3
21 217 2
24 217 2
30 217 3
34 217 3
36 217 2
39 217 3
40 217 3
44 217 1
48 217 3
52 217 3
55 217 2
63 217 1
66 217 2
68 217 2
69 217 1
70 217 1
71 217 3
72 217 3
73 217 2
77 217 3
85 217 1
90 217 3
93 217 1
97 217 3
100 217 2
102 217 2
104 217 1
105 217 2
107 217 3
109 217 1
115 217 3
117 217 2
118 217 3
120 217 1
121 217 2
122 217 2
123 217 2
124 217 1
125 217 2
127 217 3
128 217 2
130 217 2
134 217 1
141 217 3
143 217 2
146 217 3
155 217 2
163 217 3
167 217 1
176 217 3
178 217 1
187 217 1
188 217 1
193 217 1
194 217 2
200 217 1
201 217 1
211 217 1
213 217 2
217 217 1
220 217 2
225 217 3
226 217 2
229 217 2
230 217 2
231 217 1
232 217 1
234 217 3
235 217 1
237 217 3
239 217 2
243 217 2
245 217 1
246 217 1
249 217 2
251 217 1
253 217 1
255 217 3
257 217 3
259 217 2
262 217 2
270 217 3
271 217 3
274 217 2
277 217 3
278 217 2
281 217 3
282 217 2
283 217 1
286 217 3
291 217 1
292 217 2
303 217 2
