588 131 2
593 131 2
594 131 2
595 131 1
597 131 3
599 131 2
600 131 3
603 131 3
605 131 3
606 131 2
608 131 3
614 131 3
616 131 3
623 131 1
624 131 3
626 131 1
628 131 3
640 131 3
647 131 3
649 131 2
650 131 2
652 131 3
653 131 3
654 131 2
659 131 2
662 131 1
663 131 1
671 131 1
672 131 3
673 131 1
678 131 1
679 131 3
683 131 2
688 131 1
691 131 1
692 131 2
694 131 1
700 131 2
704 131 3
705 131 3
708 131 1
711 131 2
712 131 3
714 131 1
717 131 3
720 131 2
721 131 1
724 131 1
726 131 3
729 131 1
734 131 3
739 131 1
742 131 1
743 131 3
745 131 2
747 131 2
753 131 2
757 131 2
759 131 3
764 131 1
765 131 1
769 131 1
772 131 3
773 131 3
777 131 1
780 131 1
782 131 1
783 131 1
785 131 1
787 131 2
794 131 1
803 131 1
805 131 2
812 131 1
816 131 1
828 131 3
829 131 3
830 131 2
833 131 1
837 131 1
839 131 1
841 131 3
843 131 1
845 131 3
846 131 3
849 131 3
855 131 3
863 131 3
865 131 1
873 131 3
878 131 1
879 131 1
882 131 1
883 131 3
892 131 1
895 131 1
896 131 2
897 131 2
902 131 2
906 131 3
908 131 1
909 131 2
910 131 2
914 131 1
918 131 2
924 131 1
927 131 2
929 131 1
932 131 1
933 131 1
935 131 1
936 131 2
938 131 3
942 131 1
949 131 2
950 131 3
960 131 2
964 131 2
968 131 1
971 131 3
973 131 1
977 131 3
979 131 3
980 131 3
982 131 2
983 131 3
986 131 2
987 131 3
988 131 3
993 131 3
0 132 2
15 132 1
19 132 2
21 132 2
23 132 2
25 132 3
27 132 1
29 132 2
30 132 2
31 132 3
32 132 3
33 132 3
35 132 3
39 132 1
43 132 1
44 132 3
48 132 2
50 132 3
54 132 2
55 132 2
56 132 2
58 132 2
61 132 3
66 132 1
68 132 3
74 132 2
76 132 3
84 132 2
85 132 2
92 132 1
93 132 2
98 132 3
100 132 1
102 132 3
103 132 2
104 132 2
114 132 2
115 132 1
118 132 1
119 132 2
123 132 2
129 132 2
131 132 3
132 132 3
134 132 2
137 132 2
139 132 1
144 132 3
147 132 1
149 132 1
153 132 1
161 132 1
165 132 2
167 132 1
168 132 2
170 132 2
173 132 1
176 132 1
177 132 3
180 132 3
186 132 3
187 132 2
193 132 2
201 132 1
205 132 1
206 132 2
210 132 2
212 132 2
213 132 2
215 132 3
216 132 3
218 132 1
219 132 1
220 132 1
224 132 2
226 132 2
231 132 3
235 132 3
240 132 1
243 132 2
246 132 3
253 132 1
254 132 1
258 132 3
259 132 1
260 132 2
264 132 1
267 132 1
271 132 3
274 132 1
278 132 1
281 132 3
284 132 2
288 132 3
289 132 3
290 132 3
291 132 1
294 132 3
298 132 1
300 132 1
303 132 2
311 132 1
317 132 2
327 132 1
330 132 2
331 132 2
333 132 1
343 132 2
352 132 1
354 132 1
357 132 3
359 132 3
364 132 3
370 132 1
376 132 2
377 132 1
384 132 2
387 132 1
389 132 3
392 132 3
393 132 2
400 132 2
404 132 1
410 132 3
412 132 3
415 132 1
417 132 1
418 132 3
422 132 1
423 132 3
427 132 2
428 132 3
429 132 2
432 132 2
438 132 1
441 132 1
442 132 1
443 132 1
444 132 2
447 132 2
451 132 1
455 132 2
456 132 1
457 132 2
458 132 2
460 132 1
462 132 1
470 132 2
477 132 3
478 132 1
482 132 3
486 132 2
489 132 3
491 132 1
495 132 3
500 132 2
501 132 1
502 132 3
505 132 1
508 132 2
511 132 1
512 132 1
513 132 2
517 132 3
521 132 2
526 132 2
528 132 1
529 132 2
538 132 2
539 132 1
540 132 3
545 132 3
546 132 1
553 132 2
555 132 3
560 132 3
575 132 3
577 132 2
581 132 1
583 132 3
584 132 2
591 132 2
592 132 1
607 132 3
609 132 1
610 132 3
612 132 3
616 132 1
619 132 2
624 132 1
626 132 1
628 132 2
629 132 1
635 132 3
636 132 2
642 132 1
643 132 1
645 132 1
646 132 1
647 132 3
650 132 3
651 132 1
652 132 3
657 132 1
659 132 3
662 132 1
663 132 1
664 132 2
667 132 3
670 132 3
678 132 3
680 132 3
681 132 2
684 132 3
687 132 3
690 132 1
693 132 2
696 132 2
700 132 3
703 132 1
705 132 3
708 132 3
709 132 2
710 132 1
711 132 1
712 132 3
715 132 3
717 132 2
718 132 2
720 132 2
724 132 1
725 132 1
727 132 1
730 132 3
732 132 3
740 132 1
741 132 1
743 132 3
748 132 2
749 132 3
750 132 2
752 132 1
755 132 3
756 132 3
757 132 2
758 132 3
759 132 2
760 132 3
764 132 3
768 132 1
770 132 1
771 132 1
773 132 1
780 132 2
785 132 1
787 132 1
792 132 2
793 132 2
795 132 1
797 132 2
799 132 3
801 132 3
806 132 1
808 132 2
812 132 2
815 132 1
816 132 1
818 132 3
822 132 1
826 132 1
829 132 3
830 132 1
835 132 3
842 132 2
843 132 2
845 132 2
849 132 3
855 132 3
856 132 1
859 132 1
860 132 2
862 132 2
865 132 3
873 132 3
874 132 1
881 132 2
883 132 3
884 132 1
885 132 1
888 132 2
889 132 2
890 132 2
891 132 2
892 132 1
893 132 3
894 132 3
897 132 2
898 132 3
901 132 3
913 132 2
914 132 2
916 132 1
918 132 2
921 132 2
923 132 1
926 132 1
936 132 1
938 132 3
939 132 3
941 132 1
945 132 2
950 132 1
953 132 2
957 132 1
962 132 1
963 132 1
972 132 2
973 132 1
974 132 2
981 132 1
982 132 3
983 132 2
984 132 2
987 132 1
989 132 1
991 132 3
994 132 1
996 132 2
2 133 2
4 133 2
7 133 3
9 133 2
10 133 2
11 133 2
16 133 3
19 133 1
21 133 1
23 133 1
25 133 3
28 133 3
31 133 1
39 133 1
42 133 2
44 133 3
48 133 3
50 133 3
51 133 2
74 133 2
79 133 2
80 133 1
81 133 1
83 133 1
87 133 3
94 133 2
95 133 1
96 133 1
97 133 3
106 133 2
107 133 1
108 133 1
114 133 1
116 133 3
117 133 1
121 133 2
124 133 2
136 133 2
137 133 3
138 133 3
145 133 3
150 133 1
157 133 1
161 133 2
163 133 1
164 133 2
166 133 1
168 133 2
170 133 3
176 133 3
177 133 1
178 133 2
185 133 3
187 133 2
189 133 1
191 133 1
194 133 1
197 133 1
201 133 2
203 133 2
205 133 3
209 133 2
211 133 1
212 133 2
219 133 1
221 133 1
227 133 1
228 133 3
229 133 2
234 133 2
236 133 2
237 133 2
238 133 2
239 133 3
242 133 1
245 133 3
251 133 3
253 133 3
254 133 3
256 133 2
270 133 3
272 133 3
276 133 1
282 133 1
287 133 3
288 133 1
293 133 3
295 133 1
300 133 2
303 133 3
304 133 2
312 133 1
327 133 1
332 133 3
333 133 3
336 133 1
339 133 1
342 133 3
343 133 3
344 133 2
353 133 2
354 133 2
355 133 1
358 133 1
359 133 1
362 133 3
368 133 3
371 133 1
372 133 1
379 133 2
380 133 1
382 133 3
383 133 1
384 133 3
389 133 3
395 133 1
396 133 1
397 133 2
401 133 3
405 133 3
406 133 3
407 133 1
408 133 2
411 133 3
414 133 2
419 133 2
421 133 3
426 133 3
427 133 1
436 133 1
439 133 2
441 133 1
444 133 1
445 133 2
452 133 2
457 133 3
460 133 2
461 133 1
463 133 1
466 133 2
473 133 2
476 133 3
484 133 3
487 133 1
489 133 2
494 133 3
496 133 3
500 133 1
501 133 1
504 133 3
505 133 3
507 133 2
508 133 3
510 133 2
512 133 2
513 133 2
516 133 3
518 133 2
519 133 3
520 133 2
521 133 2
523 133 3
525 133 3
527 133 3
533 133 2
539 133 3
541 133 1
542 133 1
543 133 3
544 133 2
545 133 1
546 133 2
548 133 3
550 133 2
553 133 3
555 133 3
560 133 3
570 133 1
571 133 1
573 133 2
575 133 1
576 133 3
577 133 2
579 133 2
589 133 2
594 133 2
595 133 2
596 133 3
599 133 1
605 133 3
607 133 3
610 133 1
614 133 2
618 133 3
626 133 2
628 133 2
633 133 3
635 133 2
637 133 3
642 133 1
643 133 2
648 133 2
651 133 3
654 133 1
657 133 1
661 133 3
673 133 3
674 133 2
