381 948 1
386 948 1
391 948 1
395 948 1
399 948 2
402 948 3
407 948 2
408 948 2
410 948 3
411 948 1
414 948 3
415 948 3
418 948 2
419 948 1
422 948 3
426 948 2
431 948 1
433 948 1
435 948 2
436 948 2
444 948 1
445 948 2
449 948 3
450 948 3
455 948 2
456 948 1
461 948 1
463 948 3
464 948 2
470 948 2
473 948 1
476 948 2
477 948 2
480 948 3
489 948 1
494 948 2
495 948 2
496 948 2
506 948 2
508 948 3
513 948 1
516 948 1
519 948 2
521 948 2
522 948 3
527 948 3
528 948 2
531 948 2
532 948 1
533 948 1
535 948 2
538 948 3
542 948 1
544 948 1
547 948 3
550 948 3
551 948 1
555 948 1
556 948 2
558 948 2
559 948 3
563 948 1
567 948 3
570 948 1
572 948 2
573 948 1
574 948 3
575 948 2
576 948 3
579 948 2
580 948 2
584 948 3
588 948 3
589 948 2
592 948 2
593 948 1
594 948 1
597 948 3
598 948 3
599 948 1
601 948 3
605 948 1
606 948 2
609 948 1
614 948 1
621 948 1
626 948 1
629 948 1
633 948 1
636 948 3
637 948 3
639 948 3
640 948 3
642 948 3
646 948 2
647 948 2
656 948 3
658 948 2
661 948 2
662 948 1
663 948 1
666 948 3
674 948 2
681 948 3
683 948 1
692 948 1
695 948 2
697 948 1
707 948 3
708 948 2
709 948 3
712 948 2
713 948 1
717 948 1
719 948 2
723 948 1
728 948 3
730 948 3
733 948 2
734 948 1
735 948 1
740 948 2
750 948 3
751 948 3
753 948 2
754 948 2
761 948 1
763 948 2
764 948 1
767 948 3
768 948 3
771 948 1
773 948 1
775 948 1
776 948 3
781 948 3
785 948 2
786 948 2
788 948 2
795 948 3
796 948 2
802 948 1
804 948 2
812 948 3
813 948 2
814 948 1
815 948 1
816 948 2
819 948 1
820 948 2
824 948 1
825 948 3
826 948 2
828 948 1
829 948 2
830 948 1
834 948 1
837 948 3
838 948 3
840 948 1
841 948 3
854 948 3
856 948 1
861 948 2
863 948 1
866 948 1
867 948 1
871 948 2
873 948 3
877 948 3
880 948 3
882 948 2
883 948 3
888 948 1
889 948 3
890 948 2
894 948 3
896 948 1
899 948 1
901 948 1
904 948 2
907 948 1
908 948 3
911 948 3
912 948 2
917 948 1
918 948 3
925 948 1
931 948 3
933 948 1
934 948 2
937 948 2
939 948 1
940 948 3
941 948 1
946 948 1
948 948 2
950 948 2
953 948 1
954 948 2
957 948 2
958 948 2
963 948 1
966 948 2
968 948 2
970 948 3
971 948 1
976 948 1
977 948 2
980 948 2
985 948 2
988 948 2
990 948 3
991 948 3
996 948 3
1 949 3
3 949 2
4 949 3
5 949 2
7 949 2
8 949 3
12 949 3
13 949 3
16 949 2
20 949 2
23 949 3
32 949 2
36 949 2
37 949 3
39 949 2
40 949 1
45 949 2
46 949 3
47 949 2
48 949 3
52 949 1
54 949 1
56 949 3
62 949 2
65 949 3
67 949 3
71 949 1
72 949 1
74 949 1
76 949 3
78 949 1
79 949 1
80 949 2
84 949 1
86 949 2
90 949 2
91 949 2
92 949 1
96 949 3
98 949 2
99 949 1
100 949 3
101 949 1
105 949 3
107 949 2
109 949 1
110 949 2
111 949 3
112 949 1
114 949 1
120 949 1
122 949 3
125 949 1
127 949 2
132 949 2
133 949 2
136 949 2
140 949 1
143 949 2
148 949 1
152 949 2
153 949 2
157 949 1
162 949 3
168 949 1
173 949 1
176 949 1
177 949 3
179 949 2
181 949 3
184 949 1
185 949 3
187 949 1
198 949 2
199 949 1
200 949 3
202 949 3
204 949 3
206 949 2
208 949 3
209 949 2
210 949 1
211 949 2
213 949 2
215 949 2
217 949 2
220 949 1
222 949 2
227 949 3
228 949 1
232 949 3
233 949 3
234 949 2
235 949 3
237 949 3
239 949 3
242 949 2
243 949 1
252 949 3
254 949 3
255 949 2
260 949 2
264 949 1
271 949 2
273 949 2
283 949 3
285 949 2
287 949 2
288 949 1
298 949 3
302 949 1
308 949 3
309 949 3
315 949 3
316 949 2
318 949 1
322 949 1
325 949 1
328 949 3
331 949 1
333 949 2
335 949 1
337 949 1
342 949 2
343 949 2
345 949 1
352 949 2
353 949 2
355 949 3
358 949 2
359 949 3
361 949 1
364 949 1
366 949 3
368 949 2
370 949 1
373 949 1
375 949 3
377 949 1
381 949 3
383 949 1
396 949 2
400 949 3
401 949 2
405 949 3
406 949 2
410 949 1
411 949 1
413 949 1
415 949 2
416 949 2
418 949 3
421 949 2
422 949 2
424 949 3
425 949 3
426 949 3
428 949 1
429 949 1
438 949 3
439 949 1
441 949 2
442 949 3
444 949 1
448 949 3
452 949 2
457 949 3
461 949 2
462 949 1
465 949 2
468 949 2
470 949 1
473 949 3
476 949 3
479 949 1
482 949 3
495 949 3
496 949 1
497 949 1
498 949 2
499 949 3
503 949 2
506 949 2
508 949 2
510 949 3
514 949 2
521 949 2
524 949 1
525 949 2
527 949 1
529 949 3
530 949 1
535 949 3
537 949 3
541 949 2
542 949 3
544 949 3
545 949 3
549 949 3
550 949 2
552 949 1
554 949 2
556 949 3
561 949 1
563 949 3
568 949 1
577 949 1
578 949 3
579 949 1
585 949 2
589 949 1
590 949 2
593 949 3
598 949 2
601 949 1
604 949 1
605 949 1
606 949 3
609 949 3
610 949 1
612 949 2
616 949 3
619 949 1
621 949 3
622 949 3
624 949 2
625 949 3
632 949 1
635 949 1
636 949 1
637 949 1
639 949 1
640 949 2
641 949 1
642 949 2
643 949 3
644 949 1
648 949 3
649 949 1
650 949 1
652 949 2
656 949 1
657 949 1
660 949 2
661 949 3
663 949 1
665 949 3
669 949 1
676 949 1
677 949 3
679 949 3
684 949 3
704 949 3
709 949 2
710 949 1
712 949 2
714 949 3
715 949 3
719 949 1
720 949 1
721 949 1
723 949 1
728 949 1
729 949 2
737 949 1
738 949 2
742 949 3
744 949 2
747 949 2
749 949 2
761 949 3
764 949 1
766 949 3
767 949 3
768 949 3
769 949 3
770 949 3
774 949 1
775 949 2
776 949 2
777 949 1
781 949 1
783 949 2
784 949 2
787 949 1
790 949 3
791 949 2
792 949 3
794 949 3
797 949 3
798 949 3
800 949 3
802 949 1
809 949 1
811 949 3
815 949 3
819 949 2
821 949 3
823 949 1
825 949 2
830 949 3
833 949 2
836 949 1
843 949 3
844 949 3
846 949 1
847 949 3
848 949 1
851 949 2
854 949 2
866 949 1
869 949 3
871 949 1
873 949 1
875 949 3
876 949 3
877 949 1
880 949 1
889 949 1
892 949 1
893 949 3
894 949 1
895 949 2
896 949 3
899 949 3
901 949 3
903 949 2
905 949 1
906 949 3
911 949 2
918 949 3
919 949 2
924 949 3
928 949 3
929 949 2
931 949 2
935 949 1
939 949 2
940 949 1
945 949 3
952 949 2
955 949 3
957 949 2
960 949 1
962 949 3
963 949 3
964 949 1
965 949 1
966 949 2
967 949 2
968 949 2
970 949 3
971 949 2
972 949 3
973 949 3
974 949 3
976 949 3
977 949 3
979 949 2
980 949 3
985 949 1
986 949 3
987 949 1
988 949 2
991 949 1
992 949 1
993 949 3
996 949 3
1 950 3
4 950 2
8 950 3
11 950 1
12 950 1
13 950 2
16 950 3
17 950 1
21 950 3
23 950 1
29 950 2
35 950 3
37 950 2
39 950 3
40 950 2
41 950 1
44 950 3
46 950 1
53 950 3
55 950 1
57 950 2
60 950 3
64 950 1
66 950 2
70 950 1
71 950 1
75 950 1
77 950 3
79 950 3
84 950 3
88 950 1
99 950 1
100 950 1
101 950 2
106 950 1
108 950 3
110 950 2
111 950 3
117 950 1
125 950 3
126 950 1
127 950 2
128 950 2
132 950 2
136 950 1
137 950 2
140 950 3
141 950 2
142 950 3
148 950 1
153 950 3
155 950 2
156 950 1
158 950 1
160 950 3
165 950 3
167 950 3
176 950 1
179 950 3
183 950 1
185 950 1
187 950 1
188 950 1
192 950 1
193 950 2
202 950 3
204 950 3
205 950 3
206 950 3
207 950 1
208 950 3
210 950 2
211 950 1
212 950 1
216 950 1
217 950 3
221 950 3
222 950 1
224 950 3
227 950 1
237 950 2
238 950 2
239 950 1
