496 488 3
497 488 3
498 488 1
500 488 3
501 488 2
505 488 2
508 488 1
509 488 2
511 488 3
516 488 3
517 488 1
521 488 2
524 488 2
535 488 1
536 488 2
537 488 2
539 488 3
545 488 3
547 488 1
550 488 3
551 488 2
556 488 2
557 488 3
563 488 3
566 488 3
567 488 2
571 488 2
573 488 2
576 488 1
586 488 3
587 488 2
589 488 2
594 488 3
595 488 1
599 488 3
604 488 1
606 488 3
609 488 3
613 488 1
614 488 1
615 488 1
628 488 1
639 488 3
640 488 3
643 488 3
648 488 3
658 488 1
659 488 1
661 488 1
662 488 2
663 488 3
667 488 2
668 488 1
671 488 3
677 488 1
678 488 3
681 488 2
682 488 3
687 488 3
693 488 1
695 488 1
697 488 3
703 488 2
705 488 2
706 488 2
711 488 3
713 488 1
714 488 1
715 488 1
716 488 1
719 488 3
723 488 2
724 488 3
726 488 1
733 488 1
735 488 1
736 488 1
737 488 1
740 488 3
741 488 3
746 488 3
748 488 2
751 488 2
753 488 1
754 488 2
756 488 1
772 488 2
776 488 3
783 488 3
786 488 3
788 488 3
789 488 1
791 488 1
797 488 1
798 488 2
801 488 1
802 488 3
805 488 1
806 488 1
809 488 3
811 488 2
814 488 3
817 488 3
818 488 3
821 488 3
823 488 1
826 488 1
836 488 3
837 488 2
838 488 2
840 488 2
841 488 3
846 488 2
855 488 1
856 488 3
859 488 2
861 488 3
865 488 1
868 488 3
870 488 1
876 488 3
880 488 1
885 488 3
896 488 1
897 488 1
899 488 3
902 488 3
904 488 2
907 488 1
912 488 3
914 488 2
916 488 1
917 488 2
918 488 3
923 488 3
925 488 3
929 488 2
930 488 2
935 488 1
938 488 2
941 488 2
944 488 2
945 488 2
946 488 2
947 488 1
950 488 3
951 488 1
954 488 3
959 488 2
961 488 3
962 488 1
970 488 3
972 488 2
974 488 2
976 488 3
978 488 1
979 488 3
981 488 1
984 488 3
986 488 1
987 488 3
991 488 3
994 488 2
995 488 1
996 488 3
997 488 3
1 489 1
4 489 2
7 489 2
8 489 1
10 489 2
14 489 3
19 489 1
21 489 1
22 489 2
24 489 2
27 489 2
28 489 1
31 489 2
32 489 3
33 489 1
37 489 1
38 489 1
42 489 3
44 489 2
46 489 2
47 489 1
53 489 3
54 489 1
60 489 2
63 489 2
66 489 2
67 489 2
70 489 3
74 489 1
75 489 1
78 489 3
83 489 3
85 489 3
88 489 2
89 489 1
94 489 2
95 489 1
97 489 3
100 489 3
101 489 1
106 489 1
108 489 3
111 489 1
112 489 2
119 489 3
120 489 1
122 489 3
127 489 1
130 489 2
133 489 3
138 489 2
141 489 1
142 489 3
146 489 3
148 489 2
151 489 1
153 489 3
155 489 1
163 489 2
164 489 1
168 489 3
172 489 3
175 489 1
178 489 1
181 489 3
182 489 1
183 489 3
184 489 2
185 489 1
195 489 3
196 489 3
199 489 3
200 489 1
203 489 1
205 489 3
207 489 3
208 489 1
210 489 2
214 489 2
219 489 2
222 489 2
223 489 2
224 489 2
225 489 1
226 489 2
227 489 1
232 489 3
233 489 1
240 489 1
241 489 3
242 489 2
244 489 3
254 489 3
256 489 3
257 489 2
259 489 1
261 489 2
263 489 2
265 489 2
266 489 2
267 489 3
269 489 2
270 489 3
273 489 3
276 489 2
282 489 3
286 489 3
294 489 3
298 489 1
300 489 1
311 489 1
315 489 1
316 489 3
318 489 1
319 489 3
322 489 2
323 489 2
324 489 1
325 489 1
338 489 2
339 489 1
343 489 1
351 489 3
353 489 3
356 489 2
361 489 2
362 489 2
372 489 2
374 489 1
376 489 3
380 489 2
384 489 1
389 489 3
391 489 1
394 489 3
396 489 1
401 489 1
403 489 1
406 489 1
411 489 1
412 489 2
413 489 1
414 489 1
421 489 1
423 489 1
431 489 3
432 489 2
433 489 2
442 489 1
451 489 3
454 489 1
458 489 3
461 489 1
476 489 1
482 489 1
487 489 1
496 489 3
499 489 1
501 489 1
505 489 2
507 489 2
509 489 3
517 489 1
524 489 1
525 489 1
531 489 2
532 489 1
533 489 2
544 489 1
547 489 1
550 489 1
552 489 3
560 489 2
561 489 1
565 489 3
567 489 3
570 489 1
572 489 1
573 489 3
574 489 2
578 489 3
582 489 2
591 489 2
592 489 2
593 489 3
596 489 3
597 489 3
600 489 2
601 489 3
602 489 1
606 489 1
607 489 2
609 489 2
610 489 2
612 489 1
615 489 2
616 489 3
619 489 3
621 489 3
622 489 1
627 489 2
628 489 1
630 489 1
631 489 1
632 489 2
634 489 3
641 489 3
644 489 1
653 489 3
656 489 2
657 489 1
658 489 2
661 489 3
670 489 1
674 489 1
676 489 2
677 489 2
679 489 1
680 489 2
681 489 1
684 489 1
689 489 2
695 489 1
696 489 2
698 489 3
704 489 3
709 489 2
711 489 1
713 489 1
715 489 1
718 489 2
719 489 1
720 489 2
721 489 1
722 489 3
727 489 1
728 489 3
732 489 3
733 489 3
734 489 2
737 489 3
741 489 3
745 489 2
746 489 2
747 489 2
749 489 3
752 489 2
756 489 2
758 489 1
761 489 1
763 489 3
769 489 2
771 489 1
772 489 1
773 489 1
775 489 3
779 489 1
780 489 2
781 489 1
783 489 3
785 489 1
788 489 3
789 489 1
790 489 1
792 489 2
797 489 3
798 489 3
803 489 2
807 489 3
808 489 2
809 489 2
810 489 2
812 489 2
816 489 1
826 489 2
828 489 1
831 489 3
832 489 1
835 489 3
838 489 3
850 489 3
853 489 3
867 489 1
868 489 1
869 489 2
872 489 3
874 489 3
875 489 2
877 489 1
879 489 3
882 489 2
884 489 1
887 489 1
888 489 2
894 489 1
896 489 3
899 489 2
903 489 1
905 489 3
909 489 2
910 489 1
912 489 2
915 489 3
916 489 3
917 489 1
918 489 3
923 489 1
926 489 3
928 489 1
929 489 2
930 489 2
932 489 1
933 489 2
934 489 1
937 489 1
938 489 3
942 489 1
943 489 1
947 489 1
959 489 2
963 489 2
969 489 2
970 489 2
971 489 3
973 489 1
975 489 1
977 489 2
979 489 1
980 489 2
982 489 2
983 489 1
986 489 2
988 489 3
992 489 3
994 489 3
995 489 2
996 489 1
997 489 1
999 489 3
4 490 2
6 490 1
9 490 2
10 490 1
17 490 3
20 490 3
27 490 3
29 490 3
30 490 1
33 490 3
34 490 1
39 490 2
42 490 1
43 490 1
44 490 3
45 490 1
48 490 3
62 490 2
63 490 2
64 490 2
65 490 1
69 490 3
71 490 2
72 490 3
77 490 1
80 490 2
83 490 1
84 490 1
88 490 2
90 490 1
91 490 3
103 490 2
106 490 2
107 490 3
111 490 3
119 490 2
120 490 3
122 490 2
126 490 2
128 490 1
131 490 2
136 490 1
137 490 3
138 490 1
143 490 1
144 490 2
146 490 3
147 490 3
151 490 2
153 490 3
157 490 3
158 490 3
160 490 1
163 490 1
169 490 3
172 490 3
174 490 1
183 490 1
185 490 1
188 490 1
190 490 3
192 490 2
195 490 3
197 490 1
201 490 2
205 490 1
206 490 1
207 490 2
210 490 1
212 490 3
214 490 1
215 490 1
218 490 3
224 490 1
227 490 1
232 490 2
233 490 1
237 490 3
239 490 1
240 490 1
246 490 3
251 490 2
252 490 2
253 490 3
254 490 3
259 490 3
260 490 1
262 490 2
265 490 1
266 490 3
275 490 3
277 490 3
278 490 1
283 490 1
285 490 3
291 490 2
294 490 1
303 490 1
305 490 1
312 490 1
316 490 1
317 490 1
319 490 3
322 490 3
323 490 1
325 490 2
327 490 1
328 490 3
333 490 1
334 490 3
338 490 1
345 490 2
346 490 1
352 490 2
353 490 3
356 490 2
357 490 3
358 490 3
364 490 2
365 490 2
368 490 2
370 490 3
371 490 2
380 490 2
383 490 2
388 490 3
392 490 1
394 490 2
395 490 2
404 490 1
405 490 3
406 490 3
407 490 2
409 490 1
415 490 3
416 490 1
423 490 1
424 490 3
425 490 3
426 490 3
427 490 2
428 490 1
430 490 2
432 490 3
435 490 1
447 490 2
452 490 1
453 490 3
454 490 2
457 490 2
458 490 3
461 490 2
465 490 2
467 490 2
469 490 3
472 490 2
476 490 2
482 490 2
484 490 1
487 490 1
492 490 2
