290 964 1
293 964 2
294 964 3
301 964 2
302 964 2
304 964 2
307 964 2
308 964 3
309 964 2
315 964 3
319 964 2
320 964 3
322 964 2
324 964 2
325 964 2
328 964 2
336 964 1
337 964 3
339 964 1
340 964 2
350 964 3
351 964 3
353 964 1
356 964 1
359 964 3
365 964 2
369 964 3
370 964 3
371 964 2
378 964 1
381 964 1
382 964 3
384 964 3
385 964 3
395 964 1
396 964 3
397 964 1
398 964 3
400 964 2
407 964 1
415 964 3
419 964 2
420 964 1
422 964 2
424 964 2
425 964 1
427 964 3
432 964 3
435 964 3
440 964 3
442 964 1
444 964 1
445 964 3
447 964 2
449 964 3
450 964 3
452 964 3
455 964 1
458 964 2
463 964 3
464 964 2
465 964 1
468 964 3
470 964 2
476 964 2
480 964 2
481 964 2
482 964 3
494 964 1
496 964 2
497 964 3
498 964 2
500 964 3
501 964 2
503 964 2
508 964 2
510 964 2
511 964 1
515 964 3
516 964 1
518 964 2
522 964 3
524 964 3
530 964 1
536 964 3
538 964 2
541 964 3
542 964 2
543 964 2
545 964 2
546 964 2
551 964 2
557 964 3
561 964 1
562 964 2
566 964 1
567 964 1
569 964 2
570 964 3
575 964 1
577 964 3
578 964 3
582 964 1
588 964 3
590 964 1
591 964 2
596 964 3
597 964 3
601 964 3
605 964 1
608 964 1
610 964 3
611 964 2
616 964 1
617 964 1
618 964 2
620 964 2
621 964 2
624 964 2
629 964 2
630 964 2
660 964 3
661 964 3
663 964 1
670 964 1
680 964 2
682 964 1
684 964 1
688 964 1
689 964 3
694 964 2
697 964 2
703 964 1
705 964 2
711 964 2
713 964 3
719 964 3
725 964 1
727 964 3
732 964 3
736 964 1
738 964 1
743 964 1
745 964 2
746 964 1
754 964 3
756 964 1
760 964 2
762 964 2
766 964 1
767 964 2
769 964 2
771 964 2
773 964 3
776 964 1
778 964 1
782 964 1
790 964 3
799 964 2
805 964 1
808 964 3
810 964 3
816 964 2
818 964 2
820 964 1
822 964 2
829 964 1
833 964 1
835 964 1
836 964 1
841 964 3
842 964 3
843 964 2
845 964 2
846 964 1
849 964 2
852 964 1
856 964 1
861 964 3
862 964 1
863 964 2
864 964 3
865 964 1
866 964 1
869 964 2
876 964 3
890 964 2
891 964 1
897 964 1
898 964 3
899 964 3
905 964 1
906 964 2
907 964 1
908 964 2
913 964 3
918 964 3
919 964 1
921 964 1
922 964 2
926 964 2
927 964 2
928 964 1
931 964 2
932 964 1
933 964 1
937 964 3
938 964 1
939 964 3
940 964 3
942 964 3
944 964 2
946 964 1
949 964 2
953 964 1
957 964 3
958 964 1
962 964 2
964 964 1
965 964 3
966 964 2
970 964 2
971 964 1
972 964 3
973 964 2
974 964 2
982 964 3
985 964 3
986 964 2
987 964 2
988 964 3
990 964 1
995 964 3
12 965 1
15 965 2
17 965 1
19 965 3
21 965 1
22 965 2
24 965 3
25 965 3
26 965 1
27 965 2
28 965 2
30 965 3
32 965 2
33 965 1
43 965 3
46 965 1
47 965 1
48 965 2
51 965 3
52 965 2
54 965 3
70 965 1
72 965 1
73 965 3
75 965 3
86 965 3
87 965 3
92 965 3
95 965 1
96 965 2
102 965 1
104 965 1
105 965 2
107 965 2
108 965 2
109 965 1
110 965 1
115 965 2
116 965 3
118 965 3
120 965 2
124 965 1
125 965 1
126 965 3
127 965 3
128 965 3
130 965 1
137 965 1
140 965 3
143 965 2
150 965 2
154 965 2
163 965 1
166 965 2
168 965 1
169 965 2
171 965 3
175 965 1
178 965 3
182 965 3
201 965 1
202 965 3
204 965 1
205 965 3
209 965 1
214 965 1
215 965 2
217 965 3
222 965 3
224 965 2
226 965 3
233 965 1
234 965 1
238 965 1
241 965 2
243 965 3
244 965 1
246 965 1
250 965 1
255 965 3
256 965 2
258 965 3
259 965 2
262 965 1
265 965 3
271 965 3
273 965 2
275 965 3
280 965 2
286 965 2
287 965 2
293 965 2
294 965 2
297 965 2
298 965 3
299 965 2
301 965 3
305 965 3
307 965 1
310 965 3
311 965 3
314 965 3
315 965 1
316 965 1
319 965 2
320 965 3
321 965 2
325 965 3
327 965 2
332 965 2
334 965 1
340 965 2
341 965 2
348 965 1
350 965 2
351 965 3
356 965 2
358 965 1
359 965 1
361 965 2
362 965 2
363 965 3
367 965 1
368 965 3
376 965 2
380 965 1
381 965 3
382 965 1
383 965 2
386 965 3
392 965 1
399 965 2
400 965 2
401 965 1
413 965 1
416 965 2
419 965 2
421 965 2
422 965 3
424 965 3
429 965 2
430 965 2
435 965 3
436 965 3
441 965 2
442 965 1
447 965 3
448 965 2
453 965 1
455 965 1
461 965 2
465 965 3
466 965 3
467 965 1
472 965 1
473 965 3
474 965 3
475 965 1
476 965 3
479 965 1
480 965 2
482 965 3
483 965 3
487 965 2
492 965 3
493 965 2
494 965 2
500 965 3
501 965 3
505 965 1
522 965 2
527 965 3
534 965 3
536 965 2
538 965 1
539 965 2
542 965 1
544 965 3
545 965 3
546 965 3
553 965 3
554 965 3
558 965 2
559 965 3
560 965 1
563 965 1
566 965 2
568 965 2
571 965 2
573 965 3
574 965 3
579 965 2
584 965 3
586 965 2
592 965 1
595 965 3
597 965 1
598 965 1
599 965 1
600 965 1
603 965 1
606 965 1
607 965 2
613 965 2
614 965 2
615 965 2
617 965 1
618 965 3
619 965 1
628 965 3
629 965 3
631 965 1
633 965 2
642 965 2
643 965 3
654 965 1
659 965 2
661 965 2
662 965 1
663 965 2
665 965 2
669 965 3
677 965 2
680 965 1
681 965 2
682 965 3
683 965 2
687 965 2
690 965 1
696 965 1
701 965 2
702 965 2
712 965 3
714 965 2
717 965 1
728 965 1
729 965 3
735 965 1
738 965 1
741 965 1
743 965 2
748 965 1
753 965 3
755 965 1
756 965 2
760 965 2
762 965 1
763 965 3
765 965 3
770 965 3
781 965 3
784 965 2
786 965 2
787 965 1
791 965 2
793 965 1
794 965 3
801 965 1
803 965 3
804 965 1
810 965 1
814 965 2
817 965 1
824 965 3
825 965 1
826 965 3
830 965 3
834 965 2
835 965 3
836 965 3
837 965 1
839 965 1
840 965 3
844 965 1
846 965 1
850 965 2
852 965 2
853 965 3
855 965 1
856 965 2
858 965 1
861 965 1
862 965 1
863 965 1
865 965 3
867 965 3
868 965 1
870 965 1
871 965 3
873 965 1
874 965 3
879 965 1
880 965 1
883 965 3
884 965 1
889 965 1
891 965 2
892 965 1
893 965 3
894 965 1
895 965 3
905 965 1
909 965 1
911 965 3
914 965 2
915 965 3
918 965 3
919 965 1
923 965 2
924 965 3
925 965 1
926 965 1
934 965 2
937 965 2
941 965 1
944 965 1
949 965 3
951 965 1
952 965 1
953 965 3
955 965 1
956 965 1
959 965 1
960 965 1
964 965 3
966 965 2
972 965 3
973 965 3
975 965 3
981 965 2
983 965 3
985 965 1
988 965 2
990 965 2
992 965 1
994 965 3
995 965 2
1 966 3
3 966 1
5 966 2
6 966 1
8 966 1
10 966 1
15 966 3
18 966 3
23 966 3
24 966 3
26 966 1
31 966 2
32 966 3
34 966 3
35 966 1
36 966 1
37 966 3
40 966 2
43 966 1
49 966 3
51 966 3
57 966 3
66 966 1
71 966 3
72 966 2
73 966 1
77 966 3
78 966 3
79 966 3
84 966 3
85 966 1
86 966 2
87 966 2
88 966 3
93 966 1
105 966 2
106 966 1
107 966 1
111 966 2
114 966 1
119 966 2
124 966 1
125 966 3
129 966 3
131 966 2
134 966 2
140 966 1
144 966 1
145 966 2
147 966 3
149 966 3
155 966 1
156 966 1
159 966 3
160 966 2
162 966 1
163 966 3
164 966 1
169 966 1
170 966 2
175 966 2
180 966 1
185 966 3
186 966 1
189 966 2
190 966 3
193 966 3
201 966 1
208 966 1
213 966 2
220 966 3
221 966 3
222 966 2
227 966 2
228 966 1
229 966 2
230 966 3
231 966 1
234 966 3
235 966 1
238 966 2
239 966 3
240 966 2
241 966 1
242 966 1
246 966 3
249 966 3
250 966 2
251 966 3
254 966 2
259 966 1
260 966 1
262 966 3
266 966 3
270 966 2
274 966 3
