190 263 1
191 263 2
192 263 3
194 263 3
195 263 2
202 263 2
203 263 2
204 263 1
210 263 1
212 263 1
215 263 1
221 263 1
227 263 3
231 263 1
232 263 2
237 263 3
239 263 1
240 263 1
244 263 2
245 263 3
248 263 3
249 263 3
253 263 2
256 263 2
257 263 1
258 263 2
259 263 3
261 263 2
264 263 2
268 263 3
271 263 1
272 263 3
273 263 2
279 263 3
283 263 2
285 263 2
286 263 2
287 263 1
288 263 2
289 263 3
292 263 2
293 263 2
296 263 1
298 263 3
299 263 3
306 263 3
310 263 3
314 263 1
315 263 3
316 263 1
320 263 3
321 263 3
323 263 3
324 263 2
326 263 1
327 263 3
329 263 2
331 263 2
340 263 2
341 263 3
344 263 3
345 263 2
346 263 1
347 263 2
348 263 3
350 263 1
355 263 2
358 263 3
366 263 3
367 263 3
372 263 1
375 263 2
376 263 3
379 263 3
381 263 2
387 263 3
388 263 3
389 263 2
390 263 2
392 263 2
393 263 2
394 263 3
396 263 1
398 263 1
404 263 2
409 263 3
413 263 3
418 263 3
419 263 1
421 263 3
423 263 3
424 263 2
429 263 3
430 263 3
431 263 3
432 263 3
433 263 2
435 263 1
441 263 1
443 263 1
448 263 2
452 263 1
453 263 1
454 263 2
458 263 1
459 263 2
469 263 1
470 263 3
472 263 1
474 263 2
475 263 1
478 263 1
482 263 1
487 263 1
491 263 2
492 263 3
498 263 3
500 263 1
501 263 2
506 263 3
508 263 3
514 263 2
517 263 3
520 263 1
523 263 1
524 263 2
526 263 2
533 263 3
537 263 1
540 263 1
543 263 3
546 263 2
552 263 2
556 263 3
561 263 2
562 263 2
569 263 1
573 263 2
578 263 2
579 263 3
580 263 3
581 263 1
583 263 2
589 263 3
590 263 2
591 263 2
595 263 3
597 263 1
603 263 2
604 263 3
606 263 3
611 263 3
616 263 2
620 263 2
624 263 3
626 263 3
627 263 2
630 263 1
637 263 3
645 263 3
649 263 1
650 263 1
655 263 1
656 263 2
661 263 2
662 263 3
664 263 2
672 263 1
678 263 2
690 263 3
694 263 1
696 263 3
700 263 1
701 263 3
703 263 3
705 263 3
708 263 3
711 263 2
718 263 2
719 263 2
724 263 3
726 263 3
727 263 3
731 263 1
732 263 3
733 263 3
735 263 2
736 263 3
738 263 3
741 263 2
744 263 2
745 263 1
746 263 2
747 263 1
750 263 1
756 263 3
758 263 2
759 263 3
760 263 3
768 263 3
769 263 1
778 263 2
786 263 1
790 263 1
794 263 2
798 263 1
801 263 3
802 263 3
803 263 1
809 263 1
813 263 1
818 263 2
820 263 3
823 263 3
826 263 2
830 263 1
833 263 3
835 263 3
837 263 3
838 263 2
839 263 1
847 263 1
848 263 2
853 263 1
859 263 2
861 263 3
868 263 1
870 263 2
872 263 1
873 263 3
877 263 2
882 263 3
883 263 1
885 263 1
888 263 3
893 263 3
907 263 1
908 263 1
909 263 1
910 263 3
911 263 2
912 263 1
913 263 2
914 263 2
921 263 3
922 263 1
923 263 1
925 263 3
928 263 2
929 263 3
932 263 3
937 263 3
939 263 1
941 263 2
943 263 2
945 263 2
946 263 1
947 263 3
948 263 3
953 263 2
954 263 3
958 263 2
959 263 2
961 263 2
962 263 2
963 263 1
972 263 1
977 263 2
981 263 3
987 263 1
989 263 3
992 263 2
996 263 3
3 264 1
5 264 1
6 264 1
9 264 2
14 264 3
15 264 1
19 264 2
24 264 3
25 264 3
31 264 1
33 264 2
40 264 2
43 264 3
45 264 2
47 264 2
49 264 3
53 264 3
54 264 3
55 264 2
59 264 2
62 264 1
63 264 2
67 264 2
71 264 1
73 264 3
76 264 2
80 264 3
84 264 1
87 264 2
88 264 1
89 264 2
91 264 1
94 264 3
98 264 1
104 264 1
106 264 1
109 264 2
110 264 3
111 264 1
114 264 3
115 264 3
116 264 2
120 264 3
121 264 3
125 264 2
126 264 3
130 264 3
132 264 3
136 264 1
139 264 2
144 264 1
149 264 2
150 264 1
152 264 2
157 264 1
158 264 3
159 264 2
160 264 2
162 264 3
166 264 1
170 264 3
171 264 2
174 264 3
175 264 3
176 264 3
182 264 3
185 264 1
187 264 3
189 264 3
191 264 1
194 264 3
197 264 2
198 264 2
199 264 3
202 264 3
206 264 1
213 264 2
215 264 1
216 264 3
218 264 3
219 264 1
220 264 1
223 264 1
224 264 1
226 264 2
232 264 3
235 264 2
236 264 2
237 264 2
238 264 3
239 264 1
241 264 1
244 264 1
248 264 2
250 264 2
252 264 1
253 264 2
256 264 2
258 264 2
265 264 3
268 264 3
270 264 3
271 264 2
272 264 3
276 264 3
280 264 2
281 264 1
283 264 3
285 264 1
286 264 3
289 264 2
290 264 2
291 264 3
293 264 3
294 264 1
295 264 1
296 264 2
297 264 1
300 264 2
301 264 3
302 264 3
303 264 2
304 264 3
306 264 3
307 264 2
309 264 1
310 264 1
312 264 2
313 264 3
314 264 1
317 264 3
322 264 2
324 264 3
325 264 1
328 264 1
329 264 3
330 264 2
331 264 2
332 264 2
334 264 2
337 264 3
338 264 3
339 264 1
340 264 2
341 264 3
346 264 3
347 264 1
348 264 2
352 264 3
356 264 2
359 264 3
361 264 2
362 264 3
365 264 1
368 264 2
372 264 3
374 264 1
377 264 2
384 264 2
386 264 1
395 264 1
399 264 1
401 264 2
405 264 2
406 264 2
409 264 1
413 264 3
416 264 3
417 264 1
418 264 2
419 264 3
422 264 3
424 264 1
432 264 2
441 264 1
442 264 1
445 264 1
446 264 1
447 264 1
449 264 3
451 264 3
454 264 3
458 264 3
463 264 3
464 264 1
467 264 2
475 264 3
476 264 2
477 264 1
482 264 2
486 264 3
490 264 3
491 264 3
496 264 3
499 264 3
502 264 3
505 264 2
508 264 2
509 264 2
511 264 1
513 264 1
516 264 2
518 264 2
521 264 2
522 264 2
524 264 3
526 264 3
533 264 2
537 264 3
546 264 1
547 264 3
559 264 2
567 264 2
570 264 3
571 264 3
573 264 1
575 264 2
579 264 1
583 264 3
586 264 3
587 264 2
593 264 1
598 264 3
604 264 2
605 264 2
607 264 3
611 264 2
613 264 3
614 264 1
620 264 2
625 264 1
630 264 2
631 264 1
632 264 2
637 264 3
642 264 1
649 264 1
655 264 3
657 264 1
658 264 3
659 264 1
660 264 3
661 264 1
662 264 2
666 264 1
667 264 2
668 264 2
671 264 3
672 264 2
673 264 2
675 264 3
684 264 2
691 264 3
694 264 3
696 264 3
697 264 2
698 264 3
702 264 2
705 264 1
706 264 1
710 264 3
712 264 3
715 264 1
716 264 1
717 264 3
723 264 2
725 264 2
730 264 1
731 264 3
732 264 2
734 264 1
735 264 1
739 264 1
749 264 2
750 264 1
755 264 2
757 264 2
764 264 1
765 264 1
767 264 1
768 264 1
769 264 2
772 264 2
775 264 3
776 264 2
778 264 3
779 264 3
787 264 3
788 264 2
789 264 1
793 264 1
795 264 1
796 264 1
803 264 2
809 264 1
813 264 2
818 264 3
819 264 2
821 264 3
826 264 3
827 264 3
832 264 3
833 264 3
838 264 2
839 264 1
842 264 2
846 264 2
851 264 1
853 264 2
859 264 3
863 264 3
865 264 2
868 264 2
869 264 2
870 264 2
873 264 2
877 264 1
878 264 3
884 264 1
885 264 2
886 264 2
893 264 3
895 264 2
897 264 2
902 264 2
909 264 2
913 264 2
914 264 3
916 264 1
917 264 1
918 264 1
926 264 2
927 264 2
929 264 1
931 264 1
932 264 2
938 264 3
939 264 1
942 264 3
944 264 1
950 264 2
954 264 1
955 264 2
959 264 3
964 264 3
966 264 3
967 264 1
969 264 2
970 264 3
971 264 3
976 264 1
979 264 2
983 264 1
989 264 1
990 264 1
998 264 2
999 264 3
4 265 3
5 265 2
8 265 2
9 265 2
16 265 2
17 265 1
23 265 1
24 265 3
27 265 3
30 265 1
32 265 1
33 265 3
40 265 2
43 265 3
44 265 1
52 265 1
60 265 2
61 265 3
62 265 3
67 265 1
71 265 2
74 265 1
76 265 3
81 265 1
85 265 2
86 265 3
88 265 1
89 265 2
94 265 3
98 265 1
99 265 1
102 265 3
103 265 1
105 265 2
108 265 2
111 265 1
