684 590 2
686 590 1
688 590 1
690 590 3
691 590 2
699 590 3
701 590 2
702 590 3
714 590 2
716 590 3
717 590 2
718 590 3
727 590 3
731 590 2
732 590 2
733 590 3
735 590 2
737 590 1
738 590 3
741 590 2
743 590 2
748 590 3
750 590 3
753 590 1
757 590 1
758 590 2
766 590 3
767 590 1
771 590 3
772 590 1
773 590 2
777 590 3
780 590 1
781 590 3
783 590 2
788 590 2
796 590 1
797 590 2
800 590 1
806 590 2
808 590 3
813 590 3
818 590 3
823 590 1
829 590 1
831 590 1
832 590 2
834 590 3
842 590 2
845 590 1
849 590 1
851 590 1
853 590 1
855 590 2
857 590 3
863 590 2
864 590 3
866 590 1
868 590 2
872 590 2
874 590 3
875 590 3
876 590 3
879 590 3
880 590 2
883 590 2
886 590 3
887 590 3
891 590 1
892 590 1
894 590 2
903 590 2
907 590 3
913 590 1
915 590 3
919 590 1
920 590 2
921 590 2
928 590 3
937 590 1
942 590 3
948 590 1
949 590 1
959 590 1
961 590 1
963 590 1
971 590 3
974 590 1
983 590 3
987 590 3
990 590 2
991 590 1
992 590 2
994 590 3
998 590 1
1 591 2
3 591 3
4 591 2
17 591 1
31 591 3
39 591 1
40 591 2
41 591 3
43 591 2
54 591 2
55 591 3
57 591 1
59 591 2
60 591 1
66 591 1
67 591 3
68 591 2
69 591 1
70 591 1
71 591 1
73 591 1
75 591 1
77 591 1
78 591 1
79 591 2
80 591 2
84 591 1
88 591 3
91 591 1
104 591 3
113 591 2
120 591 1
121 591 1
123 591 3
128 591 2
129 591 2
131 591 3
134 591 2
139 591 1
144 591 2
148 591 2
151 591 2
158 591 3
160 591 1
168 591 2
178 591 1
179 591 2
182 591 1
184 591 2
186 591 2
188 591 3
192 591 2
196 591 3
200 591 3
201 591 2
206 591 1
207 591 1
209 591 3
214 591 1
217 591 1
218 591 3
230 591 1
233 591 1
236 591 2
243 591 3
244 591 2
246 591 2
249 591 2
251 591 1
253 591 2
256 591 3
257 591 3
264 591 2
266 591 2
270 591 3
272 591 2
273 591 3
276 591 2
282 591 2
284 591 2
290 591 1
294 591 2
305 591 2
307 591 1
308 591 2
310 591 3
312 591 2
318 591 3
319 591 1
320 591 2
321 591 3
327 591 3
328 591 3
329 591 1
335 591 3
337 591 1
341 591 3
349 591 2
351 591 1
355 591 1
356 591 2
357 591 2
360 591 3
363 591 1
364 591 1
365 591 3
366 591 2
367 591 3
369 591 3
372 591 2
376 591 2
377 591 1
379 591 3
386 591 3
388 591 3
390 591 2
391 591 3
392 591 3
393 591 2
397 591 1
401 591 1
402 591 3
407 591 1
414 591 3
416 591 3
419 591 3
420 591 2
421 591 2
425 591 2
427 591 3
428 591 3
441 591 1
442 591 1
449 591 2
450 591 2
453 591 3
456 591 3
457 591 1
461 591 1
464 591 2
465 591 3
469 591 3
470 591 1
471 591 3
475 591 1
476 591 3
480 591 2
482 591 2
485 591 2
486 591 3
488 591 2
492 591 2
494 591 3
496 591 2
497 591 2
498 591 2
503 591 1
504 591 3
505 591 2
507 591 2
508 591 3
509 591 1
511 591 3
513 591 2
516 591 1
522 591 2
524 591 2
525 591 1
526 591 2
528 591 3
533 591 1
536 591 2
540 591 1
541 591 2
542 591 3
543 591 2
545 591 1
547 591 1
549 591 2
550 591 1
551 591 3
553 591 3
562 591 2
564 591 3
568 591 1
570 591 1
573 591 3
577 591 1
578 591 3
580 591 2
581 591 1
582 591 3
584 591 2
586 591 1
590 591 2
591 591 1
594 591 1
597 591 1
602 591 1
605 591 2
606 591 1
613 591 2
617 591 1
619 591 1
624 591 3
627 591 3
630 591 1
632 591 2
633 591 2
635 591 3
641 591 2
642 591 1
644 591 1
648 591 3
656 591 3
657 591 2
659 591 1
660 591 2
663 591 3
665 591 2
666 591 2
668 591 2
671 591 1
672 591 3
677 591 2
682 591 1
683 591 3
685 591 1
687 591 3
690 591 3
691 591 2
692 591 1
693 591 2
695 591 3
696 591 3
697 591 1
702 591 3
704 591 1
705 591 2
709 591 1
710 591 2
712 591 3
716 591 2
718 591 2
722 591 3
723 591 3
724 591 1
725 591 1
727 591 2
729 591 2
733 591 2
734 591 3
735 591 3
736 591 2
737 591 3
738 591 2
741 591 1
747 591 3
749 591 2
750 591 3
751 591 1
754 591 3
758 591 2
759 591 2
762 591 1
773 591 3
774 591 2
776 591 1
784 591 2
787 591 2
794 591 2
796 591 3
799 591 2
801 591 1
803 591 3
804 591 2
808 591 1
809 591 1
810 591 1
812 591 2
813 591 2
814 591 1
819 591 1
826 591 2
827 591 3
830 591 1
832 591 2
837 591 3
838 591 3
841 591 3
842 591 2
844 591 3
846 591 3
850 591 2
853 591 3
859 591 1
864 591 2
869 591 3
872 591 2
873 591 2
874 591 2
879 591 2
880 591 1
882 591 3
883 591 1
884 591 3
888 591 2
891 591 2
895 591 2
896 591 2
898 591 2
900 591 2
904 591 3
907 591 3
913 591 1
914 591 3
916 591 2
918 591 2
924 591 2
926 591 1
927 591 1
948 591 2
949 591 3
954 591 3
960 591 3
961 591 2
962 591 3
963 591 2
965 591 2
966 591 1
968 591 1
969 591 3
980 591 3
981 591 3
983 591 3
985 591 2
987 591 3
988 591 3
990 591 2
0 592 3
3 592 2
4 592 3
6 592 3
10 592 3
13 592 3
18 592 3
20 592 1
21 592 1
28 592 1
30 592 1
36 592 1
38 592 1
39 592 1
43 592 1
49 592 1
50 592 1
51 592 3
52 592 1
55 592 2
57 592 3
61 592 1
62 592 3
63 592 3
70 592 2
73 592 3
75 592 3
78 592 2
87 592 1
88 592 2
91 592 1
96 592 3
98 592 3
99 592 3
102 592 2
103 592 3
106 592 3
107 592 1
109 592 3
110 592 3
111 592 1
112 592 1
114 592 2
117 592 2
120 592 1
133 592 3
139 592 1
143 592 1
146 592 1
149 592 3
153 592 1
157 592 2
160 592 2
161 592 1
162 592 2
163 592 1
164 592 1
166 592 2
167 592 2
168 592 3
169 592 1
171 592 3
177 592 1
178 592 2
184 592 3
186 592 1
189 592 2
191 592 2
195 592 1
203 592 2
205 592 3
206 592 2
209 592 2
212 592 3
213 592 2
215 592 2
221 592 3
224 592 1
229 592 2
231 592 1
237 592 2
240 592 3
244 592 1
245 592 3
249 592 1
251 592 2
254 592 2
255 592 1
256 592 2
258 592 1
259 592 2
265 592 2
266 592 2
271 592 3
282 592 3
283 592 2
289 592 1
294 592 1
299 592 2
301 592 3
306 592 1
308 592 3
310 592 1
315 592 1
319 592 3
323 592 2
324 592 3
326 592 1
336 592 3
342 592 2
343 592 1
345 592 2
351 592 3
353 592 2
357 592 1
364 592 2
365 592 3
367 592 3
368 592 2
371 592 3
375 592 3
377 592 3
379 592 2
385 592 3
389 592 2
390 592 3
391 592 3
392 592 1
396 592 3
399 592 3
402 592 3
405 592 3
407 592 1
409 592 3
412 592 3
413 592 2
420 592 1
422 592 2
423 592 3
425 592 1
430 592 2
432 592 1
436 592 2
437 592 2
438 592 3
440 592 1
443 592 3
444 592 1
445 592 1
446 592 2
450 592 1
453 592 1
457 592 3
462 592 1
464 592 3
472 592 1
473 592 2
476 592 2
491 592 3
497 592 2
508 592 1
511 592 1
514 592 1
519 592 2
524 592 3
530 592 3
531 592 2
533 592 2
538 592 2
542 592 3
544 592 2
545 592 2
554 592 3
555 592 3
558 592 1
559 592 1
560 592 3
561 592 2
566 592 1
568 592 3
570 592 1
572 592 3
576 592 2
578 592 1
581 592 1
583 592 1
588 592 2
592 592 3
594 592 2
599 592 2
600 592 3
601 592 1
607 592 1
608 592 1
609 592 3
611 592 3
615 592 3
617 592 3
618 592 2
619 592 2
621 592 2
624 592 1
625 592 1
633 592 1
635 592 2
637 592 1
639 592 3
643 592 2
647 592 3
648 592 1
649 592 1
651 592 3
653 592 3
656 592 3
660 592 1
666 592 1
672 592 1
673 592 3
675 592 3
676 592 1
678 592 3
688 592 1
689 592 3
690 592 1
692 592 1
698 592 1
705 592 2
710 592 2
714 592 3
716 592 1
718 592 3
719 592 2
