487 816 1
488 816 3
490 816 1
498 816 3
502 816 2
506 816 2
509 816 2
510 816 1
515 816 3
520 816 2
526 816 3
528 816 1
530 816 3
533 816 1
539 816 1
540 816 2
541 816 3
542 816 2
543 816 2
544 816 3
546 816 1
549 816 3
551 816 3
553 816 3
554 816 1
556 816 2
560 816 2
562 816 1
565 816 1
566 816 1
567 816 2
570 816 1
571 816 1
573 816 1
578 816 2
584 816 2
590 816 1
595 816 3
598 816 3
600 816 2
601 816 3
606 816 2
611 816 2
614 816 3
616 816 3
617 816 2
624 816 2
628 816 2
632 816 2
633 816 2
637 816 3
638 816 1
642 816 2
643 816 3
644 816 1
646 816 2
647 816 2
648 816 3
649 816 1
651 816 3
652 816 3
653 816 3
655 816 1
659 816 3
660 816 1
661 816 2
667 816 3
668 816 2
674 816 2
679 816 2
680 816 2
687 816 2
688 816 1
689 816 3
692 816 1
694 816 2
696 816 1
697 816 1
698 816 3
699 816 2
702 816 3
703 816 1
707 816 1
716 816 2
721 816 1
722 816 1
723 816 3
724 816 2
726 816 1
732 816 1
740 816 3
741 816 2
744 816 1
745 816 2
747 816 3
748 816 2
750 816 1
751 816 1
756 816 1
758 816 1
761 816 3
762 816 2
763 816 3
764 816 2
767 816 2
770 816 2
772 816 2
774 816 2
787 816 2
792 816 1
795 816 3
796 816 1
799 816 2
803 816 1
804 816 3
808 816 2
810 816 3
812 816 2
815 816 2
819 816 2
821 816 3
823 816 1
829 816 3
830 816 2
833 816 1
834 816 3
841 816 2
845 816 1
846 816 1
849 816 1
851 816 3
854 816 2
855 816 2
857 816 3
863 816 3
879 816 2
885 816 1
886 816 3
891 816 3
892 816 1
897 816 1
900 816 1
903 816 2
909 816 1
914 816 2
918 816 3
919 816 2
921 816 1
926 816 1
930 816 1
932 816 1
943 816 3
952 816 1
956 816 3
957 816 2
966 816 3
970 816 1
972 816 3
974 816 3
979 816 1
984 816 2
996 816 2
997 816 2
998 816 1
999 816 2
1 817 1
2 817 1
5 817 3
9 817 2
15 817 3
16 817 2
17 817 3
20 817 3
23 817 3
24 817 2
31 817 3
32 817 1
36 817 2
37 817 3
38 817 2
42 817 1
47 817 1
49 817 2
56 817 3
57 817 1
64 817 1
67 817 3
69 817 2
71 817 3
73 817 3
86 817 3
90 817 3
92 817 2
100 817 1
101 817 3
105 817 2
106 817 2
107 817 2
109 817 3
111 817 1
112 817 2
117 817 1
121 817 2
122 817 1
123 817 1
124 817 3
126 817 1
133 817 1
134 817 3
135 817 2
136 817 3
137 817 1
141 817 1
142 817 3
144 817 1
153 817 2
154 817 1
162 817 2
167 817 2
168 817 1
172 817 1
173 817 1
174 817 1
176 817 3
180 817 2
186 817 2
188 817 1
190 817 3
193 817 2
197 817 2
202 817 2
204 817 2
210 817 3
211 817 2
214 817 2
225 817 2
232 817 2
236 817 2
237 817 2
241 817 3
242 817 2
244 817 1
248 817 3
249 817 1
257 817 3
258 817 3
260 817 1
261 817 3
264 817 3
265 817 3
272 817 2
274 817 1
276 817 1
278 817 3
280 817 2
282 817 1
285 817 2
287 817 3
291 817 3
292 817 2
294 817 1
295 817 3
299 817 1
300 817 2
309 817 3
310 817 1
312 817 1
313 817 2
315 817 1
316 817 2
317 817 3
318 817 2
322 817 2
325 817 1
328 817 1
330 817 1
331 817 2
332 817 1
337 817 1
338 817 3
339 817 1
342 817 3
343 817 1
346 817 3
349 817 3
350 817 1
353 817 2
356 817 3
357 817 3
359 817 1
360 817 2
361 817 3
363 817 1
368 817 1
369 817 2
370 817 1
371 817 2
374 817 2
377 817 1
378 817 2
380 817 3
381 817 2
382 817 1
384 817 2
387 817 1
389 817 2
390 817 1
391 817 2
394 817 3
399 817 3
405 817 3
408 817 3
414 817 3
418 817 2
420 817 2
425 817 3
427 817 1
428 817 1
434 817 2
436 817 2
445 817 1
446 817 3
447 817 2
449 817 3
454 817 3
457 817 3
464 817 1
467 817 1
469 817 2
471 817 1
472 817 1
474 817 2
477 817 3
478 817 2
479 817 2
481 817 1
483 817 2
484 817 1
485 817 3
490 817 1
492 817 1
493 817 3
494 817 1
497 817 1
503 817 2
507 817 1
513 817 2
516 817 2
521 817 2
523 817 3
525 817 1
531 817 3
533 817 1
534 817 2
542 817 1
544 817 1
547 817 3
563 817 3
564 817 1
565 817 2
568 817 3
569 817 1
573 817 3
580 817 2
581 817 2
585 817 1
586 817 2
591 817 2
602 817 2
606 817 3
610 817 3
611 817 3
612 817 3
614 817 1
618 817 1
620 817 1
622 817 2
623 817 3
624 817 1
626 817 1
628 817 2
632 817 3
645 817 1
652 817 1
653 817 1
657 817 2
658 817 2
659 817 3
661 817 1
674 817 3
677 817 2
678 817 1
679 817 1
681 817 3
682 817 2
683 817 2
685 817 3
689 817 2
690 817 2
693 817 3
702 817 1
705 817 2
706 817 3
707 817 3
709 817 1
710 817 2
711 817 1
712 817 1
713 817 3
714 817 1
718 817 3
719 817 2
720 817 2
721 817 1
722 817 1
724 817 1
726 817 1
728 817 3
730 817 3
733 817 2
736 817 2
737 817 3
739 817 2
741 817 2
742 817 3
753 817 2
754 817 2
756 817 2
757 817 3
760 817 2
763 817 2
767 817 3
768 817 2
771 817 3
772 817 2
773 817 2
775 817 3
776 817 1
778 817 1
784 817 2
785 817 2
787 817 1
788 817 3
789 817 2
792 817 1
793 817 3
794 817 2
796 817 2
800 817 2
803 817 2
805 817 3
808 817 1
810 817 2
812 817 3
817 817 3
822 817 3
825 817 2
827 817 2
834 817 3
837 817 2
839 817 2
843 817 3
846 817 3
850 817 3
851 817 3
853 817 1
858 817 1
860 817 2
861 817 2
863 817 1
864 817 2
866 817 1
867 817 2
870 817 2
881 817 2
883 817 1
885 817 3
888 817 3
894 817 3
898 817 2
902 817 2
907 817 2
908 817 2
911 817 2
912 817 3
918 817 1
921 817 3
930 817 3
932 817 3
933 817 2
934 817 2
937 817 3
939 817 1
941 817 3
948 817 3
950 817 2
953 817 2
958 817 1
964 817 3
967 817 1
968 817 3
970 817 3
971 817 3
972 817 1
978 817 2
979 817 1
981 817 3
982 817 2
986 817 1
988 817 1
990 817 1
992 817 1
996 817 2
1 818 1
4 818 2
5 818 2
6 818 2
7 818 3
9 818 2
11 818 1
17 818 1
18 818 1
19 818 2
20 818 3
22 818 3
24 818 3
27 818 1
29 818 2
32 818 1
33 818 1
35 818 1
37 818 3
39 818 1
48 818 2
50 818 2
51 818 2
56 818 2
58 818 2
62 818 3
64 818 1
66 818 3
69 818 2
70 818 2
74 818 1
78 818 2
79 818 1
80 818 2
82 818 1
83 818 3
87 818 2
90 818 2
92 818 1
93 818 2
94 818 1
98 818 2
103 818 1
105 818 1
107 818 3
108 818 2
109 818 3
114 818 3
120 818 2
122 818 3
125 818 2
130 818 1
133 818 2
135 818 2
138 818 1
140 818 1
143 818 2
146 818 2
148 818 1
150 818 3
167 818 1
168 818 1
173 818 2
175 818 1
178 818 3
180 818 1
181 818 2
182 818 3
185 818 1
187 818 1
193 818 2
194 818 2
197 818 3
198 818 2
204 818 3
208 818 1
210 818 1
211 818 1
212 818 3
213 818 1
215 818 3
216 818 2
218 818 1
220 818 3
223 818 2
224 818 3
225 818 3
226 818 2
227 818 2
228 818 1
231 818 2
233 818 3
234 818 2
235 818 1
239 818 3
242 818 1
243 818 2
254 818 2
255 818 2
256 818 1
262 818 2
263 818 1
273 818 2
281 818 1
282 818 1
284 818 1
290 818 1
293 818 3
294 818 2
296 818 1
297 818 1
298 818 1
303 818 1
304 818 2
307 818 1
308 818 1
309 818 2
310 818 3
313 818 1
318 818 2
321 818 2
325 818 3
328 818 2
331 818 1
344 818 3
347 818 1
352 818 2
353 818 2
354 818 1
357 818 1
360 818 1
364 818 1
365 818 3
368 818 1
369 818 1
371 818 1
373 818 1
375 818 3
377 818 1
380 818 3
381 818 2
382 818 3
383 818 3
384 818 3
385 818 3
391 818 3
392 818 1
393 818 2
395 818 1
400 818 2
404 818 1
406 818 3
411 818 1
