295 956 3
296 956 1
300 956 1
309 956 2
311 956 3
316 956 3
323 956 1
325 956 1
329 956 3
332 956 3
336 956 1
339 956 1
341 956 3
343 956 1
344 956 1
353 956 1
356 956 1
359 956 1
360 956 3
363 956 1
364 956 2
366 956 1
368 956 2
377 956 3
379 956 2
392 956 2
396 956 2
397 956 3
398 956 3
403 956 3
405 956 2
407 956 2
409 956 2
411 956 2
412 956 2
413 956 1
420 956 1
421 956 2
422 956 1
426 956 1
427 956 2
431 956 1
436 956 3
437 956 2
440 956 2
441 956 1
442 956 2
444 956 1
449 956 3
453 956 3
457 956 1
459 956 3
460 956 2
465 956 1
466 956 3
469 956 2
476 956 1
483 956 1
486 956 2
505 956 3
510 956 3
512 956 1
517 956 2
518 956 2
519 956 3
522 956 2
523 956 2
530 956 2
532 956 3
540 956 3
542 956 1
545 956 3
547 956 2
549 956 1
551 956 3
557 956 3
560 956 2
562 956 2
565 956 1
569 956 3
570 956 3
573 956 2
575 956 2
576 956 3
577 956 3
580 956 1
587 956 3
588 956 3
590 956 3
591 956 2
595 956 2
596 956 3
597 956 2
602 956 1
604 956 3
606 956 3
607 956 1
610 956 1
614 956 3
615 956 1
618 956 2
619 956 2
620 956 1
621 956 3
622 956 2
628 956 3
629 956 3
631 956 1
633 956 1
637 956 1
640 956 1
642 956 1
646 956 2
647 956 3
648 956 3
651 956 1
652 956 3
654 956 2
660 956 1
661 956 1
662 956 2
664 956 2
665 956 3
666 956 3
668 956 1
669 956 3
670 956 3
675 956 1
683 956 3
686 956 2
687 956 1
691 956 3
692 956 2
695 956 2
696 956 3
700 956 3
704 956 1
705 956 2
707 956 3
708 956 2
709 956 2
711 956 1
715 956 2
721 956 2
723 956 2
726 956 3
728 956 2
730 956 2
735 956 2
745 956 3
747 956 2
748 956 2
749 956 3
750 956 3
753 956 1
760 956 3
762 956 3
769 956 1
774 956 1
776 956 3
778 956 2
782 956 3
787 956 3
788 956 3
789 956 1
792 956 2
794 956 2
796 956 3
799 956 3
800 956 1
802 956 1
803 956 3
804 956 1
807 956 1
808 956 2
811 956 3
814 956 3
815 956 3
817 956 1
819 956 3
826 956 2
828 956 2
833 956 3
844 956 3
852 956 2
853 956 1
855 956 3
858 956 1
859 956 3
860 956 3
861 956 1
865 956 2
866 956 2
869 956 2
870 956 2
878 956 1
882 956 1
888 956 2
890 956 1
893 956 2
896 956 1
900 956 2
904 956 3
909 956 1
911 956 3
912 956 2
913 956 3
915 956 2
916 956 3
917 956 1
921 956 3
926 956 1
931 956 2
933 956 3
934 956 2
937 956 3
938 956 2
940 956 3
941 956 3
942 956 1
944 956 2
945 956 3
949 956 3
951 956 1
952 956 3
957 956 1
958 956 2
960 956 2
967 956 1
969 956 1
973 956 3
977 956 1
982 956 3
987 956 1
990 956 3
994 956 2
996 956 1
997 956 1
1 957 2
6 957 3
9 957 2
11 957 1
14 957 1
26 957 3
28 957 2
29 957 3
34 957 2
38 957 3
39 957 2
42 957 1
43 957 3
44 957 3
45 957 2
46 957 2
47 957 1
49 957 2
50 957 1
52 957 1
58 957 1
62 957 1
63 957 2
64 957 2
66 957 3
67 957 2
68 957 2
70 957 2
78 957 3
79 957 3
80 957 1
84 957 2
85 957 3
87 957 3
88 957 2
89 957 2
94 957 3
100 957 3
103 957 1
104 957 1
108 957 2
109 957 1
110 957 2
114 957 3
115 957 3
118 957 2
121 957 3
124 957 1
135 957 2
136 957 3
137 957 3
139 957 1
142 957 2
143 957 1
146 957 2
155 957 1
158 957 1
160 957 2
164 957 2
165 957 1
168 957 2
171 957 2
172 957 3
178 957 3
179 957 3
181 957 1
184 957 1
188 957 3
191 957 1
193 957 3
194 957 2
201 957 1
203 957 1
207 957 2
217 957 2
221 957 2
222 957 1
226 957 3
231 957 3
236 957 1
237 957 3
238 957 1
243 957 1
244 957 1
246 957 1
251 957 2
255 957 2
257 957 1
258 957 2
264 957 3
270 957 1
272 957 2
274 957 3
275 957 3
276 957 2
280 957 3
282 957 2
287 957 3
289 957 2
297 957 3
301 957 1
302 957 2
306 957 3
307 957 1
311 957 2
314 957 3
315 957 3
316 957 1
317 957 1
320 957 1
328 957 2
333 957 1
339 957 2
342 957 1
344 957 2
348 957 1
357 957 3
359 957 1
361 957 3
362 957 3
364 957 3
373 957 2
376 957 1
377 957 2
379 957 2
384 957 3
389 957 2
390 957 2
391 957 2
397 957 2
400 957 2
401 957 1
407 957 2
409 957 1
411 957 1
421 957 2
423 957 3
425 957 2
427 957 3
429 957 2
433 957 1
438 957 2
439 957 2
442 957 1
444 957 1
449 957 2
457 957 2
459 957 3
463 957 3
466 957 1
474 957 2
479 957 1
482 957 3
486 957 1
488 957 3
493 957 1
496 957 3
497 957 2
500 957 1
504 957 1
509 957 3
511 957 2
513 957 2
514 957 3
515 957 1
516 957 3
520 957 1
521 957 3
522 957 1
525 957 2
526 957 2
532 957 2
533 957 3
534 957 1
537 957 2
538 957 3
539 957 1
540 957 2
544 957 3
546 957 1
548 957 2
550 957 2
555 957 1
559 957 1
561 957 2
562 957 3
566 957 1
573 957 3
577 957 2
578 957 2
582 957 3
587 957 2
588 957 3
589 957 2
590 957 1
599 957 1
601 957 2
602 957 2
605 957 3
609 957 3
618 957 1
621 957 2
628 957 2
629 957 1
636 957 1
641 957 2
644 957 2
646 957 3
647 957 1
648 957 3
651 957 3
652 957 3
653 957 2
654 957 2
655 957 3
656 957 1
661 957 2
663 957 2
667 957 1
668 957 3
670 957 3
671 957 3
690 957 3
691 957 3
698 957 2
699 957 2
700 957 2
701 957 3
702 957 2
707 957 3
708 957 1
710 957 2
721 957 3
726 957 3
727 957 2
730 957 1
731 957 2
735 957 1
742 957 2
744 957 2
746 957 2
747 957 3
751 957 1
761 957 1
762 957 1
763 957 1
767 957 1
770 957 2
780 957 1
782 957 3
787 957 3
789 957 1
790 957 1
793 957 2
795 957 3
796 957 2
801 957 3
810 957 1
813 957 2
821 957 1
822 957 1
825 957 2
826 957 1
827 957 3
829 957 1
831 957 3
834 957 3
836 957 2
844 957 2
847 957 1
849 957 2
850 957 1
854 957 1
862 957 2
863 957 3
865 957 2
868 957 3
876 957 2
877 957 3
880 957 3
899 957 3
902 957 3
908 957 1
911 957 3
914 957 3
917 957 2
918 957 1
919 957 3
921 957 3
922 957 2
924 957 1
925 957 2
928 957 2
930 957 2
938 957 2
941 957 1
954 957 2
955 957 2
956 957 3
958 957 3
962 957 2
965 957 3
970 957 3
971 957 1
974 957 2
975 957 1
979 957 1
982 957 1
983 957 3
984 957 3
989 957 2
990 957 2
992 957 2
995 957 3
997 957 1
3 958 3
5 958 3
11 958 2
12 958 3
14 958 3
22 958 2
25 958 3
27 958 3
28 958 1
33 958 1
37 958 1
39 958 2
41 958 2
44 958 2
45 958 1
50 958 2
51 958 1
53 958 3
54 958 1
58 958 1
59 958 3
61 958 2
63 958 2
65 958 2
67 958 1
71 958 3
73 958 3
74 958 2
84 958 3
86 958 1
90 958 3
91 958 2
92 958 1
96 958 2
99 958 1
101 958 1
109 958 1
115 958 3
117 958 3
118 958 2
119 958 1
121 958 1
123 958 3
127 958 2
136 958 3
142 958 2
143 958 3
144 958 2
145 958 3
147 958 2
156 958 2
160 958 2
164 958 2
172 958 3
176 958 3
177 958 1
178 958 2
181 958 1
182 958 1
186 958 1
191 958 1
196 958 2
204 958 1
212 958 3
214 958 1
215 958 3
221 958 3
224 958 2
226 958 3
235 958 3
239 958 3
241 958 3
242 958 2
243 958 2
244 958 3
250 958 1
251 958 2
252 958 3
254 958 3
256 958 3
258 958 2
259 958 2
263 958 2
264 958 1
268 958 3
269 958 2
270 958 1
274 958 1
280 958 2
282 958 2
283 958 3
290 958 3
291 958 3
295 958 2
296 958 1
297 958 2
298 958 3
299 958 3
301 958 2
303 958 2
304 958 2
307 958 3
309 958 1
311 958 2
313 958 3
318 958 1
322 958 3
332 958 2
333 958 1
335 958 1
336 958 3
337 958 2
338 958 1
