597 181 2
600 181 2
603 181 2
605 181 2
611 181 1
612 181 2
614 181 1
630 181 3
632 181 1
633 181 2
635 181 3
640 181 3
644 181 2
645 181 3
653 181 3
654 181 2
655 181 2
659 181 3
660 181 1
661 181 2
666 181 1
669 181 3
670 181 3
672 181 1
674 181 3
675 181 1
678 181 1
680 181 2
682 181 2
683 181 1
686 181 2
687 181 2
688 181 1
692 181 2
693 181 3
694 181 2
698 181 1
699 181 1
702 181 2
706 181 2
707 181 2
709 181 2
710 181 3
720 181 2
721 181 3
725 181 3
729 181 1
731 181 3
736 181 2
737 181 1
739 181 3
740 181 3
743 181 1
747 181 3
757 181 1
759 181 1
760 181 3
763 181 2
765 181 1
770 181 1
777 181 3
778 181 2
779 181 3
783 181 3
784 181 1
786 181 2
805 181 2
806 181 1
809 181 1
812 181 1
815 181 3
822 181 1
823 181 3
826 181 1
827 181 1
833 181 1
834 181 2
835 181 1
841 181 2
842 181 3
845 181 2
853 181 2
855 181 1
869 181 2
875 181 3
877 181 3
878 181 1
879 181 3
881 181 1
882 181 2
887 181 1
888 181 2
889 181 1
891 181 2
895 181 3
897 181 1
900 181 2
901 181 1
913 181 1
916 181 1
918 181 3
922 181 2
923 181 1
925 181 2
926 181 1
929 181 1
930 181 2
931 181 1
936 181 2
937 181 2
940 181 2
942 181 2
943 181 2
946 181 1
947 181 2
949 181 3
951 181 1
952 181 3
954 181 1
956 181 3
961 181 1
962 181 1
963 181 3
967 181 3
971 181 3
972 181 3
974 181 1
976 181 2
977 181 1
981 181 3
982 181 3
989 181 2
994 181 3
997 181 2
0 182 2
3 182 1
4 182 1
5 182 3
6 182 1
7 182 1
11 182 1
14 182 3
17 182 2
22 182 2
24 182 3
26 182 1
28 182 1
32 182 2
33 182 3
40 182 2
46 182 2
51 182 1
52 182 1
57 182 3
58 182 2
60 182 1
61 182 1
62 182 2
70 182 3
71 182 2
72 182 3
73 182 3
82 182 3
83 182 1
88 182 3
94 182 2
95 182 3
97 182 1
103 182 2
106 182 2
110 182 1
111 182 1
112 182 3
118 182 1
126 182 1
127 182 3
130 182 2
134 182 2
135 182 1
144 182 3
145 182 3
149 182 3
151 182 2
155 182 3
159 182 2
161 182 1
165 182 3
170 182 1
171 182 2
177 182 2
182 182 2
185 182 2
190 182 1
193 182 2
195 182 3
197 182 2
198 182 1
204 182 3
207 182 1
209 182 1
210 182 3
226 182 3
232 182 2
236 182 1
238 182 3
239 182 1
241 182 3
245 182 1
248 182 1
249 182 2
251 182 2
253 182 2
260 182 3
261 182 1
262 182 3
263 182 1
268 182 1
270 182 3
274 182 2
285 182 1
293 182 2
298 182 2
301 182 1
316 182 1
320 182 2
324 182 2
326 182 3
327 182 2
328 182 2
340 182 1
342 182 3
351 182 1
352 182 3
355 182 1
356 182 3
357 182 2
361 182 1
362 182 3
364 182 3
366 182 2
368 182 1
369 182 2
370 182 3
371 182 2
373 182 2
375 182 2
376 182 1
378 182 3
379 182 2
382 182 2
387 182 2
388 182 3
392 182 1
412 182 1
414 182 3
422 182 1
429 182 1
430 182 1
431 182 1
432 182 2
434 182 3
437 182 2
438 182 1
442 182 3
445 182 3
448 182 1
451 182 1
455 182 1
457 182 3
461 182 1
462 182 3
463 182 3
464 182 1
468 182 1
469 182 1
471 182 1
474 182 1
482 182 1
483 182 1
485 182 3
490 182 2
495 182 3
498 182 1
499 182 1
501 182 2
512 182 1
513 182 2
515 182 3
517 182 2
518 182 1
521 182 1
522 182 1
533 182 2
534 182 3
536 182 1
537 182 2
539 182 2
542 182 2
543 182 3
544 182 2
548 182 2
552 182 3
553 182 1
556 182 2
567 182 3
569 182 1
577 182 3
581 182 2
584 182 3
587 182 3
590 182 3
594 182 3
606 182 2
607 182 2
609 182 3
610 182 2
612 182 2
613 182 1
614 182 1
618 182 3
619 182 2
620 182 1
621 182 3
622 182 1
623 182 2
624 182 1
634 182 1
639 182 3
640 182 2
641 182 3
645 182 1
649 182 1
654 182 2
656 182 3
657 182 3
663 182 1
669 182 2
679 182 2
681 182 2
684 182 1
689 182 3
690 182 2
693 182 2
697 182 3
702 182 2
703 182 3
704 182 2
713 182 1
717 182 2
720 182 1
724 182 2
725 182 3
726 182 1
727 182 2
728 182 2
729 182 3
730 182 3
731 182 2
732 182 2
735 182 2
739 182 2
742 182 1
743 182 1
746 182 2
750 182 1
753 182 3
757 182 2
761 182 2
764 182 3
766 182 1
770 182 3
774 182 1
776 182 1
778 182 3
780 182 1
783 182 3
799 182 3
801 182 3
802 182 3
808 182 1
809 182 2
810 182 1
814 182 2
816 182 1
819 182 3
820 182 1
821 182 1
829 182 3
831 182 1
837 182 3
845 182 3
846 182 2
850 182 1
853 182 2
857 182 1
862 182 3
871 182 2
874 182 3
882 182 2
883 182 3
884 182 3
886 182 3
887 182 2
891 182 2
895 182 2
896 182 3
897 182 3
898 182 3
899 182 2
900 182 2
902 182 2
904 182 1
908 182 1
909 182 1
912 182 3
913 182 1
914 182 2
916 182 3
920 182 2
921 182 1
922 182 2
923 182 1
926 182 1
927 182 1
928 182 2
929 182 2
931 182 3
935 182 3
939 182 3
941 182 2
942 182 2
945 182 2
947 182 1
948 182 2
950 182 2
952 182 3
953 182 3
955 182 1
961 182 3
967 182 3
968 182 3
975 182 2
976 182 3
977 182 3
979 182 3
985 182 2
987 182 1
991 182 3
993 182 1
994 182 2
995 182 3
996 182 1
998 182 1
1 183 1
3 183 2
8 183 2
9 183 2
11 183 3
12 183 3
14 183 1
19 183 2
22 183 2
23 183 2
29 183 2
31 183 2
35 183 1
39 183 3
42 183 1
43 183 2
47 183 2
48 183 1
49 183 1
50 183 1
52 183 2
54 183 3
64 183 2
65 183 1
67 183 3
68 183 2
69 183 1
70 183 2
78 183 1
79 183 2
80 183 3
81 183 2
83 183 1
84 183 2
88 183 1
89 183 1
91 183 2
92 183 3
95 183 1
97 183 3
100 183 3
103 183 1
104 183 3
110 183 2
111 183 3
112 183 1
115 183 2
121 183 1
127 183 2
129 183 2
131 183 2
132 183 3
136 183 3
140 183 1
144 183 3
145 183 1
147 183 2
152 183 2
153 183 1
154 183 3
159 183 3
161 183 3
164 183 2
165 183 3
167 183 1
168 183 1
169 183 1
173 183 2
175 183 1
181 183 1
182 183 2
183 183 1
185 183 1
186 183 3
188 183 2
189 183 2
191 183 2
192 183 3
195 183 3
197 183 3
202 183 2
205 183 3
206 183 3
208 183 1
210 183 3
212 183 1
213 183 1
217 183 2
221 183 1
225 183 2
228 183 1
234 183 3
235 183 3
237 183 3
241 183 1
244 183 3
246 183 1
247 183 1
258 183 3
259 183 3
260 183 3
263 183 1
266 183 2
273 183 3
278 183 1
282 183 1
284 183 2
285 183 3
286 183 2
291 183 2
293 183 3
298 183 3
299 183 2
300 183 3
302 183 3
304 183 1
305 183 2
306 183 2
307 183 2
309 183 3
313 183 2
316 183 3
317 183 3
320 183 1
321 183 2
323 183 1
328 183 1
333 183 1
340 183 2
341 183 3
345 183 3
346 183 2
347 183 1
351 183 2
358 183 2
362 183 3
366 183 2
368 183 3
369 183 1
371 183 3
374 183 1
378 183 2
380 183 3
383 183 3
384 183 2
389 183 1
393 183 1
398 183 2
400 183 2
401 183 2
403 183 3
405 183 2
409 183 3
414 183 3
418 183 2
421 183 1
423 183 2
426 183 1
427 183 1
434 183 2
436 183 1
438 183 3
443 183 1
446 183 1
448 183 3
449 183 1
450 183 3
451 183 1
454 183 2
458 183 1
463 183 2
464 183 3
468 183 3
472 183 3
475 183 1
476 183 3
477 183 2
478 183 3
480 183 1
483 183 2
488 183 2
492 183 2
494 183 3
498 183 3
502 183 1
503 183 1
511 183 1
514 183 1
515 183 1
516 183 2
517 183 2
520 183 2
522 183 3
523 183 3
530 183 2
532 183 1
534 183 2
535 183 1
536 183 1
537 183 1
547 183 3
548 183 3
555 183 3
558 183 3
560 183 3
564 183 1
566 183 1
568 183 3
574 183 3
577 183 2
584 183 3
585 183 2
587 183 3
