454 680 2
456 680 3
459 680 3
466 680 1
467 680 1
469 680 1
470 680 3
472 680 1
477 680 1
478 680 1
481 680 3
487 680 1
492 680 1
493 680 3
495 680 3
497 680 3
498 680 1
500 680 1
501 680 1
502 680 1
503 680 3
506 680 2
508 680 1
511 680 2
512 680 1
516 680 2
520 680 1
527 680 3
533 680 2
536 680 1
538 680 2
541 680 3
542 680 1
543 680 2
548 680 3
553 680 1
559 680 3
561 680 2
562 680 3
566 680 3
570 680 2
572 680 3
575 680 1
577 680 1
580 680 1
582 680 3
583 680 1
592 680 2
595 680 2
598 680 3
603 680 2
604 680 3
605 680 1
606 680 3
610 680 2
616 680 3
617 680 1
620 680 2
623 680 1
624 680 3
626 680 3
628 680 2
630 680 2
632 680 3
635 680 3
636 680 1
637 680 2
640 680 2
641 680 3
645 680 2
646 680 2
655 680 2
656 680 1
659 680 3
663 680 2
664 680 3
670 680 3
673 680 2
680 680 2
684 680 3
687 680 3
688 680 2
694 680 3
695 680 2
699 680 1
703 680 3
705 680 3
708 680 1
709 680 3
713 680 2
715 680 1
721 680 2
722 680 2
723 680 3
724 680 1
725 680 2
728 680 1
730 680 2
733 680 3
739 680 3
741 680 3
747 680 2
753 680 3
757 680 1
758 680 3
759 680 3
763 680 1
764 680 3
765 680 1
767 680 2
769 680 1
770 680 1
771 680 1
776 680 2
781 680 3
782 680 2
784 680 2
786 680 2
788 680 1
790 680 3
796 680 2
797 680 2
801 680 1
802 680 1
804 680 3
807 680 1
811 680 2
813 680 1
819 680 3
821 680 3
823 680 2
824 680 3
827 680 3
829 680 3
830 680 2
831 680 2
834 680 3
837 680 2
840 680 2
843 680 2
859 680 2
862 680 1
864 680 1
867 680 2
872 680 1
873 680 3
878 680 3
880 680 2
881 680 3
885 680 1
886 680 3
894 680 1
897 680 3
904 680 1
913 680 2
917 680 1
920 680 1
921 680 2
926 680 2
927 680 3
931 680 2
943 680 3
944 680 1
946 680 2
951 680 3
954 680 2
957 680 1
962 680 3
963 680 2
966 680 2
971 680 3
973 680 3
974 680 1
976 680 2
983 680 1
989 680 2
990 680 1
991 680 2
998 680 3
0 681 2
3 681 3
19 681 1
21 681 2
24 681 1
27 681 1
31 681 1
42 681 3
44 681 3
47 681 2
49 681 2
50 681 3
51 681 3
53 681 2
55 681 3
63 681 2
65 681 1
69 681 2
71 681 2
74 681 2
75 681 3
78 681 3
79 681 3
81 681 2
87 681 3
90 681 1
93 681 2
95 681 2
96 681 3
97 681 1
99 681 2
102 681 1
105 681 1
107 681 2
108 681 3
116 681 2
120 681 1
123 681 1
124 681 1
137 681 2
140 681 3
141 681 3
142 681 1
144 681 3
151 681 1
153 681 3
167 681 3
169 681 1
175 681 1
178 681 2
181 681 2
182 681 2
183 681 3
189 681 1
195 681 1
196 681 3
199 681 3
200 681 3
202 681 1
206 681 1
210 681 2
211 681 3
213 681 1
216 681 1
218 681 3
220 681 1
221 681 3
224 681 1
225 681 3
232 681 2
240 681 1
247 681 2
254 681 2
261 681 1
262 681 3
270 681 3
271 681 2
275 681 2
280 681 3
284 681 1
294 681 3
298 681 1
301 681 1
305 681 1
309 681 2
311 681 1
318 681 3
324 681 1
330 681 3
336 681 3
337 681 1
339 681 1
344 681 2
345 681 3
350 681 2
352 681 3
353 681 2
354 681 1
355 681 3
358 681 1
359 681 1
364 681 2
365 681 3
367 681 2
368 681 1
374 681 2
375 681 3
378 681 3
379 681 3
385 681 3
387 681 1
394 681 2
396 681 1
398 681 2
399 681 1
400 681 2
401 681 3
403 681 2
404 681 3
413 681 2
414 681 1
419 681 1
425 681 3
426 681 3
427 681 1
428 681 3
429 681 2
433 681 1
438 681 1
440 681 3
441 681 2
447 681 1
449 681 3
451 681 1
452 681 2
457 681 2
460 681 2
461 681 1
464 681 1
474 681 3
481 681 1
492 681 3
494 681 2
496 681 1
499 681 1
500 681 1
508 681 3
511 681 3
514 681 2
515 681 3
517 681 2
518 681 3
519 681 2
521 681 3
523 681 3
530 681 2
531 681 3
535 681 3
536 681 1
545 681 3
551 681 3
554 681 2
555 681 3
556 681 2
561 681 1
562 681 2
565 681 1
569 681 2
579 681 1
580 681 1
592 681 3
594 681 3
596 681 1
598 681 1
605 681 1
606 681 2
607 681 2
608 681 3
612 681 3
618 681 1
620 681 3
624 681 1
626 681 3
629 681 1
631 681 3
632 681 2
633 681 3
636 681 3
638 681 2
639 681 3
648 681 3
649 681 3
651 681 2
653 681 3
660 681 1
661 681 2
662 681 2
663 681 1
665 681 2
668 681 3
669 681 3
677 681 1
678 681 2
679 681 1
681 681 2
683 681 1
684 681 3
687 681 3
695 681 1
696 681 2
697 681 3
704 681 2
707 681 1
709 681 2
716 681 1
722 681 1
724 681 1
727 681 2
730 681 1
732 681 2
736 681 3
737 681 2
738 681 3
739 681 3
740 681 3
746 681 3
748 681 3
749 681 1
755 681 3
756 681 3
760 681 3
761 681 2
762 681 2
763 681 1
765 681 1
767 681 3
768 681 3
772 681 2
777 681 2
779 681 2
781 681 3
783 681 2
785 681 2
789 681 3
792 681 3
793 681 3
794 681 1
795 681 1
800 681 1
803 681 2
804 681 3
805 681 3
809 681 2
815 681 1
817 681 3
819 681 3
820 681 3
821 681 1
822 681 2
823 681 3
824 681 2
825 681 1
831 681 1
832 681 3
835 681 1
840 681 2
843 681 1
845 681 1
846 681 1
847 681 2
849 681 3
850 681 1
861 681 2
863 681 1
864 681 1
891 681 2
892 681 3
894 681 1
896 681 1
898 681 2
900 681 3
901 681 3
902 681 2
905 681 2
906 681 3
908 681 3
911 681 3
912 681 1
915 681 2
917 681 1
924 681 2
925 681 2
926 681 2
927 681 3
930 681 2
933 681 3
939 681 3
940 681 2
943 681 3
948 681 3
950 681 3
952 681 3
954 681 2
957 681 2
959 681 3
960 681 1
961 681 2
962 681 1
966 681 2
967 681 3
977 681 3
978 681 1
987 681 3
988 681 3
989 681 2
993 681 2
997 681 3
7 682 3
12 682 3
18 682 2
21 682 2
25 682 3
28 682 1
31 682 1
32 682 1
34 682 1
35 682 2
36 682 3
43 682 3
44 682 3
45 682 2
48 682 2
50 682 1
53 682 1
54 682 2
55 682 2
58 682 2
61 682 1
63 682 1
64 682 2
66 682 3
67 682 2
69 682 2
75 682 2
82 682 3
84 682 2
86 682 1
87 682 3
90 682 2
93 682 2
98 682 1
100 682 2
101 682 3
105 682 1
107 682 2
108 682 2
113 682 3
118 682 1
129 682 2
137 682 3
146 682 1
152 682 2
154 682 3
157 682 2
159 682 3
165 682 1
168 682 2
170 682 1
178 682 3
180 682 2
184 682 1
185 682 3
186 682 3
187 682 1
190 682 1
191 682 2
213 682 3
214 682 2
215 682 3
218 682 3
222 682 3
224 682 1
227 682 2
228 682 3
229 682 1
232 682 1
233 682 1
236 682 3
240 682 2
241 682 2
246 682 1
249 682 3
250 682 3
252 682 1
255 682 2
259 682 1
264 682 2
273 682 3
275 682 2
276 682 3
277 682 1
281 682 1
283 682 3
284 682 1
291 682 3
294 682 1
297 682 3
312 682 2
314 682 2
317 682 3
330 682 1
332 682 2
334 682 2
336 682 2
337 682 1
342 682 3
346 682 1
348 682 3
349 682 2
356 682 2
357 682 1
359 682 3
361 682 1
363 682 3
366 682 3
374 682 1
382 682 2
385 682 1
389 682 3
391 682 3
394 682 1
399 682 2
400 682 1
401 682 2
404 682 1
405 682 1
407 682 3
410 682 3
411 682 1
413 682 2
414 682 2
416 682 1
417 682 2
419 682 1
420 682 3
423 682 1
424 682 2
434 682 1
435 682 1
440 682 1
442 682 1
445 682 3
450 682 1
454 682 2
455 682 2
459 682 1
460 682 2
464 682 2
465 682 2
466 682 2
469 682 3
472 682 1
476 682 2
480 682 3
481 682 1
484 682 3
491 682 3
492 682 1
494 682 2
506 682 2
510 682 1
513 682 1
518 682 2
524 682 3
527 682 3
528 682 2
530 682 2
535 682 1
537 682 1
541 682 3
542 682 1
544 682 3
548 682 2
552 682 2
553 682 1
554 682 1
555 682 3
