682 612 1
688 612 3
689 612 1
692 612 3
694 612 2
695 612 3
696 612 1
699 612 2
705 612 2
706 612 1
708 612 2
714 612 2
715 612 1
716 612 1
718 612 3
721 612 1
723 612 2
728 612 1
738 612 2
740 612 1
744 612 3
746 612 1
747 612 1
752 612 3
753 612 3
761 612 1
768 612 1
775 612 2
777 612 2
778 612 1
783 612 3
786 612 1
787 612 1
790 612 2
791 612 1
797 612 3
798 612 1
802 612 3
804 612 3
807 612 1
810 612 2
815 612 3
818 612 2
819 612 2
822 612 3
824 612 2
825 612 3
828 612 2
829 612 1
831 612 1
833 612 1
836 612 3
839 612 2
851 612 2
852 612 3
857 612 2
859 612 2
860 612 1
861 612 3
862 612 2
863 612 3
874 612 3
877 612 3
878 612 1
881 612 1
884 612 3
885 612 3
887 612 1
893 612 3
902 612 1
904 612 3
906 612 1
908 612 2
912 612 2
913 612 3
915 612 3
920 612 2
922 612 1
923 612 2
932 612 1
933 612 3
934 612 1
939 612 2
943 612 3
945 612 2
946 612 3
947 612 2
948 612 2
952 612 2
958 612 3
959 612 2
961 612 2
962 612 1
972 612 2
974 612 2
976 612 3
986 612 2
991 612 3
994 612 2
996 612 2
1 613 3
5 613 1
8 613 1
11 613 1
16 613 2
26 613 2
28 613 1
29 613 2
31 613 2
32 613 3
36 613 1
37 613 2
42 613 1
44 613 2
45 613 1
52 613 3
53 613 1
58 613 2
61 613 1
66 613 2
67 613 1
73 613 2
76 613 3
80 613 1
81 613 3
85 613 1
87 613 1
95 613 2
99 613 2
104 613 1
107 613 1
108 613 1
110 613 1
115 613 2
118 613 3
124 613 1
127 613 3
129 613 3
130 613 1
131 613 2
132 613 2
135 613 2
137 613 2
142 613 2
148 613 2
150 613 3
151 613 1
152 613 2
153 613 2
154 613 1
157 613 3
159 613 3
174 613 2
175 613 1
177 613 2
183 613 1
186 613 3
187 613 3
189 613 1
199 613 2
201 613 1
212 613 3
213 613 1
219 613 1
222 613 3
223 613 3
224 613 1
228 613 3
229 613 3
231 613 1
232 613 3
233 613 2
234 613 3
236 613 2
237 613 3
251 613 3
252 613 2
255 613 3
257 613 3
260 613 2
269 613 2
270 613 2
277 613 2
280 613 1
284 613 3
285 613 1
287 613 2
289 613 3
290 613 2
293 613 1
295 613 3
298 613 2
300 613 2
301 613 2
304 613 3
306 613 3
307 613 2
318 613 2
320 613 2
323 613 1
326 613 3
327 613 1
328 613 1
329 613 1
334 613 2
339 613 3
347 613 2
350 613 2
358 613 3
362 613 2
363 613 3
364 613 3
367 613 3
369 613 1
371 613 2
373 613 2
375 613 1
381 613 2
384 613 3
391 613 1
396 613 2
398 613 2
400 613 2
405 613 1
407 613 1
408 613 1
409 613 2
411 613 1
412 613 1
413 613 2
414 613 3
417 613 2
420 613 3
421 613 2
427 613 1
428 613 1
430 613 1
431 613 3
433 613 1
437 613 1
439 613 1
440 613 3
442 613 2
448 613 3
451 613 3
457 613 3
459 613 1
460 613 2
467 613 1
468 613 3
470 613 2
471 613 3
472 613 3
477 613 3
478 613 2
481 613 2
486 613 3
490 613 2
493 613 1
496 613 1
497 613 3
498 613 3
501 613 1
506 613 3
507 613 3
509 613 1
510 613 3
514 613 1
517 613 2
520 613 3
526 613 3
531 613 2
532 613 2
539 613 2
540 613 1
546 613 2
552 613 3
553 613 1
560 613 3
567 613 1
570 613 1
572 613 2
577 613 3
584 613 2
588 613 1
589 613 1
592 613 3
595 613 2
597 613 3
599 613 1
601 613 1
603 613 1
606 613 3
611 613 2
612 613 3
613 613 3
615 613 3
618 613 2
623 613 2
625 613 2
627 613 2
628 613 2
631 613 1
634 613 2
639 613 1
642 613 3
646 613 2
649 613 3
650 613 3
651 613 2
659 613 1
665 613 3
667 613 2
670 613 1
671 613 2
673 613 1
674 613 3
676 613 3
681 613 1
682 613 2
684 613 3
687 613 1
689 613 2
696 613 1
697 613 1
699 613 1
701 613 3
706 613 3
707 613 1
709 613 3
718 613 1
719 613 3
723 613 1
724 613 2
725 613 3
727 613 2
733 613 2
734 613 3
736 613 1
740 613 3
742 613 2
745 613 3
746 613 1
747 613 2
754 613 2
755 613 3
757 613 1
760 613 3
766 613 3
767 613 2
769 613 1
771 613 3
774 613 1
776 613 3
777 613 1
788 613 2
793 613 1
794 613 1
798 613 2
804 613 3
806 613 2
812 613 1
817 613 3
818 613 3
822 613 2
824 613 1
827 613 3
831 613 1
834 613 3
837 613 3
838 613 1
841 613 3
843 613 1
846 613 1
848 613 2
851 613 2
858 613 3
861 613 2
862 613 3
864 613 1
866 613 1
869 613 1
874 613 1
876 613 2
877 613 3
878 613 2
881 613 2
883 613 1
887 613 3
889 613 3
890 613 1
892 613 1
893 613 3
894 613 1
898 613 1
902 613 2
903 613 2
904 613 3
908 613 1
910 613 3
913 613 2
915 613 2
917 613 3
920 613 3
928 613 3
934 613 3
937 613 3
940 613 1
941 613 2
945 613 3
946 613 3
947 613 2
948 613 3
950 613 2
954 613 3
955 613 2
956 613 2
960 613 2
964 613 2
965 613 3
969 613 3
970 613 3
972 613 1
978 613 1
982 613 3
984 613 3
985 613 2
987 613 3
993 613 2
996 613 1
999 613 2
6 614 1
11 614 1
12 614 3
13 614 3
16 614 3
19 614 2
20 614 2
21 614 2
23 614 3
24 614 1
29 614 3
38 614 3
45 614 1
49 614 3
52 614 1
54 614 1
57 614 1
61 614 2
65 614 3
71 614 2
74 614 2
75 614 2
81 614 1
88 614 1
89 614 3
93 614 1
94 614 1
95 614 1
97 614 1
100 614 3
104 614 2
106 614 1
110 614 2
112 614 3
113 614 1
119 614 1
124 614 3
126 614 2
128 614 3
133 614 3
137 614 1
141 614 3
143 614 2
147 614 2
148 614 2
153 614 3
155 614 1
158 614 1
159 614 1
163 614 1
170 614 2
172 614 2
177 614 3
182 614 3
183 614 3
185 614 2
187 614 2
190 614 1
192 614 1
193 614 3
195 614 2
199 614 1
200 614 3
207 614 3
211 614 1
212 614 1
213 614 2
217 614 1
220 614 1
221 614 2
231 614 1
232 614 2
237 614 1
238 614 2
240 614 3
249 614 1
250 614 2
251 614 3
252 614 1
253 614 3
254 614 2
256 614 2
258 614 2
260 614 3
261 614 2
262 614 1
264 614 1
268 614 3
270 614 1
271 614 1
275 614 1
276 614 1
278 614 3
288 614 1
289 614 2
290 614 3
291 614 1
292 614 2
294 614 2
295 614 2
299 614 1
301 614 3
303 614 3
304 614 2
305 614 3
307 614 3
313 614 1
316 614 3
318 614 2
321 614 2
327 614 1
328 614 3
334 614 3
336 614 3
337 614 1
338 614 1
340 614 2
341 614 1
344 614 2
346 614 3
348 614 3
350 614 1
351 614 2
354 614 2
361 614 3
367 614 1
373 614 1
375 614 3
376 614 1
378 614 2
379 614 1
380 614 1
381 614 1
389 614 3
390 614 3
391 614 1
399 614 2
405 614 1
406 614 1
407 614 2
408 614 3
409 614 1
414 614 1
419 614 3
422 614 3
424 614 1
431 614 1
435 614 2
442 614 1
443 614 2
444 614 3
446 614 2
447 614 1
449 614 2
451 614 1
465 614 2
468 614 2
471 614 3
475 614 2
478 614 1
480 614 3
481 614 1
482 614 3
485 614 2
491 614 2
492 614 1
493 614 1
494 614 1
496 614 3
497 614 2
515 614 1
522 614 1
523 614 1
524 614 3
529 614 1
530 614 1
534 614 3
535 614 2
537 614 3
538 614 1
539 614 2
543 614 2
545 614 3
548 614 2
556 614 2
564 614 3
567 614 2
568 614 1
572 614 2
574 614 2
577 614 1
578 614 2
582 614 3
583 614 1
585 614 1
586 614 1
593 614 3
594 614 1
595 614 1
597 614 3
602 614 2
606 614 1
607 614 1
612 614 2
614 614 1
616 614 2
617 614 1
618 614 3
622 614 3
623 614 2
627 614 2
628 614 1
629 614 3
633 614 3
637 614 1
638 614 1
649 614 3
652 614 2
655 614 1
658 614 1
659 614 2
662 614 2
665 614 1
668 614 2
670 614 1
674 614 1
679 614 1
680 614 3
681 614 3
682 614 2
683 614 3
687 614 2
689 614 2
692 614 3
694 614 2
