409 794 2
415 794 2
418 794 3
419 794 1
422 794 3
430 794 2
431 794 1
433 794 3
435 794 1
441 794 2
442 794 2
444 794 1
445 794 2
450 794 2
454 794 1
456 794 3
457 794 1
458 794 3
459 794 2
462 794 1
467 794 2
468 794 1
472 794 2
477 794 3
478 794 3
479 794 1
482 794 2
486 794 3
487 794 2
488 794 3
493 794 1
499 794 1
500 794 3
506 794 3
507 794 2
512 794 2
515 794 1
516 794 3
517 794 2
518 794 1
522 794 3
527 794 3
529 794 2
530 794 3
532 794 1
533 794 1
544 794 2
546 794 3
550 794 1
554 794 2
561 794 3
564 794 2
565 794 3
569 794 2
570 794 1
573 794 1
575 794 2
576 794 2
579 794 1
581 794 3
582 794 1
586 794 3
597 794 3
600 794 2
602 794 1
606 794 3
609 794 3
610 794 1
612 794 2
613 794 1
619 794 1
621 794 1
624 794 3
628 794 2
631 794 2
634 794 2
635 794 2
636 794 1
638 794 1
641 794 3
645 794 1
646 794 3
648 794 3
650 794 2
653 794 2
657 794 1
660 794 2
663 794 1
668 794 1
676 794 2
680 794 1
683 794 2
693 794 3
697 794 3
698 794 3
699 794 2
702 794 2
703 794 2
714 794 1
716 794 2
717 794 3
720 794 2
722 794 3
729 794 2
730 794 2
733 794 1
734 794 3
735 794 3
736 794 2
737 794 1
739 794 3
741 794 2
745 794 3
746 794 1
750 794 1
751 794 2
752 794 3
754 794 3
755 794 3
758 794 2
760 794 2
763 794 1
766 794 2
771 794 3
774 794 1
778 794 3
779 794 2
783 794 1
784 794 3
785 794 3
786 794 2
790 794 1
800 794 1
801 794 3
802 794 1
803 794 2
804 794 3
806 794 3
807 794 2
811 794 2
812 794 1
820 794 1
824 794 2
826 794 3
829 794 3
833 794 1
841 794 2
843 794 2
844 794 1
845 794 1
846 794 1
848 794 2
850 794 2
852 794 1
854 794 2
855 794 2
856 794 1
857 794 1
858 794 3
863 794 1
871 794 2
873 794 1
876 794 3
877 794 1
878 794 2
879 794 3
885 794 1
887 794 1
893 794 2
903 794 3
909 794 3
912 794 1
913 794 3
918 794 3
925 794 1
926 794 3
929 794 3
933 794 2
938 794 1
942 794 3
945 794 3
948 794 3
949 794 2
954 794 3
956 794 1
957 794 2
961 794 2
965 794 3
967 794 3
968 794 3
969 794 3
970 794 3
971 794 1
973 794 2
976 794 1
977 794 1
983 794 2
985 794 1
986 794 3
992 794 3
997 794 3
8 795 3
13 795 2
14 795 3
16 795 3
19 795 2
21 795 3
22 795 3
30 795 2
33 795 1
37 795 2
42 795 1
45 795 1
47 795 2
49 795 2
54 795 1
62 795 3
63 795 1
67 795 3
68 795 1
69 795 3
72 795 2
75 795 2
76 795 3
81 795 1
85 795 1
88 795 3
90 795 2
93 795 3
94 795 3
95 795 3
99 795 3
100 795 2
101 795 3
103 795 2
105 795 2
108 795 3
109 795 2
118 795 2
122 795 2
124 795 3
130 795 2
131 795 1
136 795 2
138 795 3
145 795 3
146 795 2
148 795 3
149 795 3
151 795 2
152 795 2
153 795 2
154 795 1
155 795 3
159 795 1
160 795 3
165 795 3
167 795 2
168 795 2
169 795 2
170 795 2
171 795 2
173 795 1
175 795 2
180 795 3
181 795 2
182 795 2
188 795 2
190 795 3
194 795 2
196 795 2
198 795 3
200 795 1
204 795 3
205 795 2
207 795 3
216 795 1
218 795 3
220 795 1
221 795 2
224 795 1
229 795 3
231 795 2
232 795 2
236 795 2
237 795 1
242 795 1
243 795 1
246 795 3
247 795 2
254 795 3
256 795 1
266 795 2
267 795 3
269 795 2
272 795 3
274 795 2
277 795 3
285 795 3
291 795 2
294 795 2
297 795 1
298 795 3
301 795 1
302 795 1
306 795 2
311 795 1
317 795 1
321 795 1
326 795 2
327 795 1
332 795 3
338 795 2
339 795 3
340 795 2
348 795 1
349 795 3
350 795 1
356 795 2
357 795 2
359 795 1
361 795 2
362 795 1
364 795 2
383 795 2
384 795 3
387 795 3
389 795 1
392 795 2
394 795 3
402 795 1
404 795 2
406 795 2
408 795 3
412 795 2
413 795 3
415 795 1
416 795 2
418 795 2
419 795 3
421 795 2
422 795 3
427 795 3
433 795 2
436 795 2
437 795 1
438 795 2
440 795 3
441 795 2
442 795 2
444 795 1
445 795 3
446 795 1
452 795 2
454 795 1
460 795 3
471 795 2
474 795 3
475 795 3
477 795 3
479 795 3
480 795 2
484 795 3
487 795 3
489 795 2
490 795 3
491 795 1
494 795 2
497 795 3
500 795 3
502 795 3
504 795 3
506 795 1
507 795 2
508 795 3
509 795 2
512 795 1
514 795 1
516 795 2
518 795 2
519 795 1
520 795 1
521 795 1
524 795 2
526 795 2
538 795 1
539 795 3
542 795 3
547 795 1
549 795 1
555 795 1
556 795 2
560 795 2
564 795 3
568 795 3
570 795 2
576 795 3
579 795 3
580 795 3
581 795 1
583 795 3
599 795 1
600 795 1
604 795 3
605 795 2
609 795 2
612 795 1
613 795 3
616 795 1
621 795 1
627 795 2
631 795 3
636 795 1
642 795 1
658 795 1
659 795 3
660 795 1
662 795 2
663 795 2
666 795 3
667 795 3
668 795 1
674 795 3
681 795 3
685 795 2
686 795 3
687 795 2
688 795 2
693 795 3
697 795 3
705 795 2
707 795 1
712 795 3
716 795 3
719 795 2
727 795 1
728 795 2
740 795 3
743 795 1
744 795 3
747 795 1
750 795 3
752 795 2
760 795 1
762 795 2
765 795 3
770 795 3
775 795 2
781 795 1
786 795 2
788 795 1
789 795 3
790 795 3
801 795 1
802 795 3
804 795 1
806 795 3
807 795 3
819 795 3
820 795 1
824 795 3
826 795 3
828 795 1
829 795 3
830 795 3
836 795 2
837 795 1
838 795 3
841 795 2
842 795 3
848 795 1
850 795 1
851 795 3
857 795 2
858 795 1
859 795 2
860 795 3
863 795 2
864 795 3
865 795 1
868 795 3
876 795 2
877 795 3
878 795 2
884 795 3
885 795 2
889 795 3
893 795 3
899 795 2
900 795 1
903 795 1
905 795 3
909 795 3
914 795 2
918 795 3
922 795 3
925 795 3
927 795 3
930 795 3
933 795 3
935 795 1
936 795 3
937 795 3
938 795 3
941 795 3
942 795 3
943 795 3
944 795 2
958 795 2
962 795 3
963 795 3
965 795 2
971 795 1
972 795 2
974 795 2
975 795 1
977 795 1
980 795 1
981 795 1
982 795 3
984 795 2
986 795 2
988 795 1
992 795 2
993 795 2
995 795 3
997 795 2
0 796 1
1 796 1
4 796 3
5 796 2
13 796 2
18 796 1
22 796 2
27 796 3
29 796 3
31 796 3
32 796 2
37 796 1
38 796 1
39 796 1
44 796 2
51 796 1
53 796 3
55 796 3
59 796 3
60 796 2
61 796 2
63 796 3
66 796 1
67 796 2
68 796 2
71 796 2
73 796 2
80 796 1
84 796 3
85 796 3
86 796 3
87 796 3
88 796 3
90 796 2
91 796 2
92 796 2
93 796 2
96 796 3
97 796 1
112 796 2
113 796 2
116 796 1
120 796 1
124 796 1
125 796 2
130 796 3
136 796 1
140 796 2
142 796 3
144 796 2
153 796 1
154 796 1
156 796 1
157 796 3
159 796 2
160 796 1
163 796 1
166 796 1
170 796 1
174 796 2
179 796 2
180 796 1
182 796 3
185 796 3
186 796 2
187 796 2
192 796 3
194 796 2
195 796 2
198 796 2
201 796 3
202 796 1
204 796 3
205 796 3
210 796 2
211 796 1
213 796 1
219 796 2
221 796 3
222 796 3
224 796 1
226 796 3
229 796 3
233 796 3
237 796 3
240 796 3
241 796 3
243 796 1
247 796 2
249 796 1
251 796 2
257 796 2
265 796 2
268 796 1
269 796 3
270 796 3
272 796 3
274 796 2
283 796 1
287 796 2
290 796 1
292 796 2
293 796 1
296 796 1
300 796 1
305 796 3
307 796 1
309 796 2
311 796 3
314 796 3
315 796 3
317 796 2
318 796 1
324 796 2
325 796 3
328 796 2
330 796 1
341 796 1
342 796 3
349 796 1
350 796 3
351 796 3
355 796 2
356 796 3
357 796 3
365 796 1
370 796 3
373 796 1
375 796 2
377 796 3
378 796 2
379 796 3
384 796 3
385 796 3
386 796 2
390 796 3
394 796 2
407 796 2
413 796 1
