168 18 3
169 18 1
170 18 2
174 18 3
175 18 1
178 18 2
179 18 1
180 18 1
182 18 3
184 18 2
187 18 2
189 18 1
191 18 2
194 18 3
196 18 2
197 18 2
202 18 1
211 18 1
217 18 2
218 18 1
222 18 3
225 18 1
227 18 1
231 18 2
234 18 1
237 18 2
242 18 3
243 18 3
244 18 3
248 18 1
250 18 3
251 18 1
254 18 1
255 18 2
258 18 3
261 18 1
262 18 1
263 18 1
270 18 1
273 18 3
275 18 1
276 18 1
277 18 2
278 18 3
280 18 1
286 18 3
287 18 1
288 18 2
294 18 1
306 18 1
307 18 1
311 18 1
314 18 1
315 18 2
316 18 2
317 18 1
319 18 1
320 18 2
323 18 1
325 18 3
326 18 1
327 18 1
328 18 1
330 18 1
332 18 3
333 18 2
335 18 2
336 18 2
345 18 1
347 18 2
349 18 2
352 18 2
355 18 2
365 18 2
368 18 1
371 18 3
372 18 1
374 18 2
375 18 3
377 18 2
385 18 3
392 18 1
410 18 3
417 18 2
423 18 1
424 18 1
427 18 1
428 18 3
430 18 2
434 18 1
436 18 2
437 18 2
440 18 3
446 18 1
448 18 2
454 18 2
462 18 3
463 18 3
464 18 2
467 18 1
470 18 2
474 18 2
475 18 1
478 18 3
484 18 2
494 18 3
497 18 2
498 18 3
505 18 3
507 18 1
508 18 2
510 18 1
513 18 1
515 18 2
518 18 2
522 18 2
538 18 3
539 18 1
548 18 1
549 18 1
550 18 1
551 18 2
555 18 2
557 18 3
559 18 3
564 18 2
572 18 2
573 18 1
577 18 1
580 18 2
583 18 1
589 18 1
590 18 3
595 18 3
596 18 2
598 18 3
601 18 3
602 18 3
604 18 1
605 18 1
606 18 3
607 18 1
613 18 2
619 18 1
621 18 1
624 18 2
630 18 2
631 18 2
632 18 1
639 18 3
641 18 1
644 18 3
647 18 3
649 18 1
660 18 3
661 18 3
666 18 3
669 18 1
672 18 2
674 18 3
676 18 2
677 18 3
679 18 1
685 18 1
686 18 3
690 18 1
691 18 1
692 18 3
696 18 2
697 18 1
698 18 2
699 18 2
704 18 1
706 18 2
709 18 3
710 18 2
711 18 1
714 18 1
716 18 3
720 18 1
721 18 3
723 18 1
724 18 2
725 18 3
731 18 2
733 18 3
734 18 2
737 18 3
742 18 1
744 18 1
745 18 2
746 18 1
749 18 2
756 18 2
757 18 2
759 18 2
761 18 3
762 18 2
764 18 2
766 18 3
768 18 1
769 18 3
770 18 2
773 18 2
777 18 3
778 18 2
784 18 1
791 18 2
797 18 1
803 18 2
805 18 1
806 18 2
814 18 3
817 18 1
820 18 2
828 18 3
831 18 3
833 18 2
846 18 1
852 18 2
853 18 3
857 18 2
864 18 2
865 18 3
871 18 1
875 18 2
877 18 2
882 18 1
885 18 2
887 18 2
888 18 3
890 18 3
893 18 3
895 18 1
900 18 1
903 18 1
909 18 3
919 18 2
920 18 2
925 18 1
926 18 3
931 18 3
933 18 3
934 18 2
935 18 2
937 18 1
939 18 3
941 18 3
944 18 3
948 18 2
958 18 3
959 18 3
964 18 3
970 18 3
975 18 3
976 18 3
978 18 2
982 18 3
983 18 1
991 18 1
994 18 2
999 18 2
0 19 1
2 19 3
3 19 1
4 19 2
7 19 1
12 19 1
13 19 1
17 19 2
18 19 3
20 19 1
21 19 3
23 19 3
24 19 3
25 19 1
26 19 1
27 19 1
31 19 3
34 19 2
35 19 2
36 19 2
38 19 1
50 19 2
52 19 2
53 19 1
56 19 3
57 19 1
58 19 2
61 19 2
63 19 2
67 19 2
72 19 2
74 19 3
75 19 3
77 19 1
80 19 3
82 19 2
83 19 2
84 19 2
85 19 3
89 19 2
92 19 1
93 19 2
94 19 2
95 19 3
98 19 3
99 19 3
101 19 3
102 19 3
106 19 2
114 19 2
116 19 1
120 19 3
123 19 2
124 19 3
125 19 2
127 19 3
130 19 3
132 19 3
134 19 1
135 19 2
137 19 2
138 19 1
141 19 1
144 19 3
146 19 2
147 19 3
150 19 2
151 19 1
152 19 2
155 19 1
166 19 2
172 19 2
173 19 2
181 19 3
186 19 2
188 19 1
189 19 1
190 19 3
191 19 3
192 19 3
193 19 2
198 19 3
200 19 1
204 19 1
206 19 2
207 19 3
218 19 1
220 19 2
224 19 2
229 19 1
235 19 3
236 19 3
237 19 3
239 19 3
240 19 3
245 19 2
246 19 3
248 19 3
249 19 2
250 19 1
251 19 2
253 19 3
258 19 1
262 19 1
269 19 3
274 19 3
275 19 1
277 19 3
278 19 2
279 19 2
280 19 2
292 19 2
293 19 2
294 19 1
297 19 1
298 19 2
299 19 1
301 19 2
302 19 2
303 19 3
304 19 2
306 19 2
311 19 1
314 19 2
316 19 3
317 19 3
326 19 1
328 19 1
330 19 1
342 19 1
344 19 1
345 19 1
346 19 3
348 19 2
349 19 2
351 19 1
352 19 1
359 19 1
365 19 1
368 19 2
370 19 1
373 19 1
375 19 2
376 19 1
382 19 3
385 19 2
391 19 3
392 19 1
395 19 1
396 19 3
397 19 3
399 19 1
402 19 3
405 19 3
410 19 2
415 19 2
424 19 2
425 19 3
427 19 3
437 19 1
438 19 3
439 19 1
446 19 3
449 19 1
450 19 1
453 19 3
456 19 2
470 19 3
481 19 1
484 19 3
494 19 3
504 19 2
505 19 2
509 19 1
510 19 3
511 19 2
512 19 2
513 19 3
517 19 1
519 19 3
520 19 2
521 19 1
524 19 3
525 19 3
527 19 1
529 19 3
530 19 2
538 19 2
541 19 3
543 19 1
547 19 2
554 19 2
561 19 2
562 19 2
563 19 3
568 19 3
570 19 3
571 19 3
572 19 3
574 19 3
577 19 2
583 19 1
584 19 2
585 19 2
586 19 2
591 19 1
593 19 3
596 19 2
598 19 3
599 19 2
602 19 3
603 19 3
607 19 1
610 19 3
611 19 3
612 19 1
613 19 3
614 19 2
617 19 1
618 19 1
619 19 2
620 19 1
622 19 2
625 19 3
627 19 1
628 19 3
631 19 3
633 19 2
639 19 3
644 19 1
652 19 1
654 19 3
656 19 3
669 19 3
674 19 3
679 19 2
684 19 2
686 19 1
691 19 2
693 19 2
699 19 2
705 19 2
707 19 2
710 19 3
715 19 3
716 19 1
717 19 2
718 19 2
719 19 3
722 19 2
729 19 2
731 19 3
743 19 2
744 19 3
745 19 3
747 19 2
753 19 2
755 19 2
757 19 1
761 19 3
762 19 3
763 19 2
770 19 2
773 19 1
782 19 1
783 19 1
784 19 3
785 19 2
786 19 1
789 19 1
790 19 3
793 19 1
794 19 2
795 19 3
796 19 2
799 19 3
801 19 2
803 19 2
806 19 2
807 19 2
808 19 3
812 19 3
818 19 1
820 19 1
821 19 2
823 19 3
825 19 3
826 19 2
827 19 3
828 19 3
832 19 2
833 19 1
835 19 1
837 19 1
840 19 3
845 19 2
849 19 3
850 19 2
851 19 2
854 19 3
855 19 3
857 19 2
859 19 3
860 19 2
861 19 1
865 19 1
872 19 2
879 19 1
880 19 1
887 19 1
888 19 2
891 19 1
892 19 3
898 19 1
900 19 1
911 19 2
912 19 3
916 19 3
918 19 3
919 19 3
923 19 3
925 19 1
929 19 1
930 19 3
936 19 3
937 19 1
939 19 2
944 19 1
945 19 2
948 19 3
951 19 3
952 19 2
957 19 1
965 19 3
968 19 2
973 19 3
976 19 3
978 19 1
979 19 3
981 19 3
983 19 1
989 19 3
991 19 3
996 19 1
997 19 1
0 20 3
3 20 3
5 20 1
6 20 2
7 20 3
11 20 2
15 20 3
17 20 1
25 20 1
26 20 3
29 20 2
30 20 3
32 20 3
34 20 2
35 20 3
37 20 1
38 20 2
40 20 2
41 20 2
42 20 3
48 20 3
52 20 2
53 20 1
54 20 3
58 20 2
60 20 1
61 20 1
64 20 3
68 20 3
70 20 1
76 20 2
77 20 1
86 20 3
91 20 2
92 20 2
94 20 3
99 20 3
104 20 3
106 20 3
107 20 3
108 20 1
110 20 2
112 20 2
115 20 3
121 20 2
123 20 2
125 20 1
134 20 1
141 20 1
144 20 3
145 20 2
146 20 2
153 20 3
154 20 1
159 20 2
165 20 2
177 20 3
181 20 3
184 20 1
