451 864 3
452 864 1
454 864 2
456 864 2
461 864 3
462 864 3
463 864 1
471 864 3
475 864 2
482 864 3
484 864 3
488 864 2
489 864 1
492 864 1
494 864 3
498 864 3
502 864 3
503 864 3
504 864 3
505 864 3
508 864 3
509 864 3
511 864 2
513 864 3
515 864 3
516 864 3
517 864 2
518 864 3
527 864 2
529 864 3
532 864 3
533 864 1
539 864 1
540 864 2
544 864 3
549 864 1
553 864 3
555 864 1
557 864 1
562 864 2
563 864 1
567 864 2
568 864 3
571 864 1
575 864 3
576 864 1
577 864 1
579 864 2
580 864 1
585 864 2
587 864 2
591 864 3
593 864 2
595 864 1
601 864 3
602 864 3
603 864 3
604 864 3
606 864 1
617 864 3
618 864 1
620 864 3
621 864 1
625 864 2
627 864 2
630 864 3
636 864 2
638 864 1
639 864 2
640 864 3
647 864 1
651 864 2
655 864 3
659 864 1
663 864 3
666 864 1
668 864 2
671 864 1
677 864 3
681 864 2
691 864 3
695 864 3
696 864 1
698 864 2
701 864 1
702 864 2
703 864 3
704 864 1
705 864 3
708 864 2
715 864 2
718 864 3
719 864 3
724 864 3
725 864 1
726 864 3
728 864 3
729 864 2
733 864 3
734 864 2
736 864 3
739 864 3
742 864 1
747 864 1
749 864 2
750 864 3
756 864 3
761 864 1
764 864 3
766 864 1
770 864 3
771 864 3
776 864 2
779 864 3
780 864 2
786 864 3
798 864 1
799 864 2
806 864 1
807 864 3
810 864 2
813 864 1
816 864 2
824 864 2
825 864 1
829 864 1
830 864 2
832 864 2
834 864 1
840 864 2
841 864 3
843 864 3
844 864 1
848 864 1
852 864 1
858 864 2
860 864 3
869 864 1
872 864 3
875 864 2
878 864 3
880 864 3
881 864 2
885 864 1
887 864 2
889 864 2
890 864 3
893 864 3
894 864 3
898 864 1
902 864 1
919 864 3
928 864 1
929 864 2
932 864 3
934 864 1
935 864 1
940 864 1
945 864 3
954 864 2
958 864 2
959 864 1
962 864 2
963 864 2
965 864 2
966 864 3
967 864 2
968 864 2
969 864 1
978 864 1
980 864 2
982 864 1
985 864 3
992 864 3
999 864 3
4 865 2
5 865 2
6 865 3
7 865 1
8 865 2
9 865 2
13 865 3
15 865 2
23 865 2
29 865 1
30 865 3
41 865 1
42 865 1
44 865 1
46 865 3
50 865 1
52 865 1
60 865 3
61 865 3
64 865 1
66 865 2
74 865 2
77 865 1
82 865 3
83 865 1
84 865 2
85 865 3
92 865 2
94 865 1
100 865 2
101 865 1
102 865 2
105 865 1
106 865 2
108 865 1
115 865 1
119 865 2
121 865 3
122 865 2
124 865 1
129 865 2
133 865 2
140 865 3
141 865 1
144 865 2
145 865 1
146 865 3
154 865 2
155 865 2
156 865 1
163 865 2
164 865 1
167 865 1
171 865 3
173 865 2
177 865 2
179 865 2
183 865 3
187 865 3
191 865 2
192 865 2
193 865 2
197 865 1
198 865 2
199 865 2
200 865 1
205 865 1
209 865 2
215 865 2
219 865 3
223 865 2
224 865 1
226 865 2
228 865 2
235 865 2
237 865 1
242 865 3
249 865 2
252 865 1
256 865 2
257 865 1
258 865 3
259 865 2
262 865 3
264 865 3
265 865 3
269 865 2
277 865 2
281 865 3
286 865 3
292 865 1
295 865 2
299 865 2
301 865 2
302 865 2
303 865 3
305 865 2
308 865 3
322 865 1
324 865 3
326 865 3
327 865 2
328 865 2
335 865 1
336 865 3
341 865 3
342 865 1
344 865 3
346 865 3
350 865 2
351 865 3
352 865 2
353 865 1
360 865 1
366 865 2
369 865 1
370 865 1
375 865 2
380 865 3
381 865 2
383 865 1
384 865 3
385 865 2
388 865 2
389 865 1
392 865 2
408 865 3
411 865 1
412 865 3
415 865 1
416 865 1
418 865 1
423 865 3
429 865 3
432 865 2
433 865 2
435 865 1
440 865 3
443 865 1
444 865 1
445 865 2
450 865 3
455 865 1
457 865 3
458 865 2
459 865 1
462 865 2
465 865 3
467 865 1
468 865 3
469 865 2
474 865 3
479 865 3
482 865 3
483 865 1
496 865 3
501 865 2
505 865 3
506 865 1
509 865 3
510 865 2
514 865 1
519 865 1
522 865 2
526 865 1
528 865 3
529 865 2
533 865 3
534 865 1
538 865 1
539 865 3
543 865 1
546 865 1
548 865 3
553 865 1
554 865 3
556 865 2
557 865 2
559 865 3
560 865 3
562 865 2
564 865 2
565 865 1
570 865 3
575 865 2
576 865 1
584 865 1
589 865 2
590 865 3
596 865 1
597 865 2
599 865 2
601 865 3
604 865 1
607 865 3
608 865 1
609 865 3
610 865 3
613 865 2
614 865 2
616 865 2
621 865 1
634 865 3
639 865 1
650 865 3
651 865 1
655 865 2
656 865 3
659 865 3
663 865 3
665 865 3
666 865 2
667 865 2
668 865 1
669 865 1
673 865 1
676 865 1
677 865 1
679 865 2
682 865 2
686 865 3
691 865 3
694 865 3
699 865 1
701 865 2
704 865 2
705 865 1
707 865 3
709 865 2
711 865 1
712 865 1
713 865 1
714 865 3
715 865 1
718 865 1
719 865 2
721 865 3
723 865 1
729 865 1
732 865 3
737 865 2
742 865 3
743 865 3
759 865 2
760 865 2
764 865 1
769 865 2
771 865 1
775 865 1
777 865 2
778 865 2
779 865 1
780 865 2
785 865 3
786 865 1
787 865 1
789 865 1
790 865 3
792 865 3
793 865 1
795 865 2
797 865 3
799 865 1
810 865 2
814 865 1
815 865 3
822 865 3
823 865 2
825 865 3
826 865 2
828 865 1
829 865 3
834 865 1
835 865 2
836 865 1
839 865 1
841 865 3
842 865 1
843 865 1
844 865 2
850 865 2
852 865 3
853 865 2
854 865 2
855 865 2
858 865 1
859 865 3
861 865 3
863 865 3
871 865 3
873 865 1
879 865 1
880 865 3
881 865 1
882 865 3
886 865 2
894 865 1
911 865 3
914 865 1
916 865 1
930 865 1
932 865 3
940 865 3
943 865 2
947 865 2
949 865 2
951 865 1
954 865 1
955 865 1
957 865 2
966 865 3
971 865 1
974 865 3
976 865 3
978 865 1
979 865 3
981 865 1
983 865 2
984 865 1
990 865 1
993 865 1
994 865 2
995 865 1
0 866 1
2 866 1
8 866 3
10 866 1
13 866 2
14 866 2
17 866 1
18 866 3
26 866 2
30 866 3
33 866 3
35 866 2
37 866 1
38 866 3
39 866 3
47 866 2
48 866 2
50 866 2
51 866 3
53 866 2
54 866 2
55 866 1
58 866 2
59 866 3
60 866 2
61 866 1
62 866 2
64 866 2
68 866 1
69 866 2
70 866 3
71 866 1
72 866 2
73 866 1
74 866 2
79 866 1
80 866 1
81 866 2
83 866 1
86 866 2
90 866 2
93 866 2
97 866 1
98 866 1
100 866 1
107 866 3
110 866 3
114 866 2
117 866 2
118 866 1
120 866 3
122 866 3
123 866 1
124 866 1
126 866 1
128 866 1
129 866 2
131 866 3
135 866 3
137 866 1
138 866 2
139 866 1
140 866 3
141 866 1
143 866 3
145 866 1
146 866 2
149 866 1
151 866 3
158 866 2
163 866 3
164 866 1
165 866 2
169 866 2
170 866 1
172 866 3
173 866 2
174 866 3
177 866 1
179 866 2
184 866 2
185 866 2
188 866 3
191 866 2
193 866 3
197 866 1
211 866 1
213 866 1
214 866 1
217 866 1
222 866 1
227 866 1
233 866 1
241 866 2
242 866 3
244 866 1
246 866 3
247 866 3
249 866 3
255 866 2
256 866 1
258 866 1
260 866 3
261 866 2
263 866 1
264 866 2
266 866 2
274 866 1
277 866 2
284 866 2
290 866 1
291 866 1
293 866 1
296 866 3
298 866 1
299 866 1
300 866 1
308 866 2
310 866 3
318 866 3
320 866 2
324 866 3
325 866 3
330 866 2
331 866 2
340 866 3
343 866 2
347 866 2
350 866 3
355 866 3
357 866 1
364 866 2
365 866 1
371 866 2
376 866 1
377 866 2
379 866 3
388 866 1
389 866 3
390 866 1
392 866 2
398 866 2
401 866 2
404 866 3
405 866 1
406 866 1
408 866 3
409 866 3
412 866 1
413 866 1
418 866 3
424 866 2
427 866 2
429 866 3
430 866 3
434 866 3
438 866 3
439 866 1
440 866 3
443 866 2
444 866 3
449 866 3
453 866 1
458 866 1
461 866 2
465 866 1
473 866 3
476 866 3
