272 906 2
273 906 2
274 906 1
275 906 2
279 906 1
280 906 1
283 906 1
285 906 3
297 906 2
300 906 2
301 906 1
305 906 2
316 906 2
322 906 2
324 906 3
328 906 2
335 906 1
336 906 1
337 906 3
343 906 2
350 906 1
352 906 2
353 906 3
362 906 2
363 906 2
366 906 2
367 906 3
370 906 1
375 906 2
380 906 3
384 906 3
386 906 1
389 906 1
390 906 2
393 906 1
398 906 2
400 906 3
402 906 3
403 906 2
404 906 2
409 906 1
413 906 3
414 906 2
415 906 3
418 906 1
421 906 1
425 906 2
428 906 1
429 906 3
435 906 2
443 906 1
447 906 1
451 906 1
452 906 2
453 906 3
455 906 2
456 906 1
457 906 1
458 906 3
459 906 1
460 906 1
475 906 3
478 906 1
480 906 1
482 906 1
483 906 3
487 906 2
488 906 1
489 906 1
493 906 3
494 906 1
495 906 3
496 906 2
499 906 1
501 906 2
502 906 1
503 906 2
506 906 3
509 906 3
515 906 3
516 906 3
525 906 3
531 906 3
540 906 3
541 906 1
543 906 2
544 906 1
549 906 2
551 906 3
555 906 3
557 906 2
562 906 3
565 906 3
567 906 1
568 906 3
572 906 2
579 906 1
580 906 3
582 906 2
584 906 3
591 906 3
594 906 2
595 906 3
596 906 2
603 906 2
606 906 3
608 906 3
609 906 1
612 906 2
613 906 2
617 906 3
619 906 2
620 906 3
624 906 3
628 906 2
629 906 3
630 906 1
634 906 3
636 906 1
638 906 2
643 906 3
644 906 2
646 906 3
652 906 1
653 906 2
655 906 3
660 906 1
661 906 1
668 906 3
672 906 1
677 906 3
680 906 3
681 906 1
682 906 3
683 906 2
687 906 2
688 906 2
689 906 2
692 906 2
693 906 2
694 906 1
695 906 1
702 906 2
709 906 2
710 906 2
716 906 1
728 906 2
733 906 3
736 906 3
737 906 3
741 906 1
745 906 1
746 906 2
748 906 1
750 906 2
762 906 2
767 906 2
768 906 2
771 906 2
773 906 3
774 906 1
775 906 1
780 906 3
784 906 3
785 906 3
789 906 3
790 906 3
791 906 2
795 906 1
796 906 3
799 906 1
802 906 2
806 906 3
807 906 3
815 906 3
816 906 2
819 906 1
826 906 1
830 906 3
835 906 2
847 906 1
851 906 2
854 906 3
855 906 2
856 906 1
859 906 3
860 906 1
861 906 3
866 906 3
867 906 1
870 906 3
874 906 1
875 906 3
879 906 3
881 906 3
887 906 1
888 906 2
889 906 2
892 906 2
894 906 1
895 906 2
896 906 2
897 906 2
900 906 1
901 906 3
902 906 1
906 906 3
907 906 3
908 906 2
910 906 3
912 906 2
913 906 1
921 906 1
922 906 3
923 906 1
930 906 3
931 906 3
932 906 3
933 906 2
934 906 2
935 906 1
937 906 2
942 906 3
948 906 1
949 906 3
951 906 3
952 906 3
956 906 2
958 906 2
960 906 3
963 906 3
964 906 2
972 906 1
973 906 3
974 906 3
976 906 3
977 906 2
988 906 1
991 906 2
997 906 3
998 906 3
0 907 3
5 907 3
6 907 2
7 907 3
12 907 2
13 907 3
14 907 2
15 907 2
16 907 1
20 907 3
25 907 1
27 907 2
31 907 1
32 907 1
34 907 2
36 907 3
37 907 1
43 907 1
53 907 1
54 907 2
58 907 3
64 907 2
72 907 1
74 907 3
79 907 1
81 907 3
84 907 2
85 907 2
90 907 1
91 907 2
95 907 1
96 907 1
97 907 1
99 907 3
101 907 3
103 907 3
106 907 1
115 907 3
116 907 3
118 907 3
123 907 1
126 907 1
130 907 3
132 907 1
134 907 1
137 907 1
139 907 3
141 907 3
142 907 2
145 907 3
148 907 2
150 907 1
160 907 1
164 907 3
165 907 2
167 907 2
168 907 2
170 907 3
171 907 2
173 907 1
175 907 3
176 907 2
177 907 3
178 907 1
182 907 3
183 907 2
184 907 3
190 907 1
191 907 2
192 907 1
195 907 2
197 907 1
198 907 1
199 907 1
201 907 2
203 907 2
205 907 3
211 907 2
212 907 2
214 907 3
217 907 2
218 907 2
219 907 2
220 907 1
224 907 3
226 907 1
230 907 3
233 907 3
237 907 3
240 907 2
248 907 3
251 907 3
258 907 1
263 907 2
264 907 1
268 907 1
269 907 1
273 907 3
275 907 3
278 907 3
282 907 1
283 907 3
286 907 3
287 907 1
288 907 3
289 907 1
291 907 3
296 907 1
300 907 3
306 907 3
308 907 2
309 907 3
319 907 2
322 907 3
323 907 3
331 907 1
335 907 1
336 907 3
337 907 3
341 907 2
344 907 2
346 907 3
347 907 1
348 907 2
349 907 3
355 907 2
361 907 1
363 907 3
366 907 3
367 907 1
368 907 3
373 907 1
375 907 1
380 907 1
383 907 3
393 907 2
394 907 2
396 907 3
401 907 3
409 907 2
412 907 3
418 907 3
419 907 2
421 907 1
430 907 2
433 907 3
435 907 1
438 907 2
440 907 2
449 907 2
451 907 3
452 907 3
459 907 3
462 907 1
463 907 2
465 907 2
467 907 3
471 907 3
473 907 1
474 907 1
488 907 2
489 907 1
493 907 3
495 907 1
496 907 3
498 907 2
506 907 1
507 907 1
511 907 3
515 907 1
518 907 2
519 907 2
522 907 1
523 907 1
528 907 1
530 907 3
531 907 3
540 907 2
544 907 2
545 907 1
547 907 3
556 907 2
559 907 3
560 907 2
564 907 2
574 907 1
575 907 2
579 907 3
583 907 3
584 907 3
591 907 1
593 907 3
598 907 2
599 907 1
610 907 1
612 907 3
616 907 1
618 907 2
619 907 1
620 907 3
628 907 3
630 907 3
634 907 2
637 907 2
639 907 2
640 907 3
641 907 1
658 907 1
661 907 2
664 907 2
673 907 1
676 907 3
677 907 2
681 907 3
682 907 2
687 907 1
690 907 1
691 907 3
692 907 2
695 907 3
697 907 2
706 907 2
708 907 1
711 907 2
715 907 1
717 907 1
719 907 2
720 907 1
722 907 1
728 907 3
730 907 1
731 907 3
737 907 1
749 907 2
755 907 3
759 907 1
760 907 3
761 907 1
764 907 3
778 907 3
782 907 1
790 907 3
791 907 3
792 907 1
793 907 1
795 907 2
801 907 3
802 907 3
803 907 1
804 907 2
805 907 3
807 907 2
810 907 1
812 907 1
814 907 1
818 907 1
819 907 1
823 907 1
825 907 1
826 907 2
830 907 2
844 907 1
845 907 2
848 907 3
850 907 3
851 907 1
852 907 1
854 907 1
855 907 2
859 907 2
861 907 2
862 907 1
864 907 1
866 907 1
869 907 3
870 907 1
873 907 2
877 907 1
885 907 3
888 907 3
889 907 2
890 907 3
899 907 2
904 907 3
905 907 3
907 907 1
909 907 3
916 907 3
917 907 3
918 907 1
920 907 1
922 907 3
925 907 2
926 907 3
927 907 1
928 907 3
930 907 3
934 907 2
940 907 2
943 907 1
948 907 3
953 907 3
954 907 2
959 907 3
960 907 3
961 907 1
964 907 2
965 907 3
968 907 3
974 907 2
976 907 3
980 907 2
983 907 3
984 907 1
985 907 3
988 907 3
989 907 1
990 907 2
994 907 3
995 907 2
1 908 3
12 908 3
16 908 1
17 908 1
21 908 2
40 908 2
43 908 1
45 908 1
46 908 2
51 908 2
54 908 3
55 908 2
56 908 1
57 908 1
60 908 2
65 908 2
66 908 2
67 908 2
68 908 2
72 908 3
76 908 2
81 908 2
82 908 3
83 908 1
84 908 3
89 908 3
92 908 3
94 908 2
96 908 2
100 908 1
103 908 3
105 908 1
109 908 2
119 908 2
127 908 1
129 908 3
134 908 2
137 908 3
138 908 3
139 908 1
140 908 1
141 908 3
145 908 3
148 908 2
150 908 1
153 908 1
156 908 3
158 908 3
159 908 1
160 908 3
161 908 1
166 908 1
171 908 3
180 908 3
183 908 2
184 908 3
186 908 3
187 908 1
189 908 3
191 908 1
192 908 2
193 908 1
195 908 1
198 908 2
202 908 1
203 908 2
204 908 2
205 908 3
207 908 2
208 908 2
213 908 1
216 908 3
218 908 1
219 908 2
220 908 1
221 908 2
224 908 3
229 908 1
233 908 1
234 908 3
241 908 3
244 908 2
248 908 3
250 908 3
254 908 1
255 908 2
262 908 1
269 908 3
270 908 2
274 908 2
279 908 2
281 908 2
284 908 3
285 908 2
288 908 2
292 908 2
293 908 1
297 908 1
300 908 1
302 908 2
304 908 3
309 908 2
310 908 3
311 908 3
312 908 3
