110 894 1
112 894 2
113 894 1
118 894 1
122 894 3
123 894 2
124 894 3
126 894 2
128 894 1
130 894 2
131 894 2
141 894 2
143 894 1
146 894 1
148 894 3
156 894 3
157 894 1
159 894 3
160 894 1
161 894 1
164 894 1
167 894 2
169 894 3
172 894 3
176 894 3
179 894 2
183 894 3
185 894 3
192 894 3
193 894 2
198 894 2
201 894 2
203 894 3
206 894 2
207 894 2
210 894 1
211 894 3
213 894 3
214 894 1
216 894 2
218 894 2
219 894 2
220 894 3
224 894 3
225 894 1
227 894 1
234 894 3
237 894 3
246 894 3
249 894 1
253 894 1
254 894 1
255 894 3
256 894 2
257 894 2
258 894 1
259 894 3
265 894 3
271 894 1
277 894 3
278 894 2
280 894 3
282 894 1
283 894 1
285 894 3
288 894 2
291 894 2
292 894 1
295 894 3
296 894 1
302 894 3
304 894 2
305 894 1
310 894 3
312 894 2
313 894 3
315 894 2
320 894 1
321 894 2
322 894 3
325 894 2
329 894 3
330 894 3
331 894 1
332 894 3
333 894 2
336 894 1
338 894 3
340 894 1
342 894 2
345 894 1
346 894 2
349 894 1
353 894 1
357 894 3
358 894 3
359 894 3
365 894 3
366 894 2
367 894 3
371 894 1
374 894 2
375 894 2
379 894 3
381 894 2
383 894 2
386 894 3
390 894 1
397 894 2
405 894 1
406 894 2
408 894 3
410 894 1
412 894 3
417 894 1
423 894 3
425 894 1
430 894 2
431 894 2
434 894 3
445 894 1
447 894 3
455 894 2
458 894 2
460 894 3
462 894 1
464 894 3
465 894 1
466 894 1
468 894 2
470 894 1
481 894 2
488 894 2
492 894 1
493 894 2
496 894 2
497 894 1
499 894 2
501 894 2
502 894 3
506 894 3
508 894 2
509 894 3
510 894 1
512 894 3
513 894 1
516 894 1
523 894 1
529 894 2
533 894 3
534 894 3
536 894 1
537 894 3
543 894 2
548 894 3
551 894 1
558 894 3
559 894 2
564 894 2
567 894 2
571 894 2
572 894 2
573 894 1
576 894 1
583 894 3
584 894 2
585 894 1
590 894 1
591 894 2
592 894 2
596 894 3
597 894 3
600 894 1
603 894 3
609 894 2
615 894 2
617 894 1
624 894 1
631 894 1
632 894 3
635 894 3
636 894 1
638 894 2
639 894 1
642 894 1
645 894 2
646 894 2
649 894 1
650 894 1
659 894 3
660 894 1
661 894 1
664 894 1
667 894 2
671 894 3
679 894 3
680 894 1
686 894 2
688 894 1
694 894 2
695 894 3
696 894 2
699 894 1
700 894 2
701 894 2
702 894 1
703 894 1
705 894 2
707 894 1
709 894 2
710 894 3
712 894 1
713 894 2
718 894 2
723 894 2
728 894 1
729 894 3
739 894 2
740 894 2
741 894 2
753 894 1
754 894 2
757 894 3
759 894 3
762 894 1
764 894 1
767 894 1
768 894 1
771 894 1
772 894 1
774 894 3
777 894 1
779 894 2
781 894 1
782 894 1
783 894 1
787 894 3
792 894 1
795 894 3
796 894 1
801 894 2
805 894 2
810 894 3
814 894 3
817 894 1
820 894 2
822 894 1
824 894 2
830 894 1
838 894 2
840 894 1
843 894 3
845 894 1
852 894 3
853 894 3
854 894 3
857 894 1
859 894 1
860 894 3
863 894 3
865 894 2
866 894 2
867 894 2
869 894 2
870 894 2
876 894 2
877 894 2
880 894 3
885 894 1
886 894 2
890 894 3
897 894 3
898 894 1
901 894 2
902 894 1
906 894 2
910 894 3
913 894 1
916 894 2
918 894 2
920 894 3
923 894 1
924 894 1
927 894 2
929 894 1
933 894 2
934 894 1
937 894 3
938 894 2
946 894 3
947 894 2
948 894 1
949 894 1
955 894 1
957 894 1
961 894 2
962 894 2
963 894 1
964 894 3
966 894 2
967 894 3
968 894 2
969 894 2
972 894 3
974 894 3
984 894 2
985 894 1
986 894 2
987 894 2
994 894 2
995 894 1
4 895 3
6 895 2
16 895 2
18 895 1
19 895 1
20 895 1
22 895 1
25 895 2
27 895 1
36 895 3
37 895 3
44 895 3
50 895 3
51 895 2
56 895 1
59 895 1
60 895 2
61 895 3
67 895 2
70 895 3
72 895 3
78 895 1
82 895 2
85 895 1
86 895 3
87 895 1
91 895 3
95 895 2
100 895 2
104 895 1
105 895 2
106 895 3
108 895 1
112 895 3
114 895 3
117 895 2
120 895 2
122 895 1
123 895 2
124 895 2
128 895 3
129 895 2
130 895 3
136 895 2
140 895 1
141 895 2
145 895 3
148 895 1
149 895 3
150 895 2
151 895 1
157 895 1
160 895 2
161 895 2
164 895 3
165 895 2
169 895 2
172 895 1
173 895 2
176 895 1
177 895 3
180 895 2
182 895 3
183 895 2
187 895 2
191 895 3
195 895 1
197 895 1
202 895 1
203 895 1
204 895 2
207 895 1
210 895 2
211 895 1
212 895 3
213 895 2
215 895 3
216 895 1
221 895 3
222 895 3
223 895 1
224 895 3
227 895 1
229 895 3
233 895 3
237 895 3
238 895 3
239 895 3
243 895 3
251 895 2
260 895 3
261 895 2
262 895 3
264 895 2
270 895 3
275 895 3
276 895 1
277 895 3
285 895 2
286 895 2
287 895 1
290 895 2
297 895 3
303 895 2
304 895 1
305 895 3
306 895 2
316 895 2
317 895 2
320 895 3
321 895 3
324 895 2
328 895 3
335 895 3
338 895 2
342 895 3
345 895 3
346 895 3
351 895 3
353 895 2
354 895 2
355 895 2
356 895 2
360 895 2
361 895 1
365 895 2
367 895 2
371 895 3
372 895 1
376 895 3
380 895 1
381 895 1
382 895 2
384 895 2
385 895 3
394 895 1
396 895 2
402 895 1
405 895 3
411 895 3
412 895 3
426 895 3
428 895 1
429 895 3
443 895 3
445 895 1
450 895 3
451 895 3
457 895 3
458 895 3
459 895 1
462 895 3
463 895 3
464 895 1
469 895 2
472 895 1
474 895 3
476 895 3
483 895 2
484 895 2
485 895 1
487 895 3
497 895 1
500 895 1
505 895 3
510 895 3
511 895 2
514 895 3
515 895 3
518 895 2
520 895 3
521 895 2
522 895 1
527 895 3
529 895 1
532 895 2
535 895 3
539 895 1
540 895 2
541 895 1
545 895 3
549 895 2
556 895 3
557 895 3
559 895 2
560 895 3
563 895 3
564 895 3
566 895 2
573 895 1
574 895 3
576 895 2
578 895 2
581 895 2
583 895 3
585 895 1
586 895 1
589 895 3
594 895 2
595 895 1
604 895 2
605 895 3
607 895 1
612 895 2
617 895 1
618 895 3
625 895 3
630 895 1
634 895 1
637 895 1
638 895 2
640 895 1
642 895 2
647 895 2
652 895 3
654 895 3
656 895 1
659 895 3
661 895 1
662 895 3
666 895 1
667 895 2
677 895 2
683 895 1
684 895 3
685 895 2
686 895 2
688 895 3
689 895 1
691 895 2
692 895 1
697 895 2
698 895 1
699 895 2
700 895 2
709 895 2
711 895 3
714 895 1
717 895 2
726 895 3
728 895 2
739 895 3
742 895 1
746 895 1
747 895 3
749 895 2
755 895 3
757 895 3
760 895 2
762 895 3
764 895 2
765 895 1
769 895 2
771 895 3
777 895 3
779 895 1
781 895 1
792 895 2
794 895 2
795 895 3
797 895 3
800 895 3
801 895 2
803 895 2
808 895 3
810 895 1
811 895 1
821 895 1
824 895 3
826 895 2
833 895 3
834 895 2
835 895 3
836 895 1
838 895 1
839 895 1
842 895 3
843 895 3
848 895 1
854 895 2
855 895 3
858 895 3
859 895 2
860 895 3
861 895 2
863 895 1
866 895 1
867 895 3
870 895 3
872 895 3
875 895 1
877 895 3
884 895 2
886 895 1
900 895 2
905 895 2
907 895 1
910 895 1
915 895 2
916 895 2
917 895 3
918 895 2
921 895 1
927 895 3
931 895 3
933 895 2
934 895 2
944 895 3
947 895 1
951 895 3
956 895 3
959 895 1
962 895 2
966 895 2
969 895 3
980 895 1
982 895 1
983 895 1
996 895 2
4 896 3
13 896 3
15 896 3
19 896 3
20 896 2
28 896 1
29 896 2
30 896 1
31 896 2
32 896 1
37 896 1
38 896 3
44 896 1
46 896 3
53 896 1
63 896 3
67 896 3
72 896 2
74 896 1
78 896 2
80 896 2
81 896 3
83 896 3
84 896 2
85 896 3
90 896 3
91 896 1
97 896 1
101 896 3
102 896 2
106 896 1
113 896 2
114 896 2
117 896 3
119 896 1
121 896 1
