755 141 2
762 141 1
767 141 2
768 141 2
769 141 3
773 141 1
774 141 1
781 141 2
782 141 2
791 141 3
793 141 2
795 141 2
798 141 3
805 141 3
811 141 3
816 141 3
823 141 1
827 141 3
832 141 1
833 141 1
835 141 1
837 141 2
838 141 2
842 141 1
844 141 2
847 141 1
849 141 2
851 141 2
852 141 1
853 141 2
857 141 3
858 141 2
860 141 1
865 141 1
868 141 1
870 141 3
871 141 3
872 141 2
873 141 1
874 141 3
881 141 2
887 141 3
893 141 1
894 141 1
900 141 3
906 141 3
913 141 1
914 141 2
919 141 1
920 141 3
925 141 2
927 141 3
929 141 2
937 141 2
943 141 1
944 141 2
945 141 1
946 141 2
948 141 2
951 141 2
954 141 3
955 141 1
965 141 3
966 141 3
967 141 1
971 141 1
972 141 3
973 141 1
978 141 3
981 141 3
984 141 3
990 141 2
991 141 3
994 141 2
996 141 3
997 141 1
998 141 3
999 141 3
2 142 2
7 142 1
8 142 2
10 142 2
15 142 2
18 142 2
19 142 1
20 142 2
26 142 2
30 142 1
34 142 2
35 142 2
38 142 2
39 142 2
41 142 3
43 142 3
45 142 1
47 142 1
50 142 1
55 142 2
57 142 3
58 142 1
60 142 3
66 142 1
67 142 3
72 142 1
79 142 1
81 142 2
83 142 3
88 142 2
98 142 1
104 142 2
106 142 3
109 142 1
111 142 2
112 142 3
117 142 2
118 142 1
120 142 3
126 142 1
127 142 3
130 142 1
131 142 1
132 142 2
133 142 1
137 142 3
138 142 2
139 142 2
140 142 1
142 142 3
146 142 2
148 142 3
150 142 3
155 142 3
157 142 1
161 142 2
162 142 2
163 142 2
167 142 2
170 142 1
171 142 1
173 142 2
174 142 3
179 142 1
182 142 3
184 142 3
185 142 2
188 142 1
190 142 2
191 142 3
193 142 3
194 142 2
196 142 2
197 142 1
202 142 1
203 142 3
217 142 3
223 142 2
227 142 3
230 142 2
231 142 1
233 142 3
234 142 3
236 142 3
237 142 1
238 142 2
241 142 1
242 142 2
245 142 3
250 142 3
253 142 3
258 142 1
267 142 1
274 142 1
278 142 1
280 142 2
283 142 1
284 142 3
285 142 2
288 142 1
289 142 3
292 142 1
293 142 2
302 142 1
304 142 3
306 142 1
310 142 3
311 142 3
312 142 3
313 142 3
316 142 3
318 142 2
325 142 3
330 142 1
331 142 1
332 142 1
334 142 3
338 142 2
339 142 2
343 142 2
344 142 1
346 142 1
350 142 3
353 142 1
354 142 3
355 142 1
358 142 1
359 142 1
361 142 1
362 142 3
366 142 3
368 142 1
376 142 3
378 142 1
391 142 3
392 142 2
393 142 3
394 142 3
395 142 1
401 142 3
404 142 3
406 142 2
409 142 3
410 142 1
411 142 2
419 142 2
421 142 2
423 142 2
424 142 2
426 142 3
427 142 3
428 142 3
431 142 1
432 142 3
433 142 3
437 142 3
440 142 2
442 142 2
444 142 3
446 142 2
448 142 2
451 142 3
454 142 2
457 142 3
459 142 2
460 142 2
461 142 1
462 142 2
463 142 2
464 142 3
465 142 1
468 142 3
469 142 1
475 142 3
479 142 3
482 142 1
484 142 2
488 142 2
489 142 2
493 142 3
500 142 2
502 142 1
503 142 2
507 142 1
508 142 3
509 142 3
514 142 1
515 142 2
520 142 1
521 142 1
523 142 3
525 142 3
526 142 1
530 142 3
531 142 1
535 142 1
537 142 2
542 142 1
547 142 3
548 142 2
560 142 2
569 142 1
570 142 3
572 142 1
574 142 2
575 142 1
584 142 3
585 142 1
588 142 2
590 142 1
592 142 3
593 142 2
596 142 1
597 142 1
599 142 3
601 142 2
602 142 2
603 142 1
607 142 3
608 142 1
609 142 2
611 142 3
614 142 3
615 142 3
624 142 2
631 142 1
638 142 2
640 142 3
641 142 1
645 142 3
646 142 2
647 142 3
648 142 3
651 142 1
652 142 1
653 142 3
655 142 2
658 142 1
661 142 2
667 142 2
673 142 1
674 142 2
676 142 3
678 142 2
680 142 1
681 142 1
691 142 3
700 142 3
702 142 2
705 142 2
707 142 1
711 142 3
722 142 1
724 142 3
738 142 3
746 142 1
750 142 2
751 142 1
760 142 2
762 142 3
763 142 2
766 142 1
771 142 2
776 142 2
777 142 2
778 142 3
780 142 1
789 142 2
790 142 1
793 142 3
794 142 1
796 142 3
797 142 3
798 142 1
799 142 3
800 142 3
801 142 3
802 142 3
805 142 3
806 142 3
809 142 1
819 142 3
823 142 3
828 142 2
829 142 2
834 142 3
840 142 1
842 142 1
845 142 2
847 142 3
854 142 3
856 142 2
857 142 3
859 142 2
868 142 3
869 142 1
870 142 2
871 142 1
872 142 3
873 142 3
874 142 2
877 142 1
879 142 3
880 142 2
882 142 3
883 142 1
884 142 3
885 142 2
888 142 3
890 142 1
891 142 3
893 142 3
895 142 2
898 142 1
899 142 1
900 142 3
904 142 2
908 142 1
909 142 3
914 142 2
915 142 3
916 142 3
921 142 2
922 142 1
924 142 1
927 142 1
928 142 1
931 142 1
935 142 3
937 142 3
944 142 3
949 142 1
951 142 2
953 142 3
954 142 1
956 142 3
961 142 1
966 142 1
967 142 3
977 142 1
978 142 3
986 142 3
991 142 1
996 142 1
998 142 2
0 143 1
3 143 3
9 143 1
11 143 2
12 143 3
13 143 1
20 143 1
21 143 3
26 143 3
30 143 1
31 143 2
32 143 1
34 143 2
38 143 3
40 143 2
44 143 3
48 143 2
49 143 1
53 143 1
57 143 1
59 143 1
60 143 1
61 143 1
63 143 1
70 143 1
73 143 1
74 143 3
78 143 3
85 143 2
86 143 2
89 143 2
90 143 2
92 143 1
94 143 1
102 143 1
107 143 2
114 143 2
115 143 1
117 143 1
118 143 3
119 143 1
122 143 2
123 143 1
126 143 1
131 143 1
134 143 1
140 143 1
141 143 3
142 143 1
146 143 3
150 143 3
154 143 1
156 143 1
157 143 3
162 143 2
163 143 2
164 143 1
168 143 1
171 143 1
172 143 1
175 143 1
176 143 2
177 143 1
178 143 3
179 143 2
181 143 3
183 143 1
189 143 1
194 143 2
198 143 2
199 143 3
204 143 3
208 143 2
212 143 1
213 143 2
214 143 2
215 143 2
218 143 3
220 143 2
223 143 2
225 143 2
229 143 2
230 143 2
239 143 3
241 143 2
242 143 3
245 143 3
247 143 3
252 143 1
255 143 2
257 143 2
265 143 3
266 143 3
267 143 3
270 143 2
278 143 2
281 143 2
283 143 3
288 143 1
291 143 1
292 143 1
294 143 3
299 143 1
304 143 2
305 143 1
307 143 1
310 143 2
312 143 2
313 143 2
314 143 1
315 143 1
318 143 3
320 143 3
322 143 1
323 143 2
326 143 1
330 143 3
331 143 3
335 143 2
336 143 3
337 143 2
339 143 3
342 143 2
345 143 2
348 143 2
350 143 2
354 143 1
356 143 2
357 143 3
360 143 3
361 143 3
367 143 3
370 143 2
374 143 2
376 143 3
378 143 1
380 143 3
383 143 2
384 143 3
390 143 1
391 143 2
392 143 3
395 143 1
398 143 3
400 143 3
402 143 2
406 143 1
410 143 3
414 143 1
415 143 2
423 143 1
427 143 1
431 143 2
432 143 1
435 143 2
437 143 3
438 143 2
439 143 2
446 143 1
448 143 3
451 143 1
454 143 1
456 143 1
463 143 3
474 143 3
475 143 2
481 143 2
482 143 2
484 143 1
492 143 3
493 143 1
496 143 3
497 143 1
503 143 3
505 143 2
506 143 3
507 143 3
523 143 3
527 143 1
531 143 3
535 143 1
539 143 2
541 143 2
545 143 2
548 143 1
549 143 2
551 143 2
557 143 3
562 143 1
566 143 1
570 143 3
577 143 2
578 143 3
580 143 1
585 143 2
589 143 2
594 143 3
601 143 2
603 143 1
605 143 3
608 143 2
610 143 1
611 143 1
619 143 1
624 143 1
625 143 3
626 143 3
630 143 3
632 143 2
635 143 2
637 143 3
639 143 2
642 143 3
648 143 3
652 143 1
654 143 1
656 143 1
657 143 3
664 143 2
667 143 3
668 143 2
669 143 2
673 143 1
674 143 1
676 143 3
681 143 1
683 143 3
689 143 1
691 143 2
692 143 2
695 143 1
697 143 1
698 143 3
700 143 2
701 143 1
702 143 3
705 143 3
708 143 2
709 143 2
713 143 3
716 143 3
718 143 3
723 143 1
