519 918 2
521 918 2
528 918 2
530 918 1
531 918 1
532 918 2
533 918 2
537 918 1
540 918 3
542 918 3
547 918 1
550 918 3
551 918 1
555 918 1
557 918 1
560 918 3
565 918 2
567 918 1
570 918 2
573 918 2
576 918 3
578 918 1
580 918 3
586 918 1
589 918 2
593 918 3
594 918 3
595 918 1
600 918 2
605 918 1
611 918 3
612 918 2
617 918 2
621 918 3
622 918 2
623 918 3
628 918 2
629 918 3
633 918 2
635 918 2
645 918 2
647 918 2
648 918 2
650 918 1
661 918 2
662 918 2
666 918 1
667 918 2
669 918 3
674 918 2
678 918 2
683 918 3
684 918 1
689 918 3
692 918 3
694 918 2
698 918 3
699 918 3
700 918 3
701 918 3
702 918 3
703 918 2
706 918 1
711 918 3
714 918 1
717 918 1
724 918 1
725 918 3
730 918 3
731 918 1
732 918 3
736 918 2
738 918 2
740 918 3
742 918 2
743 918 3
744 918 3
745 918 2
746 918 3
747 918 1
748 918 3
749 918 2
754 918 1
757 918 1
762 918 3
768 918 3
769 918 2
770 918 3
773 918 3
776 918 2
777 918 3
778 918 3
781 918 1
783 918 1
784 918 1
785 918 2
788 918 3
789 918 1
791 918 3
792 918 2
796 918 2
798 918 1
805 918 1
810 918 2
812 918 3
819 918 3
821 918 2
822 918 3
824 918 2
826 918 1
829 918 2
830 918 3
831 918 2
833 918 2
834 918 2
836 918 1
837 918 1
840 918 1
841 918 1
842 918 1
843 918 2
849 918 1
857 918 1
859 918 1
860 918 1
861 918 3
862 918 3
864 918 1
866 918 3
867 918 1
876 918 2
877 918 1
878 918 1
883 918 3
888 918 3
890 918 1
891 918 3
893 918 2
894 918 2
895 918 1
896 918 1
901 918 2
902 918 3
912 918 2
914 918 2
915 918 1
918 918 1
920 918 2
926 918 1
939 918 1
940 918 2
948 918 2
949 918 1
951 918 3
952 918 2
954 918 1
957 918 2
961 918 1
962 918 1
968 918 3
970 918 2
972 918 3
973 918 3
975 918 1
976 918 1
977 918 3
978 918 2
982 918 3
985 918 2
986 918 3
987 918 1
989 918 3
991 918 1
993 918 2
994 918 1
995 918 2
997 918 1
998 918 3
999 918 2
0 919 2
1 919 1
3 919 3
5 919 1
8 919 2
9 919 3
14 919 3
21 919 1
23 919 3
29 919 1
30 919 2
31 919 3
39 919 1
40 919 2
41 919 2
45 919 1
48 919 1
49 919 3
54 919 2
56 919 2
57 919 3
59 919 3
61 919 3
63 919 2
64 919 1
66 919 1
70 919 2
79 919 3
82 919 2
83 919 1
87 919 2
88 919 1
92 919 2
93 919 3
96 919 3
98 919 3
101 919 1
102 919 1
103 919 3
111 919 3
113 919 3
114 919 2
115 919 2
116 919 3
117 919 3
118 919 3
128 919 2
129 919 1
135 919 3
136 919 1
139 919 3
140 919 2
141 919 3
143 919 3
146 919 1
148 919 2
154 919 1
156 919 2
157 919 1
160 919 1
163 919 2
164 919 2
166 919 2
171 919 1
172 919 3
185 919 3
189 919 1
191 919 1
192 919 3
200 919 2
202 919 3
204 919 1
211 919 3
213 919 3
227 919 3
231 919 2
235 919 1
237 919 3
240 919 1
245 919 1
246 919 3
255 919 3
260 919 1
261 919 3
271 919 1
274 919 1
276 919 3
278 919 2
280 919 2
284 919 2
287 919 2
288 919 1
290 919 1
292 919 3
296 919 2
299 919 2
305 919 3
310 919 1
316 919 2
321 919 3
324 919 1
327 919 1
330 919 3
336 919 2
337 919 3
338 919 1
339 919 3
340 919 3
342 919 1
344 919 1
345 919 3
348 919 2
350 919 2
351 919 2
358 919 2
362 919 1
365 919 3
370 919 1
372 919 3
373 919 3
374 919 2
377 919 1
380 919 1
387 919 3
388 919 2
390 919 3
391 919 2
392 919 3
393 919 2
396 919 2
399 919 3
404 919 3
409 919 3
411 919 2
417 919 1
418 919 3
423 919 2
428 919 1
438 919 1
440 919 1
444 919 2
448 919 1
449 919 3
452 919 1
455 919 3
467 919 3
468 919 2
469 919 1
470 919 3
473 919 3
480 919 2
482 919 2
485 919 3
488 919 1
492 919 3
493 919 2
498 919 3
499 919 3
503 919 1
504 919 1
505 919 3
509 919 3
513 919 1
515 919 2
516 919 1
517 919 1
525 919 1
526 919 3
530 919 3
531 919 1
534 919 1
542 919 2
545 919 3
549 919 2
550 919 2
554 919 2
556 919 3
561 919 1
573 919 2
580 919 3
582 919 3
590 919 2
592 919 2
593 919 1
601 919 2
603 919 2
604 919 3
614 919 2
620 919 3
622 919 3
623 919 1
632 919 1
633 919 1
634 919 2
636 919 2
640 919 1
643 919 2
645 919 3
647 919 2
652 919 3
655 919 3
656 919 2
665 919 3
666 919 1
668 919 3
671 919 3
672 919 2
676 919 1
678 919 1
679 919 2
680 919 1
682 919 1
684 919 1
687 919 1
688 919 2
691 919 1
697 919 3
701 919 3
705 919 3
708 919 1
711 919 3
719 919 3
721 919 2
722 919 1
726 919 1
728 919 3
730 919 1
732 919 2
737 919 3
738 919 3
739 919 1
747 919 2
753 919 1
759 919 2
760 919 3
761 919 2
766 919 1
767 919 3
768 919 1
770 919 1
771 919 2
773 919 1
775 919 3
776 919 2
777 919 3
779 919 1
780 919 2
786 919 3
788 919 3
790 919 1
792 919 3
799 919 2
803 919 1
805 919 3
807 919 3
821 919 3
823 919 1
824 919 2
828 919 3
833 919 3
835 919 2
836 919 1
837 919 3
839 919 1
842 919 3
843 919 1
844 919 2
846 919 2
848 919 2
849 919 2
855 919 3
856 919 1
857 919 3
858 919 1
871 919 2
880 919 1
884 919 1
886 919 1
887 919 1
889 919 2
890 919 2
891 919 2
892 919 3
897 919 3
900 919 2
904 919 2
906 919 2
907 919 1
909 919 3
910 919 2
918 919 2
926 919 2
927 919 1
930 919 1
936 919 3
937 919 2
938 919 1
939 919 2
940 919 1
945 919 3
946 919 1
948 919 3
950 919 3
952 919 3
953 919 1
956 919 3
958 919 3
960 919 2
966 919 1
970 919 2
972 919 3
973 919 3
976 919 2
977 919 3
979 919 3
980 919 2
981 919 2
983 919 1
985 919 1
991 919 3
992 919 2
995 919 2
1 920 3
14 920 2
15 920 1
19 920 1
24 920 1
25 920 1
31 920 2
38 920 3
40 920 3
48 920 3
49 920 1
56 920 2
59 920 2
62 920 1
64 920 3
72 920 1
73 920 1
74 920 3
80 920 2
82 920 3
84 920 1
89 920 2
98 920 1
100 920 1
102 920 2
104 920 3
105 920 2
114 920 1
116 920 2
125 920 3
126 920 1
131 920 3
135 920 2
137 920 1
139 920 1
143 920 1
146 920 3
148 920 3
151 920 1
153 920 1
157 920 3
160 920 3
161 920 2
162 920 2
163 920 3
169 920 1
170 920 2
172 920 3
173 920 1
174 920 1
178 920 1
180 920 1
181 920 3
183 920 2
188 920 3
192 920 2
198 920 2
200 920 3
208 920 3
210 920 3
215 920 3
217 920 3
218 920 1
219 920 3
222 920 2
224 920 3
227 920 1
228 920 1
229 920 3
232 920 2
233 920 2
234 920 1
235 920 3
236 920 1
237 920 1
238 920 2
243 920 2
245 920 2
246 920 3
250 920 3
254 920 3
255 920 1
261 920 2
267 920 3
269 920 1
271 920 3
273 920 1
277 920 2
278 920 3
279 920 3
280 920 1
282 920 1
285 920 1
287 920 3
290 920 3
292 920 1
293 920 1
294 920 1
299 920 3
301 920 3
305 920 3
308 920 1
309 920 1
312 920 1
313 920 3
318 920 2
324 920 3
327 920 1
331 920 2
338 920 3
339 920 2
340 920 1
342 920 3
343 920 2
345 920 2
346 920 3
347 920 3
349 920 2
351 920 3
352 920 3
357 920 1
364 920 1
373 920 3
379 920 1
382 920 1
387 920 1
389 920 1
393 920 1
399 920 1
403 920 2
406 920 2
409 920 1
413 920 2
419 920 1
423 920 2
430 920 2
431 920 2
443 920 1
448 920 2
449 920 2
450 920 2
451 920 2
452 920 3
454 920 1
455 920 1
457 920 1
459 920 1
462 920 2
465 920 2
467 920 1
472 920 3
478 920 3
479 920 1
480 920 2
488 920 3
491 920 3
494 920 3
497 920 2
498 920 1
499 920 2
510 920 2
512 920 1
519 920 2
523 920 2
526 920 2
