988 294 3
997 294 1
999 294 3
2 295 3
5 295 2
6 295 2
11 295 3
16 295 3
18 295 3
20 295 2
22 295 3
25 295 2
26 295 3
30 295 3
33 295 2
34 295 3
38 295 1
44 295 3
45 295 2
47 295 1
51 295 3
54 295 2
59 295 1
62 295 1
63 295 1
68 295 2
73 295 1
77 295 1
78 295 3
79 295 2
81 295 3
83 295 1
86 295 1
88 295 1
91 295 3
103 295 3
104 295 2
108 295 2
109 295 3
110 295 1
112 295 1
113 295 2
115 295 3
118 295 2
119 295 1
121 295 1
126 295 2
127 295 1
129 295 1
131 295 2
133 295 1
134 295 3
135 295 1
136 295 2
138 295 3
139 295 1
140 295 3
141 295 2
142 295 1
143 295 1
145 295 3
149 295 2
155 295 3
156 295 3
157 295 3
158 295 1
159 295 1
161 295 1
164 295 3
165 295 3
168 295 2
170 295 1
171 295 1
173 295 3
177 295 1
180 295 3
181 295 1
183 295 2
187 295 2
193 295 1
194 295 3
203 295 2
206 295 2
207 295 2
211 295 2
222 295 2
223 295 3
224 295 1
227 295 1
229 295 3
235 295 3
236 295 1
239 295 1
240 295 3
242 295 3
243 295 1
245 295 2
249 295 3
250 295 1
253 295 2
255 295 3
257 295 2
258 295 1
262 295 2
263 295 2
269 295 1
274 295 2
282 295 1
288 295 3
289 295 1
297 295 2
298 295 3
301 295 1
303 295 3
304 295 1
308 295 3
309 295 2
310 295 1
311 295 3
313 295 2
314 295 1
316 295 1
319 295 1
320 295 1
321 295 1
324 295 3
326 295 3
329 295 1
331 295 1
333 295 3
338 295 2
342 295 3
344 295 1
348 295 2
349 295 3
351 295 2
352 295 1
355 295 1
365 295 2
366 295 3
369 295 2
370 295 3
377 295 2
378 295 2
379 295 1
382 295 3
387 295 1
390 295 2
393 295 3
402 295 3
403 295 2
408 295 2
410 295 3
411 295 2
413 295 3
414 295 1
417 295 1
418 295 3
420 295 2
424 295 3
425 295 3
428 295 1
433 295 2
439 295 2
440 295 3
442 295 3
449 295 3
451 295 1
452 295 2
457 295 2
458 295 2
459 295 1
461 295 3
462 295 1
467 295 3
469 295 1
474 295 2
476 295 1
477 295 3
481 295 2
484 295 3
486 295 2
488 295 3
491 295 1
492 295 2
499 295 3
501 295 3
502 295 3
506 295 2
507 295 1
511 295 1
514 295 2
517 295 2
518 295 3
519 295 1
522 295 2
523 295 2
524 295 3
531 295 1
532 295 2
536 295 1
537 295 2
538 295 1
539 295 1
541 295 1
542 295 1
546 295 1
548 295 2
549 295 3
551 295 2
562 295 1
563 295 3
564 295 2
567 295 3
577 295 2
581 295 1
582 295 2
583 295 3
584 295 3
585 295 1
586 295 3
593 295 2
595 295 3
597 295 3
600 295 2
603 295 2
608 295 1
610 295 2
611 295 2
612 295 1
618 295 3
619 295 1
621 295 1
623 295 3
626 295 1
633 295 3
638 295 1
642 295 3
646 295 1
647 295 2
648 295 3
650 295 2
652 295 3
653 295 1
655 295 1
659 295 3
668 295 3
674 295 1
676 295 3
683 295 1
687 295 3
689 295 3
692 295 1
695 295 3
701 295 1
705 295 2
709 295 3
711 295 1
712 295 2
713 295 1
715 295 1
718 295 3
720 295 2
728 295 2
729 295 3
730 295 2
731 295 2
737 295 1
738 295 3
739 295 2
746 295 1
749 295 1
753 295 1
754 295 1
756 295 2
759 295 2
769 295 3
770 295 1
773 295 2
780 295 2
784 295 1
785 295 1
786 295 1
788 295 3
792 295 2
794 295 2
796 295 2
797 295 1
799 295 2
802 295 3
803 295 1
804 295 1
806 295 3
808 295 2
811 295 2
817 295 3
818 295 1
825 295 1
827 295 3
828 295 3
833 295 3
838 295 2
839 295 1
846 295 1
847 295 2
850 295 2
855 295 2
856 295 3
859 295 1
863 295 3
864 295 1
866 295 2
867 295 1
869 295 3
872 295 2
879 295 1
882 295 1
883 295 3
887 295 3
888 295 1
889 295 1
895 295 2
897 295 1
902 295 1
903 295 3
905 295 3
908 295 1
911 295 1
914 295 3
915 295 2
927 295 3
933 295 1
934 295 2
937 295 1
938 295 2
942 295 1
944 295 2
946 295 1
948 295 3
952 295 3
954 295 2
962 295 3
964 295 1
965 295 2
966 295 2
967 295 3
970 295 2
971 295 3
975 295 3
980 295 3
982 295 3
983 295 3
986 295 3
989 295 1
992 295 3
0 296 2
1 296 2
7 296 3
13 296 2
25 296 1
30 296 1
34 296 1
38 296 2
42 296 2
47 296 1
50 296 3
55 296 3
57 296 3
61 296 3
69 296 2
70 296 2
71 296 1
74 296 2
75 296 2
76 296 2
79 296 1
80 296 2
90 296 1
94 296 1
96 296 3
97 296 2
99 296 1
102 296 1
104 296 1
107 296 3
109 296 2
113 296 2
115 296 3
116 296 2
119 296 2
120 296 1
121 296 1
122 296 1
128 296 3
129 296 3
131 296 2
135 296 2
137 296 1
139 296 1
145 296 3
146 296 3
148 296 1
151 296 2
152 296 1
153 296 3
154 296 2
155 296 2
157 296 1
158 296 3
162 296 3
163 296 2
164 296 2
165 296 1
167 296 3
174 296 3
178 296 2
179 296 3
181 296 2
188 296 2
192 296 2
196 296 1
197 296 2
198 296 1
201 296 2
202 296 1
211 296 2
212 296 2
217 296 3
223 296 1
225 296 1
226 296 3
227 296 3
228 296 2
233 296 2
236 296 1
238 296 1
242 296 3
244 296 3
247 296 3
252 296 3
253 296 3
254 296 1
257 296 3
258 296 1
260 296 3
262 296 1
266 296 2
274 296 3
278 296 2
279 296 1
287 296 1
289 296 2
290 296 2
291 296 1
296 296 1
297 296 3
301 296 3
303 296 1
304 296 3
305 296 3
309 296 2
310 296 1
313 296 3
314 296 3
318 296 2
319 296 2
321 296 3
322 296 1
326 296 3
327 296 2
329 296 3
330 296 1
333 296 2
335 296 3
338 296 2
341 296 1
342 296 2
345 296 3
346 296 1
351 296 2
353 296 2
358 296 2
363 296 1
365 296 3
369 296 3
370 296 3
371 296 3
373 296 3
374 296 3
377 296 3
380 296 3
382 296 3
383 296 2
384 296 3
387 296 3
391 296 1
392 296 2
395 296 2
406 296 1
407 296 2
408 296 2
409 296 2
412 296 3
414 296 1
416 296 1
418 296 3
428 296 3
429 296 1
430 296 1
432 296 3
433 296 1
442 296 2
445 296 1
453 296 1
457 296 1
458 296 2
459 296 2
460 296 1
464 296 3
467 296 3
469 296 3
470 296 2
473 296 3
479 296 1
487 296 2
488 296 1
492 296 3
494 296 2
497 296 3
501 296 2
508 296 1
510 296 3
511 296 1
512 296 3
513 296 1
514 296 1
515 296 1
521 296 3
529 296 3
532 296 1
533 296 1
537 296 1
538 296 1
539 296 3
541 296 1
542 296 1
547 296 2
552 296 2
554 296 3
556 296 2
557 296 3
558 296 3
562 296 1
563 296 2
568 296 2
569 296 1
572 296 1
576 296 2
577 296 1
581 296 1
585 296 1
589 296 2
592 296 3
593 296 3
595 296 3
598 296 2
599 296 3
602 296 3
603 296 3
607 296 3
609 296 2
610 296 3
613 296 1
617 296 1
618 296 1
619 296 2
621 296 2
629 296 1
636 296 3
639 296 2
640 296 2
642 296 1
643 296 1
644 296 2
646 296 1
648 296 3
653 296 1
654 296 2
655 296 2
659 296 3
663 296 1
666 296 3
667 296 1
672 296 2
678 296 2
680 296 2
683 296 3
684 296 1
691 296 3
694 296 2
695 296 3
699 296 2
701 296 1
705 296 1
708 296 1
713 296 1
721 296 1
724 296 3
725 296 3
727 296 2
728 296 1
729 296 1
733 296 1
734 296 3
738 296 2
748 296 1
751 296 3
754 296 3
755 296 2
757 296 2
758 296 2
760 296 2
768 296 2
769 296 2
777 296 2
779 296 1
782 296 1
783 296 3
784 296 2
789 296 1
790 296 2
798 296 1
799 296 1
802 296 2
805 296 3
807 296 2
810 296 2
814 296 3
815 296 3
819 296 3
825 296 1
827 296 1
828 296 2
829 296 3
840 296 3
841 296 1
847 296 3
849 296 2
850 296 3
851 296 2
852 296 1
857 296 1
860 296 3
862 296 2
864 296 2
873 296 3
874 296 1
875 296 3
877 296 1
879 296 3
885 296 1
888 296 3
891 296 3
892 296 3
893 296 3
894 296 1
