308 412 3
310 412 2
326 412 1
328 412 2
329 412 2
330 412 3
332 412 1
335 412 1
339 412 3
340 412 3
344 412 3
345 412 1
346 412 3
347 412 2
351 412 1
355 412 1
357 412 3
361 412 1
363 412 1
364 412 3
366 412 1
367 412 1
368 412 3
369 412 3
376 412 1
378 412 2
381 412 1
387 412 2
392 412 1
394 412 1
397 412 3
403 412 1
404 412 1
408 412 3
416 412 3
420 412 3
422 412 1
423 412 2
427 412 3
428 412 3
432 412 3
439 412 2
440 412 3
441 412 1
442 412 3
445 412 3
447 412 2
452 412 2
454 412 2
455 412 1
460 412 2
461 412 1
462 412 3
470 412 3
473 412 1
476 412 2
477 412 1
479 412 2
480 412 2
482 412 1
483 412 1
484 412 2
485 412 3
486 412 2
488 412 3
489 412 2
490 412 1
492 412 2
498 412 2
502 412 2
505 412 2
506 412 3
507 412 2
509 412 3
510 412 2
512 412 3
514 412 2
515 412 2
516 412 1
525 412 2
526 412 1
528 412 2
531 412 2
532 412 1
536 412 3
539 412 2
541 412 3
545 412 2
553 412 1
556 412 2
558 412 2
561 412 2
565 412 1
567 412 2
569 412 1
570 412 3
572 412 1
574 412 1
581 412 1
584 412 2
594 412 2
595 412 2
597 412 3
598 412 3
599 412 2
602 412 2
604 412 2
610 412 3
611 412 1
613 412 2
614 412 3
616 412 2
621 412 1
623 412 2
624 412 1
628 412 3
630 412 1
631 412 1
634 412 1
636 412 3
642 412 1
646 412 3
651 412 2
654 412 2
656 412 3
658 412 1
660 412 2
663 412 1
668 412 2
669 412 1
670 412 1
675 412 1
678 412 1
679 412 3
681 412 2
682 412 1
685 412 2
687 412 1
692 412 3
695 412 1
697 412 2
703 412 3
705 412 1
706 412 2
708 412 1
711 412 1
713 412 1
714 412 1
717 412 1
729 412 3
730 412 3
731 412 1
739 412 2
742 412 2
743 412 2
744 412 3
752 412 3
759 412 1
763 412 2
764 412 2
766 412 3
767 412 1
769 412 1
771 412 3
777 412 2
778 412 2
781 412 3
783 412 1
785 412 1
787 412 3
793 412 2
797 412 3
798 412 2
803 412 3
808 412 3
809 412 2
811 412 1
813 412 3
815 412 2
822 412 3
826 412 1
828 412 2
831 412 3
832 412 3
848 412 3
849 412 3
856 412 3
858 412 3
862 412 2
863 412 2
864 412 3
867 412 2
870 412 3
872 412 1
874 412 3
875 412 2
877 412 2
882 412 2
883 412 3
899 412 2
903 412 1
904 412 3
908 412 1
909 412 3
913 412 3
915 412 2
917 412 2
919 412 2
922 412 3
924 412 1
925 412 3
926 412 1
930 412 2
932 412 3
938 412 1
940 412 3
944 412 3
946 412 3
949 412 1
952 412 3
957 412 3
959 412 2
960 412 2
963 412 2
965 412 3
971 412 1
974 412 1
978 412 2
979 412 3
983 412 3
985 412 2
988 412 2
991 412 3
992 412 2
995 412 1
0 413 1
1 413 3
3 413 1
5 413 3
8 413 3
9 413 1
10 413 1
11 413 1
13 413 3
14 413 1
15 413 3
17 413 1
20 413 3
24 413 1
25 413 2
27 413 2
29 413 1
31 413 2
32 413 1
42 413 2
43 413 1
45 413 3
52 413 1
55 413 2
56 413 2
59 413 3
60 413 2
61 413 2
63 413 2
64 413 3
66 413 2
67 413 3
69 413 3
79 413 3
85 413 2
87 413 3
88 413 1
90 413 3
92 413 2
93 413 2
95 413 2
96 413 1
98 413 1
99 413 3
104 413 3
114 413 2
115 413 1
117 413 2
124 413 1
129 413 3
132 413 2
134 413 1
135 413 1
144 413 3
146 413 2
147 413 3
152 413 2
153 413 3
154 413 3
163 413 2
167 413 3
170 413 2
171 413 2
176 413 2
178 413 3
179 413 3
183 413 1
184 413 1
188 413 2
196 413 2
198 413 1
201 413 2
203 413 3
204 413 3
205 413 2
208 413 1
213 413 1
215 413 3
218 413 2
219 413 1
221 413 2
222 413 3
229 413 1
230 413 2
231 413 3
232 413 2
238 413 3
239 413 3
241 413 2
242 413 3
246 413 3
248 413 2
256 413 2
257 413 3
260 413 3
261 413 2
262 413 3
264 413 1
268 413 1
270 413 1
273 413 2
275 413 3
277 413 1
282 413 2
285 413 2
286 413 2
288 413 2
289 413 2
290 413 2
293 413 3
294 413 3
295 413 3
300 413 1
301 413 2
308 413 3
310 413 2
311 413 3
312 413 3
314 413 1
315 413 1
317 413 1
318 413 2
322 413 3
324 413 1
325 413 1
332 413 1
333 413 3
342 413 1
349 413 2
353 413 2
355 413 1
357 413 2
361 413 1
366 413 1
367 413 2
371 413 3
377 413 2
378 413 2
379 413 2
381 413 3
384 413 1
386 413 2
388 413 3
391 413 3
392 413 1
401 413 3
409 413 1
411 413 2
413 413 1
417 413 2
428 413 2
429 413 2
430 413 1
433 413 2
436 413 1
437 413 3
439 413 3
440 413 3
449 413 3
453 413 3
454 413 1
458 413 2
460 413 3
463 413 2
464 413 1
465 413 1
466 413 3
468 413 2
472 413 2
473 413 3
474 413 3
476 413 3
477 413 3
478 413 3
480 413 3
483 413 1
487 413 1
488 413 3
491 413 1
492 413 3
494 413 1
497 413 1
500 413 2
502 413 1
508 413 1
511 413 1
514 413 3
517 413 1
522 413 2
526 413 2
532 413 3
534 413 1
540 413 3
545 413 1
547 413 2
550 413 2
552 413 2
555 413 3
561 413 2
562 413 3
565 413 3
570 413 1
572 413 2
574 413 1
578 413 2
580 413 1
581 413 1
585 413 2
590 413 2
592 413 1
594 413 3
596 413 3
597 413 1
602 413 2
605 413 2
606 413 1
611 413 3
613 413 1
616 413 2
620 413 2
621 413 2
622 413 3
625 413 3
628 413 3
637 413 1
639 413 3
640 413 1
642 413 2
644 413 3
646 413 1
647 413 1
648 413 2
654 413 3
655 413 2
658 413 2
663 413 2
665 413 2
666 413 1
668 413 3
669 413 1
670 413 3
672 413 1
675 413 2
679 413 3
682 413 2
690 413 2
693 413 1
695 413 1
698 413 3
699 413 1
702 413 2
706 413 3
708 413 2
720 413 1
722 413 3
723 413 2
727 413 1
737 413 2
739 413 2
741 413 1
742 413 1
743 413 1
750 413 2
754 413 3
755 413 3
758 413 3
767 413 3
769 413 2
770 413 3
771 413 1
773 413 1
774 413 2
777 413 3
778 413 2
784 413 2
787 413 3
788 413 2
794 413 2
796 413 3
797 413 3
798 413 3
804 413 2
807 413 3
808 413 3
810 413 1
811 413 1
814 413 1
815 413 3
820 413 2
825 413 2
827 413 1
830 413 2
834 413 1
835 413 3
841 413 2
847 413 1
849 413 2
852 413 1
853 413 2
856 413 3
858 413 3
860 413 2
861 413 2
863 413 3
865 413 1
866 413 3
868 413 1
871 413 1
872 413 2
873 413 2
875 413 2
876 413 2
881 413 3
883 413 2
888 413 1
892 413 3
893 413 3
896 413 1
907 413 1
908 413 2
909 413 3
914 413 1
915 413 1
916 413 2
918 413 1
920 413 2
922 413 1
925 413 2
926 413 3
931 413 1
932 413 2
938 413 1
940 413 2
947 413 2
950 413 1
953 413 2
954 413 3
960 413 1
962 413 2
968 413 2
969 413 3
971 413 1
973 413 3
974 413 1
975 413 1
977 413 2
978 413 1
979 413 3
982 413 2
985 413 1
989 413 3
993 413 1
996 413 3
998 413 2
9 414 1
14 414 3
15 414 2
16 414 3
17 414 2
20 414 2
21 414 3
22 414 2
25 414 3
28 414 3
29 414 1
30 414 3
35 414 3
43 414 2
44 414 2
45 414 3
48 414 2
53 414 1
59 414 1
63 414 1
64 414 2
67 414 3
70 414 3
76 414 3
80 414 1
84 414 3
96 414 1
98 414 3
103 414 3
104 414 2
107 414 3
108 414 3
113 414 2
115 414 2
117 414 1
118 414 2
121 414 1
127 414 1
128 414 3
132 414 2
133 414 1
137 414 2
140 414 3
143 414 1
147 414 1
153 414 1
154 414 3
156 414 1
157 414 1
163 414 2
167 414 2
168 414 2
173 414 3
175 414 2
177 414 1
178 414 2
179 414 3
189 414 3
191 414 3
192 414 2
193 414 3
196 414 2
200 414 3
201 414 3
204 414 3
205 414 1
211 414 1
212 414 1
213 414 3
215 414 1
218 414 3
219 414 2
220 414 1
221 414 1
228 414 1
231 414 3
233 414 2
