766 338 3
768 338 3
769 338 1
771 338 2
775 338 1
778 338 2
780 338 1
782 338 1
784 338 2
786 338 1
788 338 1
789 338 2
791 338 2
797 338 2
800 338 2
810 338 2
813 338 1
820 338 3
821 338 3
824 338 2
829 338 1
831 338 2
836 338 1
838 338 1
846 338 3
847 338 1
849 338 1
851 338 2
854 338 1
855 338 2
862 338 1
865 338 2
866 338 1
875 338 2
880 338 1
881 338 3
889 338 1
890 338 3
896 338 2
897 338 1
902 338 3
903 338 1
905 338 1
910 338 3
912 338 3
920 338 3
931 338 1
932 338 3
937 338 1
943 338 1
944 338 2
947 338 1
954 338 1
966 338 3
969 338 1
971 338 1
981 338 2
985 338 2
988 338 3
991 338 3
994 338 2
995 338 2
997 338 2
0 339 3
4 339 3
6 339 2
7 339 2
8 339 3
13 339 3
24 339 1
27 339 3
33 339 2
38 339 2
40 339 1
41 339 1
47 339 1
49 339 1
54 339 2
55 339 1
59 339 3
62 339 2
63 339 2
64 339 2
66 339 3
70 339 3
74 339 2
76 339 2
80 339 3
85 339 2
95 339 3
98 339 2
101 339 1
105 339 3
107 339 1
108 339 1
109 339 2
112 339 3
113 339 3
114 339 3
123 339 1
124 339 2
126 339 3
127 339 1
128 339 1
129 339 1
132 339 1
133 339 2
134 339 2
139 339 3
141 339 2
146 339 3
147 339 1
162 339 1
165 339 3
166 339 3
169 339 3
170 339 2
174 339 1
175 339 2
180 339 3
185 339 2
187 339 2
190 339 3
200 339 1
202 339 3
206 339 2
211 339 2
212 339 3
216 339 1
221 339 1
224 339 3
228 339 1
231 339 3
243 339 3
254 339 2
256 339 1
258 339 2
260 339 3
261 339 2
272 339 1
276 339 1
283 339 3
285 339 1
288 339 3
294 339 2
303 339 1
305 339 3
306 339 1
309 339 2
310 339 2
313 339 1
316 339 3
320 339 1
323 339 2
327 339 2
328 339 1
331 339 3
332 339 1
333 339 1
334 339 2
335 339 3
336 339 2
337 339 1
338 339 2
339 339 3
340 339 3
341 339 3
345 339 1
349 339 3
350 339 3
357 339 2
359 339 1
362 339 3
363 339 3
368 339 3
373 339 2
375 339 2
376 339 1
377 339 1
391 339 1
399 339 3
402 339 3
407 339 2
409 339 3
411 339 3
414 339 1
416 339 3
419 339 3
420 339 3
424 339 1
427 339 1
430 339 1
434 339 1
436 339 1
437 339 3
447 339 1
450 339 2
454 339 1
456 339 1
459 339 3
460 339 1
461 339 1
463 339 2
465 339 2
468 339 2
474 339 3
475 339 2
477 339 1
478 339 3
481 339 2
485 339 2
487 339 1
491 339 3
492 339 2
494 339 2
497 339 1
503 339 2
504 339 3
505 339 1
507 339 1
508 339 1
509 339 3
511 339 3
514 339 2
516 339 2
519 339 1
523 339 2
526 339 2
527 339 1
529 339 2
533 339 1
541 339 3
546 339 1
549 339 3
550 339 1
551 339 2
554 339 1
556 339 1
559 339 2
560 339 2
562 339 3
564 339 1
565 339 3
570 339 2
574 339 1
586 339 3
589 339 2
595 339 3
597 339 3
599 339 2
600 339 1
601 339 3
602 339 2
604 339 1
606 339 2
607 339 1
609 339 3
614 339 1
620 339 1
622 339 2
624 339 1
626 339 2
627 339 1
629 339 1
630 339 1
632 339 1
633 339 2
635 339 3
638 339 3
640 339 2
644 339 3
646 339 1
648 339 2
651 339 1
656 339 3
657 339 1
660 339 3
663 339 2
669 339 1
674 339 3
676 339 1
678 339 2
681 339 1
682 339 2
683 339 3
687 339 3
695 339 2
700 339 2
702 339 2
703 339 1
704 339 2
705 339 3
713 339 3
714 339 2
716 339 3
719 339 2
723 339 2
731 339 3
733 339 3
734 339 3
739 339 2
746 339 3
747 339 2
749 339 1
750 339 2
751 339 3
763 339 3
769 339 3
776 339 3
777 339 2
781 339 3
782 339 3
783 339 2
785 339 2
789 339 2
794 339 2
803 339 1
804 339 3
805 339 2
809 339 2
811 339 3
812 339 3
814 339 3
817 339 3
819 339 3
823 339 3
825 339 2
827 339 1
831 339 3
836 339 3
841 339 3
843 339 2
844 339 1
847 339 3
849 339 1
855 339 2
861 339 3
862 339 3
863 339 2
864 339 2
865 339 1
872 339 1
873 339 2
883 339 3
884 339 2
886 339 1
890 339 2
891 339 3
893 339 2
894 339 1
901 339 1
903 339 3
904 339 3
905 339 3
907 339 1
908 339 2
909 339 1
912 339 3
914 339 2
916 339 3
918 339 3
921 339 1
922 339 2
926 339 2
927 339 1
930 339 2
935 339 2
938 339 1
946 339 3
949 339 1
951 339 2
959 339 1
960 339 2
964 339 2
967 339 1
973 339 3
977 339 1
988 339 1
990 339 2
994 339 3
999 339 1
0 340 3
2 340 2
5 340 2
6 340 2
7 340 2
8 340 3
10 340 1
20 340 1
29 340 1
39 340 1
40 340 1
42 340 1
43 340 2
46 340 3
48 340 2
49 340 3
50 340 2
53 340 1
57 340 3
63 340 2
64 340 1
65 340 2
71 340 2
75 340 3
77 340 2
82 340 3
91 340 3
96 340 1
97 340 3
98 340 3
100 340 3
101 340 3
103 340 2
105 340 3
107 340 3
112 340 3
114 340 3
118 340 2
123 340 2
124 340 2
125 340 2
127 340 3
129 340 2
130 340 1
132 340 2
140 340 1
142 340 2
146 340 1
149 340 2
152 340 3
157 340 2
158 340 3
161 340 2
163 340 3
165 340 2
167 340 1
169 340 1
175 340 3
178 340 2
179 340 3
180 340 2
181 340 2
183 340 1
184 340 1
187 340 3
191 340 3
198 340 1
201 340 1
202 340 1
204 340 2
205 340 2
215 340 2
216 340 3
223 340 1
224 340 3
227 340 1
235 340 1
236 340 2
242 340 3
249 340 1
251 340 2
252 340 2
255 340 1
264 340 1
266 340 1
267 340 2
268 340 2
269 340 1
270 340 2
272 340 2
273 340 1
274 340 3
276 340 3
278 340 2
283 340 2
285 340 3
292 340 2
293 340 2
295 340 2
300 340 3
302 340 1
305 340 3
306 340 3
307 340 1
312 340 1
314 340 3
319 340 3
325 340 2
326 340 3
330 340 3
331 340 1
332 340 1
334 340 3
336 340 2
338 340 1
342 340 1
344 340 2
346 340 2
347 340 3
348 340 1
349 340 2
354 340 2
359 340 1
365 340 1
367 340 1
369 340 2
378 340 1
382 340 3
383 340 2
387 340 1
388 340 3
389 340 1
392 340 2
393 340 1
405 340 1
406 340 3
408 340 1
410 340 3
414 340 3
415 340 2
417 340 1
422 340 3
424 340 1
428 340 3
430 340 3
432 340 3
435 340 2
439 340 3
440 340 1
445 340 3
448 340 2
453 340 1
460 340 2
463 340 1
467 340 3
472 340 1
473 340 1
481 340 2
482 340 2
488 340 3
490 340 1
493 340 2
496 340 3
497 340 1
500 340 2
502 340 2
504 340 2
506 340 1
507 340 1
508 340 3
509 340 2
515 340 1
516 340 2
518 340 3
535 340 1
537 340 2
542 340 1
552 340 3
553 340 2
555 340 3
558 340 1
559 340 1
560 340 2
564 340 2
565 340 1
567 340 2
571 340 1
572 340 2
573 340 3
574 340 1
575 340 3
579 340 3
580 340 2
584 340 1
588 340 3
589 340 2
590 340 1
591 340 2
595 340 2
596 340 2
600 340 1
601 340 3
607 340 1
608 340 2
609 340 3
614 340 1
616 340 2
617 340 3
618 340 3
621 340 1
622 340 1
623 340 2
625 340 2
626 340 1
630 340 3
631 340 3
637 340 2
639 340 3
643 340 3
644 340 1
646 340 1
650 340 2
656 340 1
659 340 2
660 340 2
670 340 3
673 340 2
675 340 1
677 340 3
682 340 1
685 340 3
687 340 3
688 340 3
690 340 1
693 340 3
695 340 2
697 340 2
702 340 1
706 340 3
707 340 3
711 340 2
712 340 1
722 340 3
726 340 3
727 340 3
730 340 1
731 340 2
733 340 2
736 340 2
738 340 1
740 340 3
743 340 3
746 340 1
757 340 2
760 340 3
762 340 1
769 340 3
774 340 3
775 340 2
776 340 2
777 340 2
782 340 1
785 340 1
793 340 2
795 340 1
798 340 2
799 340 3
800 340 1
810 340 2
813 340 2
814 340 2
815 340 1
817 340 2
818 340 2
822 340 1
824 340 3
827 340 1
828 340 3
829 340 1
832 340 1
835 340 1
839 340 1
840 340 1
842 340 1
850 340 3
