688 145 1
690 145 3
697 145 2
698 145 2
703 145 1
705 145 3
711 145 1
714 145 2
715 145 2
716 145 3
722 145 3
723 145 1
725 145 2
729 145 3
732 145 3
735 145 1
739 145 1
743 145 2
746 145 3
747 145 1
748 145 2
757 145 1
759 145 3
761 145 1
762 145 1
766 145 3
768 145 3
775 145 2
777 145 2
780 145 2
783 145 1
784 145 2
786 145 2
791 145 2
801 145 3
802 145 1
803 145 2
806 145 3
810 145 1
816 145 3
817 145 3
818 145 1
820 145 2
821 145 1
824 145 1
827 145 1
828 145 3
830 145 3
832 145 1
833 145 3
834 145 1
841 145 3
842 145 2
844 145 2
848 145 3
851 145 1
856 145 1
857 145 2
859 145 3
861 145 1
864 145 3
871 145 1
876 145 2
880 145 3
884 145 3
885 145 3
887 145 1
890 145 1
894 145 1
898 145 1
900 145 1
902 145 3
906 145 3
907 145 3
909 145 1
910 145 2
914 145 1
917 145 3
921 145 3
922 145 2
923 145 3
924 145 3
926 145 2
927 145 3
929 145 2
932 145 3
935 145 1
945 145 1
952 145 2
955 145 3
959 145 2
967 145 3
968 145 2
969 145 2
979 145 3
984 145 3
993 145 3
997 145 2
2 146 2
10 146 2
12 146 2
13 146 2
15 146 2
22 146 2
23 146 1
28 146 3
29 146 3
37 146 2
38 146 1
39 146 3
50 146 2
52 146 1
56 146 2
58 146 2
65 146 2
70 146 2
76 146 3
83 146 1
89 146 3
92 146 2
93 146 2
94 146 1
95 146 3
98 146 3
101 146 1
102 146 2
103 146 3
105 146 3
106 146 3
110 146 1
119 146 2
121 146 1
122 146 3
123 146 3
126 146 1
127 146 2
131 146 1
132 146 1
133 146 3
137 146 1
141 146 2
142 146 1
147 146 2
150 146 2
151 146 1
153 146 2
155 146 3
156 146 2
157 146 3
158 146 2
159 146 3
163 146 3
164 146 3
165 146 3
168 146 1
169 146 2
170 146 1
173 146 3
174 146 2
177 146 3
178 146 3
187 146 1
190 146 1
197 146 2
198 146 1
210 146 3
214 146 2
216 146 1
217 146 3
221 146 1
225 146 3
227 146 2
231 146 3
236 146 1
241 146 3
243 146 1
245 146 1
248 146 2
250 146 3
259 146 3
262 146 1
266 146 3
267 146 2
268 146 2
275 146 2
280 146 1
282 146 2
285 146 2
287 146 1
290 146 1
292 146 1
293 146 2
294 146 1
295 146 2
296 146 1
303 146 1
304 146 1
305 146 2
307 146 2
308 146 1
312 146 3
313 146 3
323 146 1
325 146 2
328 146 1
331 146 3
335 146 2
340 146 1
344 146 1
348 146 1
352 146 2
359 146 2
361 146 2
365 146 2
369 146 3
371 146 2
372 146 3
379 146 3
383 146 1
385 146 1
386 146 2
388 146 2
389 146 3
392 146 2
393 146 2
395 146 3
398 146 3
400 146 2
401 146 3
405 146 2
406 146 3
407 146 1
410 146 2
414 146 2
415 146 3
416 146 3
417 146 2
418 146 1
422 146 3
423 146 1
427 146 1
428 146 2
429 146 1
433 146 1
434 146 2
436 146 2
441 146 3
442 146 2
443 146 1
444 146 1
445 146 3
451 146 2
452 146 1
455 146 2
462 146 3
463 146 3
464 146 2
469 146 1
470 146 3
473 146 1
474 146 1
477 146 2
481 146 2
483 146 2
487 146 2
493 146 1
498 146 3
499 146 1
513 146 2
516 146 3
521 146 1
523 146 3
531 146 1
532 146 1
543 146 2
546 146 1
547 146 2
551 146 3
554 146 2
557 146 1
561 146 1
566 146 2
569 146 1
575 146 3
577 146 3
584 146 2
591 146 3
593 146 3
597 146 3
602 146 1
607 146 1
608 146 2
614 146 3
615 146 3
621 146 3
622 146 2
626 146 1
629 146 3
630 146 2
631 146 3
633 146 1
634 146 2
636 146 1
638 146 3
644 146 3
657 146 2
660 146 1
663 146 2
667 146 1
670 146 1
679 146 2
680 146 3
681 146 2
682 146 1
684 146 1
686 146 2
687 146 3
688 146 1
693 146 1
697 146 1
701 146 1
703 146 2
705 146 1
706 146 3
713 146 2
718 146 3
720 146 3
721 146 1
727 146 2
729 146 3
730 146 3
731 146 2
736 146 1
739 146 1
740 146 3
743 146 1
748 146 3
751 146 1
753 146 1
756 146 1
758 146 2
760 146 2
772 146 2
777 146 2
779 146 1
784 146 1
786 146 2
789 146 2
792 146 3
794 146 2
796 146 2
797 146 2
801 146 2
802 146 2
810 146 1
811 146 3
815 146 2
816 146 2
817 146 2
819 146 3
820 146 1
821 146 1
828 146 3
830 146 2
831 146 1
832 146 3
834 146 2
835 146 2
837 146 3
841 146 3
844 146 1
849 146 1
855 146 2
858 146 2
861 146 3
862 146 2
863 146 3
864 146 1
866 146 1
867 146 1
872 146 3
873 146 1
874 146 2
875 146 1
878 146 3
880 146 2
884 146 3
892 146 2
894 146 3
896 146 2
905 146 2
910 146 2
911 146 1
912 146 3
913 146 2
914 146 2
915 146 1
916 146 1
918 146 1
919 146 3
922 146 1
923 146 1
924 146 2
928 146 3
938 146 1
950 146 2
951 146 1
952 146 2
961 146 1
963 146 1
968 146 3
969 146 2
971 146 3
972 146 3
978 146 2
987 146 1
993 146 2
998 146 3
0 147 1
1 147 1
5 147 1
8 147 2
10 147 1
13 147 3
18 147 3
20 147 2
22 147 1
25 147 3
27 147 1
29 147 2
41 147 3
42 147 3
43 147 2
45 147 1
46 147 2
53 147 1
59 147 3
62 147 2
66 147 1
73 147 1
77 147 1
80 147 2
81 147 2
84 147 2
101 147 2
105 147 3
106 147 1
109 147 3
110 147 1
119 147 2
121 147 1
123 147 3
124 147 1
129 147 1
130 147 3
133 147 3
135 147 3
137 147 2
141 147 3
144 147 2
150 147 3
151 147 2
155 147 2
156 147 3
162 147 3
167 147 1
168 147 2
169 147 1
183 147 3
185 147 1
196 147 3
197 147 2
199 147 3
201 147 2
203 147 2
206 147 1
207 147 1
208 147 3
209 147 1
212 147 3
213 147 2
215 147 2
223 147 3
232 147 1
236 147 2
238 147 1
239 147 3
240 147 2
243 147 1
244 147 3
245 147 2
246 147 2
248 147 2
249 147 3
250 147 1
252 147 3
253 147 2
262 147 1
265 147 1
266 147 2
267 147 2
271 147 1
288 147 3
292 147 1
293 147 1
296 147 1
297 147 2
298 147 2
303 147 2
304 147 3
318 147 2
331 147 2
334 147 3
340 147 1
344 147 2
345 147 2
346 147 1
352 147 2
354 147 2
355 147 2
356 147 3
361 147 3
362 147 3
364 147 3
365 147 3
369 147 1
371 147 1
375 147 1
376 147 1
378 147 3
379 147 3
380 147 2
382 147 2
385 147 2
392 147 2
394 147 2
395 147 2
399 147 3
402 147 1
403 147 1
405 147 2
415 147 2
419 147 2
420 147 3
421 147 1
425 147 1
430 147 2
432 147 1
433 147 2
440 147 3
447 147 1
449 147 2
461 147 1
465 147 3
466 147 1
467 147 3
470 147 3
473 147 3
475 147 2
487 147 3
493 147 1
495 147 2
501 147 2
504 147 2
505 147 2
506 147 2
515 147 1
517 147 3
518 147 2
522 147 3
526 147 2
530 147 2
532 147 2
535 147 3
536 147 3
542 147 3
544 147 3
545 147 2
549 147 2
550 147 2
551 147 2
555 147 1
556 147 3
557 147 3
564 147 3
567 147 2
571 147 2
572 147 2
573 147 1
576 147 3
577 147 1
578 147 2
579 147 1
581 147 2
585 147 3
586 147 1
588 147 3
591 147 1
593 147 3
594 147 2
597 147 1
605 147 3
606 147 1
615 147 1
617 147 3
621 147 3
627 147 3
629 147 3
632 147 3
633 147 2
638 147 1
639 147 1
644 147 1
645 147 1
648 147 3
651 147 3
652 147 2
653 147 2
654 147 3
656 147 3
657 147 1
658 147 1
663 147 2
667 147 2
674 147 1
675 147 3
676 147 3
677 147 1
679 147 2
683 147 3
685 147 1
686 147 3
688 147 1
691 147 2
693 147 3
695 147 3
697 147 1
698 147 2
702 147 1
704 147 3
705 147 3
711 147 3
716 147 3
718 147 3
719 147 3
724 147 2
726 147 1
728 147 1
730 147 3
734 147 2
739 147 2
740 147 1
743 147 3
744 147 1
746 147 2
748 147 2
751 147 3
755 147 2
756 147 2
764 147 1
768 147 3
772 147 1
775 147 2
777 147 1
780 147 1
785 147 1
