847 79 1
851 79 3
852 79 3
853 79 2
856 79 2
859 79 1
860 79 2
862 79 3
863 79 3
865 79 3
868 79 1
869 79 1
870 79 1
875 79 1
877 79 2
879 79 1
880 79 3
881 79 2
895 79 1
903 79 1
909 79 2
913 79 2
915 79 3
917 79 2
918 79 3
921 79 3
922 79 3
928 79 3
933 79 1
935 79 3
936 79 1
946 79 1
947 79 1
949 79 3
953 79 1
955 79 2
958 79 1
960 79 3
963 79 1
968 79 1
969 79 1
973 79 1
979 79 3
982 79 1
985 79 3
996 79 1
997 79 3
0 80 3
4 80 2
11 80 3
13 80 3
15 80 2
16 80 3
17 80 3
18 80 1
20 80 1
22 80 3
23 80 2
25 80 1
39 80 3
40 80 3
43 80 2
45 80 3
47 80 1
49 80 2
50 80 2
51 80 1
52 80 1
54 80 1
57 80 2
58 80 3
59 80 1
62 80 2
64 80 2
66 80 3
70 80 1
71 80 2
72 80 2
76 80 1
78 80 2
82 80 2
83 80 3
84 80 2
89 80 1
90 80 1
94 80 3
100 80 3
104 80 2
109 80 1
119 80 1
121 80 3
123 80 2
126 80 2
129 80 2
131 80 2
134 80 3
137 80 1
143 80 3
147 80 2
150 80 2
151 80 2
152 80 2
153 80 2
162 80 1
165 80 3
166 80 2
172 80 3
181 80 2
182 80 2
189 80 1
191 80 1
192 80 3
194 80 2
195 80 1
197 80 2
198 80 2
199 80 2
202 80 1
203 80 2
205 80 3
206 80 3
207 80 2
210 80 1
211 80 3
213 80 1
214 80 3
217 80 1
219 80 1
222 80 1
225 80 1
229 80 3
230 80 2
234 80 2
236 80 1
237 80 1
240 80 2
241 80 2
245 80 1
249 80 1
252 80 1
254 80 3
263 80 3
275 80 2
278 80 2
279 80 3
285 80 1
288 80 3
294 80 1
300 80 3
303 80 3
305 80 2
309 80 2
310 80 3
311 80 2
313 80 2
315 80 2
320 80 3
322 80 1
324 80 3
327 80 2
339 80 3
341 80 3
345 80 3
350 80 1
351 80 2
354 80 3
356 80 1
357 80 3
360 80 1
364 80 3
367 80 3
373 80 2
374 80 3
378 80 2
380 80 1
384 80 3
387 80 1
389 80 3
391 80 1
392 80 3
394 80 2
397 80 1
402 80 3
404 80 2
405 80 2
411 80 2
412 80 2
416 80 3
417 80 3
425 80 2
428 80 2
431 80 1
435 80 1
438 80 2
440 80 2
441 80 1
442 80 2
443 80 3
444 80 3
445 80 2
447 80 3
448 80 3
458 80 2
463 80 1
468 80 2
469 80 1
477 80 3
478 80 3
480 80 1
489 80 2
490 80 2
491 80 2
492 80 2
496 80 3
497 80 2
500 80 1
502 80 1
503 80 3
509 80 2
510 80 2
512 80 1
513 80 1
516 80 3
520 80 2
527 80 3
534 80 1
535 80 1
536 80 1
544 80 2
545 80 2
550 80 1
553 80 2
554 80 3
555 80 2
561 80 1
564 80 3
565 80 2
576 80 3
577 80 2
582 80 2
583 80 3
584 80 2
593 80 1
596 80 1
599 80 2
600 80 2
603 80 1
604 80 2
605 80 3
607 80 1
612 80 3
621 80 3
624 80 2
637 80 1
639 80 1
642 80 2
647 80 3
648 80 1
651 80 2
652 80 3
654 80 3
656 80 2
661 80 2
664 80 2
666 80 3
667 80 2
672 80 2
675 80 1
677 80 1
678 80 2
679 80 2
683 80 2
685 80 1
687 80 1
689 80 2
691 80 3
692 80 3
694 80 1
695 80 3
698 80 2
700 80 3
701 80 3
705 80 3
706 80 1
708 80 2
709 80 3
711 80 3
714 80 1
715 80 2
717 80 3
718 80 1
720 80 1
721 80 1
724 80 3
726 80 1
727 80 3
728 80 2
738 80 2
739 80 2
740 80 1
747 80 1
749 80 1
753 80 1
754 80 3
758 80 3
760 80 2
762 80 1
770 80 3
772 80 3
773 80 3
774 80 2
775 80 2
777 80 1
778 80 3
780 80 3
787 80 2
798 80 3
799 80 1
801 80 2
803 80 1
805 80 3
813 80 2
814 80 2
819 80 2
821 80 3
825 80 2
827 80 2
831 80 1
836 80 1
843 80 1
844 80 1
847 80 1
848 80 2
852 80 1
855 80 2
858 80 3
862 80 1
863 80 1
865 80 2
866 80 3
869 80 3
870 80 3
877 80 1
878 80 3
880 80 1
882 80 1
883 80 3
885 80 1
886 80 1
890 80 3
893 80 3
894 80 2
895 80 1
896 80 3
897 80 3
901 80 2
904 80 3
909 80 1
910 80 1
914 80 1
915 80 1
919 80 1
920 80 2
922 80 1
924 80 2
930 80 3
931 80 1
934 80 1
938 80 3
941 80 3
942 80 2
946 80 2
948 80 2
950 80 3
952 80 1
953 80 1
954 80 2
955 80 3
957 80 1
961 80 3
963 80 3
972 80 1
979 80 2
982 80 3
983 80 2
984 80 1
989 80 2
998 80 2
999 80 1
2 81 2
5 81 2
6 81 3
7 81 3
9 81 1
11 81 1
12 81 1
15 81 2
21 81 1
22 81 3
27 81 2
29 81 2
36 81 2
38 81 1
39 81 1
40 81 1
41 81 3
44 81 1
45 81 1
46 81 2
47 81 3
50 81 3
52 81 2
59 81 1
61 81 2
62 81 1
65 81 2
66 81 2
67 81 2
69 81 1
81 81 1
83 81 1
85 81 2
86 81 3
88 81 2
91 81 3
92 81 3
94 81 1
95 81 2
96 81 1
100 81 1
105 81 3
112 81 1
116 81 3
124 81 2
129 81 2
131 81 2
132 81 3
136 81 1
139 81 1
144 81 3
151 81 2
153 81 1
156 81 2
164 81 3
165 81 3
170 81 1
172 81 3
178 81 1
184 81 2
187 81 1
188 81 2
189 81 2
193 81 1
195 81 2
199 81 2
210 81 3
211 81 1
213 81 1
220 81 1
222 81 1
226 81 1
228 81 3
229 81 3
230 81 2
231 81 3
233 81 3
234 81 2
238 81 2
239 81 3
240 81 1
242 81 3
244 81 3
246 81 1
250 81 3
251 81 2
254 81 2
259 81 1
262 81 1
265 81 3
270 81 1
272 81 1
279 81 3
280 81 1
281 81 2
283 81 2
284 81 2
287 81 3
299 81 2
301 81 1
304 81 3
306 81 3
307 81 1
311 81 1
313 81 3
314 81 2
316 81 3
318 81 2
320 81 1
322 81 2
325 81 1
326 81 1
328 81 3
330 81 3
335 81 3
336 81 3
339 81 1
344 81 1
345 81 1
347 81 2
351 81 3
362 81 3
363 81 2
364 81 1
367 81 1
369 81 1
373 81 1
381 81 1
382 81 1
384 81 3
389 81 3
390 81 3
394 81 2
397 81 1
398 81 3
401 81 3
403 81 2
404 81 1
409 81 2
410 81 2
412 81 2
415 81 3
418 81 3
420 81 3
425 81 3
428 81 3
430 81 3
436 81 3
437 81 2
438 81 1
442 81 2
445 81 2
446 81 1
452 81 3
454 81 3
455 81 1
457 81 2
459 81 1
460 81 1
462 81 3
466 81 3
469 81 2
470 81 3
473 81 1
480 81 2
484 81 3
487 81 1
488 81 1
492 81 1
493 81 1
496 81 2
499 81 1
500 81 3
501 81 2
502 81 2
506 81 2
508 81 2
511 81 3
514 81 1
515 81 3
518 81 1
520 81 2
522 81 2
528 81 1
531 81 3
537 81 3
542 81 1
543 81 3
548 81 2
550 81 3
552 81 1
554 81 3
558 81 3
559 81 3
561 81 3
562 81 2
566 81 3
568 81 2
570 81 3
571 81 3
574 81 3
575 81 1
576 81 3
578 81 3
587 81 1
588 81 2
591 81 3
593 81 1
598 81 2
600 81 3
604 81 3
608 81 3
609 81 2
611 81 1
615 81 3
619 81 1
621 81 2
622 81 3
625 81 2
628 81 1
629 81 2
632 81 1
633 81 1
634 81 2
636 81 2
648 81 2
649 81 2
651 81 1
654 81 2
660 81 1
663 81 1
665 81 3
669 81 3
671 81 2
672 81 1
674 81 1
685 81 3
686 81 1
692 81 2
697 81 1
698 81 3
701 81 1
703 81 2
708 81 1
709 81 1
713 81 3
714 81 2
715 81 2
716 81 3
719 81 3
721 81 2
722 81 3
723 81 1
724 81 3
730 81 1
731 81 2
733 81 2
734 81 2
735 81 1
736 81 3
738 81 1
744 81 2
748 81 2
751 81 1
752 81 1
754 81 2
755 81 3
757 81 2
759 81 3
762 81 1
764 81 2
767 81 2
768 81 1
775 81 3
776 81 2
780 81 2
783 81 3
