142 716 3
144 716 3
145 716 3
146 716 3
149 716 3
150 716 1
152 716 2
156 716 1
161 716 3
163 716 1
166 716 3
169 716 1
170 716 3
182 716 3
185 716 1
186 716 2
191 716 3
192 716 1
198 716 1
199 716 2
200 716 2
203 716 1
206 716 2
207 716 3
209 716 1
212 716 3
219 716 1
220 716 3
222 716 3
226 716 3
228 716 1
233 716 3
237 716 1
243 716 3
248 716 3
255 716 1
256 716 3
257 716 3
262 716 1
266 716 3
270 716 3
274 716 2
275 716 3
278 716 2
283 716 3
289 716 1
290 716 1
292 716 1
294 716 2
295 716 3
298 716 3
301 716 2
302 716 3
303 716 3
304 716 2
306 716 3
307 716 1
311 716 1
312 716 2
316 716 1
321 716 2
323 716 1
325 716 3
326 716 1
327 716 1
329 716 2
330 716 3
331 716 3
332 716 3
335 716 2
336 716 3
341 716 3
342 716 2
343 716 1
344 716 2
350 716 2
358 716 3
359 716 1
361 716 2
362 716 1
363 716 1
369 716 3
380 716 2
382 716 3
387 716 3
388 716 1
390 716 1
394 716 1
396 716 3
403 716 3
404 716 3
407 716 2
409 716 3
412 716 2
413 716 3
418 716 3
420 716 1
424 716 2
432 716 3
434 716 1
436 716 2
437 716 1
438 716 2
440 716 3
452 716 1
454 716 3
460 716 2
461 716 2
469 716 1
470 716 2
471 716 2
479 716 2
480 716 2
481 716 2
482 716 2
483 716 2
490 716 1
492 716 2
493 716 3
502 716 2
503 716 1
512 716 3
520 716 2
522 716 2
523 716 3
527 716 2
529 716 1
531 716 1
544 716 3
547 716 1
551 716 2
554 716 2
558 716 3
559 716 2
561 716 1
562 716 2
563 716 1
566 716 3
567 716 1
572 716 2
580 716 1
587 716 1
589 716 3
601 716 1
603 716 1
607 716 3
610 716 3
613 716 1
615 716 1
620 716 3
621 716 3
622 716 3
625 716 2
626 716 2
628 716 3
637 716 2
638 716 1
641 716 2
645 716 2
647 716 1
649 716 2
650 716 2
651 716 1
656 716 3
657 716 1
658 716 1
660 716 3
663 716 1
671 716 1
676 716 3
679 716 2
682 716 2
686 716 2
687 716 3
689 716 1
691 716 2
698 716 3
700 716 1
703 716 3
709 716 1
711 716 1
713 716 1
715 716 3
718 716 3
719 716 3
720 716 1
722 716 3
725 716 2
727 716 2
730 716 1
731 716 2
733 716 1
735 716 3
738 716 1
740 716 3
744 716 1
745 716 1
747 716 3
748 716 2
756 716 1
758 716 2
759 716 3
761 716 2
762 716 2
763 716 2
764 716 3
773 716 2
778 716 3
779 716 1
780 716 2
781 716 2
788 716 3
789 716 3
790 716 2
791 716 1
793 716 3
794 716 3
795 716 1
797 716 3
801 716 2
803 716 1
806 716 3
807 716 1
808 716 1
810 716 1
811 716 3
813 716 3
814 716 1
817 716 1
821 716 2
829 716 1
833 716 3
835 716 1
842 716 3
852 716 1
853 716 3
855 716 1
857 716 2
858 716 1
859 716 1
860 716 2
865 716 3
872 716 3
876 716 3
878 716 3
879 716 1
883 716 1
885 716 2
886 716 1
887 716 2
888 716 1
903 716 3
908 716 3
909 716 3
910 716 3
912 716 3
916 716 2
917 716 3
920 716 1
921 716 2
923 716 3
925 716 2
928 716 2
931 716 1
932 716 3
934 716 2
935 716 1
942 716 3
943 716 1
945 716 3
951 716 2
955 716 1
960 716 1
963 716 2
964 716 1
965 716 1
968 716 1
969 716 1
971 716 1
972 716 1
973 716 3
974 716 3
975 716 2
976 716 3
977 716 3
979 716 1
981 716 2
984 716 3
986 716 3
988 716 1
990 716 3
992 716 1
995 716 1
998 716 1
3 717 3
7 717 2
8 717 2
9 717 3
14 717 1
17 717 2
19 717 1
21 717 1
28 717 3
31 717 3
38 717 1
43 717 1
44 717 3
47 717 3
48 717 3
51 717 1
57 717 3
58 717 1
64 717 3
68 717 1
71 717 3
73 717 3
74 717 2
75 717 3
76 717 1
84 717 2
87 717 1
88 717 2
94 717 2
98 717 1
101 717 2
106 717 1
113 717 1
117 717 1
119 717 3
120 717 3
122 717 2
124 717 3
127 717 2
128 717 2
131 717 3
139 717 2
140 717 3
144 717 1
148 717 2
149 717 2
150 717 2
151 717 3
153 717 2
161 717 2
163 717 2
164 717 1
165 717 3
169 717 3
175 717 2
183 717 3
187 717 1
191 717 1
200 717 3
205 717 1
206 717 1
214 717 3
215 717 2
216 717 3
218 717 2
220 717 3
226 717 2
227 717 2
228 717 2
229 717 3
230 717 2
232 717 2
234 717 3
235 717 3
236 717 3
239 717 1
244 717 1
245 717 3
247 717 1
249 717 2
259 717 2
264 717 3
269 717 3
270 717 1
273 717 3
278 717 2
279 717 1
283 717 2
287 717 1
291 717 2
292 717 1
295 717 1
296 717 2
302 717 2
303 717 2
304 717 2
308 717 1
310 717 1
312 717 1
313 717 2
314 717 1
317 717 3
321 717 2
326 717 1
327 717 3
330 717 2
331 717 2
339 717 3
345 717 1
348 717 3
349 717 2
356 717 1
357 717 3
360 717 3
362 717 1
364 717 1
365 717 1
366 717 2
368 717 1
369 717 2
374 717 2
379 717 2
381 717 3
382 717 1
383 717 2
387 717 1
389 717 2
394 717 3
396 717 1
399 717 3
400 717 1
404 717 1
407 717 1
408 717 2
414 717 2
420 717 1
424 717 2
430 717 1
431 717 1
432 717 2
433 717 3
434 717 1
438 717 1
439 717 2
441 717 1
443 717 1
449 717 1
452 717 2
456 717 1
459 717 3
461 717 2
462 717 2
466 717 1
469 717 1
472 717 2
474 717 3
475 717 1
479 717 3
483 717 2
487 717 1
491 717 1
493 717 2
497 717 1
498 717 3
502 717 3
511 717 3
516 717 1
519 717 1
521 717 1
523 717 1
527 717 2
529 717 2
530 717 3
532 717 3
538 717 3
540 717 1
542 717 1
556 717 2
557 717 2
559 717 3
561 717 1
562 717 3
569 717 1
570 717 2
571 717 3
573 717 3
574 717 3
576 717 1
582 717 2
584 717 3
587 717 1
589 717 1
591 717 2
592 717 3
593 717 2
595 717 1
596 717 3
598 717 3
607 717 1
608 717 3
610 717 2
611 717 3
613 717 1
614 717 1
617 717 2
623 717 1
624 717 3
625 717 1
628 717 3
629 717 2
636 717 3
637 717 1
642 717 1
644 717 2
647 717 2
652 717 2
653 717 3
654 717 2
659 717 2
660 717 3
662 717 1
664 717 2
665 717 2
667 717 3
669 717 3
671 717 3
672 717 1
675 717 2
676 717 3
685 717 1
686 717 2
687 717 2
694 717 3
697 717 3
699 717 1
700 717 1
702 717 1
707 717 1
710 717 3
711 717 2
712 717 2
713 717 2
717 717 3
723 717 1
725 717 1
726 717 3
727 717 3
728 717 2
729 717 1
732 717 3
733 717 3
736 717 1
739 717 1
742 717 1
753 717 3
754 717 3
755 717 3
756 717 1
759 717 2
761 717 1
762 717 1
764 717 2
767 717 2
773 717 2
774 717 3
775 717 2
777 717 1
779 717 1
781 717 2
787 717 1
788 717 3
789 717 3
793 717 2
796 717 1
803 717 1
806 717 1
807 717 3
808 717 1
810 717 2
811 717 3
812 717 3
813 717 1
815 717 3
819 717 3
821 717 3
824 717 2
826 717 2
830 717 2
832 717 2
835 717 1
842 717 3
847 717 1
851 717 3
853 717 2
854 717 2
856 717 3
858 717 3
859 717 3
861 717 3
864 717 2
865 717 1
867 717 2
868 717 1
873 717 2
874 717 3
877 717 3
879 717 3
881 717 2
883 717 3
884 717 1
896 717 1
900 717 2
901 717 3
903 717 3
906 717 3
911 717 1
912 717 2
913 717 1
916 717 3
917 717 2
919 717 2
923 717 3
924 717 3
927 717 2
928 717 3
932 717 1
936 717 1
946 717 2
947 717 2
951 717 2
953 717 2
954 717 3
955 717 3
963 717 1
966 717 3
970 717 3
978 717 1
980 717 1
985 717 3
988 717 2
990 717 2
991 717 3
992 717 2
996 717 3
997 717 2
999 717 2
0 718 1
1 718 3
2 718 1
5 718 3
7 718 3
10 718 2
15 718 3
16 718 1
22 718 1
24 718 2
27 718 1
28 718 2
31 718 3
36 718 3
41 718 1
44 718 1
45 718 2
46 718 3
47 718 3
51 718 3
52 718 2
53 718 1
54 718 3
55 718 2
56 718 2
59 718 3
