896 296 1
897 296 1
899 296 1
904 296 3
906 296 1
907 296 2
914 296 3
916 296 3
921 296 3
923 296 2
924 296 3
925 296 1
929 296 2
932 296 2
936 296 2
938 296 1
943 296 1
949 296 1
957 296 3
960 296 1
967 296 2
968 296 2
971 296 2
973 296 2
975 296 1
983 296 1
990 296 3
993 296 3
994 296 1
995 296 1
998 296 3
1 297 1
4 297 1
5 297 2
9 297 1
11 297 3
12 297 3
13 297 1
16 297 2
26 297 3
28 297 3
30 297 1
31 297 1
36 297 3
37 297 1
54 297 2
64 297 1
65 297 3
66 297 2
67 297 2
73 297 3
75 297 1
77 297 2
84 297 1
85 297 1
88 297 2
99 297 3
104 297 1
108 297 3
113 297 3
116 297 1
119 297 3
121 297 1
123 297 2
127 297 1
133 297 3
134 297 1
135 297 2
139 297 1
142 297 3
145 297 2
151 297 3
153 297 3
154 297 2
155 297 1
156 297 3
160 297 3
161 297 2
170 297 3
175 297 3
177 297 3
179 297 2
180 297 3
187 297 3
193 297 2
194 297 2
196 297 3
199 297 2
200 297 1
202 297 2
205 297 2
207 297 2
209 297 2
212 297 2
215 297 3
216 297 2
217 297 2
219 297 3
221 297 2
223 297 2
224 297 1
225 297 1
227 297 1
229 297 3
231 297 2
232 297 1
233 297 3
235 297 2
237 297 1
242 297 2
244 297 3
247 297 1
257 297 1
259 297 2
262 297 2
263 297 1
265 297 2
266 297 3
270 297 1
274 297 3
278 297 2
280 297 1
284 297 2
287 297 2
289 297 3
291 297 1
292 297 3
294 297 3
301 297 3
303 297 3
305 297 3
306 297 2
307 297 2
308 297 1
314 297 2
315 297 1
317 297 1
318 297 3
327 297 3
329 297 3
349 297 3
356 297 3
360 297 3
361 297 2
363 297 3
369 297 1
370 297 2
371 297 3
376 297 2
378 297 2
379 297 2
383 297 3
385 297 2
387 297 3
392 297 1
395 297 3
398 297 1
399 297 2
401 297 3
404 297 2
406 297 2
407 297 2
408 297 2
409 297 2
411 297 1
412 297 1
419 297 3
423 297 1
426 297 2
427 297 3
428 297 3
441 297 3
442 297 3
446 297 1
447 297 2
450 297 2
453 297 3
458 297 1
460 297 3
462 297 2
463 297 3
467 297 1
469 297 3
471 297 2
473 297 3
480 297 1
481 297 2
483 297 3
484 297 1
487 297 3
488 297 1
491 297 2
492 297 1
493 297 3
494 297 2
497 297 3
499 297 1
504 297 3
505 297 2
507 297 3
508 297 1
512 297 1
517 297 1
528 297 1
530 297 3
534 297 1
538 297 2
540 297 3
541 297 1
542 297 3
545 297 3
546 297 1
548 297 3
551 297 1
554 297 1
555 297 3
556 297 1
561 297 1
565 297 1
567 297 2
570 297 1
574 297 2
575 297 2
576 297 1
580 297 1
582 297 1
588 297 3
590 297 1
591 297 2
593 297 1
594 297 1
596 297 2
597 297 2
601 297 3
603 297 2
605 297 1
606 297 1
608 297 1
613 297 3
618 297 2
620 297 2
622 297 1
624 297 1
628 297 1
630 297 2
631 297 2
634 297 3
635 297 3
644 297 1
645 297 1
648 297 3
670 297 1
677 297 2
684 297 3
686 297 1
688 297 3
693 297 1
700 297 3
711 297 2
712 297 1
722 297 2
723 297 1
724 297 1
727 297 1
731 297 3
733 297 3
734 297 1
737 297 1
739 297 2
746 297 2
751 297 2
754 297 3
763 297 2
765 297 2
767 297 3
768 297 3
770 297 2
773 297 1
777 297 3
780 297 2
785 297 1
786 297 3
791 297 1
793 297 1
794 297 2
800 297 2
804 297 2
806 297 1
807 297 2
808 297 3
809 297 3
810 297 1
815 297 1
819 297 1
822 297 3
827 297 2
829 297 1
831 297 3
832 297 3
834 297 1
845 297 1
852 297 1
854 297 2
856 297 1
864 297 1
865 297 1
867 297 3
871 297 1
875 297 2
878 297 1
886 297 1
887 297 3
888 297 2
891 297 3
900 297 3
901 297 3
903 297 1
905 297 3
906 297 1
907 297 1
909 297 2
911 297 3
912 297 2
913 297 3
914 297 3
920 297 3
921 297 2
927 297 1
929 297 3
932 297 1
936 297 1
941 297 3
943 297 2
951 297 2
953 297 2
955 297 2
956 297 3
959 297 1
961 297 1
963 297 1
964 297 2
965 297 3
966 297 1
972 297 2
973 297 3
975 297 3
976 297 2
978 297 2
979 297 3
981 297 2
982 297 3
985 297 2
992 297 3
999 297 3
11 298 3
21 298 2
26 298 3
27 298 1
28 298 1
30 298 2
32 298 1
37 298 1
38 298 3
44 298 1
45 298 3
47 298 3
53 298 1
54 298 2
57 298 1
61 298 2
63 298 3
66 298 2
68 298 2
75 298 1
76 298 1
77 298 2
78 298 1
84 298 2
86 298 2
87 298 1
88 298 1
91 298 3
93 298 2
98 298 1
106 298 1
109 298 3
111 298 1
114 298 2
115 298 3
117 298 3
118 298 1
120 298 3
122 298 3
126 298 1
129 298 1
130 298 2
142 298 1
143 298 2
144 298 3
146 298 2
147 298 1
150 298 3
152 298 1
156 298 3
157 298 2
165 298 1
168 298 3
170 298 2
171 298 1
173 298 2
174 298 1
178 298 3
179 298 2
189 298 1
195 298 3
198 298 2
203 298 1
211 298 1
212 298 1
214 298 2
215 298 2
217 298 1
222 298 2
224 298 1
231 298 2
232 298 3
233 298 1
234 298 2
237 298 3
238 298 1
240 298 1
248 298 1
255 298 2
256 298 2
257 298 3
263 298 3
265 298 3
267 298 2
272 298 3
274 298 1
282 298 1
284 298 2
292 298 1
303 298 1
304 298 1
305 298 2
306 298 3
307 298 1
308 298 1
309 298 1
310 298 1
318 298 1
319 298 2
328 298 3
329 298 2
338 298 3
343 298 3
345 298 1
347 298 1
348 298 2
349 298 2
351 298 2
354 298 1
355 298 2
358 298 3
359 298 1
368 298 3
369 298 1
373 298 3
375 298 2
377 298 1
383 298 2
385 298 2
388 298 1
389 298 2
391 298 3
392 298 1
395 298 3
397 298 1
399 298 2
400 298 2
410 298 3
412 298 2
415 298 2
427 298 3
430 298 3
431 298 1
433 298 1
435 298 3
442 298 3
446 298 1
449 298 1
454 298 3
455 298 3
458 298 1
461 298 2
462 298 3
463 298 2
465 298 3
469 298 1
472 298 2
477 298 2
478 298 2
481 298 1
485 298 1
487 298 3
488 298 2
491 298 1
492 298 3
494 298 1
495 298 3
499 298 1
501 298 2
503 298 3
507 298 1
512 298 2
517 298 3
519 298 1
521 298 3
522 298 2
528 298 2
529 298 3
530 298 1
535 298 3
539 298 2
541 298 2
546 298 1
547 298 2
550 298 3
552 298 2
558 298 1
559 298 2
560 298 2
561 298 1
562 298 1
567 298 3
574 298 2
576 298 3
577 298 2
578 298 2
583 298 2
585 298 1
586 298 1
588 298 2
592 298 2
598 298 2
601 298 2
604 298 2
608 298 3
616 298 1
623 298 1
626 298 3
627 298 1
637 298 3
642 298 3
644 298 1
650 298 2
651 298 2
656 298 2
657 298 3
661 298 1
662 298 3
667 298 1
668 298 2
673 298 1
681 298 3
682 298 1
685 298 2
689 298 1
692 298 2
696 298 3
697 298 3
699 298 3
700 298 1
703 298 2
707 298 1
710 298 2
712 298 2
714 298 1
716 298 1
726 298 1
727 298 2
728 298 3
729 298 2
730 298 2
731 298 1
732 298 1
733 298 2
737 298 3
738 298 1
740 298 2
744 298 1
745 298 1
750 298 1
753 298 3
754 298 1
755 298 2
758 298 2
759 298 2
763 298 3
768 298 3
774 298 1
776 298 3
779 298 3
783 298 1
784 298 2
786 298 3
791 298 1
792 298 1
795 298 2
797 298 1
799 298 2
801 298 1
802 298 1
804 298 3
808 298 3
810 298 2
811 298 1
813 298 1
818 298 2
819 298 2
820 298 2
823 298 3
832 298 2
835 298 2
839 298 1
840 298 2
843 298 1
847 298 3
848 298 1
855 298 3
858 298 1
859 298 1
860 298 2
866 298 3
867 298 3
873 298 2
874 298 1
875 298 1
876 298 3
886 298 2
887 298 3
888 298 2
889 298 1
892 298 2
894 298 1
898 298 2
901 298 2
903 298 1
910 298 1
911 298 3
915 298 3
918 298 3
921 298 3
925 298 2
926 298 1
931 298 1
932 298 3
933 298 1
934 298 3
935 298 1
936 298 3
937 298 3
939 298 3
944 298 2
946 298 2
