687 378 2
690 378 3
692 378 1
694 378 3
700 378 3
702 378 2
704 378 3
709 378 2
712 378 1
719 378 3
722 378 2
726 378 2
730 378 3
735 378 3
736 378 3
737 378 3
742 378 1
745 378 3
747 378 1
748 378 2
750 378 3
755 378 1
759 378 3
760 378 3
766 378 3
772 378 1
777 378 3
780 378 1
782 378 2
784 378 1
787 378 2
790 378 2
791 378 3
793 378 1
794 378 3
797 378 2
806 378 1
811 378 3
812 378 3
826 378 3
827 378 1
831 378 3
833 378 2
837 378 3
838 378 1
842 378 1
847 378 3
848 378 3
850 378 2
854 378 3
862 378 3
864 378 1
869 378 3
870 378 1
875 378 1
883 378 2
897 378 3
905 378 3
911 378 1
913 378 3
914 378 2
920 378 3
922 378 3
923 378 3
925 378 2
926 378 3
928 378 1
933 378 3
934 378 2
937 378 3
938 378 3
940 378 1
946 378 3
951 378 2
955 378 1
957 378 2
960 378 3
961 378 3
967 378 1
968 378 2
970 378 3
972 378 1
975 378 3
976 378 2
978 378 3
979 378 1
981 378 1
983 378 3
985 378 2
986 378 3
987 378 2
989 378 3
990 378 3
993 378 2
994 378 3
999 378 1
2 379 2
4 379 2
6 379 1
7 379 2
8 379 1
10 379 1
17 379 1
18 379 2
22 379 3
28 379 2
30 379 3
33 379 3
36 379 2
38 379 3
39 379 2
41 379 3
43 379 1
45 379 3
53 379 3
62 379 3
65 379 3
66 379 2
67 379 3
70 379 3
73 379 2
77 379 1
81 379 2
83 379 3
85 379 2
86 379 3
87 379 2
92 379 3
94 379 1
95 379 3
97 379 2
98 379 1
102 379 1
103 379 1
109 379 3
111 379 1
112 379 1
114 379 2
119 379 2
121 379 2
130 379 3
136 379 3
139 379 2
142 379 3
145 379 1
146 379 3
149 379 3
156 379 3
158 379 3
163 379 3
168 379 3
170 379 1
171 379 1
172 379 1
174 379 3
175 379 1
176 379 2
179 379 2
183 379 3
188 379 2
190 379 3
194 379 2
195 379 3
197 379 1
198 379 3
200 379 3
210 379 2
212 379 3
215 379 2
223 379 3
227 379 2
229 379 3
232 379 3
237 379 1
238 379 3
242 379 2
245 379 1
250 379 3
251 379 3
252 379 3
253 379 3
270 379 3
274 379 3
276 379 1
277 379 2
280 379 3
282 379 2
286 379 1
288 379 1
306 379 1
307 379 2
309 379 3
314 379 1
315 379 1
316 379 1
327 379 2
328 379 2
330 379 3
333 379 3
334 379 2
335 379 1
337 379 1
339 379 1
340 379 1
348 379 3
350 379 2
354 379 2
357 379 1
359 379 3
361 379 2
363 379 1
364 379 2
365 379 3
367 379 3
372 379 3
374 379 1
378 379 2
379 379 1
381 379 2
382 379 3
391 379 2
392 379 1
398 379 2
402 379 2
403 379 2
404 379 3
405 379 1
406 379 1
407 379 1
408 379 2
412 379 2
423 379 2
424 379 1
427 379 3
429 379 1
432 379 1
433 379 1
437 379 3
442 379 3
443 379 2
446 379 3
449 379 3
460 379 1
467 379 3
470 379 1
473 379 2
474 379 1
475 379 1
478 379 2
480 379 1
481 379 3
483 379 2
486 379 2
487 379 3
489 379 3
492 379 1
493 379 2
494 379 2
502 379 2
503 379 3
505 379 3
508 379 2
509 379 3
510 379 2
512 379 1
513 379 1
519 379 2
521 379 3
525 379 3
526 379 2
528 379 1
530 379 2
532 379 2
533 379 2
537 379 2
540 379 1
543 379 2
545 379 3
549 379 3
550 379 3
553 379 1
559 379 1
560 379 3
562 379 2
564 379 1
569 379 1
570 379 3
576 379 3
578 379 3
582 379 2
584 379 3
586 379 1
600 379 3
601 379 1
604 379 1
609 379 2
610 379 3
624 379 1
625 379 1
629 379 2
631 379 1
633 379 2
634 379 3
636 379 1
638 379 3
639 379 1
640 379 1
642 379 1
646 379 1
647 379 3
649 379 2
656 379 2
657 379 2
658 379 3
666 379 1
667 379 3
675 379 3
690 379 3
692 379 2
694 379 2
695 379 2
701 379 1
703 379 3
704 379 3
708 379 2
710 379 1
711 379 3
712 379 2
713 379 3
714 379 1
720 379 3
722 379 3
725 379 3
730 379 3
734 379 3
743 379 3
744 379 2
747 379 3
748 379 1
763 379 3
764 379 2
766 379 1
772 379 3
774 379 2
776 379 2
779 379 1
780 379 1
784 379 1
789 379 2
791 379 2
794 379 2
797 379 3
798 379 1
800 379 2
802 379 3
803 379 2
805 379 1
806 379 3
807 379 1
809 379 3
810 379 2
811 379 3
817 379 3
823 379 1
827 379 3
829 379 3
831 379 3
832 379 1
837 379 3
838 379 3
844 379 1
846 379 3
855 379 1
856 379 3
858 379 3
860 379 1
862 379 1
867 379 3
868 379 2
871 379 2
872 379 2
875 379 1
876 379 1
881 379 3
886 379 2
888 379 1
890 379 1
892 379 1
900 379 1
901 379 2
905 379 1
907 379 2
908 379 3
909 379 2
911 379 1
913 379 2
914 379 1
916 379 1
917 379 2
918 379 3
923 379 3
928 379 3
931 379 1
938 379 3
945 379 2
948 379 1
950 379 2
952 379 3
953 379 1
957 379 2
959 379 1
962 379 1
966 379 2
968 379 1
970 379 1
975 379 1
976 379 2
977 379 3
978 379 1
979 379 1
980 379 2
982 379 3
983 379 2
984 379 3
985 379 1
992 379 2
993 379 2
999 379 3
1 380 3
3 380 3
5 380 3
15 380 1
20 380 1
24 380 1
26 380 3
30 380 1
33 380 3
35 380 3
37 380 1
42 380 2
47 380 3
50 380 2
52 380 3
56 380 2
58 380 2
61 380 3
64 380 2
68 380 2
70 380 2
74 380 3
81 380 3
91 380 2
99 380 2
102 380 3
105 380 2
107 380 1
110 380 3
113 380 1
115 380 1
122 380 2
123 380 2
124 380 1
127 380 1
133 380 1
135 380 3
140 380 2
146 380 3
149 380 2
151 380 3
155 380 1
157 380 1
160 380 1
161 380 3
166 380 3
168 380 3
170 380 3
172 380 2
176 380 3
180 380 1
183 380 3
184 380 3
188 380 2
204 380 2
206 380 3
211 380 3
213 380 2
221 380 2
222 380 3
223 380 3
225 380 1
226 380 2
230 380 3
234 380 1
236 380 2
240 380 3
244 380 1
245 380 2
246 380 1
250 380 3
251 380 1
257 380 2
259 380 1
264 380 3
267 380 3
270 380 1
273 380 3
274 380 1
275 380 3
276 380 2
277 380 3
282 380 3
283 380 2
284 380 2
286 380 3
287 380 1
288 380 2
289 380 1
294 380 1
295 380 3
296 380 3
299 380 2
303 380 1
304 380 2
307 380 2
308 380 1
310 380 1
317 380 2
320 380 1
321 380 1
322 380 3
326 380 3
330 380 2
334 380 2
338 380 3
339 380 3
340 380 1
342 380 3
343 380 2
344 380 3
345 380 2
354 380 1
355 380 1
359 380 3
360 380 1
361 380 2
365 380 1
369 380 2
370 380 2
371 380 2
375 380 1
378 380 2
379 380 2
382 380 1
383 380 3
384 380 2
389 380 3
394 380 3
395 380 2
398 380 3
399 380 3
401 380 2
405 380 3
409 380 1
410 380 1
411 380 3
416 380 3
419 380 1
420 380 1
425 380 2
427 380 3
428 380 1
429 380 1
431 380 1
433 380 1
436 380 2
443 380 2
445 380 2
446 380 2
448 380 3
449 380 3
453 380 2
457 380 1
460 380 2
462 380 3
471 380 2
474 380 2
480 380 1
481 380 3
485 380 3
487 380 1
490 380 2
497 380 2
499 380 2
500 380 1
501 380 2
502 380 2
507 380 2
508 380 2
510 380 3
511 380 3
512 380 1
514 380 1
515 380 2
517 380 2
520 380 2
525 380 3
526 380 3
527 380 3
533 380 1
537 380 1
542 380 3
543 380 3
549 380 1
551 380 3
556 380 3
558 380 2
559 380 1
560 380 2
562 380 2
565 380 2
566 380 2
567 380 2
571 380 3
573 380 2
574 380 2
579 380 2
581 380 1
585 380 1
589 380 1
590 380 1
594 380 1
595 380 1
596 380 3
597 380 3
601 380 1
615 380 1
617 380 1
618 380 2
619 380 2
620 380 3
622 380 1
625 380 1
629 380 1
640 380 2
644 380 1
646 380 2
650 380 2
655 380 3
656 380 2
661 380 1
665 380 2
667 380 2
669 380 1
670 380 2
673 380 2
674 380 3
675 380 3
677 380 1
679 380 1
682 380 2
686 380 2
689 380 2
690 380 1
691 380 2
692 380 1
693 380 2
