434 636 2
436 636 1
440 636 3
441 636 2
443 636 3
444 636 3
445 636 2
449 636 3
451 636 1
452 636 3
456 636 1
458 636 3
459 636 1
460 636 1
461 636 3
464 636 1
465 636 3
466 636 3
468 636 1
470 636 1
472 636 1
478 636 2
480 636 1
488 636 1
489 636 1
498 636 2
502 636 1
503 636 3
506 636 2
508 636 2
509 636 1
512 636 2
513 636 3
514 636 1
520 636 1
525 636 3
528 636 2
536 636 2
538 636 3
540 636 3
541 636 3
542 636 3
549 636 3
553 636 2
554 636 3
562 636 2
563 636 2
566 636 3
567 636 1
569 636 1
571 636 2
579 636 2
581 636 2
582 636 2
583 636 3
585 636 3
594 636 2
595 636 2
596 636 1
597 636 2
601 636 2
604 636 1
606 636 1
608 636 2
609 636 3
610 636 3
622 636 3
626 636 1
630 636 2
631 636 3
632 636 3
634 636 1
640 636 1
642 636 1
644 636 3
645 636 1
651 636 1
652 636 1
654 636 3
658 636 3
659 636 2
664 636 1
667 636 1
669 636 1
670 636 1
673 636 2
674 636 1
680 636 2
681 636 1
684 636 1
687 636 1
691 636 2
693 636 2
695 636 1
696 636 3
697 636 3
698 636 2
699 636 2
704 636 2
705 636 1
712 636 2
714 636 2
717 636 1
720 636 3
723 636 1
725 636 3
727 636 1
729 636 3
730 636 3
738 636 3
739 636 1
740 636 3
742 636 1
743 636 3
746 636 3
749 636 3
750 636 2
751 636 2
752 636 1
754 636 3
757 636 3
759 636 1
761 636 1
762 636 2
765 636 2
766 636 3
767 636 1
768 636 1
780 636 1
782 636 2
785 636 3
792 636 3
798 636 1
799 636 2
801 636 1
803 636 2
804 636 3
811 636 3
812 636 3
814 636 1
815 636 1
818 636 3
819 636 1
821 636 2
822 636 3
827 636 3
829 636 3
833 636 1
836 636 1
837 636 1
842 636 1
847 636 1
848 636 3
850 636 2
855 636 1
857 636 2
860 636 2
861 636 3
863 636 3
866 636 3
868 636 2
871 636 3
872 636 1
876 636 2
879 636 1
880 636 3
884 636 1
885 636 3
888 636 1
889 636 1
890 636 2
893 636 2
901 636 3
907 636 2
911 636 2
913 636 3
915 636 3
916 636 1
917 636 3
922 636 3
924 636 1
928 636 3
931 636 2
935 636 2
938 636 3
940 636 3
943 636 3
946 636 2
948 636 1
949 636 1
953 636 2
957 636 1
964 636 1
971 636 1
974 636 1
977 636 1
983 636 3
987 636 1
988 636 1
990 636 3
991 636 1
993 636 2
994 636 3
999 636 1
0 637 2
3 637 3
7 637 2
8 637 3
14 637 3
16 637 1
17 637 1
21 637 1
23 637 1
28 637 3
29 637 2
33 637 2
36 637 1
38 637 3
40 637 3
41 637 3
43 637 2
44 637 1
46 637 3
47 637 2
50 637 1
55 637 1
57 637 3
58 637 2
61 637 1
63 637 2
65 637 2
72 637 3
75 637 2
76 637 1
79 637 2
80 637 1
82 637 2
83 637 3
84 637 3
86 637 1
89 637 1
90 637 3
93 637 3
102 637 2
104 637 1
105 637 1
116 637 3
119 637 3
120 637 1
123 637 1
126 637 3
128 637 3
129 637 2
130 637 3
133 637 2
136 637 3
138 637 3
143 637 3
145 637 1
146 637 2
148 637 3
150 637 1
152 637 2
157 637 3
158 637 1
160 637 2
168 637 1
170 637 3
173 637 2
179 637 2
180 637 1
185 637 1
186 637 1
189 637 3
199 637 3
201 637 3
208 637 1
210 637 2
215 637 3
221 637 3
225 637 1
227 637 3
228 637 1
231 637 2
233 637 2
237 637 2
240 637 2
242 637 2
244 637 3
250 637 1
251 637 3
252 637 2
255 637 3
257 637 3
258 637 2
260 637 1
262 637 3
263 637 2
264 637 1
267 637 2
271 637 2
274 637 3
278 637 1
281 637 1
285 637 1
292 637 3
295 637 3
302 637 3
308 637 3
311 637 2
312 637 1
313 637 3
315 637 2
316 637 3
318 637 2
319 637 1
324 637 2
329 637 2
331 637 1
333 637 3
335 637 2
338 637 2
339 637 3
340 637 3
342 637 1
347 637 1
348 637 2
354 637 1
358 637 2
362 637 3
363 637 1
368 637 2
375 637 1
383 637 3
384 637 1
385 637 2
392 637 1
393 637 1
394 637 1
395 637 2
398 637 2
401 637 3
406 637 3
413 637 2
414 637 3
419 637 1
421 637 1
428 637 2
429 637 2
432 637 2
434 637 1
439 637 2
441 637 2
442 637 3
443 637 1
446 637 1
450 637 2
451 637 3
453 637 1
455 637 3
461 637 3
462 637 3
473 637 1
479 637 3
480 637 1
485 637 2
493 637 2
494 637 2
502 637 3
507 637 3
508 637 3
509 637 3
511 637 2
512 637 3
517 637 2
518 637 1
524 637 1
525 637 2
527 637 1
528 637 1
530 637 1
531 637 2
533 637 3
534 637 2
535 637 3
539 637 1
542 637 3
544 637 3
546 637 1
547 637 2
549 637 3
552 637 1
553 637 3
555 637 1
558 637 1
570 637 1
571 637 2
572 637 3
573 637 2
574 637 2
578 637 1
579 637 3
581 637 1
582 637 2
584 637 1
586 637 3
590 637 3
591 637 2
593 637 3
595 637 1
599 637 3
600 637 3
602 637 1
604 637 1
607 637 1
610 637 2
612 637 2
614 637 2
615 637 1
618 637 2
621 637 1
626 637 1
633 637 3
634 637 3
635 637 1
640 637 3
641 637 2
642 637 3
644 637 3
646 637 2
652 637 3
653 637 3
654 637 2
656 637 2
662 637 2
664 637 1
665 637 1
666 637 1
667 637 3
670 637 3
678 637 2
681 637 1
685 637 2
687 637 3
701 637 2
704 637 1
712 637 1
714 637 1
717 637 1
725 637 3
726 637 1
730 637 3
731 637 2
734 637 2
735 637 2
740 637 1
742 637 2
746 637 1
747 637 3
748 637 1
751 637 3
754 637 2
757 637 2
758 637 2
759 637 2
761 637 1
762 637 3
763 637 1
764 637 3
771 637 2
773 637 2
778 637 3
779 637 2
781 637 3
791 637 1
797 637 1
799 637 3
800 637 2
801 637 2
804 637 3
805 637 1
806 637 2
812 637 1
814 637 3
816 637 3
818 637 2
819 637 2
823 637 3
826 637 2
832 637 2
836 637 2
846 637 1
849 637 3
854 637 2
856 637 1
865 637 3
866 637 1
869 637 1
870 637 3
873 637 2
875 637 3
877 637 3
881 637 1
884 637 3
885 637 2
887 637 1
889 637 3
894 637 3
902 637 3
906 637 2
907 637 2
910 637 3
911 637 1
913 637 1
916 637 3
918 637 3
919 637 3
920 637 1
922 637 1
924 637 1
930 637 2
931 637 2
934 637 2
935 637 3
939 637 1
940 637 1
942 637 1
943 637 2
949 637 2
953 637 1
954 637 2
955 637 1
957 637 2
958 637 2
962 637 1
967 637 1
970 637 1
974 637 3
977 637 3
979 637 1
983 637 1
986 637 1
990 637 3
994 637 2
997 637 2
999 637 1
1 638 3
2 638 1
4 638 2
5 638 2
9 638 1
13 638 1
16 638 3
18 638 2
22 638 3
24 638 2
25 638 3
29 638 3
32 638 1
33 638 3
35 638 3
36 638 2
38 638 2
42 638 1
44 638 3
46 638 3
47 638 3
53 638 1
54 638 3
56 638 1
61 638 1
64 638 3
68 638 2
70 638 3
71 638 1
72 638 3
73 638 2
78 638 2
83 638 3
85 638 3
87 638 1
98 638 1
100 638 2
104 638 3
111 638 2
115 638 2
117 638 3
119 638 1
120 638 3
131 638 3
135 638 2
136 638 2
137 638 1
139 638 2
140 638 3
144 638 1
147 638 3
151 638 2
152 638 3
153 638 2
154 638 1
156 638 1
157 638 3
160 638 2
165 638 1
169 638 2
171 638 3
180 638 1
182 638 2
190 638 2
191 638 1
194 638 3
195 638 1
196 638 3
206 638 1
207 638 3
209 638 3
211 638 2
212 638 1
218 638 2
221 638 1
223 638 2
230 638 2
232 638 2
235 638 1
236 638 2
237 638 1
239 638 3
240 638 2
242 638 1
247 638 3
248 638 1
249 638 1
250 638 1
253 638 3
260 638 2
267 638 2
268 638 1
272 638 3
281 638 2
285 638 1
287 638 1
289 638 2
291 638 1
296 638 1
298 638 1
299 638 1
300 638 1
301 638 1
308 638 2
309 638 2
316 638 1
321 638 2
327 638 2
330 638 3
335 638 3
342 638 2
343 638 3
344 638 2
346 638 1
347 638 3
348 638 3
350 638 3
354 638 3
357 638 2
359 638 1
