681 322 3
682 322 3
690 322 1
691 322 3
692 322 3
697 322 1
701 322 1
703 322 2
705 322 1
706 322 2
709 322 1
712 322 3
716 322 2
724 322 3
726 322 1
730 322 2
732 322 1
735 322 2
738 322 3
740 322 2
741 322 1
742 322 1
746 322 3
747 322 1
749 322 2
753 322 1
754 322 1
756 322 1
757 322 2
758 322 3
759 322 1
760 322 1
770 322 2
773 322 2
774 322 2
775 322 1
776 322 2
777 322 2
780 322 3
781 322 2
784 322 1
787 322 1
788 322 3
791 322 3
793 322 3
795 322 1
801 322 2
803 322 3
807 322 3
808 322 3
812 322 1
815 322 3
820 322 3
824 322 3
825 322 3
826 322 3
828 322 3
836 322 2
839 322 2
840 322 1
844 322 3
845 322 3
846 322 3
847 322 2
848 322 2
849 322 1
851 322 3
853 322 3
856 322 1
859 322 3
860 322 3
864 322 2
865 322 2
868 322 3
869 322 2
870 322 2
873 322 1
878 322 3
880 322 2
883 322 2
886 322 2
890 322 1
892 322 2
894 322 1
898 322 3
900 322 1
905 322 2
909 322 3
912 322 1
913 322 1
922 322 2
931 322 3
937 322 2
938 322 1
939 322 1
942 322 3
943 322 2
944 322 3
949 322 2
950 322 3
953 322 2
954 322 2
960 322 1
967 322 2
969 322 2
972 322 3
975 322 3
979 322 1
980 322 1
982 322 2
984 322 1
988 322 3
992 322 1
995 322 2
998 322 2
1 323 3
3 323 2
12 323 3
15 323 1
18 323 2
28 323 1
30 323 3
39 323 1
42 323 2
44 323 2
48 323 1
53 323 1
56 323 1
59 323 1
62 323 1
67 323 2
73 323 2
76 323 3
78 323 1
79 323 2
83 323 3
88 323 2
89 323 3
90 323 2
93 323 2
95 323 1
96 323 3
104 323 1
105 323 1
110 323 3
111 323 1
112 323 1
114 323 2
122 323 1
123 323 2
128 323 3
129 323 1
142 323 1
147 323 3
150 323 1
156 323 3
157 323 1
158 323 2
165 323 2
173 323 2
174 323 3
176 323 2
182 323 2
185 323 3
187 323 1
190 323 2
192 323 2
197 323 2
198 323 3
200 323 3
201 323 2
208 323 3
209 323 2
213 323 1
216 323 1
218 323 1
221 323 1
230 323 1
231 323 2
232 323 2
234 323 3
235 323 1
236 323 1
241 323 2
243 323 2
246 323 3
247 323 1
248 323 3
250 323 3
251 323 2
252 323 2
255 323 3
257 323 1
261 323 1
263 323 2
266 323 3
272 323 1
274 323 3
277 323 3
279 323 3
283 323 1
286 323 1
288 323 2
290 323 3
292 323 3
296 323 3
301 323 2
305 323 2
307 323 2
308 323 2
310 323 2
314 323 1
316 323 1
317 323 1
326 323 2
329 323 3
330 323 3
331 323 3
332 323 1
333 323 3
338 323 2
344 323 2
345 323 2
347 323 1
355 323 1
357 323 1
360 323 2
362 323 3
363 323 2
366 323 2
370 323 1
372 323 1
373 323 1
380 323 1
383 323 2
387 323 2
390 323 2
391 323 3
392 323 3
393 323 1
399 323 3
402 323 3
403 323 1
406 323 3
409 323 1
411 323 3
417 323 3
423 323 1
428 323 2
434 323 1
435 323 3
441 323 2
443 323 1
450 323 2
451 323 1
466 323 3
470 323 3
476 323 3
479 323 2
480 323 2
482 323 1
485 323 3
486 323 3
488 323 1
490 323 2
491 323 3
501 323 2
502 323 2
509 323 2
513 323 3
514 323 3
518 323 2
522 323 2
526 323 1
528 323 1
533 323 2
538 323 3
541 323 2
544 323 2
553 323 1
555 323 2
558 323 2
559 323 1
561 323 2
562 323 1
573 323 2
575 323 1
576 323 2
578 323 3
580 323 2
584 323 2
586 323 1
587 323 3
592 323 2
596 323 2
597 323 2
598 323 3
602 323 1
603 323 2
605 323 2
607 323 1
610 323 1
615 323 3
617 323 1
619 323 2
621 323 2
626 323 3
627 323 1
628 323 1
631 323 2
637 323 3
640 323 2
643 323 2
647 323 3
648 323 2
649 323 1
652 323 2
653 323 2
655 323 3
656 323 3
662 323 3
663 323 2
665 323 2
666 323 1
668 323 2
669 323 2
673 323 1
679 323 3
683 323 3
686 323 2
692 323 2
693 323 2
696 323 3
701 323 2
702 323 3
704 323 2
708 323 2
712 323 2
713 323 2
714 323 3
717 323 3
720 323 2
721 323 3
723 323 3
728 323 2
731 323 3
732 323 3
740 323 2
744 323 3
747 323 3
754 323 3
755 323 1
756 323 3
757 323 3
760 323 3
762 323 2
767 323 3
771 323 2
773 323 1
774 323 2
776 323 1
778 323 2
780 323 1
781 323 1
782 323 3
791 323 3
793 323 1
796 323 3
799 323 3
810 323 2
812 323 2
813 323 3
822 323 1
827 323 2
828 323 1
837 323 2
838 323 2
845 323 2
846 323 2
847 323 1
848 323 3
850 323 2
853 323 2
854 323 1
856 323 3
862 323 3
864 323 3
865 323 2
866 323 2
869 323 1
872 323 1
877 323 3
882 323 2
883 323 2
885 323 3
886 323 1
887 323 1
889 323 3
890 323 2
899 323 2
905 323 1
906 323 2
907 323 1
909 323 2
915 323 1
917 323 1
919 323 3
920 323 1
921 323 3
922 323 3
924 323 1
930 323 3
931 323 3
934 323 2
943 323 2
947 323 1
951 323 1
956 323 1
957 323 3
958 323 1
963 323 1
964 323 3
967 323 3
971 323 2
973 323 2
975 323 3
980 323 1
982 323 1
989 323 1
990 323 2
991 323 1
992 323 3
994 323 3
998 323 3
0 324 1
4 324 3
6 324 1
7 324 3
8 324 2
14 324 2
23 324 3
25 324 2
27 324 3
29 324 1
30 324 2
32 324 2
33 324 3
34 324 3
38 324 2
43 324 2
44 324 2
47 324 2
48 324 3
50 324 1
54 324 3
56 324 1
57 324 3
58 324 2
60 324 1
61 324 3
65 324 3
70 324 1
71 324 1
75 324 1
78 324 3
79 324 3
82 324 3
87 324 2
94 324 2
95 324 3
98 324 3
99 324 3
100 324 3
109 324 3
113 324 3
115 324 3
116 324 2
119 324 2
121 324 2
124 324 2
129 324 3
135 324 3
141 324 1
142 324 1
143 324 3
145 324 1
150 324 1
152 324 2
161 324 2
162 324 3
164 324 2
166 324 3
170 324 1
177 324 3
180 324 2
184 324 3
191 324 1
192 324 2
198 324 2
200 324 3
203 324 1
205 324 2
213 324 1
218 324 1
219 324 1
221 324 3
222 324 2
234 324 2
235 324 1
243 324 2
246 324 1
262 324 3
266 324 1
268 324 3
271 324 3
276 324 1
277 324 2
279 324 2
288 324 3
290 324 1
292 324 1
298 324 3
299 324 2
306 324 3
307 324 3
312 324 1
314 324 2
317 324 3
318 324 2
327 324 1
333 324 3
335 324 2
336 324 1
337 324 1
340 324 3
341 324 2
344 324 3
348 324 1
352 324 2
353 324 2
355 324 1
359 324 1
376 324 1
377 324 2
379 324 3
380 324 1
382 324 2
383 324 3
385 324 1
386 324 2
388 324 2
392 324 2
394 324 3
397 324 2
398 324 3
404 324 3
409 324 1
413 324 3
416 324 1
421 324 1
423 324 3
427 324 1
428 324 3
429 324 3
431 324 1
433 324 1
435 324 3
439 324 3
445 324 2
447 324 1
452 324 2
453 324 1
454 324 3
456 324 1
462 324 3
463 324 1
474 324 2
475 324 1
476 324 1
479 324 1
485 324 1
486 324 1
488 324 3
493 324 3
496 324 3
504 324 1
510 324 2
513 324 3
514 324 3
518 324 3
522 324 2
523 324 2
525 324 3
529 324 3
531 324 2
534 324 1
537 324 1
540 324 3
541 324 2
542 324 3
543 324 3
544 324 1
551 324 3
554 324 2
557 324 2
558 324 1
559 324 1
562 324 2
573 324 3
579 324 2
580 324 3
581 324 1
583 324 2
585 324 1
586 324 2
601 324 3
604 324 1
607 324 2
608 324 1
609 324 1
610 324 3
614 324 3
617 324 3
618 324 1
620 324 1
622 324 2
623 324 2
632 324 1
640 324 1
642 324 3
644 324 2
648 324 3
653 324 1
654 324 2
656 324 1
657 324 1
661 324 2
662 324 2
666 324 3
669 324 1
670 324 1
677 324 1
678 324 2
679 324 2
682 324 1
683 324 3
685 324 3
686 324 1
691 324 3
693 324 1
695 324 3
696 324 2
699 324 1
701 324 2
705 324 3
706 324 2
709 324 1
710 324 1
717 324 2
719 324 2
721 324 3
725 324 2
729 324 1
732 324 3
737 324 1
741 324 1
