815 342 2
827 342 2
835 342 1
838 342 2
840 342 1
844 342 1
851 342 2
854 342 2
856 342 2
858 342 1
861 342 3
863 342 2
868 342 2
870 342 1
873 342 3
875 342 3
881 342 3
886 342 1
890 342 2
891 342 3
894 342 1
897 342 3
898 342 2
899 342 3
900 342 2
901 342 2
905 342 2
906 342 1
910 342 1
912 342 1
915 342 1
919 342 3
929 342 2
932 342 2
933 342 3
934 342 3
939 342 1
943 342 1
953 342 3
954 342 1
964 342 1
965 342 2
966 342 2
968 342 3
970 342 3
972 342 2
974 342 1
976 342 1
977 342 3
979 342 2
981 342 2
989 342 3
991 342 1
997 342 3
999 342 3
0 343 3
7 343 2
11 343 1
12 343 3
15 343 2
16 343 2
19 343 1
21 343 1
22 343 1
23 343 3
34 343 1
35 343 3
37 343 1
40 343 1
44 343 2
46 343 1
47 343 1
50 343 3
53 343 3
54 343 3
62 343 2
64 343 1
67 343 2
68 343 1
74 343 2
83 343 2
85 343 3
88 343 3
89 343 2
95 343 1
96 343 1
102 343 3
106 343 2
113 343 2
114 343 2
116 343 2
117 343 2
118 343 2
119 343 1
120 343 2
121 343 2
122 343 1
127 343 2
138 343 1
142 343 1
144 343 3
152 343 3
155 343 2
161 343 2
165 343 1
166 343 1
167 343 2
171 343 2
173 343 1
177 343 1
179 343 1
184 343 2
186 343 1
188 343 3
196 343 2
198 343 3
200 343 2
209 343 2
210 343 2
213 343 1
215 343 2
218 343 1
219 343 2
220 343 3
223 343 2
224 343 1
231 343 1
232 343 3
235 343 2
239 343 1
241 343 2
242 343 2
243 343 3
244 343 1
251 343 3
252 343 3
254 343 2
256 343 1
257 343 2
260 343 1
263 343 3
264 343 1
265 343 2
266 343 3
267 343 2
268 343 1
269 343 3
270 343 2
279 343 3
287 343 2
288 343 3
290 343 1
294 343 1
305 343 1
306 343 1
308 343 3
310 343 3
311 343 3
314 343 2
318 343 1
319 343 3
322 343 1
323 343 1
325 343 3
330 343 3
332 343 1
338 343 2
340 343 2
341 343 2
342 343 2
343 343 1
349 343 1
350 343 2
353 343 3
354 343 1
355 343 3
357 343 2
365 343 2
366 343 3
367 343 2
368 343 3
369 343 3
371 343 3
375 343 1
376 343 2
377 343 3
378 343 3
379 343 3
390 343 2
393 343 1
394 343 2
396 343 1
399 343 2
400 343 3
403 343 2
404 343 2
410 343 3
413 343 1
416 343 2
418 343 3
420 343 3
422 343 1
423 343 3
429 343 3
431 343 2
433 343 1
436 343 3
438 343 1
440 343 3
442 343 1
447 343 1
448 343 1
453 343 1
454 343 2
458 343 1
459 343 2
460 343 3
463 343 3
464 343 1
466 343 3
477 343 1
480 343 2
482 343 1
484 343 1
488 343 2
490 343 2
493 343 2
500 343 1
501 343 3
509 343 3
510 343 1
512 343 1
516 343 1
518 343 3
520 343 1
521 343 1
522 343 3
523 343 1
526 343 2
530 343 1
532 343 2
536 343 1
537 343 3
540 343 2
542 343 3
552 343 3
555 343 1
561 343 2
565 343 3
566 343 3
568 343 1
570 343 2
572 343 3
574 343 3
575 343 2
581 343 1
583 343 1
586 343 3
587 343 1
588 343 3
597 343 1
607 343 2
608 343 3
609 343 2
621 343 3
624 343 2
626 343 1
630 343 3
632 343 3
637 343 1
640 343 3
646 343 2
648 343 2
649 343 3
650 343 2
651 343 1
654 343 1
658 343 1
663 343 2
665 343 3
666 343 2
673 343 3
676 343 1
677 343 1
680 343 3
682 343 3
685 343 1
689 343 3
696 343 3
700 343 1
704 343 3
717 343 1
719 343 2
721 343 3
722 343 1
725 343 3
727 343 1
730 343 3
736 343 1
738 343 2
739 343 2
740 343 3
742 343 1
744 343 2
749 343 2
755 343 1
757 343 2
764 343 3
769 343 2
771 343 1
773 343 1
774 343 1
775 343 3
776 343 1
777 343 3
781 343 2
782 343 2
786 343 3
790 343 3
791 343 2
799 343 2
800 343 3
802 343 3
803 343 3
805 343 1
810 343 2
812 343 3
816 343 1
818 343 1
819 343 1
820 343 2
821 343 1
822 343 2
823 343 1
834 343 3
837 343 2
838 343 2
840 343 2
841 343 3
842 343 3
844 343 1
845 343 3
849 343 2
852 343 1
854 343 3
859 343 2
860 343 1
864 343 2
865 343 1
872 343 2
876 343 3
877 343 1
879 343 2
880 343 1
884 343 1
889 343 2
891 343 1
892 343 1
893 343 1
895 343 2
896 343 2
899 343 2
908 343 2
910 343 3
912 343 2
913 343 1
914 343 2
916 343 2
918 343 3
919 343 1
921 343 2
924 343 3
926 343 3
927 343 1
930 343 2
937 343 3
948 343 3
949 343 1
952 343 1
954 343 3
958 343 1
962 343 2
963 343 2
964 343 2
966 343 3
969 343 2
972 343 1
979 343 1
983 343 1
988 343 1
993 343 3
1 344 2
6 344 3
8 344 3
10 344 3
14 344 1
17 344 1
19 344 1
20 344 3
23 344 3
28 344 1
32 344 3
33 344 2
34 344 3
37 344 2
40 344 3
46 344 1
47 344 2
51 344 2
56 344 3
62 344 1
63 344 1
65 344 3
68 344 2
70 344 2
74 344 3
77 344 3
79 344 1
80 344 3
81 344 2
84 344 3
88 344 3
89 344 2
90 344 2
91 344 1
93 344 1
94 344 3
95 344 1
97 344 3
104 344 3
106 344 2
108 344 3
112 344 1
114 344 3
116 344 3
118 344 3
120 344 3
128 344 3
131 344 2
133 344 1
136 344 2
137 344 3
141 344 3
143 344 3
145 344 3
146 344 2
148 344 2
150 344 1
153 344 1
156 344 1
157 344 1
158 344 3
161 344 3
168 344 1
175 344 3
176 344 1
177 344 1
180 344 2
182 344 3
183 344 1
186 344 3
194 344 3
199 344 1
200 344 3
208 344 1
209 344 2
210 344 3
211 344 2
217 344 2
218 344 1
221 344 1
228 344 2
230 344 1
234 344 2
235 344 2
236 344 1
244 344 2
246 344 3
249 344 2
252 344 1
254 344 2
257 344 1
264 344 2
265 344 3
266 344 1
267 344 1
272 344 1
275 344 2
278 344 1
284 344 3
285 344 1
286 344 2
291 344 3
292 344 1
299 344 1
301 344 3
302 344 3
305 344 3
307 344 3
309 344 2
313 344 3
318 344 3
320 344 3
323 344 1
324 344 2
325 344 2
327 344 1
329 344 2
334 344 3
343 344 3
344 344 2
347 344 3
349 344 1
351 344 2
353 344 3
356 344 3
363 344 2
364 344 2
372 344 2
374 344 3
380 344 2
386 344 1
392 344 3
393 344 3
396 344 3
398 344 2
400 344 2
402 344 1
405 344 1
415 344 3
416 344 1
417 344 1
419 344 2
422 344 2
424 344 3
425 344 1
430 344 1
435 344 3
436 344 1
440 344 1
442 344 1
444 344 3
445 344 2
446 344 1
455 344 1
458 344 1
461 344 2
464 344 2
466 344 2
467 344 3
480 344 3
484 344 3
486 344 2
488 344 1
494 344 3
504 344 1
505 344 2
507 344 2
514 344 1
516 344 2
519 344 2
522 344 1
526 344 3
531 344 1
532 344 2
533 344 1
536 344 1
544 344 2
546 344 3
547 344 1
555 344 2
556 344 1
569 344 3
571 344 2
572 344 2
575 344 3
580 344 2
583 344 3
584 344 3
585 344 1
586 344 3
589 344 2
591 344 1
596 344 3
599 344 1
600 344 3
608 344 3
609 344 2
610 344 1
618 344 1
621 344 1
622 344 2
624 344 2
625 344 3
629 344 2
630 344 2
631 344 3
632 344 3
635 344 3
639 344 2
640 344 1
650 344 2
654 344 2
655 344 3
656 344 1
657 344 2
658 344 2
662 344 1
665 344 3
672 344 2
675 344 1
684 344 2
694 344 1
696 344 3
697 344 2
698 344 2
704 344 1
708 344 1
710 344 3
712 344 1
713 344 2
714 344 3
715 344 3
726 344 1
728 344 1
731 344 3
738 344 2
742 344 2
744 344 3
745 344 3
746 344 2
752 344 2
763 344 3
765 344 1
767 344 1
771 344 1
772 344 1
774 344 1
776 344 2
785 344 3
790 344 3
794 344 1
798 344 2
801 344 3
810 344 2
815 344 1
817 344 2
826 344 2
833 344 2
835 344 1
838 344 3
843 344 2
848 344 2
851 344 2
853 344 2
855 344 2
857 344 1
861 344 1
862 344 1
866 344 2
873 344 3
875 344 2
877 344 3
880 344 2
886 344 1
889 344 1
