261 420 2
262 420 1
271 420 3
272 420 3
275 420 1
282 420 1
283 420 2
284 420 1
285 420 2
287 420 1
291 420 1
292 420 1
297 420 1
302 420 2
303 420 2
308 420 1
316 420 2
318 420 3
321 420 1
325 420 3
326 420 2
329 420 2
330 420 2
332 420 1
335 420 3
338 420 1
339 420 3
344 420 1
345 420 3
350 420 1
353 420 3
357 420 1
359 420 3
363 420 3
368 420 1
378 420 3
379 420 1
380 420 3
381 420 1
387 420 1
389 420 1
390 420 3
392 420 3
397 420 3
404 420 2
406 420 1
410 420 3
415 420 3
416 420 1
418 420 2
419 420 2
422 420 3
424 420 3
426 420 1
427 420 3
430 420 3
433 420 3
435 420 2
439 420 1
442 420 2
446 420 3
447 420 1
450 420 1
453 420 3
458 420 2
463 420 3
472 420 2
475 420 1
485 420 2
490 420 1
495 420 1
498 420 1
499 420 2
505 420 3
506 420 3
509 420 1
518 420 1
519 420 1
525 420 1
526 420 2
531 420 1
533 420 1
540 420 2
552 420 3
553 420 2
556 420 2
560 420 1
561 420 2
564 420 3
568 420 1
570 420 3
572 420 3
573 420 1
576 420 3
580 420 3
582 420 2
590 420 1
592 420 2
593 420 3
595 420 3
599 420 3
611 420 3
613 420 1
617 420 1
620 420 1
627 420 2
630 420 3
631 420 3
633 420 3
637 420 1
638 420 3
641 420 2
642 420 1
644 420 1
648 420 2
656 420 1
658 420 1
659 420 1
662 420 2
663 420 1
665 420 2
666 420 2
672 420 2
673 420 2
676 420 2
680 420 3
681 420 3
682 420 2
683 420 2
686 420 3
687 420 1
688 420 3
691 420 2
694 420 1
696 420 3
702 420 1
705 420 3
709 420 2
711 420 2
716 420 2
720 420 2
743 420 2
744 420 3
747 420 1
750 420 1
752 420 1
756 420 3
761 420 1
765 420 3
768 420 2
770 420 2
773 420 2
778 420 3
784 420 2
786 420 3
789 420 1
790 420 3
794 420 2
797 420 3
804 420 1
807 420 2
810 420 3
811 420 2
813 420 2
816 420 3
820 420 3
822 420 3
831 420 2
837 420 1
844 420 2
847 420 2
848 420 1
849 420 3
856 420 1
864 420 1
868 420 1
871 420 3
873 420 3
877 420 2
879 420 3
884 420 3
887 420 1
890 420 1
894 420 2
902 420 3
906 420 2
908 420 3
918 420 3
926 420 2
929 420 2
933 420 3
934 420 2
936 420 1
938 420 3
939 420 3
943 420 1
947 420 2
948 420 2
952 420 1
954 420 2
955 420 3
958 420 1
960 420 2
962 420 1
967 420 2
973 420 1
978 420 1
982 420 3
985 420 1
986 420 1
993 420 2
996 420 3
998 420 2
999 420 3
0 421 3
1 421 3
2 421 1
6 421 2
11 421 2
13 421 1
14 421 1
15 421 1
22 421 1
26 421 1
27 421 1
28 421 3
30 421 2
31 421 3
33 421 1
34 421 2
35 421 2
36 421 1
37 421 2
38 421 3
39 421 2
56 421 1
61 421 1
62 421 1
64 421 3
65 421 2
71 421 2
78 421 2
82 421 1
86 421 1
93 421 3
94 421 2
96 421 2
97 421 1
98 421 3
100 421 1
101 421 3
103 421 2
104 421 3
107 421 3
109 421 1
111 421 3
112 421 3
116 421 3
122 421 1
124 421 1
125 421 3
126 421 2
130 421 1
131 421 2
135 421 3
136 421 2
138 421 2
139 421 2
140 421 3
158 421 2
159 421 1
160 421 3
165 421 3
168 421 2
172 421 1
177 421 1
185 421 1
187 421 1
192 421 3
193 421 1
196 421 3
197 421 3
199 421 3
200 421 3
202 421 1
208 421 3
209 421 2
213 421 3
214 421 1
217 421 2
221 421 1
223 421 2
231 421 3
232 421 2
233 421 3
234 421 2
237 421 1
239 421 1
240 421 2
248 421 2
249 421 1
252 421 1
256 421 2
257 421 2
258 421 3
259 421 3
261 421 2
263 421 2
265 421 3
270 421 2
272 421 2
273 421 1
278 421 2
280 421 1
290 421 2
291 421 3
292 421 2
300 421 2
301 421 3
306 421 1
307 421 1
308 421 2
309 421 3
310 421 1
311 421 2
317 421 2
325 421 1
328 421 1
329 421 2
338 421 1
339 421 2
340 421 3
342 421 3
344 421 1
345 421 1
350 421 3
352 421 1
353 421 1
355 421 2
356 421 1
361 421 2
363 421 3
366 421 1
369 421 1
370 421 1
372 421 3
375 421 3
376 421 1
383 421 2
385 421 1
387 421 1
393 421 3
396 421 3
398 421 1
400 421 1
404 421 3
411 421 3
415 421 1
416 421 1
418 421 1
424 421 1
426 421 3
429 421 2
431 421 2
434 421 1
440 421 2
444 421 2
445 421 2
457 421 2
459 421 1
462 421 2
463 421 1
465 421 1
466 421 2
468 421 1
471 421 2
473 421 2
476 421 1
478 421 3
487 421 3
490 421 2
495 421 2
497 421 3
498 421 2
500 421 1
501 421 3
506 421 3
511 421 3
513 421 2
523 421 2
524 421 3
528 421 2
531 421 3
535 421 3
540 421 2
541 421 1
546 421 2
547 421 3
549 421 1
552 421 3
556 421 3
558 421 3
566 421 1
572 421 3
573 421 2
575 421 2
577 421 1
588 421 1
590 421 1
591 421 1
596 421 2
597 421 3
600 421 3
601 421 1
602 421 1
603 421 3
610 421 3
614 421 3
615 421 3
618 421 1
619 421 2
620 421 2
623 421 2
626 421 3
628 421 3
630 421 2
631 421 3
635 421 2
639 421 3
640 421 2
647 421 2
649 421 1
654 421 3
655 421 3
658 421 1
663 421 2
668 421 2
671 421 2
672 421 1
675 421 2
676 421 3
679 421 2
685 421 2
686 421 2
689 421 3
692 421 2
694 421 2
696 421 3
698 421 2
700 421 1
703 421 2
707 421 1
708 421 2
711 421 2
714 421 3
718 421 1
720 421 3
729 421 1
735 421 2
737 421 2
744 421 3
745 421 2
746 421 3
747 421 1
748 421 1
749 421 2
750 421 2
753 421 3
757 421 3
758 421 1
761 421 3
762 421 2
763 421 1
768 421 1
773 421 2
776 421 3
780 421 3
781 421 2
782 421 3
786 421 2
790 421 3
793 421 2
803 421 1
804 421 3
809 421 3
811 421 1
813 421 2
815 421 3
816 421 1
817 421 3
819 421 3
824 421 2
826 421 3
827 421 3
828 421 2
832 421 3
840 421 2
849 421 3
852 421 1
856 421 2
857 421 1
858 421 2
863 421 3
864 421 1
866 421 2
867 421 1
869 421 2
871 421 2
872 421 1
875 421 3
879 421 3
881 421 2
882 421 3
883 421 2
889 421 2
890 421 1
891 421 1
892 421 1
895 421 3
898 421 1
899 421 3
902 421 3
903 421 2
905 421 2
906 421 3
908 421 1
909 421 3
910 421 2
913 421 3
914 421 2
916 421 2
918 421 1
919 421 3
922 421 1
926 421 2
928 421 2
930 421 3
937 421 1
938 421 1
943 421 2
944 421 1
955 421 3
961 421 3
963 421 3
968 421 1
974 421 2
978 421 1
979 421 1
983 421 2
986 421 1
990 421 1
991 421 3
992 421 2
993 421 1
998 421 3
1 422 3
3 422 2
6 422 2
7 422 1
10 422 2
14 422 3
15 422 2
17 422 1
19 422 2
21 422 2
22 422 1
34 422 3
39 422 2
40 422 1
44 422 3
45 422 1
46 422 2
51 422 3
56 422 3
57 422 2
60 422 3
65 422 1
68 422 2
70 422 1
72 422 1
73 422 3
74 422 2
77 422 2
85 422 2
87 422 1
88 422 2
90 422 1
91 422 3
93 422 1
95 422 1
99 422 2
100 422 3
101 422 3
106 422 1
107 422 3
108 422 3
110 422 3
113 422 1
114 422 1
115 422 1
117 422 3
118 422 1
121 422 3
125 422 3
127 422 2
132 422 3
133 422 1
135 422 1
136 422 2
138 422 1
140 422 3
147 422 1
151 422 2
153 422 2
156 422 3
157 422 1
158 422 3
161 422 3
168 422 1
170 422 1
173 422 1
175 422 3
176 422 2
177 422 3
178 422 2
183 422 2
184 422 2
186 422 2
189 422 1
190 422 3
191 422 1
192 422 1
197 422 1
202 422 3
203 422 1
207 422 1
214 422 3
216 422 2
225 422 1
226 422 3
227 422 1
232 422 1
233 422 3
236 422 3
239 422 1
242 422 3
244 422 2
249 422 3
250 422 3
259 422 2
261 422 3
265 422 2
267 422 1
268 422 3
277 422 1
280 422 1
281 422 2
283 422 1
285 422 2
287 422 2
288 422 1
289 422 1
290 422 1
291 422 3
294 422 2
296 422 3
