872 73 1
873 73 3
874 73 2
875 73 2
880 73 1
883 73 3
895 73 2
900 73 3
903 73 1
906 73 2
909 73 3
913 73 2
914 73 1
915 73 3
916 73 2
918 73 1
919 73 3
925 73 1
927 73 2
928 73 1
929 73 1
934 73 2
943 73 2
944 73 2
947 73 2
949 73 2
951 73 1
957 73 3
962 73 2
964 73 3
970 73 1
971 73 3
974 73 2
982 73 3
985 73 2
987 73 1
988 73 3
999 73 3
0 74 3
1 74 3
2 74 3
6 74 2
8 74 1
9 74 2
11 74 1
16 74 2
17 74 3
23 74 2
25 74 1
26 74 1
28 74 3
34 74 1
36 74 2
39 74 1
41 74 2
42 74 2
44 74 1
45 74 1
52 74 3
54 74 3
55 74 3
57 74 2
59 74 1
60 74 3
66 74 3
70 74 1
85 74 2
91 74 1
92 74 3
95 74 1
101 74 1
102 74 3
103 74 1
108 74 2
110 74 3
114 74 2
115 74 2
116 74 3
117 74 2
119 74 1
121 74 2
122 74 1
125 74 3
126 74 1
127 74 2
129 74 3
138 74 3
145 74 2
146 74 2
148 74 2
150 74 3
151 74 3
156 74 2
157 74 3
158 74 1
162 74 2
164 74 3
170 74 2
175 74 1
178 74 2
185 74 3
186 74 2
191 74 2
193 74 1
195 74 2
197 74 3
201 74 1
202 74 1
208 74 2
210 74 2
220 74 3
221 74 1
222 74 3
224 74 1
225 74 2
227 74 3
228 74 2
230 74 1
245 74 1
250 74 2
252 74 3
253 74 3
254 74 3
259 74 3
263 74 1
264 74 3
265 74 2
267 74 2
269 74 2
271 74 3
273 74 3
277 74 1
282 74 2
283 74 1
286 74 2
290 74 1
291 74 2
292 74 2
294 74 3
295 74 2
296 74 2
297 74 2
299 74 2
305 74 2
306 74 1
311 74 1
313 74 3
315 74 3
318 74 3
323 74 2
326 74 3
328 74 1
330 74 3
331 74 3
332 74 3
334 74 1
337 74 3
341 74 1
348 74 1
357 74 3
361 74 1
365 74 2
366 74 3
368 74 1
370 74 2
371 74 3
373 74 3
379 74 2
381 74 3
388 74 3
392 74 3
393 74 2
396 74 1
398 74 2
400 74 2
406 74 1
408 74 3
411 74 3
413 74 2
414 74 1
415 74 1
417 74 3
420 74 1
424 74 1
426 74 3
432 74 3
437 74 1
438 74 1
439 74 2
440 74 1
442 74 3
443 74 2
444 74 1
445 74 1
447 74 1
453 74 1
457 74 3
459 74 1
466 74 3
470 74 2
473 74 2
478 74 2
481 74 2
483 74 1
487 74 1
488 74 2
491 74 3
492 74 3
495 74 2
499 74 2
501 74 1
504 74 2
506 74 3
507 74 1
508 74 3
509 74 3
512 74 3
513 74 2
515 74 3
523 74 1
525 74 2
535 74 3
537 74 3
542 74 3
545 74 1
546 74 1
550 74 1
552 74 3
556 74 1
561 74 3
564 74 1
567 74 2
574 74 3
579 74 3
582 74 1
585 74 2
587 74 3
589 74 1
592 74 3
593 74 3
595 74 2
597 74 1
600 74 3
602 74 2
604 74 3
605 74 1
606 74 2
607 74 3
609 74 1
610 74 1
613 74 3
615 74 1
617 74 2
618 74 1
619 74 2
627 74 3
631 74 3
632 74 3
633 74 1
634 74 2
635 74 3
641 74 1
642 74 2
643 74 1
644 74 2
647 74 1
650 74 1
653 74 3
654 74 3
657 74 3
659 74 3
660 74 3
666 74 2
667 74 2
668 74 2
669 74 1
671 74 3
676 74 1
677 74 3
686 74 1
692 74 3
694 74 3
695 74 1
700 74 1
707 74 2
709 74 2
710 74 2
713 74 1
718 74 3
720 74 1
723 74 1
724 74 3
725 74 2
727 74 3
730 74 2
732 74 2
738 74 2
739 74 1
740 74 2
744 74 3
746 74 1
748 74 1
755 74 3
756 74 3
766 74 2
769 74 3
770 74 1
779 74 1
781 74 2
785 74 3
786 74 3
787 74 3
790 74 2
795 74 2
797 74 1
798 74 3
800 74 1
808 74 3
814 74 2
816 74 3
817 74 1
819 74 1
823 74 1
824 74 3
831 74 1
836 74 1
837 74 2
838 74 3
846 74 1
851 74 3
855 74 2
856 74 2
858 74 3
864 74 2
869 74 1
873 74 3
875 74 2
877 74 3
881 74 3
883 74 2
888 74 3
889 74 1
891 74 1
892 74 1
895 74 1
896 74 3
900 74 2
902 74 2
903 74 2
904 74 2
910 74 3
912 74 3
914 74 3
916 74 3
923 74 1
924 74 1
925 74 1
930 74 2
936 74 2
937 74 3
943 74 2
946 74 2
947 74 2
949 74 2
950 74 1
952 74 1
960 74 3
963 74 2
964 74 1
966 74 3
972 74 3
973 74 2
979 74 1
980 74 3
985 74 1
987 74 2
989 74 1
992 74 3
994 74 2
997 74 3
998 74 2
1 75 2
2 75 3
5 75 3
9 75 3
14 75 2
23 75 2
24 75 2
25 75 3
31 75 1
32 75 1
34 75 3
40 75 2
47 75 3
52 75 2
56 75 1
57 75 1
59 75 2
60 75 1
64 75 3
66 75 1
68 75 2
69 75 3
77 75 2
80 75 2
83 75 2
85 75 3
90 75 2
92 75 1
98 75 3
100 75 1
101 75 2
104 75 2
106 75 2
110 75 3
112 75 3
114 75 1
115 75 1
116 75 3
118 75 2
125 75 3
126 75 1
127 75 3
130 75 2
131 75 1
132 75 2
139 75 3
143 75 1
144 75 3
153 75 1
156 75 1
161 75 3
162 75 3
163 75 1
168 75 1
174 75 1
175 75 1
177 75 2
182 75 2
186 75 2
188 75 2
192 75 1
196 75 2
199 75 1
202 75 2
209 75 3
210 75 1
211 75 1
213 75 1
214 75 3
216 75 1
218 75 2
219 75 3
221 75 1
222 75 2
230 75 1
233 75 3
238 75 1
239 75 3
242 75 2
246 75 1
251 75 1
254 75 1
256 75 1
257 75 1
259 75 3
261 75 2
267 75 3
268 75 1
274 75 2
278 75 1
279 75 2
284 75 3
286 75 1
289 75 1
290 75 3
292 75 2
293 75 3
295 75 2
296 75 1
300 75 1
303 75 2
304 75 3
305 75 1
306 75 2
307 75 1
313 75 2
314 75 2
319 75 3
325 75 1
327 75 2
331 75 2
336 75 3
339 75 1
348 75 3
354 75 1
357 75 1
359 75 3
361 75 2
366 75 1
368 75 3
372 75 3
375 75 3
379 75 2
383 75 3
386 75 2
392 75 3
394 75 1
397 75 2
403 75 3
406 75 2
411 75 2
412 75 3
419 75 2
424 75 1
425 75 2
431 75 3
434 75 1
436 75 1
440 75 2
441 75 1
443 75 2
447 75 2
449 75 3
452 75 1
454 75 2
457 75 3
458 75 3
460 75 3
472 75 1
475 75 3
479 75 1
487 75 3
489 75 3
490 75 2
492 75 2
494 75 3
497 75 3
499 75 2
500 75 2
505 75 2
506 75 3
509 75 2
511 75 2
514 75 2
516 75 1
522 75 3
526 75 2
529 75 2
530 75 2
532 75 1
535 75 3
536 75 2
537 75 1
539 75 3
540 75 3
545 75 2
547 75 2
558 75 2
560 75 3
563 75 2
566 75 1
571 75 3
572 75 3
573 75 3
580 75 2
581 75 2
582 75 3
583 75 3
585 75 1
592 75 3
593 75 3
594 75 3
595 75 2
596 75 3
598 75 3
602 75 2
605 75 1
607 75 2
608 75 3
611 75 3
613 75 3
615 75 3
616 75 2
617 75 2
619 75 3
622 75 2
623 75 1
624 75 3
629 75 1
633 75 1
636 75 3
645 75 2
646 75 1
651 75 2
662 75 3
668 75 2
670 75 2
672 75 3
676 75 3
677 75 2
678 75 1
681 75 3
682 75 3
685 75 3
688 75 2
691 75 2
695 75 2
698 75 2
701 75 3
703 75 3
710 75 2
711 75 2
712 75 3
713 75 2
719 75 2
736 75 1
739 75 2
744 75 1
747 75 1
750 75 2
752 75 1
756 75 2
757 75 1
758 75 2
759 75 3
763 75 3
768 75 1
778 75 2
779 75 1
780 75 1
782 75 1
789 75 3
791 75 1
795 75 1
796 75 3
798 75 1
810 75 3
811 75 1
816 75 2
820 75 3
821 75 1
823 75 2
824 75 3
826 75 1
828 75 2
830 75 2
832 75 1
834 75 3
835 75 1
836 75 3
840 75 2
841 75 3
846 75 3
847 75 3
849 75 1
851 75 1
852 75 1
854 75 2
855 75 1
857 75 2
859 75 2
860 75 3
862 75 3
865 75 2
867 75 1
