253 904 1
254 904 2
257 904 2
259 904 2
261 904 2
263 904 1
264 904 3
269 904 3
273 904 2
278 904 2
281 904 3
283 904 2
286 904 2
287 904 3
289 904 2
290 904 2
293 904 1
296 904 2
297 904 3
306 904 2
307 904 3
310 904 2
312 904 2
314 904 1
324 904 1
331 904 1
333 904 2
334 904 2
340 904 3
345 904 1
346 904 3
349 904 2
353 904 1
356 904 1
357 904 2
358 904 2
364 904 2
366 904 2
370 904 3
376 904 3
383 904 3
385 904 2
386 904 1
389 904 3
390 904 1
396 904 2
397 904 3
402 904 1
406 904 2
413 904 3
414 904 3
417 904 3
422 904 2
423 904 2
427 904 2
428 904 2
430 904 1
431 904 3
432 904 1
436 904 2
439 904 2
440 904 1
447 904 3
448 904 3
449 904 1
450 904 2
454 904 1
456 904 3
458 904 1
461 904 1
464 904 1
472 904 1
482 904 1
485 904 1
486 904 1
488 904 3
496 904 1
504 904 3
505 904 2
507 904 1
509 904 1
517 904 2
518 904 3
520 904 1
522 904 3
524 904 1
528 904 1
537 904 1
540 904 3
546 904 3
547 904 3
548 904 2
552 904 1
555 904 3
556 904 2
557 904 3
561 904 3
563 904 2
565 904 2
566 904 3
571 904 3
572 904 1
573 904 3
575 904 3
577 904 3
578 904 3
584 904 3
586 904 2
590 904 1
596 904 1
599 904 2
605 904 3
608 904 2
610 904 2
611 904 1
612 904 1
615 904 1
616 904 2
620 904 2
622 904 3
625 904 1
629 904 1
630 904 2
632 904 1
633 904 1
634 904 1
636 904 2
637 904 2
638 904 2
639 904 2
640 904 2
642 904 1
644 904 2
647 904 3
650 904 2
652 904 1
653 904 1
657 904 1
662 904 2
664 904 2
665 904 2
666 904 2
667 904 1
668 904 3
672 904 1
682 904 2
685 904 3
687 904 2
689 904 3
693 904 3
696 904 2
697 904 1
699 904 2
704 904 1
708 904 1
709 904 3
713 904 3
715 904 3
716 904 2
723 904 3
724 904 1
727 904 3
732 904 3
735 904 1
736 904 3
737 904 1
741 904 3
743 904 1
744 904 2
751 904 1
754 904 3
759 904 3
762 904 1
768 904 2
775 904 2
780 904 2
782 904 3
785 904 2
793 904 2
799 904 2
805 904 2
807 904 2
810 904 1
813 904 1
817 904 3
820 904 3
829 904 2
830 904 3
836 904 1
840 904 2
841 904 2
846 904 2
852 904 3
855 904 3
856 904 2
860 904 1
862 904 1
864 904 2
867 904 1
868 904 3
874 904 2
875 904 1
876 904 1
881 904 2
882 904 1
886 904 2
887 904 1
888 904 3
889 904 3
892 904 3
894 904 2
895 904 1
897 904 1
903 904 3
904 904 3
909 904 1
912 904 1
913 904 1
916 904 1
926 904 2
928 904 1
932 904 1
935 904 3
937 904 1
939 904 3
940 904 1
943 904 3
944 904 3
948 904 3
949 904 1
951 904 1
957 904 1
959 904 2
965 904 2
969 904 2
977 904 1
978 904 1
981 904 1
982 904 2
990 904 3
992 904 3
993 904 1
994 904 1
995 904 1
996 904 2
998 904 3
4 905 3
6 905 2
8 905 1
9 905 1
10 905 3
11 905 1
16 905 1
17 905 3
21 905 1
25 905 2
26 905 2
28 905 2
29 905 2
36 905 3
39 905 2
42 905 2
44 905 3
48 905 1
51 905 3
52 905 3
53 905 2
62 905 3
66 905 3
67 905 3
68 905 3
69 905 2
79 905 3
80 905 1
83 905 1
85 905 3
86 905 2
88 905 3
91 905 2
93 905 1
94 905 3
105 905 1
106 905 2
117 905 3
118 905 1
121 905 1
124 905 1
125 905 1
127 905 3
128 905 3
129 905 2
131 905 2
134 905 1
136 905 3
142 905 3
143 905 1
144 905 2
146 905 2
148 905 1
150 905 1
152 905 1
155 905 2
157 905 1
164 905 2
167 905 2
170 905 3
175 905 3
176 905 1
177 905 2
179 905 1
187 905 1
188 905 3
189 905 1
196 905 2
202 905 1
204 905 2
208 905 2
211 905 2
213 905 1
215 905 2
218 905 1
221 905 1
222 905 2
223 905 3
226 905 2
227 905 1
228 905 2
235 905 2
236 905 3
241 905 1
243 905 2
249 905 1
251 905 3
255 905 2
256 905 3
259 905 1
260 905 1
264 905 3
266 905 1
268 905 1
271 905 2
272 905 2
274 905 1
278 905 2
285 905 1
286 905 2
289 905 1
291 905 3
292 905 1
299 905 3
300 905 3
303 905 1
306 905 2
307 905 2
308 905 3
312 905 1
315 905 1
316 905 1
317 905 2
318 905 3
319 905 1
321 905 1
323 905 3
328 905 1
331 905 3
343 905 2
350 905 3
351 905 2
354 905 1
355 905 1
356 905 1
358 905 3
360 905 1
365 905 3
367 905 2
374 905 3
375 905 1
376 905 1
377 905 3
379 905 1
387 905 1
390 905 3
393 905 1
394 905 1
397 905 2
398 905 2
400 905 3
403 905 2
412 905 1
415 905 2
418 905 3
425 905 1
426 905 1
427 905 2
428 905 2
429 905 2
430 905 1
436 905 1
439 905 1
441 905 2
446 905 2
447 905 1
450 905 2
451 905 1
452 905 2
457 905 1
460 905 3
464 905 3
465 905 3
482 905 2
484 905 3
486 905 1
500 905 2
505 905 2
507 905 1
510 905 1
512 905 2
514 905 2
517 905 2
519 905 3
522 905 3
524 905 2
530 905 2
532 905 2
533 905 3
537 905 1
541 905 3
543 905 1
550 905 3
551 905 1
553 905 2
554 905 1
557 905 3
558 905 1
560 905 2
561 905 2
563 905 3
564 905 3
567 905 3
568 905 3
570 905 2
579 905 1
581 905 2
582 905 3
583 905 1
587 905 1
593 905 1
595 905 1
596 905 3
607 905 2
611 905 3
613 905 3
614 905 2
615 905 1
616 905 2
619 905 1
621 905 3
624 905 2
626 905 3
627 905 1
629 905 3
630 905 1
631 905 2
632 905 1
634 905 3
639 905 1
642 905 2
652 905 1
653 905 2
654 905 1
656 905 2
657 905 3
660 905 1
663 905 1
664 905 1
667 905 3
672 905 1
675 905 1
679 905 3
681 905 3
684 905 1
689 905 1
694 905 3
695 905 2
697 905 2
701 905 2
702 905 3
703 905 2
704 905 1
705 905 2
707 905 1
710 905 1
712 905 3
714 905 3
718 905 1
725 905 3
730 905 3
737 905 3
746 905 3
747 905 1
748 905 1
753 905 2
755 905 1
757 905 1
759 905 2
760 905 1
768 905 2
787 905 3
791 905 1
797 905 1
798 905 2
800 905 1
801 905 1
802 905 3
803 905 1
807 905 2
808 905 3
811 905 1
812 905 2
814 905 3
817 905 2
819 905 2
821 905 2
823 905 3
824 905 1
828 905 3
829 905 3
830 905 1
834 905 3
840 905 3
841 905 2
845 905 2
846 905 3
850 905 3
853 905 3
854 905 2
857 905 2
859 905 3
863 905 1
865 905 1
876 905 2
877 905 2
878 905 1
880 905 1
882 905 2
884 905 1
885 905 1
894 905 2
897 905 1
899 905 1
900 905 3
904 905 2
906 905 1
909 905 2
911 905 3
913 905 3
914 905 1
915 905 3
921 905 1
926 905 2
928 905 3
932 905 3
933 905 1
934 905 1
937 905 3
938 905 3
941 905 2
943 905 1
949 905 2
952 905 2
956 905 2
958 905 1
960 905 2
966 905 3
970 905 1
973 905 3
974 905 1
975 905 2
976 905 3
979 905 2
988 905 2
994 905 2
997 905 2
998 905 2
12 906 1
19 906 2
22 906 1
27 906 3
29 906 1
30 906 2
33 906 3
34 906 1
35 906 2
37 906 1
47 906 1
48 906 2
49 906 2
52 906 2
57 906 2
59 906 1
60 906 3
66 906 3
69 906 1
75 906 2
78 906 1
82 906 2
85 906 1
86 906 2
87 906 3
95 906 3
97 906 1
107 906 2
108 906 3
111 906 2
112 906 3
114 906 2
116 906 1
119 906 1
120 906 2
128 906 1
133 906 1
139 906 1
140 906 1
147 906 3
155 906 3
156 906 2
159 906 2
161 906 3
164 906 1
167 906 3
168 906 2
175 906 3
180 906 2
200 906 2
203 906 1
204 906 2
205 906 3
210 906 2
211 906 2
212 906 1
213 906 3
217 906 2
219 906 2
220 906 1
222 906 2
223 906 3
227 906 3
228 906 3
229 906 3
234 906 1
238 906 3
239 906 1
245 906 2
248 906 1
249 906 2
252 906 3
254 906 2
257 906 1
258 906 3
259 906 2
260 906 3
262 906 2
265 906 2
268 906 1
269 906 2
271 906 3
