227 235 2
230 235 2
234 235 1
238 235 1
239 235 2
241 235 1
243 235 1
245 235 1
247 235 2
248 235 1
249 235 3
251 235 3
253 235 3
257 235 1
258 235 3
261 235 1
265 235 3
269 235 3
271 235 1
272 235 2
273 235 2
274 235 1
277 235 3
280 235 2
282 235 3
285 235 1
287 235 3
289 235 2
290 235 2
293 235 3
297 235 1
298 235 2
302 235 2
305 235 3
315 235 2
317 235 2
318 235 3
320 235 1
321 235 1
322 235 3
328 235 1
330 235 3
337 235 2
341 235 2
343 235 2
345 235 1
346 235 3
348 235 2
349 235 1
352 235 2
353 235 2
356 235 2
357 235 1
360 235 2
361 235 1
365 235 3
371 235 2
375 235 3
382 235 3
383 235 1
384 235 1
385 235 1
390 235 3
392 235 3
395 235 3
403 235 1
405 235 1
406 235 2
407 235 3
408 235 2
410 235 2
414 235 3
417 235 1
424 235 2
426 235 3
435 235 2
440 235 2
444 235 2
445 235 1
446 235 3
449 235 3
457 235 2
459 235 2
464 235 2
465 235 1
467 235 1
470 235 3
472 235 2
476 235 1
480 235 3
487 235 3
488 235 1
490 235 3
491 235 3
492 235 3
494 235 1
495 235 3
496 235 3
497 235 2
499 235 1
502 235 3
503 235 2
504 235 2
505 235 2
506 235 2
508 235 2
510 235 1
514 235 2
516 235 3
518 235 2
520 235 2
525 235 2
527 235 3
528 235 3
529 235 2
530 235 1
532 235 2
534 235 2
538 235 2
539 235 3
540 235 1
541 235 2
551 235 3
553 235 2
554 235 3
558 235 1
560 235 3
561 235 2
564 235 1
566 235 3
569 235 1
570 235 2
571 235 2
574 235 3
575 235 1
577 235 1
578 235 3
579 235 2
580 235 3
586 235 2
591 235 2
594 235 1
597 235 2
598 235 3
600 235 1
608 235 3
617 235 3
618 235 3
620 235 1
622 235 3
623 235 1
624 235 3
627 235 1
631 235 3
635 235 1
636 235 2
638 235 3
640 235 3
648 235 3
649 235 3
650 235 1
655 235 3
667 235 2
669 235 2
672 235 1
676 235 3
681 235 2
686 235 1
687 235 1
689 235 1
693 235 1
696 235 1
705 235 1
707 235 1
714 235 3
715 235 2
716 235 3
719 235 3
720 235 1
723 235 2
725 235 2
730 235 2
731 235 2
738 235 2
743 235 2
745 235 2
748 235 2
756 235 3
763 235 3
764 235 3
765 235 2
766 235 1
767 235 2
769 235 3
773 235 1
775 235 3
778 235 2
787 235 1
792 235 1
794 235 2
796 235 2
798 235 1
799 235 2
800 235 2
801 235 1
803 235 2
805 235 3
808 235 3
811 235 1
813 235 2
818 235 1
824 235 3
828 235 2
835 235 3
836 235 3
842 235 2
845 235 3
846 235 3
850 235 1
851 235 3
852 235 3
859 235 1
860 235 1
861 235 3
864 235 1
867 235 1
870 235 1
871 235 1
872 235 3
876 235 3
877 235 1
879 235 2
882 235 1
883 235 3
884 235 3
892 235 2
896 235 2
899 235 2
901 235 2
902 235 1
908 235 1
909 235 3
919 235 1
924 235 3
925 235 1
927 235 1
929 235 1
930 235 3
931 235 3
935 235 1
938 235 2
940 235 2
943 235 3
951 235 3
953 235 3
954 235 1
957 235 3
960 235 2
963 235 3
964 235 3
971 235 1
972 235 1
974 235 2
975 235 2
980 235 1
981 235 3
984 235 3
985 235 2
986 235 2
987 235 1
989 235 3
990 235 3
991 235 3
995 235 1
996 235 1
3 236 2
4 236 2
6 236 3
12 236 3
13 236 3
16 236 1
20 236 2
25 236 3
26 236 1
27 236 1
29 236 3
34 236 3
35 236 2
37 236 1
40 236 2
41 236 1
46 236 2
48 236 1
50 236 2
52 236 2
55 236 2
56 236 3
62 236 2
64 236 1
65 236 3
66 236 3
68 236 2
69 236 2
72 236 2
73 236 2
76 236 1
78 236 1
83 236 1
84 236 1
90 236 3
91 236 1
94 236 3
95 236 2
96 236 3
100 236 2
105 236 1
107 236 3
111 236 2
114 236 1
120 236 1
121 236 3
122 236 3
125 236 2
126 236 1
128 236 2
129 236 3
132 236 1
133 236 3
137 236 1
140 236 2
141 236 1
143 236 3
144 236 3
152 236 1
153 236 2
154 236 3
159 236 2
160 236 1
161 236 3
162 236 3
166 236 3
168 236 3
169 236 1
171 236 1
173 236 1
175 236 1
182 236 1
189 236 2
192 236 1
199 236 2
205 236 3
210 236 3
213 236 3
214 236 2
215 236 2
216 236 2
219 236 2
225 236 3
227 236 2
228 236 3
230 236 2
234 236 2
237 236 1
241 236 3
242 236 3
243 236 2
246 236 3
249 236 2
251 236 2
253 236 3
255 236 3
262 236 3
265 236 2
270 236 1
279 236 2
281 236 1
282 236 3
288 236 3
289 236 1
292 236 2
302 236 3
303 236 3
309 236 2
312 236 3
313 236 1
321 236 1
329 236 3
330 236 3
332 236 3
334 236 3
335 236 1
336 236 1
338 236 2
346 236 1
348 236 3
350 236 1
351 236 1
353 236 3
360 236 2
361 236 2
364 236 2
367 236 1
369 236 2
371 236 3
374 236 2
375 236 3
377 236 2
378 236 3
379 236 3
383 236 3
389 236 2
390 236 2
392 236 1
394 236 2
395 236 1
398 236 1
399 236 1
402 236 2
405 236 3
410 236 3
415 236 2
421 236 1
422 236 1
427 236 3
429 236 3
431 236 3
436 236 1
448 236 1
453 236 1
455 236 2
457 236 1
458 236 3
460 236 2
465 236 2
466 236 3
472 236 3
473 236 2
474 236 2
475 236 1
476 236 3
478 236 3
483 236 2
495 236 1
496 236 2
499 236 2
503 236 2
511 236 3
517 236 2
520 236 1
523 236 2
532 236 3
536 236 2
540 236 2
541 236 3
542 236 3
543 236 2
545 236 2
549 236 1
554 236 3
555 236 2
563 236 1
570 236 3
579 236 2
580 236 1
581 236 3
582 236 3
586 236 2
587 236 1
588 236 2
591 236 1
604 236 1
607 236 2
609 236 1
610 236 1
614 236 1
617 236 1
618 236 1
619 236 3
621 236 2
623 236 1
628 236 3
630 236 3
639 236 1
640 236 3
651 236 3
653 236 3
656 236 3
657 236 3
662 236 2
667 236 1
675 236 2
681 236 2
682 236 2
683 236 3
688 236 3
690 236 1
692 236 3
693 236 3
696 236 1
697 236 3
702 236 2
705 236 3
707 236 3
713 236 2
715 236 3
717 236 2
719 236 1
720 236 2
722 236 2
726 236 1
727 236 2
728 236 3
729 236 3
730 236 2
733 236 2
740 236 1
744 236 1
745 236 2
747 236 3
751 236 3
759 236 1
764 236 1
765 236 2
766 236 1
767 236 2
770 236 2
774 236 1
776 236 3
779 236 2
781 236 2
783 236 1
789 236 2
790 236 3
791 236 1
792 236 1
799 236 3
802 236 1
803 236 3
808 236 3
810 236 1
812 236 2
813 236 1
816 236 3
818 236 1
821 236 3
823 236 3
826 236 3
828 236 1
830 236 2
831 236 1
832 236 3
834 236 2
844 236 1
847 236 1
849 236 2
850 236 1
851 236 1
854 236 3
858 236 2
861 236 1
863 236 3
868 236 2
869 236 2
871 236 1
873 236 2
874 236 3
875 236 1
881 236 3
882 236 3
885 236 1
886 236 3
887 236 1
888 236 2
889 236 1
892 236 2
894 236 3
895 236 1
896 236 1
900 236 3
907 236 1
915 236 3
917 236 1
918 236 3
919 236 1
922 236 1
925 236 1
927 236 2
929 236 1
931 236 2
934 236 3
937 236 2
942 236 1
945 236 3
947 236 1
948 236 2
951 236 1
953 236 1
956 236 3
959 236 2
963 236 1
964 236 3
966 236 3
968 236 3
971 236 2
978 236 1
980 236 1
983 236 1
984 236 2
985 236 1
989 236 1
992 236 3
996 236 1
997 236 2
998 236 3
6 237 3
13 237 2
21 237 2
24 237 2
30 237 3
32 237 1
37 237 2
40 237 3
43 237 1
49 237 1
56 237 3
63 237 1
66 237 3
74 237 1
77 237 3
82 237 1
87 237 3
90 237 1
92 237 3
94 237 3
95 237 3
97 237 1
98 237 3
99 237 1
106 237 3
107 237 1
110 237 3
112 237 3
113 237 1
115 237 3
117 237 1
132 237 3
133 237 2
134 237 3
137 237 2
141 237 3
142 237 2
146 237 1
147 237 2
149 237 2
151 237 1
153 237 1
161 237 2
162 237 2
163 237 1
165 237 1
168 237 1
170 237 1
171 237 3
183 237 2
186 237 2
191 237 2
