803 302 3
804 302 1
811 302 1
814 302 1
818 302 3
819 302 1
820 302 1
821 302 1
823 302 3
824 302 2
826 302 2
827 302 2
829 302 1
830 302 3
831 302 1
834 302 3
838 302 2
839 302 2
843 302 1
844 302 3
845 302 1
847 302 2
850 302 3
852 302 1
856 302 1
858 302 2
865 302 2
866 302 3
868 302 2
869 302 1
872 302 1
874 302 3
878 302 3
879 302 3
880 302 2
886 302 3
890 302 1
894 302 1
895 302 3
899 302 1
900 302 3
905 302 2
906 302 2
909 302 1
910 302 1
911 302 2
912 302 3
913 302 2
918 302 3
920 302 3
923 302 3
925 302 2
927 302 1
934 302 2
935 302 1
941 302 3
942 302 2
943 302 3
945 302 2
949 302 1
952 302 1
954 302 2
962 302 2
966 302 2
967 302 1
968 302 2
977 302 1
979 302 3
982 302 2
985 302 2
987 302 1
995 302 3
0 303 3
1 303 3
4 303 2
6 303 3
16 303 1
19 303 1
21 303 3
25 303 1
27 303 3
28 303 1
33 303 3
34 303 2
36 303 2
37 303 1
43 303 3
44 303 1
52 303 1
63 303 1
64 303 1
65 303 3
67 303 3
71 303 2
74 303 1
81 303 1
86 303 1
88 303 1
90 303 2
94 303 2
96 303 3
102 303 3
105 303 2
106 303 2
108 303 2
109 303 2
110 303 3
111 303 1
112 303 3
114 303 1
124 303 1
125 303 1
126 303 1
127 303 3
133 303 2
135 303 1
136 303 1
137 303 1
138 303 1
140 303 1
148 303 3
150 303 3
153 303 1
156 303 1
159 303 2
160 303 3
165 303 3
166 303 3
171 303 3
172 303 3
173 303 3
174 303 3
179 303 1
180 303 2
182 303 3
184 303 3
188 303 1
193 303 2
195 303 3
197 303 3
199 303 2
203 303 1
206 303 1
207 303 1
211 303 1
216 303 3
219 303 2
221 303 1
224 303 3
226 303 2
227 303 3
228 303 3
233 303 1
237 303 3
240 303 2
244 303 1
245 303 3
249 303 3
251 303 3
253 303 1
256 303 3
257 303 1
261 303 3
262 303 1
273 303 2
274 303 2
275 303 3
279 303 2
284 303 1
285 303 1
301 303 2
304 303 1
306 303 3
308 303 3
309 303 1
315 303 3
319 303 3
329 303 1
330 303 2
331 303 1
332 303 2
333 303 3
334 303 2
343 303 3
344 303 1
345 303 2
347 303 3
350 303 2
352 303 3
353 303 3
355 303 1
357 303 1
360 303 1
361 303 3
363 303 1
367 303 1
369 303 3
370 303 2
377 303 1
382 303 2
386 303 2
391 303 1
392 303 1
396 303 2
398 303 3
400 303 1
402 303 1
406 303 2
407 303 2
409 303 2
411 303 2
414 303 2
415 303 2
416 303 3
418 303 3
420 303 1
421 303 3
425 303 1
426 303 3
432 303 3
446 303 2
449 303 1
457 303 2
459 303 1
461 303 1
462 303 1
463 303 1
467 303 1
469 303 1
472 303 3
474 303 3
475 303 2
477 303 1
478 303 1
482 303 3
485 303 3
487 303 1
491 303 2
496 303 3
497 303 2
499 303 3
500 303 2
501 303 1
503 303 2
509 303 2
510 303 2
517 303 3
520 303 3
524 303 3
536 303 2
537 303 3
538 303 3
540 303 2
542 303 1
543 303 2
547 303 1
556 303 2
557 303 2
560 303 1
561 303 3
565 303 1
569 303 1
575 303 3
576 303 3
581 303 1
588 303 3
592 303 1
597 303 3
598 303 1
605 303 2
611 303 3
614 303 1
617 303 2
622 303 3
623 303 2
626 303 2
631 303 2
632 303 2
633 303 2
636 303 2
637 303 1
642 303 3
645 303 1
646 303 3
649 303 1
652 303 1
653 303 2
659 303 3
660 303 3
670 303 1
672 303 2
674 303 3
675 303 3
677 303 3
678 303 2
679 303 3
682 303 1
683 303 1
687 303 3
690 303 2
695 303 1
699 303 1
702 303 2
703 303 3
705 303 2
707 303 1
709 303 3
712 303 2
715 303 3
717 303 3
721 303 1
723 303 1
724 303 3
730 303 2
738 303 2
739 303 1
745 303 1
748 303 1
750 303 2
752 303 2
755 303 2
758 303 1
761 303 3
767 303 3
769 303 2
772 303 1
777 303 1
779 303 2
780 303 1
781 303 3
782 303 1
783 303 2
785 303 3
793 303 3
794 303 2
796 303 1
799 303 1
801 303 1
802 303 2
812 303 3
814 303 2
819 303 3
822 303 1
826 303 1
828 303 1
833 303 1
836 303 1
840 303 2
841 303 3
843 303 1
844 303 3
847 303 3
860 303 1
861 303 2
863 303 2
866 303 2
873 303 1
875 303 3
877 303 3
880 303 3
882 303 1
883 303 2
884 303 1
886 303 3
890 303 2
891 303 3
894 303 2
897 303 2
899 303 1
904 303 3
909 303 1
911 303 2
913 303 3
915 303 1
916 303 3
917 303 1
918 303 2
919 303 1
921 303 3
928 303 3
929 303 2
932 303 2
942 303 2
946 303 1
947 303 1
951 303 3
953 303 1
957 303 1
960 303 3
963 303 1
964 303 2
966 303 1
967 303 1
968 303 3
972 303 1
990 303 2
994 303 2
998 303 1
999 303 3
0 304 2
1 304 1
2 304 1
7 304 3
17 304 2
20 304 2
22 304 1
23 304 1
29 304 3
31 304 2
32 304 3
36 304 3
39 304 2
42 304 3
47 304 1
51 304 1
52 304 1
58 304 1
59 304 1
61 304 3
62 304 1
65 304 3
69 304 2
70 304 1
74 304 2
75 304 3
76 304 2
80 304 1
83 304 3
86 304 1
87 304 1
88 304 2
90 304 3
93 304 1
94 304 3
97 304 2
98 304 3
101 304 1
104 304 2
109 304 3
112 304 3
113 304 2
114 304 2
118 304 3
125 304 3
126 304 2
128 304 1
129 304 1
131 304 1
132 304 2
136 304 1
140 304 2
144 304 2
150 304 1
159 304 1
163 304 3
165 304 3
167 304 1
174 304 2
178 304 3
179 304 1
180 304 3
182 304 1
183 304 1
185 304 1
186 304 2
190 304 1
196 304 3
197 304 1
198 304 2
201 304 3
206 304 1
207 304 3
208 304 3
211 304 2
217 304 1
225 304 3
226 304 1
230 304 3
231 304 3
233 304 2
236 304 3
238 304 1
245 304 3
249 304 1
255 304 3
256 304 2
260 304 2
262 304 3
264 304 2
266 304 2
267 304 3
273 304 1
275 304 3
276 304 3
277 304 2
279 304 3
280 304 3
285 304 1
290 304 3
291 304 3
293 304 3
296 304 3
307 304 3
309 304 3
311 304 3
312 304 2
315 304 1
316 304 1
317 304 1
319 304 3
321 304 3
322 304 1
323 304 1
324 304 2
325 304 2
328 304 1
329 304 2
330 304 1
332 304 3
333 304 3
336 304 2
337 304 1
341 304 1
343 304 3
350 304 1
353 304 1
354 304 3
355 304 2
356 304 1
360 304 1
362 304 3
364 304 1
366 304 3
368 304 3
373 304 2
374 304 2
379 304 2
382 304 3
383 304 3
388 304 1
392 304 1
394 304 1
396 304 3
401 304 1
403 304 1
407 304 1
409 304 3
410 304 3
415 304 1
420 304 1
421 304 3
422 304 1
423 304 2
426 304 2
431 304 1
432 304 3
434 304 2
438 304 3
439 304 2
441 304 1
442 304 1
444 304 3
445 304 1
456 304 1
459 304 2
460 304 3
464 304 2
466 304 2
468 304 2
475 304 1
477 304 1
480 304 1
482 304 3
486 304 3
489 304 2
490 304 2
494 304 3
497 304 3
500 304 3
503 304 3
505 304 2
506 304 1
512 304 3
516 304 2
521 304 2
526 304 3
527 304 3
532 304 2
535 304 1
538 304 3
541 304 3
545 304 3
547 304 3
549 304 1
556 304 2
561 304 3
565 304 3
575 304 1
577 304 1
578 304 2
580 304 2
586 304 3
589 304 2
592 304 1
593 304 1
595 304 1
598 304 2
600 304 3
601 304 1
602 304 3
610 304 3
612 304 2
615 304 1
616 304 2
619 304 3
620 304 3
621 304 1
640 304 1
641 304 3
642 304 1
644 304 2
651 304 2
659 304 3
661 304 3
665 304 2
666 304 3
672 304 3
673 304 3
677 304 2
678 304 1
681 304 1
687 304 3
690 304 2
691 304 2
692 304 1
696 304 2
697 304 2
698 304 3
699 304 2
700 304 2
701 304 1
702 304 3
710 304 1
721 304 2
725 304 2
726 304 2
742 304 2
743 304 3
744 304 2
745 304 3
749 304 2
751 304 1
753 304 3
754 304 1
756 304 3
757 304 3
759 304 3
766 304 3
768 304 1
771 304 3
775 304 3
777 304 2
783 304 2
788 304 3
791 304 2
793 304 2
