54 267 1
56 267 3
57 267 2
58 267 3
60 267 2
63 267 3
64 267 2
66 267 2
68 267 3
70 267 2
72 267 2
74 267 1
75 267 3
78 267 1
79 267 3
88 267 1
89 267 3
98 267 3
99 267 1
102 267 3
104 267 2
109 267 1
117 267 3
123 267 3
125 267 2
132 267 1
135 267 2
136 267 1
141 267 1
142 267 3
147 267 1
150 267 2
152 267 1
153 267 2
155 267 1
160 267 2
171 267 1
172 267 3
174 267 1
177 267 1
178 267 3
179 267 2
182 267 3
186 267 2
188 267 1
194 267 1
195 267 1
201 267 3
203 267 2
207 267 1
209 267 1
211 267 3
214 267 3
219 267 2
224 267 3
227 267 1
231 267 1
232 267 2
235 267 1
243 267 2
250 267 2
253 267 1
254 267 2
257 267 3
258 267 2
260 267 2
263 267 2
264 267 2
267 267 3
268 267 3
269 267 1
273 267 1
281 267 1
282 267 2
283 267 2
284 267 2
286 267 3
287 267 3
293 267 1
299 267 3
300 267 1
305 267 3
307 267 2
312 267 1
316 267 1
317 267 2
322 267 3
323 267 1
327 267 1
328 267 1
333 267 2
337 267 1
339 267 2
341 267 2
342 267 1
344 267 1
347 267 2
351 267 2
356 267 1
360 267 3
363 267 3
364 267 1
373 267 1
376 267 1
379 267 1
380 267 2
381 267 2
382 267 3
384 267 2
393 267 2
394 267 1
403 267 2
406 267 1
414 267 3
415 267 1
416 267 1
418 267 1
423 267 3
429 267 2
430 267 1
432 267 2
433 267 1
435 267 3
442 267 2
443 267 3
446 267 2
450 267 3
451 267 3
454 267 3
458 267 2
459 267 3
460 267 1
462 267 2
463 267 3
464 267 1
470 267 3
477 267 2
478 267 1
481 267 1
482 267 2
489 267 2
493 267 3
494 267 2
495 267 1
496 267 2
497 267 3
500 267 1
502 267 1
508 267 3
509 267 2
510 267 1
516 267 3
517 267 2
518 267 3
520 267 2
529 267 2
534 267 1
536 267 2
537 267 2
542 267 1
547 267 3
556 267 2
558 267 2
561 267 3
562 267 3
563 267 2
569 267 3
572 267 2
574 267 2
575 267 1
576 267 3
578 267 3
580 267 1
584 267 3
585 267 1
587 267 1
589 267 3
590 267 2
598 267 1
599 267 3
600 267 2
601 267 1
605 267 1
607 267 2
610 267 2
613 267 3
614 267 1
617 267 3
627 267 2
631 267 2
636 267 2
638 267 2
639 267 1
641 267 1
643 267 3
644 267 1
649 267 1
660 267 2
661 267 1
668 267 1
672 267 1
677 267 3
681 267 2
683 267 1
684 267 2
688 267 1
690 267 1
698 267 3
703 267 2
708 267 2
710 267 2
715 267 2
716 267 1
722 267 1
724 267 3
727 267 1
736 267 2
740 267 2
742 267 2
743 267 1
753 267 1
757 267 2
764 267 2
766 267 2
767 267 2
770 267 1
773 267 1
776 267 3
777 267 3
778 267 2
780 267 1
781 267 2
786 267 1
787 267 2
788 267 1
789 267 3
790 267 2
792 267 2
798 267 3
803 267 1
805 267 2
809 267 1
812 267 2
813 267 2
820 267 2
821 267 2
829 267 1
831 267 1
833 267 2
835 267 1
836 267 2
837 267 2
843 267 3
849 267 2
851 267 2
852 267 3
854 267 1
855 267 2
856 267 3
860 267 3
861 267 1
862 267 1
863 267 3
865 267 3
866 267 1
867 267 3
868 267 1
870 267 3
872 267 2
874 267 2
875 267 1
879 267 1
880 267 1
881 267 2
882 267 1
883 267 2
884 267 2
889 267 2
890 267 2
903 267 2
906 267 2
909 267 1
914 267 3
915 267 3
917 267 3
918 267 2
919 267 3
922 267 1
924 267 1
928 267 3
929 267 3
930 267 3
931 267 2
935 267 3
938 267 2
939 267 3
940 267 3
943 267 2
944 267 3
945 267 1
949 267 3
958 267 1
961 267 1
963 267 3
972 267 2
978 267 1
979 267 2
980 267 3
982 267 2
984 267 2
988 267 1
990 267 1
996 267 1
0 268 1
1 268 3
5 268 2
7 268 2
9 268 2
14 268 3
18 268 3
24 268 1
25 268 3
31 268 3
33 268 2
35 268 2
36 268 1
38 268 1
39 268 3
45 268 3
48 268 2
51 268 1
54 268 3
58 268 1
59 268 3
61 268 1
63 268 1
66 268 1
68 268 3
74 268 2
80 268 3
86 268 2
87 268 1
91 268 2
93 268 3
94 268 3
95 268 2
101 268 2
105 268 3
109 268 3
110 268 1
112 268 2
114 268 3
120 268 3
121 268 1
122 268 1
126 268 3
128 268 1
132 268 1
133 268 2
137 268 3
139 268 3
145 268 2
146 268 1
150 268 3
152 268 1
156 268 3
158 268 1
161 268 3
163 268 2
164 268 1
169 268 1
175 268 2
176 268 2
177 268 2
180 268 1
184 268 2
189 268 1
199 268 2
200 268 1
205 268 1
207 268 3
212 268 3
215 268 1
216 268 2
217 268 3
219 268 3
220 268 1
223 268 3
225 268 3
226 268 3
229 268 1
230 268 2
232 268 3
235 268 3
242 268 3
244 268 3
245 268 3
250 268 1
254 268 2
256 268 1
257 268 3
260 268 1
278 268 3
279 268 1
283 268 3
287 268 2
289 268 3
294 268 1
295 268 1
300 268 2
303 268 2
311 268 1
316 268 2
317 268 1
326 268 3
328 268 3
334 268 3
338 268 3
341 268 1
345 268 3
356 268 3
359 268 2
360 268 2
365 268 1
367 268 3
369 268 1
373 268 1
376 268 2
380 268 3
384 268 3
385 268 3
386 268 1
394 268 2
402 268 3
405 268 3
406 268 1
408 268 1
409 268 2
412 268 2
415 268 2
420 268 1
425 268 2
430 268 2
435 268 1
438 268 2
439 268 2
440 268 3
443 268 1
444 268 3
447 268 3
452 268 1
453 268 2
455 268 3
460 268 1
461 268 3
466 268 1
480 268 3
482 268 3
486 268 2
487 268 3
490 268 2
491 268 3
493 268 3
496 268 3
498 268 3
500 268 1
501 268 1
506 268 2
507 268 1
509 268 2
514 268 2
517 268 2
519 268 3
525 268 1
528 268 2
530 268 3
533 268 3
535 268 3
537 268 2
540 268 1
545 268 3
546 268 1
549 268 2
553 268 1
561 268 1
564 268 2
565 268 3
567 268 1
569 268 1
577 268 3
579 268 2
585 268 3
590 268 3
593 268 3
596 268 3
597 268 2
598 268 3
600 268 1
601 268 1
602 268 2
604 268 3
607 268 1
612 268 3
613 268 3
614 268 3
622 268 1
624 268 3
631 268 3
632 268 3
634 268 2
635 268 1
636 268 3
638 268 3
640 268 2
642 268 2
645 268 2
646 268 3
649 268 3
651 268 1
654 268 2
656 268 1
663 268 1
664 268 2
665 268 1
666 268 1
668 268 2
670 268 2
675 268 3
680 268 1
689 268 2
691 268 1
694 268 2
695 268 1
700 268 3
706 268 2
709 268 3
711 268 2
714 268 2
718 268 1
720 268 1
722 268 2
723 268 1
728 268 3
732 268 1
735 268 3
746 268 3
748 268 2
752 268 1
755 268 1
756 268 1
757 268 2
768 268 3
770 268 2
779 268 2
790 268 1
795 268 1
796 268 3
798 268 1
801 268 1
804 268 3
807 268 3
814 268 3
815 268 1
817 268 2
825 268 2
827 268 1
830 268 3
831 268 2
832 268 1
836 268 3
839 268 3
847 268 1
848 268 1
853 268 2
861 268 3
862 268 1
863 268 2
864 268 2
872 268 1
873 268 3
876 268 2
877 268 3
884 268 3
885 268 3
888 268 2
898 268 3
899 268 3
900 268 2
901 268 3
903 268 1
905 268 1
907 268 3
908 268 3
915 268 3
922 268 2
928 268 1
929 268 3
931 268 1
936 268 2
939 268 3
941 268 2
944 268 1
946 268 1
953 268 3
955 268 3
956 268 1
957 268 2
958 268 3
960 268 2
965 268 3
966 268 2
969 268 1
978 268 1
985 268 1
988 268 2
990 268 3
993 268 1
997 268 3
999 268 3
0 269 1
3 269 1
6 269 2
7 269 3
10 269 3
15 269 3
21 269 1
24 269 1
28 269 2
30 269 1
31 269 3
37 269 2
44 269 2
46 269 1
51 269 2
53 269 1
57 269 3
61 269 2
66 269 3
67 269 3
84 269 3
86 269 2
87 269 2
92 269 1
96 269 1
97 269 3
102 269 2
104 269 3
109 269 3
115 269 1
116 269 1
120 269 2
132 269 3
140 269 2
141 269 1
145 269 3
147 269 2
149 269 1
153 269 2
155 269 3
156 269 2
159 269 3
160 269 3
165 269 1
167 269 2
171 269 1
172 269 2
