330 209 1
336 209 3
337 209 3
338 209 1
346 209 3
347 209 3
350 209 3
352 209 3
358 209 3
363 209 2
365 209 1
366 209 1
367 209 3
368 209 1
370 209 3
371 209 1
372 209 1
373 209 3
375 209 1
379 209 1
384 209 3
387 209 2
392 209 1
394 209 1
397 209 2
400 209 2
402 209 1
405 209 2
408 209 2
410 209 1
411 209 2
422 209 1
424 209 3
426 209 2
431 209 2
433 209 3
437 209 3
439 209 2
443 209 2
445 209 3
446 209 3
447 209 1
450 209 1
456 209 3
458 209 2
460 209 1
461 209 1
465 209 2
469 209 1
471 209 1
472 209 2
475 209 2
478 209 3
479 209 3
480 209 2
481 209 2
489 209 2
491 209 2
493 209 2
495 209 3
511 209 2
513 209 3
514 209 1
515 209 2
519 209 3
520 209 2
523 209 3
524 209 1
526 209 3
529 209 1
531 209 1
540 209 1
544 209 1
546 209 3
548 209 3
549 209 3
559 209 3
560 209 3
564 209 2
567 209 3
570 209 1
576 209 3
579 209 1
581 209 2
584 209 1
585 209 1
589 209 2
594 209 1
596 209 2
597 209 3
600 209 1
603 209 2
606 209 3
610 209 2
611 209 2
612 209 3
616 209 2
621 209 3
626 209 1
627 209 3
628 209 2
629 209 1
631 209 3
635 209 2
637 209 1
639 209 2
641 209 3
644 209 1
646 209 2
648 209 3
652 209 3
654 209 2
657 209 3
659 209 2
662 209 1
664 209 1
665 209 2
667 209 1
668 209 3
669 209 3
670 209 2
672 209 1
677 209 3
679 209 2
682 209 3
685 209 3
687 209 2
691 209 3
693 209 3
694 209 1
695 209 1
705 209 2
706 209 2
707 209 1
710 209 3
712 209 3
716 209 1
717 209 3
718 209 1
723 209 3
726 209 2
727 209 1
730 209 2
734 209 2
735 209 1
737 209 3
743 209 1
747 209 2
759 209 2
761 209 1
764 209 1
767 209 2
769 209 1
770 209 2
772 209 1
776 209 2
780 209 2
786 209 3
788 209 3
789 209 2
790 209 1
794 209 1
795 209 2
796 209 1
799 209 1
801 209 2
804 209 1
805 209 1
809 209 1
813 209 1
815 209 1
817 209 2
821 209 3
823 209 3
825 209 3
827 209 2
828 209 1
829 209 1
833 209 2
841 209 2
845 209 1
847 209 2
848 209 2
850 209 3
851 209 3
857 209 3
858 209 2
859 209 2
860 209 1
864 209 2
867 209 3
868 209 3
872 209 1
873 209 2
875 209 2
877 209 3
880 209 2
882 209 2
885 209 3
886 209 2
887 209 1
897 209 1
899 209 2
900 209 3
902 209 3
904 209 1
905 209 3
912 209 1
916 209 1
917 209 2
919 209 2
921 209 3
923 209 3
926 209 1
927 209 2
930 209 2
932 209 3
936 209 2
937 209 3
940 209 1
943 209 2
948 209 1
950 209 1
952 209 1
953 209 2
956 209 2
958 209 2
959 209 3
960 209 1
965 209 2
970 209 3
971 209 1
976 209 2
977 209 2
978 209 3
979 209 2
981 209 2
982 209 3
984 209 2
988 209 2
990 209 2
991 209 3
995 209 3
999 209 2
7 210 2
9 210 1
11 210 1
12 210 3
14 210 1
15 210 1
20 210 3
23 210 3
29 210 3
30 210 2
33 210 2
35 210 2
40 210 2
42 210 2
43 210 2
47 210 1
50 210 3
58 210 2
59 210 3
61 210 2
62 210 1
68 210 1
71 210 1
75 210 1
76 210 2
77 210 1
85 210 3
86 210 3
95 210 1
98 210 1
103 210 1
105 210 1
107 210 1
108 210 1
110 210 1
119 210 3
120 210 3
126 210 1
127 210 2
129 210 2
132 210 1
139 210 2
140 210 2
141 210 2
142 210 1
146 210 2
147 210 1
148 210 1
149 210 1
151 210 2
152 210 1
154 210 1
167 210 2
171 210 2
175 210 2
176 210 1
180 210 2
182 210 2
184 210 1
185 210 1
187 210 2
189 210 3
190 210 3
196 210 3
197 210 2
199 210 3
201 210 1
204 210 3
207 210 3
208 210 1
210 210 3
213 210 1
214 210 3
215 210 3
217 210 3
221 210 1
222 210 3
225 210 1
231 210 2
233 210 2
235 210 1
240 210 2
242 210 1
244 210 2
247 210 2
252 210 3
253 210 1
257 210 2
258 210 2
265 210 3
268 210 1
270 210 2
272 210 1
273 210 3
274 210 2
275 210 2
283 210 2
287 210 2
293 210 1
294 210 3
297 210 1
302 210 3
305 210 2
307 210 1
308 210 1
309 210 1
311 210 2
312 210 2
313 210 1
314 210 2
315 210 2
320 210 1
332 210 1
341 210 3
343 210 3
344 210 2
352 210 2
353 210 3
354 210 3
356 210 1
365 210 2
368 210 2
369 210 3
373 210 3
376 210 3
378 210 1
379 210 3
380 210 3
382 210 3
384 210 2
391 210 3
394 210 1
396 210 1
398 210 3
405 210 3
409 210 2
411 210 2
412 210 3
413 210 3
416 210 2
417 210 1
419 210 2
421 210 3
426 210 2
427 210 3
429 210 1
432 210 3
433 210 3
434 210 2
436 210 3
441 210 2
444 210 2
447 210 3
452 210 1
457 210 3
458 210 1
459 210 1
461 210 2
463 210 3
465 210 3
468 210 2
475 210 1
476 210 3
483 210 3
486 210 3
487 210 1
493 210 1
495 210 1
499 210 3
502 210 3
503 210 3
504 210 2
505 210 1
510 210 3
512 210 2
513 210 1
522 210 2
525 210 2
526 210 3
530 210 2
535 210 2
537 210 1
538 210 3
542 210 2
544 210 2
546 210 2
547 210 3
549 210 3
550 210 3
552 210 1
553 210 1
554 210 1
559 210 2
567 210 3
572 210 1
573 210 1
574 210 1
576 210 3
579 210 3
580 210 3
581 210 1
588 210 2
591 210 1
593 210 2
595 210 1
598 210 2
599 210 1
600 210 1
601 210 3
602 210 3
603 210 2
609 210 1
613 210 1
614 210 1
617 210 1
621 210 1
626 210 2
627 210 1
631 210 3
632 210 1
633 210 3
634 210 3
639 210 3
642 210 3
643 210 1
645 210 1
649 210 1
655 210 2
658 210 1
659 210 1
665 210 1
668 210 3
669 210 1
671 210 1
673 210 2
674 210 3
681 210 1
682 210 2
683 210 3
688 210 1
691 210 1
698 210 1
699 210 1
701 210 2
703 210 1
705 210 3
708 210 3
711 210 3
712 210 3
713 210 2
716 210 2
720 210 2
722 210 3
730 210 1
734 210 2
737 210 1
738 210 1
739 210 3
743 210 3
745 210 3
751 210 1
753 210 2
755 210 3
756 210 2
758 210 1
763 210 1
766 210 2
768 210 2
778 210 2
784 210 1
787 210 1
788 210 1
789 210 2
790 210 1
791 210 2
792 210 1
797 210 1
798 210 1
799 210 1
804 210 1
809 210 1
813 210 2
814 210 1
815 210 1
823 210 2
826 210 1
827 210 1
840 210 1
851 210 2
854 210 3
856 210 2
861 210 1
866 210 2
867 210 3
869 210 1
873 210 3
874 210 2
876 210 1
878 210 2
880 210 1
884 210 1
885 210 1
889 210 2
890 210 1
891 210 1
899 210 3
904 210 3
910 210 2
913 210 1
916 210 3
917 210 3
919 210 2
923 210 1
930 210 2
931 210 2
932 210 1
939 210 2
941 210 2
943 210 2
947 210 1
949 210 2
950 210 3
953 210 2
963 210 3
965 210 2
966 210 3
967 210 2
973 210 3
977 210 3
978 210 3
980 210 1
982 210 3
985 210 1
991 210 3
993 210 3
0 211 3
4 211 1
7 211 1
15 211 3
16 211 1
17 211 2
18 211 1
19 211 3
24 211 1
28 211 2
31 211 3
33 211 1
36 211 1
38 211 3
39 211 1
40 211 3
43 211 2
44 211 2
50 211 3
52 211 3
59 211 2
60 211 2
61 211 3
66 211 3
69 211 1
74 211 2
75 211 3
76 211 2
77 211 3
79 211 2
80 211 1
86 211 3
87 211 1
88 211 1
90 211 2
91 211 3
94 211 2
95 211 3
99 211 2
100 211 3
102 211 1
106 211 1
107 211 2
109 211 1
117 211 2
118 211 1
121 211 3
123 211 2
126 211 3
129 211 3
130 211 3
131 211 3
132 211 3
133 211 1
141 211 2
146 211 1
147 211 3
148 211 2
150 211 1
157 211 3
158 211 3
162 211 1
165 211 1
169 211 2
173 211 1
174 211 1
179 211 2
181 211 2
187 211 2
188 211 2
202 211 1
206 211 2
210 211 3
211 211 1
213 211 1
215 211 3
218 211 2
220 211 1
223 211 3
226 211 3
229 211 1
232 211 1
233 211 1
234 211 1
236 211 3
244 211 2
245 211 1
