796 616 3
798 616 1
801 616 3
810 616 2
812 616 2
819 616 1
825 616 1
826 616 1
827 616 3
828 616 1
831 616 3
837 616 1
841 616 1
842 616 3
846 616 2
849 616 1
850 616 1
854 616 3
859 616 2
861 616 2
864 616 3
875 616 3
876 616 3
878 616 1
880 616 3
882 616 2
888 616 3
890 616 1
891 616 3
894 616 1
895 616 1
900 616 3
903 616 1
904 616 1
907 616 3
909 616 1
910 616 2
912 616 3
915 616 1
916 616 3
917 616 2
919 616 3
926 616 1
933 616 2
934 616 3
936 616 3
941 616 1
944 616 3
948 616 1
949 616 1
954 616 3
956 616 3
959 616 2
961 616 3
967 616 1
971 616 3
976 616 1
977 616 1
978 616 1
985 616 1
995 616 1
997 616 1
0 617 1
3 617 1
10 617 1
14 617 2
16 617 3
21 617 2
23 617 3
24 617 1
25 617 2
27 617 1
29 617 3
30 617 3
32 617 3
33 617 1
34 617 1
35 617 2
39 617 1
40 617 2
42 617 3
46 617 1
49 617 3
52 617 2
56 617 3
57 617 2
58 617 2
59 617 1
63 617 3
65 617 1
72 617 3
73 617 3
75 617 1
77 617 1
79 617 2
81 617 2
82 617 1
85 617 1
88 617 3
90 617 3
92 617 2
93 617 1
95 617 1
97 617 2
100 617 1
109 617 1
113 617 1
117 617 2
118 617 2
120 617 2
125 617 2
128 617 2
131 617 2
132 617 2
133 617 1
134 617 3
143 617 3
144 617 3
145 617 1
146 617 3
150 617 2
151 617 1
153 617 1
154 617 1
160 617 3
161 617 3
164 617 3
165 617 2
166 617 3
167 617 2
169 617 2
170 617 2
171 617 2
174 617 1
175 617 1
177 617 1
184 617 1
185 617 3
187 617 1
188 617 3
192 617 3
194 617 3
195 617 2
200 617 2
202 617 2
204 617 1
206 617 1
207 617 2
209 617 3
210 617 3
211 617 1
213 617 1
217 617 2
220 617 3
221 617 1
223 617 1
228 617 1
230 617 3
233 617 2
237 617 1
240 617 1
243 617 3
244 617 1
246 617 3
248 617 3
249 617 2
254 617 2
262 617 3
263 617 1
264 617 2
270 617 1
271 617 2
276 617 1
283 617 1
290 617 2
291 617 2
295 617 2
296 617 2
299 617 1
304 617 3
310 617 3
313 617 1
315 617 2
316 617 1
318 617 1
319 617 2
322 617 1
324 617 3
326 617 3
327 617 1
330 617 3
332 617 2
336 617 2
339 617 3
346 617 1
349 617 3
352 617 2
353 617 2
354 617 2
357 617 1
360 617 1
362 617 3
365 617 2
368 617 3
370 617 2
375 617 1
376 617 1
380 617 1
381 617 2
384 617 2
386 617 1
389 617 2
391 617 1
395 617 1
397 617 2
401 617 2
402 617 1
403 617 1
407 617 2
415 617 3
422 617 1
423 617 3
424 617 3
425 617 2
426 617 2
429 617 2
437 617 3
441 617 2
442 617 1
450 617 3
452 617 1
455 617 2
457 617 1
458 617 1
460 617 3
461 617 3
463 617 3
465 617 2
470 617 1
471 617 2
475 617 1
480 617 3
481 617 3
485 617 1
487 617 1
489 617 2
491 617 2
494 617 1
496 617 1
497 617 3
499 617 1
502 617 1
503 617 1
505 617 2
506 617 2
509 617 2
511 617 3
512 617 2
514 617 2
517 617 3
518 617 1
521 617 3
522 617 1
524 617 1
529 617 1
531 617 3
532 617 3
535 617 3
538 617 3
543 617 2
548 617 3
549 617 3
551 617 3
554 617 2
560 617 1
561 617 2
563 617 2
565 617 3
566 617 3
567 617 2
568 617 1
569 617 3
579 617 2
585 617 1
587 617 2
591 617 2
598 617 1
599 617 2
602 617 1
612 617 3
615 617 1
616 617 1
617 617 3
619 617 3
634 617 2
635 617 1
638 617 2
640 617 2
642 617 1
643 617 2
645 617 1
647 617 3
648 617 1
649 617 1
652 617 2
654 617 1
655 617 1
662 617 2
667 617 3
676 617 3
678 617 1
679 617 2
680 617 3
681 617 3
683 617 1
688 617 1
691 617 3
692 617 1
693 617 3
696 617 3
697 617 2
698 617 1
700 617 3
704 617 1
705 617 1
707 617 2
709 617 1
714 617 1
718 617 2
720 617 1
721 617 3
726 617 1
727 617 2
728 617 3
729 617 3
735 617 3
737 617 1
741 617 2
746 617 3
748 617 2
749 617 2
751 617 3
752 617 3
758 617 3
763 617 2
765 617 3
767 617 3
768 617 1
771 617 2
773 617 2
774 617 2
777 617 1
778 617 3
782 617 3
788 617 3
792 617 3
796 617 3
810 617 1
811 617 1
813 617 3
817 617 1
821 617 2
822 617 1
825 617 3
828 617 3
837 617 3
839 617 3
841 617 2
851 617 3
855 617 2
859 617 1
862 617 1
864 617 3
866 617 1
868 617 3
869 617 1
872 617 2
875 617 2
876 617 1
877 617 1
878 617 3
879 617 2
880 617 3
881 617 2
882 617 1
883 617 1
884 617 2
887 617 1
889 617 3
891 617 3
903 617 3
905 617 3
908 617 1
909 617 3
913 617 3
916 617 3
917 617 3
926 617 1
929 617 1
935 617 3
936 617 2
938 617 1
942 617 2
943 617 2
946 617 3
948 617 3
949 617 3
950 617 2
952 617 1
955 617 2
961 617 2
964 617 1
971 617 3
972 617 3
975 617 2
976 617 3
977 617 3
981 617 2
986 617 2
989 617 2
995 617 1
996 617 2
997 617 2
0 618 1
3 618 1
10 618 1
13 618 1
14 618 1
16 618 3
17 618 2
20 618 1
22 618 3
23 618 1
27 618 1
32 618 3
34 618 3
36 618 3
38 618 2
39 618 3
40 618 1
42 618 2
47 618 2
48 618 3
52 618 3
53 618 3
57 618 2
61 618 2
62 618 3
63 618 2
67 618 1
74 618 3
77 618 3
78 618 2
83 618 1
86 618 2
87 618 2
89 618 1
93 618 3
95 618 3
96 618 1
97 618 3
100 618 1
103 618 2
104 618 3
106 618 2
108 618 3
112 618 3
116 618 3
125 618 3
130 618 1
137 618 3
140 618 3
141 618 1
145 618 3
148 618 1
150 618 3
157 618 2
158 618 2
162 618 2
166 618 3
170 618 1
171 618 1
173 618 2
181 618 1
182 618 2
185 618 3
186 618 3
194 618 2
195 618 1
197 618 1
200 618 3
201 618 1
209 618 1
214 618 2
218 618 3
219 618 3
222 618 1
227 618 3
235 618 3
238 618 3
239 618 1
240 618 3
241 618 2
248 618 2
249 618 1
251 618 1
256 618 2
260 618 1
263 618 2
264 618 3
266 618 3
269 618 3
271 618 3
273 618 1
276 618 1
279 618 1
286 618 2
287 618 2
288 618 3
289 618 1
290 618 1
294 618 3
301 618 3
305 618 3
307 618 3
312 618 3
313 618 1
315 618 3
316 618 3
319 618 2
320 618 2
321 618 3
322 618 3
323 618 3
324 618 3
326 618 1
328 618 1
329 618 3
332 618 3
333 618 2
338 618 1
342 618 1
347 618 3
348 618 2
349 618 1
352 618 1
353 618 3
359 618 1
365 618 2
368 618 1
369 618 3
371 618 3
374 618 1
376 618 2
380 618 1
383 618 1
384 618 3
386 618 1
387 618 3
394 618 2
397 618 3
399 618 2
401 618 3
402 618 1
404 618 1
407 618 1
408 618 1
418 618 2
419 618 1
421 618 3
425 618 1
428 618 1
429 618 2
434 618 2
437 618 2
440 618 1
442 618 1
444 618 2
447 618 1
450 618 2
452 618 2
455 618 3
456 618 1
462 618 1
465 618 3
466 618 3
467 618 3
468 618 1
470 618 1
473 618 3
477 618 3
480 618 3
487 618 1
488 618 3
492 618 2
495 618 1
496 618 1
498 618 1
501 618 2
506 618 3
508 618 1
509 618 3
518 618 1
519 618 3
523 618 3
524 618 2
529 618 3
530 618 2
531 618 3
533 618 2
536 618 2
538 618 1
542 618 3
546 618 1
548 618 3
550 618 3
552 618 1
553 618 1
554 618 2
557 618 2
565 618 2
570 618 3
578 618 3
580 618 2
581 618 1
584 618 2
586 618 1
588 618 3
589 618 3
596 618 1
601 618 1
602 618 1
603 618 1
605 618 1
606 618 3
609 618 3
610 618 1
611 618 2
617 618 2
618 618 3
620 618 1
626 618 1
629 618 2
631 618 2
634 618 1
635 618 1
637 618 3
638 618 1
639 618 2
641 618 3
646 618 3
649 618 3
650 618 2
654 618 3
660 618 3
663 618 1
665 618 3
669 618 3
670 618 3
673 618 1
678 618 1
683 618 2
687 618 3
690 618 2
691 618 3
692 618 3
