52 52 3
54 52 1
55 52 3
60 52 1
62 52 2
64 52 1
66 52 1
67 52 3
68 52 3
70 52 3
71 52 2
72 52 1
78 52 2
81 52 2
82 52 2
84 52 2
93 52 1
94 52 2
95 52 2
99 52 3
100 52 3
103 52 3
106 52 1
111 52 1
113 52 2
118 52 3
121 52 3
126 52 3
133 52 1
134 52 3
135 52 1
138 52 1
139 52 3
140 52 2
147 52 3
148 52 3
150 52 1
155 52 1
157 52 1
158 52 1
159 52 2
160 52 3
161 52 3
162 52 1
168 52 3
171 52 3
172 52 1
173 52 3
177 52 2
181 52 1
184 52 1
185 52 2
186 52 1
187 52 1
188 52 2
189 52 1
191 52 3
194 52 2
198 52 2
208 52 1
209 52 3
211 52 1
212 52 1
214 52 3
215 52 3
217 52 3
218 52 2
220 52 1
225 52 3
227 52 3
229 52 2
232 52 2
237 52 2
242 52 1
245 52 1
251 52 2
253 52 2
256 52 2
258 52 3
259 52 2
262 52 1
264 52 1
269 52 2
270 52 2
276 52 3
279 52 1
280 52 2
282 52 2
283 52 3
288 52 3
291 52 1
293 52 3
295 52 2
296 52 1
299 52 1
301 52 2
304 52 1
307 52 1
308 52 2
309 52 3
313 52 1
314 52 2
315 52 1
318 52 3
321 52 3
325 52 1
327 52 3
328 52 3
329 52 3
330 52 2
332 52 1
334 52 3
336 52 2
340 52 1
342 52 1
343 52 3
344 52 1
352 52 1
357 52 3
362 52 1
363 52 1
367 52 2
368 52 3
369 52 1
377 52 1
381 52 1
382 52 2
383 52 3
384 52 2
385 52 3
386 52 3
390 52 1
391 52 3
392 52 3
397 52 1
402 52 1
409 52 2
411 52 3
415 52 1
416 52 2
417 52 2
418 52 2
421 52 2
423 52 2
425 52 3
427 52 3
435 52 2
436 52 2
437 52 2
438 52 1
439 52 3
441 52 2
448 52 3
450 52 1
453 52 3
456 52 1
469 52 1
470 52 1
476 52 2
482 52 3
483 52 1
488 52 1
494 52 3
495 52 2
499 52 2
500 52 2
503 52 3
504 52 1
508 52 1
515 52 3
516 52 2
520 52 1
522 52 2
524 52 3
525 52 1
527 52 3
528 52 2
534 52 2
539 52 2
541 52 3
543 52 2
544 52 3
545 52 3
547 52 2
551 52 3
553 52 1
556 52 2
557 52 2
558 52 1
563 52 2
564 52 1
565 52 1
566 52 1
569 52 2
571 52 1
576 52 3
579 52 3
580 52 1
583 52 2
586 52 1
587 52 3
588 52 3
589 52 2
592 52 2
594 52 2
599 52 1
606 52 2
608 52 1
609 52 1
615 52 3
618 52 2
619 52 3
620 52 2
633 52 3
635 52 3
638 52 1
645 52 3
646 52 1
649 52 2
651 52 1
656 52 3
658 52 1
661 52 2
665 52 3
669 52 1
670 52 2
671 52 1
672 52 1
674 52 1
679 52 1
681 52 3
683 52 3
685 52 1
686 52 3
689 52 3
690 52 1
692 52 1
696 52 2
697 52 2
698 52 2
701 52 1
702 52 1
706 52 3
707 52 3
708 52 3
709 52 1
715 52 3
717 52 2
720 52 3
728 52 1
729 52 3
730 52 3
732 52 2
734 52 2
738 52 3
739 52 2
741 52 3
744 52 1
745 52 3
746 52 1
747 52 1
749 52 2
750 52 2
756 52 2
757 52 3
762 52 3
765 52 2
766 52 1
769 52 1
770 52 3
772 52 3
773 52 1
774 52 3
775 52 3
777 52 2
781 52 2
786 52 2
789 52 3
790 52 2
791 52 3
792 52 1
796 52 3
797 52 3
798 52 3
801 52 3
806 52 1
815 52 3
818 52 1
822 52 1
826 52 3
833 52 2
835 52 1
840 52 2
842 52 3
843 52 3
846 52 3
849 52 3
853 52 3
854 52 1
869 52 1
871 52 1
874 52 3
880 52 3
888 52 3
890 52 3
895 52 2
897 52 3
898 52 3
900 52 1
902 52 2
903 52 3
910 52 2
911 52 2
913 52 3
914 52 1
919 52 1
925 52 3
930 52 1
933 52 1
935 52 2
936 52 3
941 52 2
944 52 1
947 52 1
949 52 2
952 52 3
953 52 3
955 52 1
957 52 2
959 52 3
960 52 2
962 52 1
963 52 2
964 52 2
968 52 3
969 52 3
971 52 1
974 52 3
978 52 3
985 52 2
986 52 3
987 52 3
990 52 3
991 52 3
994 52 3
997 52 2
998 52 2
999 52 3
1 53 3
2 53 3
12 53 1
14 53 2
16 53 2
18 53 3
22 53 3
23 53 2
24 53 2
28 53 1
34 53 1
38 53 1
40 53 3
52 53 2
54 53 2
55 53 1
58 53 1
59 53 1
61 53 2
64 53 2
65 53 3
68 53 3
73 53 3
76 53 2
79 53 2
81 53 2
87 53 3
91 53 1
93 53 1
94 53 2
96 53 1
98 53 2
102 53 1
104 53 3
105 53 3
106 53 1
108 53 3
112 53 2
113 53 3
117 53 3
122 53 3
123 53 3
135 53 1
140 53 2
146 53 2
148 53 1
156 53 2
158 53 2
159 53 1
162 53 1
164 53 1
167 53 2
169 53 1
171 53 3
179 53 1
182 53 1
193 53 1
200 53 1
202 53 2
210 53 3
212 53 1
214 53 2
217 53 1
220 53 1
221 53 3
225 53 1
226 53 3
228 53 3
229 53 2
234 53 2
238 53 3
240 53 1
242 53 2
243 53 1
245 53 2
246 53 3
248 53 2
250 53 2
251 53 1
257 53 1
258 53 2
261 53 1
264 53 3
265 53 2
273 53 2
275 53 3
276 53 3
278 53 1
279 53 1
281 53 1
286 53 3
287 53 1
288 53 1
290 53 3
292 53 1
294 53 2
297 53 2
301 53 1
302 53 1
303 53 3
306 53 1
311 53 2
312 53 3
316 53 1
317 53 3
318 53 2
321 53 3
322 53 2
324 53 1
325 53 1
326 53 3
329 53 2
330 53 2
336 53 3
338 53 2
339 53 1
346 53 3
349 53 1
370 53 3
375 53 3
377 53 3
380 53 3
381 53 1
382 53 3
390 53 3
397 53 2
398 53 3
399 53 3
400 53 1
401 53 2
402 53 2
404 53 2
405 53 1
408 53 2
409 53 3
411 53 2
413 53 2
414 53 3
415 53 2
417 53 1
419 53 1
424 53 1
425 53 1
430 53 2
431 53 2
432 53 1
437 53 3
440 53 2
444 53 3
446 53 3
447 53 2
449 53 3
459 53 3
460 53 3
463 53 2
466 53 3
470 53 1
475 53 2
476 53 2
477 53 3
480 53 3
481 53 1
483 53 1
486 53 2
489 53 2
497 53 1
500 53 1
501 53 2
503 53 2
507 53 3
510 53 1
515 53 1
519 53 1
521 53 3
523 53 2
526 53 3
527 53 2
529 53 1
533 53 3
534 53 2
537 53 2
541 53 3
542 53 2
550 53 1
554 53 2
559 53 2
565 53 1
573 53 2
574 53 3
576 53 1
577 53 1
583 53 1
584 53 2
589 53 1
591 53 1
594 53 3
595 53 3
598 53 3
606 53 2
607 53 2
609 53 1
614 53 2
615 53 2
618 53 1
619 53 1
628 53 2
632 53 1
634 53 1
642 53 3
650 53 3
652 53 3
654 53 3
659 53 3
661 53 1
665 53 1
667 53 1
670 53 1
678 53 3
679 53 3
680 53 3
681 53 1
684 53 1
687 53 1
690 53 2
691 53 3
694 53 3
695 53 1
696 53 1
699 53 1
705 53 2
706 53 3
708 53 3
711 53 1
715 53 3
718 53 3
719 53 1
722 53 2
723 53 1
724 53 3
739 53 3
740 53 1
751 53 1
753 53 2
755 53 3
756 53 1
757 53 3
760 53 1
762 53 3
763 53 2
767 53 2
769 53 3
771 53 1
772 53 3
775 53 1
777 53 2
778 53 2
780 53 3
781 53 2
788 53 3
791 53 1
792 53 3
795 53 1
796 53 1
799 53 2
800 53 2
807 53 2
809 53 1
813 53 2
816 53 1
817 53 3
824 53 2
825 53 1
826 53 3
830 53 2
831 53 3
838 53 1
841 53 1
847 53 3
848 53 2
849 53 3
850 53 1
857 53 1
858 53 1
860 53 1
864 53 1
870 53 2
871 53 1
872 53 1
875 53 3
882 53 3
883 53 3
885 53 2
886 53 3
889 53 2
892 53 2
899 53 1
900 53 3
908 53 1
910 53 1
917 53 2
921 53 3
923 53 2
926 53 1
927 53 3
928 53 1
930 53 3
935 53 1
936 53 3
941 53 3
942 53 1
943 53 3
947 53 3
952 53 1
953 53 2
954 53 2
963 53 1
965 53 2
967 53 2
