503 129 3
505 129 1
507 129 3
510 129 2
513 129 1
515 129 1
517 129 3
518 129 2
520 129 1
522 129 3
524 129 3
525 129 1
526 129 1
527 129 3
528 129 1
529 129 3
534 129 2
539 129 1
540 129 1
545 129 2
553 129 2
556 129 2
561 129 1
563 129 1
564 129 3
565 129 3
570 129 1
578 129 2
581 129 2
583 129 1
585 129 3
588 129 3
589 129 3
590 129 1
593 129 2
595 129 3
597 129 2
600 129 1
602 129 3
603 129 2
604 129 1
605 129 3
606 129 2
607 129 1
615 129 3
621 129 3
625 129 2
626 129 3
627 129 1
632 129 1
635 129 2
640 129 2
641 129 3
643 129 2
646 129 1
653 129 3
662 129 3
663 129 1
670 129 1
675 129 1
678 129 1
680 129 2
681 129 2
683 129 2
684 129 2
687 129 3
688 129 2
691 129 1
695 129 2
696 129 1
697 129 3
699 129 2
700 129 1
707 129 2
710 129 1
712 129 2
715 129 3
717 129 1
722 129 1
727 129 3
729 129 1
733 129 3
736 129 1
739 129 1
743 129 3
746 129 1
747 129 2
748 129 3
750 129 3
757 129 3
763 129 3
768 129 2
770 129 3
773 129 2
780 129 3
781 129 1
789 129 2
792 129 1
793 129 3
794 129 3
795 129 3
796 129 2
800 129 2
801 129 2
804 129 3
806 129 3
807 129 3
810 129 3
811 129 3
813 129 2
814 129 1
828 129 3
829 129 3
832 129 2
834 129 1
835 129 2
837 129 2
838 129 1
841 129 2
842 129 3
844 129 3
845 129 1
846 129 1
847 129 3
850 129 1
851 129 3
853 129 2
858 129 1
860 129 2
862 129 1
865 129 3
867 129 3
869 129 1
872 129 2
873 129 2
876 129 3
879 129 2
883 129 2
890 129 2
897 129 2
899 129 2
902 129 2
903 129 3
907 129 3
913 129 3
915 129 2
922 129 1
924 129 3
932 129 2
935 129 2
939 129 3
943 129 3
944 129 1
945 129 1
949 129 3
950 129 1
951 129 2
959 129 3
961 129 1
962 129 1
965 129 2
972 129 3
984 129 3
988 129 2
990 129 2
991 129 3
992 129 1
994 129 1
3 130 1
7 130 1
9 130 1
14 130 1
15 130 3
17 130 3
20 130 2
22 130 1
24 130 3
25 130 3
27 130 1
28 130 1
32 130 3
34 130 3
37 130 1
38 130 2
40 130 1
41 130 1
49 130 3
50 130 2
56 130 2
57 130 3
58 130 3
68 130 1
72 130 3
73 130 1
75 130 2
79 130 1
85 130 3
86 130 3
87 130 2
90 130 2
94 130 2
95 130 1
105 130 1
106 130 3
107 130 3
110 130 3
111 130 2
115 130 1
116 130 2
118 130 3
120 130 3
121 130 3
123 130 1
125 130 3
128 130 2
134 130 1
141 130 2
146 130 1
155 130 2
157 130 3
160 130 1
162 130 2
163 130 1
165 130 1
169 130 1
172 130 1
175 130 1
176 130 1
179 130 1
180 130 3
185 130 3
187 130 2
188 130 2
191 130 2
194 130 2
195 130 3
196 130 1
198 130 2
199 130 1
206 130 1
208 130 2
213 130 2
215 130 3
217 130 2
221 130 3
222 130 2
229 130 1
232 130 1
235 130 1
237 130 1
241 130 3
252 130 1
253 130 1
255 130 3
257 130 2
258 130 3
259 130 3
264 130 1
266 130 1
270 130 1
278 130 3
285 130 3
288 130 2
293 130 3
303 130 3
310 130 3
311 130 3
312 130 3
318 130 3
321 130 2
325 130 2
326 130 1
328 130 2
332 130 2
333 130 1
334 130 2
335 130 3
337 130 2
338 130 3
339 130 3
344 130 2
345 130 1
350 130 3
351 130 3
354 130 2
356 130 2
360 130 3
363 130 3
364 130 3
365 130 3
367 130 1
369 130 2
371 130 3
375 130 1
376 130 3
377 130 1
380 130 3
381 130 3
382 130 3
385 130 3
386 130 2
387 130 1
389 130 2
390 130 3
391 130 2
395 130 1
397 130 3
398 130 2
406 130 1
410 130 3
411 130 2
413 130 1
417 130 3
418 130 3
419 130 3
422 130 3
428 130 3
429 130 1
431 130 1
433 130 2
449 130 1
450 130 1
455 130 1
457 130 3
458 130 3
459 130 3
461 130 2
467 130 3
468 130 1
469 130 2
470 130 1
473 130 3
478 130 1
479 130 1
490 130 3
491 130 1
492 130 1
496 130 2
497 130 2
503 130 1
508 130 2
509 130 3
512 130 1
514 130 1
515 130 1
516 130 1
517 130 2
519 130 1
521 130 3
522 130 1
523 130 2
525 130 3
527 130 3
528 130 1
530 130 3
533 130 1
534 130 3
536 130 3
537 130 3
538 130 1
542 130 1
550 130 3
553 130 1
556 130 1
557 130 3
560 130 3
567 130 1
569 130 1
572 130 1
573 130 1
575 130 2
576 130 2
579 130 1
582 130 1
583 130 3
589 130 1
590 130 1
591 130 3
593 130 1
596 130 3
599 130 3
604 130 2
606 130 3
610 130 3
613 130 3
618 130 1
620 130 3
624 130 1
626 130 3
627 130 2
632 130 3
633 130 2
635 130 2
640 130 1
642 130 1
646 130 2
648 130 3
650 130 2
653 130 3
655 130 1
657 130 2
662 130 3
670 130 2
673 130 2
674 130 3
679 130 3
682 130 2
693 130 3
695 130 1
701 130 3
702 130 1
705 130 3
707 130 2
708 130 2
710 130 1
712 130 3
718 130 1
723 130 1
726 130 1
730 130 2
734 130 3
738 130 1
739 130 2
750 130 2
752 130 2
754 130 1
757 130 2
759 130 2
760 130 3
766 130 3
773 130 3
779 130 2
782 130 3
786 130 1
787 130 2
788 130 1
789 130 1
792 130 1
804 130 1
810 130 1
813 130 1
815 130 2
816 130 3
817 130 3
819 130 3
821 130 2
827 130 3
828 130 2
835 130 3
838 130 3
840 130 2
841 130 1
844 130 3
846 130 3
853 130 2
854 130 2
859 130 1
860 130 3
861 130 2
863 130 2
869 130 2
878 130 2
881 130 1
886 130 2
890 130 3
897 130 3
902 130 3
904 130 1
908 130 2
917 130 3
918 130 3
919 130 3
920 130 1
921 130 3
923 130 2
925 130 3
933 130 1
935 130 3
936 130 2
938 130 3
942 130 1
947 130 1
951 130 1
956 130 1
959 130 2
960 130 3
961 130 1
974 130 3
981 130 3
983 130 3
986 130 3
987 130 1
997 130 3
0 131 2
5 131 1
8 131 2
9 131 3
12 131 2
20 131 2
21 131 2
29 131 3
35 131 3
37 131 2
40 131 2
43 131 3
44 131 3
45 131 1
48 131 1
52 131 2
53 131 3
57 131 2
63 131 2
67 131 3
69 131 3
70 131 3
71 131 3
72 131 3
76 131 1
82 131 2
83 131 2
84 131 2
86 131 2
87 131 3
89 131 1
95 131 3
96 131 2
98 131 1
112 131 2
113 131 1
117 131 3
123 131 2
125 131 3
126 131 1
127 131 1
129 131 3
134 131 2
135 131 3
139 131 1
145 131 1
147 131 2
152 131 2
157 131 1
159 131 3
170 131 1
176 131 2
177 131 3
182 131 3
183 131 2
185 131 1
186 131 2
187 131 3
191 131 2
192 131 2
201 131 1
205 131 1
207 131 1
214 131 2
216 131 3
222 131 3
225 131 1
227 131 3
228 131 1
229 131 2
233 131 1
244 131 3
257 131 2
259 131 3
260 131 2
262 131 3
267 131 2
268 131 2
269 131 3
273 131 1
275 131 2
277 131 3
279 131 3
286 131 3
292 131 3
296 131 2
299 131 3
306 131 1
308 131 1
310 131 3
311 131 3
316 131 1
317 131 2
320 131 3
323 131 1
331 131 1
334 131 3
337 131 2
339 131 2
344 131 1
347 131 2
348 131 2
354 131 1
360 131 1
365 131 2
366 131 1
368 131 2
372 131 2
373 131 2
375 131 2
377 131 1
379 131 1
381 131 2
382 131 1
384 131 1
392 131 1
397 131 2
398 131 1
402 131 3
403 131 3
406 131 1
409 131 1
419 131 2
421 131 1
422 131 3
423 131 2
424 131 2
430 131 1
441 131 1
443 131 1
447 131 2
453 131 1
454 131 3
455 131 2
461 131 3
463 131 3
464 131 2
465 131 2
470 131 2
471 131 2
473 131 3
474 131 3
476 131 1
478 131 1
484 131 1
487 131 1
490 131 2
493 131 3
496 131 1
501 131 1
502 131 2
503 131 2
506 131 1
510 131 3
512 131 3
513 131 2
521 131 1
522 131 3
532 131 2
536 131 2
539 131 1
540 131 2
543 131 2
551 131 1
553 131 1
554 131 1
557 131 1
560 131 2
562 131 3
571 131 3
572 131 2
581 131 1
582 131 2
