588 850 1
590 850 3
594 850 1
595 850 2
603 850 3
605 850 2
607 850 2
608 850 1
613 850 1
618 850 2
620 850 3
630 850 1
631 850 1
633 850 3
634 850 3
638 850 1
639 850 3
644 850 2
647 850 3
654 850 1
659 850 2
661 850 3
666 850 2
667 850 2
669 850 1
671 850 2
672 850 2
678 850 2
679 850 2
682 850 2
684 850 1
685 850 1
687 850 3
691 850 3
692 850 2
697 850 1
700 850 3
701 850 3
703 850 1
705 850 3
714 850 2
715 850 1
719 850 1
720 850 3
728 850 3
729 850 3
735 850 2
736 850 1
738 850 3
743 850 1
744 850 1
748 850 1
750 850 1
751 850 3
755 850 2
756 850 3
762 850 3
764 850 1
765 850 3
769 850 3
770 850 2
771 850 3
781 850 2
782 850 1
790 850 2
793 850 1
799 850 2
800 850 1
803 850 1
805 850 1
806 850 1
808 850 1
810 850 2
813 850 2
814 850 3
817 850 1
823 850 1
827 850 2
828 850 3
831 850 2
834 850 3
835 850 3
837 850 3
838 850 1
842 850 3
843 850 2
844 850 1
846 850 3
848 850 1
850 850 3
857 850 1
858 850 2
864 850 1
868 850 2
869 850 3
871 850 3
875 850 1
877 850 1
886 850 2
890 850 1
892 850 1
893 850 2
900 850 2
907 850 2
908 850 2
909 850 3
911 850 1
915 850 3
918 850 3
921 850 1
924 850 1
926 850 1
927 850 3
933 850 1
936 850 2
939 850 3
945 850 2
956 850 2
958 850 1
965 850 1
966 850 3
967 850 3
968 850 3
969 850 3
973 850 3
974 850 1
976 850 1
977 850 2
979 850 1
985 850 2
987 850 3
988 850 2
990 850 2
991 850 3
992 850 2
999 850 2
1 851 1
2 851 1
3 851 1
4 851 2
5 851 2
6 851 3
7 851 1
17 851 1
19 851 3
20 851 1
23 851 3
27 851 2
30 851 1
33 851 2
34 851 3
35 851 1
38 851 3
40 851 1
49 851 3
59 851 1
61 851 2
66 851 2
67 851 3
68 851 3
69 851 3
75 851 2
78 851 2
80 851 1
81 851 1
85 851 3
89 851 2
90 851 2
93 851 2
94 851 2
95 851 1
100 851 2
103 851 2
106 851 3
109 851 2
117 851 1
126 851 3
133 851 1
134 851 1
142 851 3
145 851 2
146 851 2
147 851 3
148 851 3
150 851 1
151 851 3
152 851 1
154 851 1
156 851 3
157 851 2
159 851 2
160 851 1
162 851 1
167 851 2
176 851 1
179 851 3
189 851 2
195 851 2
200 851 2
203 851 1
207 851 3
214 851 3
225 851 1
231 851 1
234 851 3
235 851 2
236 851 3
237 851 1
242 851 1
243 851 2
244 851 1
247 851 1
248 851 2
250 851 3
258 851 2
260 851 1
264 851 2
267 851 2
268 851 2
270 851 3
278 851 3
281 851 3
284 851 1
286 851 1
288 851 1
289 851 2
292 851 2
294 851 1
305 851 3
307 851 1
309 851 1
312 851 1
314 851 1
318 851 2
323 851 2
327 851 1
343 851 3
344 851 1
360 851 3
363 851 2
368 851 1
372 851 2
377 851 2
378 851 3
380 851 2
381 851 2
384 851 1
389 851 1
390 851 2
397 851 1
398 851 2
400 851 1
401 851 2
410 851 2
414 851 2
421 851 1
424 851 3
426 851 1
427 851 3
430 851 2
433 851 3
434 851 1
439 851 3
442 851 1
450 851 2
451 851 1
457 851 1
458 851 3
461 851 3
462 851 2
464 851 1
466 851 3
475 851 2
476 851 2
478 851 1
480 851 2
487 851 1
493 851 1
503 851 2
504 851 3
508 851 1
510 851 2
512 851 1
515 851 3
516 851 3
520 851 2
522 851 3
527 851 3
529 851 2
534 851 1
539 851 1
541 851 2
546 851 3
549 851 1
550 851 1
560 851 3
562 851 2
565 851 3
566 851 2
568 851 3
569 851 3
571 851 3
573 851 2
575 851 3
582 851 2
586 851 2
588 851 3
601 851 3
603 851 1
604 851 3
608 851 1
609 851 2
614 851 1
616 851 2
619 851 1
627 851 3
631 851 1
634 851 3
636 851 3
645 851 2
650 851 2
651 851 3
652 851 1
653 851 1
654 851 3
659 851 1
663 851 3
665 851 1
666 851 3
669 851 3
671 851 2
676 851 2
680 851 3
682 851 2
684 851 1
686 851 1
692 851 3
693 851 2
703 851 3
704 851 1
712 851 3
719 851 2
721 851 3
722 851 3
725 851 3
727 851 2
728 851 3
729 851 3
733 851 3
735 851 2
741 851 1
743 851 1
744 851 1
745 851 2
746 851 3
748 851 1
749 851 2
751 851 1
753 851 1
755 851 2
756 851 3
757 851 1
761 851 2
762 851 1
763 851 1
764 851 1
765 851 1
769 851 3
770 851 3
774 851 3
775 851 3
779 851 3
780 851 1
782 851 1
783 851 2
784 851 2
786 851 1
787 851 2
796 851 3
798 851 1
800 851 2
803 851 1
804 851 2
806 851 2
809 851 3
811 851 3
814 851 2
817 851 3
818 851 1
820 851 3
821 851 1
822 851 3
824 851 1
827 851 3
832 851 3
834 851 3
835 851 2
836 851 1
837 851 2
838 851 3
843 851 1
844 851 1
848 851 1
852 851 3
854 851 3
857 851 1
862 851 2
864 851 1
865 851 3
867 851 3
868 851 2
873 851 1
876 851 2
883 851 1
888 851 2
891 851 3
892 851 2
896 851 1
899 851 2
900 851 2
901 851 1
903 851 1
904 851 1
905 851 2
911 851 1
912 851 1
914 851 3
920 851 3
930 851 3
931 851 2
934 851 3
937 851 2
940 851 3
942 851 3
943 851 3
944 851 2
945 851 3
948 851 1
951 851 2
953 851 3
963 851 2
964 851 1
969 851 3
971 851 2
974 851 3
978 851 1
982 851 2
983 851 3
986 851 2
992 851 1
993 851 2
994 851 2
996 851 3
2 852 1
6 852 3
8 852 2
9 852 3
13 852 1
14 852 3
17 852 1
18 852 3
19 852 3
20 852 1
21 852 2
25 852 1
30 852 2
31 852 2
32 852 1
33 852 3
37 852 3
38 852 3
39 852 3
40 852 1
41 852 3
49 852 2
55 852 2
56 852 2
57 852 2
62 852 3
63 852 2
64 852 2
66 852 3
67 852 3
71 852 3
74 852 1
76 852 3
80 852 3
81 852 3
88 852 1
90 852 1
91 852 3
92 852 2
94 852 3
95 852 2
97 852 2
98 852 1
103 852 2
106 852 3
110 852 1
116 852 1
119 852 2
120 852 2
129 852 3
130 852 1
135 852 2
138 852 1
143 852 2
145 852 1
150 852 2
155 852 2
158 852 2
159 852 3
161 852 3
162 852 3
164 852 2
166 852 1
169 852 2
171 852 3
172 852 3
174 852 1
182 852 3
183 852 2
185 852 3
194 852 3
195 852 2
199 852 2
201 852 2
203 852 2
210 852 1
217 852 3
221 852 1
223 852 1
225 852 2
233 852 2
234 852 2
235 852 3
239 852 3
240 852 3
247 852 3
248 852 3
254 852 3
255 852 2
259 852 1
261 852 1
263 852 2
267 852 1
273 852 1
287 852 3
288 852 2
291 852 3
294 852 2
296 852 2
297 852 2
299 852 2
310 852 2
314 852 1
315 852 3
319 852 2
322 852 2
324 852 3
326 852 2
334 852 2
339 852 1
340 852 2
351 852 1
352 852 3
358 852 2
359 852 3
364 852 3
373 852 1
376 852 2
378 852 2
380 852 1
381 852 3
382 852 2
383 852 3
388 852 2
392 852 1
393 852 2
394 852 3
397 852 2
401 852 1
404 852 1
412 852 1
415 852 1
416 852 1
424 852 2
432 852 1
433 852 2
434 852 2
438 852 1
439 852 1
442 852 2
446 852 1
450 852 2
451 852 3
452 852 1
453 852 2
455 852 2
456 852 1
459 852 2
463 852 3
468 852 3
469 852 3
477 852 3
478 852 2
483 852 2
486 852 2
487 852 1
494 852 1
500 852 2
502 852 3
503 852 1
504 852 2
507 852 1
509 852 3
510 852 3
515 852 3
516 852 3
518 852 3
521 852 1
522 852 1
523 852 1
525 852 3
526 852 3
529 852 1
530 852 2
534 852 2
536 852 1
544 852 2
545 852 3
546 852 2
548 852 2
550 852 1
551 852 2
552 852 1
556 852 2
558 852 1
559 852 3
560 852 2
561 852 1
563 852 3
568 852 3
570 852 2
573 852 1
575 852 1
581 852 1
583 852 3
587 852 2
589 852 1
596 852 3
597 852 2
602 852 1
604 852 1
606 852 2
609 852 2
613 852 2
615 852 1
617 852 3
621 852 3
625 852 3
626 852 3
634 852 1
636 852 1
637 852 1
643 852 1
