73 4 3
74 4 1
83 4 3
84 4 2
94 4 1
99 4 3
102 4 3
106 4 2
116 4 1
122 4 2
125 4 1
127 4 1
128 4 1
137 4 1
138 4 1
139 4 3
143 4 1
145 4 1
147 4 3
152 4 3
155 4 3
156 4 3
158 4 2
160 4 2
162 4 1
163 4 1
180 4 2
182 4 2
184 4 2
186 4 1
188 4 1
189 4 2
192 4 1
193 4 3
194 4 3
195 4 3
200 4 3
201 4 1
202 4 3
203 4 1
208 4 2
212 4 2
214 4 3
215 4 2
217 4 2
224 4 2
226 4 1
229 4 3
236 4 2
240 4 1
241 4 2
242 4 1
243 4 1
245 4 3
247 4 1
252 4 3
253 4 3
260 4 3
265 4 3
267 4 3
268 4 3
274 4 2
276 4 1
277 4 3
279 4 2
280 4 1
283 4 2
285 4 2
286 4 3
292 4 3
294 4 3
295 4 2
297 4 1
299 4 2
302 4 3
303 4 1
304 4 3
309 4 1
311 4 1
316 4 3
317 4 3
318 4 3
319 4 1
320 4 1
322 4 3
323 4 1
325 4 2
328 4 1
329 4 1
330 4 2
334 4 1
337 4 2
340 4 2
345 4 3
346 4 1
347 4 3
348 4 1
351 4 2
356 4 3
358 4 1
361 4 1
364 4 1
366 4 1
375 4 2
376 4 3
378 4 1
380 4 1
384 4 1
391 4 3
393 4 1
404 4 2
407 4 2
409 4 1
411 4 2
413 4 2
416 4 2
419 4 2
424 4 2
425 4 2
427 4 1
429 4 3
430 4 1
431 4 2
435 4 2
438 4 2
440 4 3
441 4 2
444 4 1
447 4 3
452 4 1
457 4 1
459 4 2
460 4 3
463 4 3
464 4 3
477 4 2
482 4 1
483 4 1
484 4 2
491 4 3
492 4 2
495 4 3
497 4 2
501 4 1
505 4 1
506 4 2
508 4 3
510 4 1
512 4 2
513 4 1
514 4 3
517 4 2
524 4 1
527 4 2
528 4 3
529 4 1
533 4 1
534 4 3
541 4 3
546 4 2
549 4 2
551 4 3
557 4 2
560 4 3
565 4 1
573 4 2
574 4 2
579 4 1
581 4 3
582 4 2
585 4 3
589 4 3
590 4 2
597 4 1
599 4 1
603 4 3
607 4 1
609 4 1
610 4 1
612 4 2
614 4 1
616 4 2
623 4 2
626 4 1
632 4 3
636 4 1
637 4 1
640 4 3
641 4 1
646 4 1
650 4 2
651 4 1
655 4 1
658 4 3
659 4 1
660 4 1
662 4 1
664 4 3
665 4 3
672 4 3
673 4 1
674 4 2
677 4 2
682 4 3
684 4 1
685 4 3
691 4 1
692 4 1
693 4 1
694 4 3
696 4 3
697 4 3
698 4 1
699 4 3
706 4 2
707 4 1
709 4 3
714 4 1
715 4 3
717 4 1
721 4 1
722 4 3
725 4 2
726 4 3
727 4 1
732 4 3
733 4 1
734 4 1
745 4 1
748 4 2
752 4 1
756 4 1
762 4 1
765 4 1
768 4 1
769 4 3
773 4 1
774 4 1
775 4 1
776 4 3
778 4 3
783 4 1
787 4 1
789 4 2
792 4 1
800 4 3
807 4 1
809 4 1
811 4 2
818 4 2
821 4 3
826 4 2
828 4 3
834 4 1
836 4 1
837 4 1
839 4 1
840 4 2
841 4 3
842 4 2
846 4 3
850 4 1
858 4 1
871 4 1
877 4 3
879 4 3
880 4 1
881 4 1
882 4 3
883 4 1
886 4 2
888 4 1
891 4 2
892 4 1
893 4 2
894 4 2
897 4 2
899 4 2
900 4 2
902 4 2
905 4 1
909 4 1
910 4 2
911 4 1
913 4 3
914 4 1
917 4 2
920 4 2
925 4 1
929 4 3
933 4 3
935 4 2
942 4 2
946 4 1
947 4 3
948 4 1
950 4 1
956 4 3
962 4 1
963 4 3
964 4 1
970 4 3
971 4 2
975 4 2
983 4 1
985 4 3
990 4 1
991 4 2
992 4 3
994 4 2
998 4 3
1 5 2
2 5 2
4 5 2
8 5 1
9 5 3
10 5 1
12 5 3
14 5 3
19 5 1
22 5 2
29 5 2
30 5 3
34 5 3
37 5 2
39 5 2
40 5 3
44 5 3
50 5 3
52 5 3
56 5 1
58 5 2
60 5 2
62 5 1
65 5 3
68 5 2
71 5 2
73 5 3
75 5 2
77 5 3
79 5 2
80 5 1
83 5 3
85 5 3
94 5 2
96 5 2
98 5 1
100 5 1
101 5 1
102 5 3
111 5 2
119 5 3
121 5 3
127 5 1
131 5 2
133 5 2
139 5 2
142 5 3
144 5 1
147 5 1
148 5 1
151 5 1
154 5 3
157 5 2
162 5 2
164 5 2
165 5 2
169 5 1
173 5 1
174 5 3
179 5 1
185 5 2
186 5 2
189 5 2
191 5 3
192 5 2
193 5 3
195 5 2
200 5 2
203 5 3
205 5 2
206 5 1
211 5 3
219 5 3
226 5 1
227 5 2
229 5 1
231 5 3
237 5 3
243 5 3
247 5 3
251 5 3
259 5 3
273 5 3
279 5 1
282 5 2
284 5 1
286 5 3
287 5 1
289 5 2
290 5 2
292 5 2
294 5 2
298 5 1
302 5 2
303 5 2
304 5 3
314 5 3
317 5 3
321 5 3
322 5 2
323 5 1
327 5 3
330 5 3
331 5 3
334 5 1
337 5 2
340 5 2
341 5 3
342 5 2
348 5 1
352 5 1
354 5 2
358 5 1
359 5 3
360 5 2
361 5 2
368 5 1
370 5 1
371 5 2
374 5 2
383 5 3
390 5 2
396 5 1
399 5 3
404 5 2
405 5 1
408 5 2
412 5 2
413 5 1
416 5 2
417 5 2
420 5 1
422 5 3
426 5 3
432 5 1
434 5 1
448 5 2
450 5 2
453 5 2
455 5 1
457 5 2
458 5 3
464 5 1
468 5 2
470 5 1
472 5 3
473 5 1
476 5 3
477 5 3
478 5 3
479 5 3
482 5 3
483 5 2
486 5 2
487 5 1
488 5 1
489 5 1
493 5 2
497 5 3
502 5 3
505 5 1
506 5 1
507 5 1
510 5 1
514 5 3
516 5 2
518 5 1
520 5 2
523 5 1
524 5 3
527 5 3
533 5 2
536 5 1
542 5 3
550 5 1
555 5 1
557 5 1
559 5 1
563 5 3
568 5 1
572 5 3
574 5 1
580 5 3
581 5 2
582 5 3
587 5 1
588 5 1
596 5 1
597 5 1
599 5 1
601 5 2
605 5 2
606 5 3
610 5 2
618 5 1
622 5 2
623 5 3
624 5 2
627 5 2
631 5 2
633 5 1
635 5 1
639 5 2
640 5 2
642 5 1
643 5 3
644 5 2
646 5 1
647 5 3
656 5 2
662 5 1
663 5 2
664 5 3
668 5 1
674 5 3
677 5 3
678 5 2
680 5 3
686 5 1
688 5 3
695 5 1
702 5 2
706 5 3
707 5 3
709 5 1
713 5 3
714 5 2
718 5 1
723 5 2
724 5 2
726 5 2
732 5 1
735 5 1
736 5 2
737 5 2
741 5 3
743 5 2
745 5 2
746 5 1
747 5 1
751 5 3
754 5 2
758 5 3
759 5 3
760 5 3
762 5 1
765 5 2
766 5 3
769 5 3
770 5 3
775 5 3
776 5 3
778 5 2
779 5 3
781 5 1
784 5 2
785 5 2
788 5 3
792 5 2
795 5 1
796 5 2
798 5 3
803 5 3
806 5 1
808 5 2
809 5 2
810 5 3
813 5 1
817 5 2
818 5 2
819 5 2
821 5 3
822 5 1
823 5 3
826 5 3
827 5 3
828 5 1
838 5 2
842 5 2
846 5 3
847 5 3
849 5 3
851 5 1
854 5 3
856 5 3
857 5 3
861 5 2
863 5 1
864 5 1
873 5 2
874 5 2
876 5 2
877 5 1
882 5 1
884 5 3
885 5 2
889 5 3
890 5 3
894 5 3
897 5 1
899 5 3
902 5 3
904 5 3
905 5 3
907 5 1
909 5 1
914 5 2
916 5 1
917 5 1
924 5 2
925 5 3
926 5 3
928 5 1
929 5 2
930 5 2
931 5 3
933 5 2
935 5 1
940 5 3
948 5 2
955 5 3
959 5 2
965 5 3
973 5 1
975 5 1
976 5 3
977 5 3
979 5 1
982 5 3
983 5 2
984 5 2
986 5 1
990 5 3
992 5 1
995 5 2
999 5 2
0 6 3
2 6 2
6 6 2
9 6 2
11 6 1
13 6 3
14 6 2
18 6 2
20 6 3
23 6 1
24 6 1
25 6 2
26 6 1
29 6 3
30 6 1
32 6 3
34 6 3
35 6 1
44 6 3
