968 53 1
969 53 1
972 53 3
978 53 3
980 53 3
984 53 1
985 53 1
991 53 3
992 53 3
997 53 1
999 53 3
4 54 1
10 54 1
11 54 3
14 54 3
15 54 3
20 54 3
23 54 1
26 54 3
27 54 1
30 54 3
33 54 3
34 54 3
42 54 2
43 54 3
44 54 2
45 54 1
51 54 2
54 54 3
56 54 3
57 54 1
58 54 1
59 54 2
60 54 3
61 54 3
66 54 1
68 54 1
69 54 2
71 54 1
74 54 2
76 54 3
77 54 2
92 54 2
100 54 3
107 54 1
108 54 2
109 54 2
111 54 1
114 54 2
117 54 2
121 54 3
123 54 3
125 54 2
128 54 1
129 54 2
135 54 2
137 54 1
143 54 2
145 54 2
149 54 1
153 54 3
154 54 3
156 54 3
157 54 3
158 54 3
160 54 2
161 54 1
165 54 1
166 54 2
167 54 1
169 54 3
171 54 1
176 54 3
177 54 3
179 54 1
181 54 3
185 54 2
187 54 3
191 54 2
201 54 2
204 54 1
205 54 2
207 54 3
209 54 1
213 54 2
218 54 3
219 54 2
222 54 1
223 54 3
238 54 3
243 54 2
249 54 1
252 54 3
255 54 1
258 54 3
260 54 1
262 54 3
263 54 3
268 54 3
270 54 1
271 54 1
276 54 1
278 54 3
284 54 2
286 54 3
287 54 3
288 54 3
290 54 1
303 54 1
304 54 1
305 54 3
312 54 1
313 54 2
314 54 2
315 54 2
319 54 1
322 54 1
330 54 1
332 54 3
333 54 2
334 54 2
338 54 3
345 54 1
349 54 2
363 54 2
364 54 3
365 54 3
367 54 1
369 54 3
375 54 2
378 54 2
379 54 3
381 54 2
383 54 3
388 54 1
389 54 2
394 54 1
396 54 1
397 54 2
411 54 1
415 54 3
416 54 3
419 54 3
421 54 1
422 54 3
429 54 3
430 54 1
434 54 3
435 54 1
437 54 3
438 54 1
443 54 1
447 54 2
454 54 2
456 54 3
457 54 1
461 54 1
462 54 3
466 54 3
469 54 2
470 54 1
471 54 2
476 54 1
481 54 3
485 54 1
487 54 1
490 54 2
491 54 3
495 54 2
496 54 1
499 54 1
500 54 3
501 54 2
502 54 3
503 54 1
505 54 3
507 54 3
510 54 1
515 54 1
522 54 3
524 54 2
527 54 1
530 54 2
532 54 2
534 54 3
535 54 2
536 54 1
537 54 2
540 54 2
543 54 1
544 54 2
548 54 1
549 54 1
557 54 2
559 54 2
561 54 2
562 54 3
563 54 3
568 54 2
570 54 1
572 54 2
574 54 2
578 54 1
580 54 1
581 54 2
583 54 2
585 54 1
589 54 1
594 54 1
599 54 2
601 54 1
602 54 3
605 54 1
606 54 2
607 54 1
608 54 3
611 54 3
612 54 3
629 54 3
632 54 3
633 54 3
641 54 1
643 54 2
644 54 3
646 54 1
648 54 1
650 54 1
654 54 1
662 54 2
670 54 3
671 54 2
672 54 1
675 54 2
676 54 1
677 54 3
678 54 3
679 54 1
683 54 2
684 54 1
685 54 3
688 54 3
697 54 3
699 54 2
707 54 3
709 54 2
711 54 3
715 54 1
721 54 3
729 54 2
730 54 2
731 54 1
737 54 1
739 54 2
747 54 3
750 54 1
751 54 3
756 54 1
761 54 2
762 54 2
767 54 3
769 54 2
771 54 1
772 54 2
774 54 1
780 54 2
782 54 2
788 54 2
791 54 3
794 54 1
798 54 1
800 54 1
805 54 2
808 54 2
809 54 3
810 54 1
814 54 3
816 54 1
819 54 2
827 54 1
831 54 3
832 54 3
834 54 2
836 54 1
841 54 3
846 54 1
848 54 2
851 54 1
852 54 2
861 54 2
866 54 2
872 54 1
874 54 2
880 54 1
883 54 3
884 54 3
887 54 2
890 54 1
894 54 2
901 54 3
902 54 1
905 54 2
906 54 3
907 54 3
923 54 2
929 54 2
930 54 3
931 54 3
934 54 2
935 54 1
940 54 1
941 54 3
942 54 3
944 54 1
945 54 3
947 54 3
956 54 2
957 54 1
959 54 3
960 54 2
961 54 3
962 54 2
965 54 2
967 54 1
968 54 3
970 54 3
974 54 3
975 54 3
978 54 2
981 54 1
982 54 1
983 54 2
984 54 2
985 54 3
991 54 3
992 54 1
994 54 2
997 54 3
5 55 3
9 55 1
11 55 2
15 55 2
22 55 3
24 55 2
27 55 3
31 55 2
33 55 1
38 55 3
49 55 1
51 55 3
52 55 1
53 55 1
55 55 3
56 55 3
60 55 3
67 55 2
70 55 3
73 55 2
75 55 1
76 55 2
79 55 1
81 55 3
82 55 2
84 55 1
90 55 2
91 55 3
93 55 3
98 55 2
99 55 1
100 55 3
101 55 1
103 55 1
105 55 2
106 55 2
109 55 3
110 55 3
113 55 2
116 55 2
119 55 2
121 55 3
122 55 1
127 55 2
131 55 1
135 55 1
138 55 3
142 55 2
155 55 2
158 55 2
160 55 2
161 55 1
165 55 1
170 55 1
171 55 3
172 55 3
175 55 3
176 55 3
178 55 3
183 55 2
184 55 2
185 55 1
186 55 1
188 55 1
190 55 3
191 55 3
193 55 2
195 55 1
198 55 1
199 55 3
201 55 3
208 55 2
209 55 1
210 55 2
213 55 3
215 55 1
217 55 1
219 55 1
220 55 3
222 55 1
226 55 3
233 55 2
235 55 3
239 55 3
240 55 2
243 55 3
247 55 3
255 55 1
257 55 1
262 55 2
264 55 1
266 55 3
277 55 1
279 55 2
280 55 2
285 55 2
291 55 1
293 55 3
295 55 1
302 55 3
311 55 3
315 55 3
317 55 1
322 55 1
324 55 1
328 55 2
329 55 1
331 55 2
332 55 3
333 55 1
342 55 3
344 55 1
348 55 1
352 55 1
357 55 3
361 55 1
368 55 1
375 55 1
376 55 2
378 55 3
387 55 1
389 55 2
393 55 3
411 55 2
414 55 2
417 55 1
420 55 1
421 55 3
422 55 1
426 55 1
428 55 2
434 55 3
436 55 1
439 55 2
440 55 2
441 55 2
444 55 2
449 55 2
453 55 2
454 55 3
463 55 1
465 55 1
466 55 2
469 55 3
472 55 3
473 55 3
476 55 1
477 55 2
488 55 1
490 55 2
494 55 2
495 55 2
496 55 1
507 55 1
510 55 2
511 55 1
524 55 2
527 55 3
530 55 1
534 55 1
535 55 2
541 55 1
548 55 3
552 55 3
558 55 2
559 55 2
562 55 3
563 55 1
568 55 2
573 55 1
574 55 3
578 55 2
580 55 3
581 55 3
593 55 2
595 55 3
596 55 3
597 55 1
599 55 2
600 55 3
603 55 3
608 55 1
609 55 1
612 55 2
613 55 1
617 55 2
621 55 3
622 55 2
625 55 3
630 55 3
632 55 2
636 55 3
640 55 3
641 55 3
644 55 2
650 55 1
659 55 1
661 55 1
662 55 2
664 55 1
665 55 2
668 55 2
674 55 1
677 55 1
678 55 2
682 55 2
684 55 2
688 55 1
693 55 3
696 55 3
697 55 1
702 55 2
708 55 3
711 55 1
714 55 3
717 55 1
720 55 3
721 55 2
722 55 1
726 55 1
727 55 1
729 55 1
732 55 3
733 55 3
737 55 1
742 55 2
747 55 1
749 55 1
751 55 2
753 55 2
754 55 2
756 55 2
759 55 2
760 55 1
763 55 2
764 55 3
767 55 3
770 55 2
775 55 2
779 55 1
780 55 2
789 55 3
790 55 1
792 55 3
795 55 3
798 55 2
800 55 2
804 55 1
805 55 2
806 55 1
807 55 2
808 55 1
810 55 3
813 55 2
817 55 1
820 55 1
833 55 2
842 55 3
843 55 1
844 55 3
846 55 1
847 55 3
851 55 3
852 55 1
857 55 2
859 55 1
860 55 3
867 55 2
870 55 2
873 55 2
874 55 3
880 55 1
881 55 1
883 55 1
884 55 1
885 55 3
890 55 1
895 55 1
896 55 2
900 55 2
901 55 1
904 55 3
916 55 2
917 55 1
918 55 3
920 55 3
921 55 3
922 55 2
926 55 1
927 55 3
929 55 1
932 55 2
940 55 3
943 55 2
944 55 3
945 55 3
946 55 1
950 55 2
955 55 2
956 55 1
960 55 2
963 55 3
964 55 3
965 55 3
966 55 2
968 55 1
973 55 1
974 55 3
977 55 3
978 55 2
980 55 1
982 55 3
983 55 2
987 55 1
990 55 1
997 55 2
2 56 1
6 56 1
10 56 3
11 56 2
12 56 2
13 56 3
14 56 3
20 56 2
22 56 2
24 56 3
26 56 3
30 56 3
32 56 2
