419 768 3
420 768 1
421 768 3
423 768 2
430 768 3
435 768 2
437 768 1
439 768 3
447 768 3
455 768 3
456 768 2
457 768 3
458 768 2
461 768 2
462 768 2
469 768 1
473 768 1
475 768 2
476 768 1
477 768 3
479 768 3
483 768 2
488 768 3
489 768 3
490 768 3
492 768 2
501 768 3
511 768 2
513 768 1
514 768 3
517 768 3
519 768 3
521 768 2
524 768 1
527 768 3
530 768 3
532 768 2
535 768 1
538 768 1
540 768 3
541 768 3
542 768 1
544 768 3
549 768 3
551 768 1
554 768 2
558 768 3
560 768 2
562 768 1
564 768 3
567 768 2
570 768 1
572 768 1
573 768 3
576 768 2
582 768 3
583 768 1
587 768 3
589 768 2
591 768 2
594 768 3
604 768 1
607 768 3
614 768 1
619 768 2
622 768 1
626 768 2
627 768 1
629 768 2
633 768 2
646 768 1
647 768 3
651 768 1
653 768 1
654 768 1
655 768 3
663 768 2
664 768 2
672 768 1
677 768 3
681 768 1
682 768 3
684 768 2
686 768 2
687 768 2
699 768 3
700 768 1
701 768 2
705 768 1
708 768 3
712 768 1
713 768 1
715 768 1
716 768 1
721 768 2
723 768 1
725 768 3
729 768 2
731 768 2
733 768 1
735 768 2
737 768 3
739 768 3
747 768 1
750 768 3
757 768 2
766 768 3
767 768 3
768 768 3
769 768 1
770 768 2
774 768 3
776 768 3
778 768 1
779 768 3
782 768 2
784 768 2
786 768 2
787 768 3
788 768 3
789 768 3
795 768 1
801 768 2
803 768 2
806 768 3
808 768 1
809 768 3
811 768 1
813 768 1
815 768 1
817 768 2
818 768 1
820 768 3
823 768 2
829 768 1
832 768 1
837 768 2
838 768 2
840 768 2
845 768 3
846 768 3
847 768 2
851 768 2
852 768 2
854 768 2
856 768 2
858 768 1
861 768 2
863 768 3
869 768 1
870 768 2
871 768 2
879 768 2
884 768 3
885 768 3
887 768 3
890 768 2
895 768 3
896 768 1
898 768 3
901 768 1
905 768 1
907 768 3
911 768 3
912 768 2
914 768 1
915 768 1
917 768 2
918 768 2
927 768 1
931 768 1
939 768 2
946 768 2
953 768 2
956 768 1
968 768 3
970 768 1
972 768 1
974 768 1
976 768 1
985 768 1
986 768 2
987 768 3
990 768 2
991 768 2
992 768 2
993 768 1
997 768 3
5 769 2
6 769 2
9 769 2
14 769 1
19 769 1
21 769 3
22 769 2
25 769 1
26 769 2
36 769 2
38 769 3
42 769 2
43 769 3
48 769 1
51 769 2
54 769 3
56 769 2
57 769 2
58 769 1
59 769 1
60 769 1
64 769 3
66 769 1
67 769 3
74 769 1
78 769 1
85 769 2
91 769 1
92 769 3
93 769 2
96 769 3
98 769 3
102 769 2
103 769 3
105 769 1
107 769 3
111 769 1
114 769 3
115 769 2
116 769 3
120 769 2
122 769 1
131 769 3
133 769 2
135 769 1
138 769 3
139 769 3
142 769 2
144 769 3
145 769 3
148 769 1
155 769 1
156 769 3
159 769 2
164 769 1
169 769 2
171 769 1
172 769 3
173 769 3
175 769 2
176 769 1
177 769 2
178 769 1
181 769 2
182 769 3
187 769 3
196 769 3
197 769 2
203 769 2
208 769 1
209 769 2
212 769 1
214 769 1
215 769 3
216 769 2
218 769 1
220 769 3
221 769 2
225 769 3
226 769 2
228 769 2
230 769 1
231 769 3
235 769 2
237 769 2
242 769 1
243 769 2
244 769 3
245 769 3
246 769 1
247 769 2
249 769 3
250 769 1
257 769 3
258 769 3
261 769 2
262 769 3
264 769 1
266 769 1
268 769 1
270 769 3
271 769 3
272 769 1
273 769 3
276 769 2
278 769 3
280 769 1
283 769 3
285 769 2
286 769 3
287 769 3
290 769 1
293 769 1
294 769 2
298 769 1
302 769 1
306 769 1
308 769 2
311 769 3
313 769 1
319 769 1
324 769 1
325 769 1
327 769 3
330 769 2
332 769 3
334 769 2
335 769 2
339 769 1
345 769 2
348 769 1
350 769 2
351 769 1
358 769 3
360 769 3
361 769 3
363 769 2
366 769 1
374 769 3
375 769 1
380 769 2
383 769 3
384 769 2
385 769 1
389 769 3
393 769 2
394 769 2
396 769 1
398 769 1
401 769 2
402 769 1
404 769 2
405 769 1
409 769 3
411 769 3
414 769 3
419 769 3
422 769 2
424 769 2
428 769 1
438 769 1
445 769 1
450 769 1
455 769 3
458 769 3
460 769 1
463 769 1
465 769 3
466 769 2
469 769 2
472 769 1
475 769 2
476 769 2
477 769 2
480 769 2
481 769 1
486 769 1
489 769 2
490 769 2
493 769 2
495 769 2
496 769 1
508 769 2
509 769 1
511 769 1
513 769 2
515 769 2
517 769 2
518 769 2
523 769 3
525 769 1
528 769 2
532 769 1
534 769 1
535 769 3
540 769 3
541 769 2
543 769 1
544 769 2
547 769 2
548 769 1
552 769 1
556 769 1
564 769 2
570 769 3
571 769 1
572 769 3
575 769 1
578 769 3
581 769 2
582 769 1
588 769 3
590 769 1
595 769 1
596 769 2
597 769 2
604 769 3
607 769 2
608 769 3
609 769 3
613 769 2
614 769 3
617 769 3
618 769 3
619 769 1
622 769 1
630 769 3
633 769 2
634 769 3
635 769 2
638 769 3
640 769 3
642 769 2
644 769 1
646 769 3
648 769 1
650 769 2
654 769 1
656 769 3
657 769 1
658 769 1
660 769 2
662 769 2
665 769 1
666 769 2
671 769 3
672 769 2
673 769 1
676 769 3
678 769 1
680 769 2
685 769 2
686 769 2
687 769 2
699 769 3
700 769 1
702 769 2
703 769 2
705 769 2
711 769 2
714 769 1
716 769 2
718 769 1
726 769 1
731 769 3
732 769 1
735 769 1
737 769 3
738 769 2
739 769 2
741 769 1
743 769 3
744 769 1
745 769 3
746 769 1
751 769 1
752 769 1
755 769 2
759 769 1
761 769 1
765 769 2
767 769 3
768 769 2
770 769 1
771 769 3
773 769 1
776 769 2
780 769 3
782 769 2
783 769 1
785 769 2
787 769 1
791 769 2
793 769 2
794 769 1
795 769 1
801 769 1
811 769 1
816 769 2
817 769 3
822 769 2
829 769 3
830 769 3
834 769 1
835 769 3
837 769 3
840 769 1
842 769 2
848 769 1
849 769 1
851 769 1
858 769 3
864 769 3
865 769 1
868 769 3
869 769 2
871 769 3
873 769 1
876 769 1
877 769 1
879 769 2
889 769 1
893 769 1
899 769 2
900 769 2
902 769 1
907 769 2
910 769 1
912 769 2
915 769 1
920 769 1
921 769 1
930 769 1
931 769 3
937 769 2
938 769 2
940 769 3
941 769 3
942 769 1
944 769 2
947 769 1
950 769 2
951 769 2
954 769 1
965 769 2
971 769 1
974 769 3
977 769 3
979 769 3
981 769 2
988 769 1
994 769 1
996 769 3
999 769 1
0 770 2
2 770 1
3 770 2
4 770 1
5 770 2
6 770 2
12 770 3
14 770 3
16 770 3
18 770 2
21 770 1
26 770 2
31 770 1
33 770 3
34 770 1
35 770 2
37 770 2
38 770 3
41 770 2
42 770 2
43 770 2
44 770 3
48 770 1
54 770 3
60 770 1
62 770 2
63 770 2
67 770 2
68 770 3
69 770 1
70 770 2
72 770 2
74 770 1
76 770 2
77 770 2
78 770 3
80 770 1
85 770 1
86 770 3
98 770 2
101 770 2
102 770 1
106 770 1
109 770 1
111 770 1
114 770 2
115 770 3
123 770 3
124 770 1
125 770 2
135 770 3
136 770 1
137 770 1
138 770 3
144 770 2
146 770 1
147 770 2
150 770 1
151 770 2
153 770 1
159 770 2
160 770 1
161 770 1
162 770 1
163 770 1
164 770 2
167 770 2
168 770 2
176 770 3
180 770 2
186 770 2
188 770 3
190 770 2
195 770 2
206 770 3
207 770 3
221 770 2
222 770 2
224 770 2
227 770 3
230 770 1
231 770 1
234 770 1
236 770 1
239 770 1
247 770 3
249 770 1
250 770 2
252 770 2
254 770 3
256 770 3
258 770 2
259 770 2
260 770 2
261 770 1
264 770 1
265 770 3
276 770 2
283 770 2
284 770 3
289 770 2
293 770 3
294 770 1
296 770 1
301 770 1
302 770 2
304 770 2
305 770 3
309 770 1
311 770 3
313 770 1
317 770 1
321 770 1
322 770 2
326 770 1
327 770 1
330 770 1
332 770 1
334 770 3
337 770 3
338 770 3
340 770 2
344 770 2
347 770 1
