436 634 2
441 634 2
444 634 2
449 634 3
457 634 3
459 634 2
469 634 1
473 634 3
474 634 3
477 634 3
478 634 1
481 634 2
482 634 1
483 634 2
486 634 1
491 634 3
493 634 2
494 634 1
502 634 3
504 634 1
505 634 3
513 634 3
515 634 1
518 634 3
519 634 2
521 634 2
523 634 3
525 634 1
530 634 1
532 634 2
537 634 1
538 634 3
541 634 2
549 634 1
550 634 1
552 634 3
554 634 3
558 634 3
559 634 3
562 634 1
563 634 3
564 634 2
565 634 2
568 634 3
570 634 3
571 634 1
573 634 1
574 634 2
578 634 1
579 634 2
589 634 2
592 634 3
601 634 2
604 634 2
605 634 1
606 634 1
607 634 2
613 634 1
620 634 1
621 634 2
623 634 1
629 634 3
630 634 2
634 634 2
635 634 1
636 634 2
644 634 3
645 634 1
652 634 1
660 634 3
664 634 1
666 634 1
667 634 1
669 634 1
670 634 3
673 634 2
674 634 1
676 634 2
679 634 1
680 634 1
688 634 1
690 634 1
694 634 3
699 634 2
701 634 2
702 634 1
705 634 2
706 634 3
707 634 1
708 634 1
709 634 1
710 634 1
711 634 1
712 634 1
715 634 1
716 634 3
719 634 1
721 634 3
722 634 1
725 634 2
726 634 1
728 634 1
729 634 2
732 634 1
734 634 1
735 634 1
736 634 3
740 634 2
745 634 1
749 634 2
755 634 3
757 634 2
758 634 2
765 634 2
767 634 1
770 634 3
775 634 2
778 634 3
780 634 1
783 634 2
785 634 1
791 634 1
794 634 3
800 634 1
802 634 3
803 634 1
805 634 1
807 634 1
809 634 1
816 634 3
817 634 2
818 634 3
824 634 1
829 634 1
832 634 1
836 634 1
841 634 1
843 634 3
844 634 3
847 634 1
848 634 2
849 634 3
854 634 1
857 634 1
860 634 2
864 634 1
866 634 2
869 634 2
875 634 3
877 634 3
881 634 3
882 634 3
885 634 1
886 634 3
887 634 2
888 634 3
889 634 2
893 634 1
909 634 3
912 634 1
913 634 1
915 634 2
916 634 2
920 634 1
922 634 3
926 634 3
928 634 1
929 634 1
934 634 1
937 634 2
939 634 1
940 634 2
945 634 1
947 634 2
952 634 3
953 634 2
960 634 2
962 634 2
964 634 2
979 634 1
980 634 3
981 634 2
986 634 1
987 634 1
992 634 2
994 634 1
997 634 1
3 635 1
5 635 3
9 635 1
13 635 2
16 635 1
19 635 1
25 635 1
26 635 1
28 635 3
30 635 2
39 635 3
44 635 3
45 635 3
46 635 3
50 635 2
52 635 2
55 635 3
56 635 2
60 635 3
61 635 1
63 635 1
64 635 3
67 635 3
73 635 3
74 635 2
79 635 2
81 635 1
82 635 1
83 635 3
85 635 2
86 635 2
87 635 3
88 635 1
91 635 2
94 635 1
97 635 3
104 635 2
106 635 1
109 635 1
112 635 3
113 635 1
114 635 1
116 635 2
121 635 2
122 635 2
124 635 1
127 635 3
137 635 1
141 635 2
143 635 1
144 635 1
147 635 2
151 635 2
152 635 2
154 635 1
156 635 2
159 635 3
160 635 1
164 635 1
165 635 2
172 635 1
176 635 1
179 635 3
180 635 2
181 635 3
182 635 1
186 635 3
188 635 3
192 635 2
195 635 2
196 635 3
198 635 2
200 635 1
212 635 2
213 635 2
214 635 1
217 635 1
225 635 1
237 635 1
239 635 3
246 635 3
250 635 1
251 635 3
260 635 3
271 635 1
272 635 3
278 635 3
283 635 3
288 635 1
293 635 1
296 635 3
298 635 2
300 635 2
305 635 2
308 635 1
310 635 1
321 635 1
324 635 3
327 635 1
336 635 3
337 635 2
347 635 1
348 635 2
349 635 2
350 635 3
355 635 3
358 635 2
362 635 2
367 635 1
376 635 2
379 635 1
380 635 2
387 635 2
392 635 2
394 635 1
396 635 3
402 635 3
406 635 3
407 635 2
411 635 1
414 635 2
415 635 2
416 635 3
420 635 1
424 635 1
426 635 1
428 635 1
433 635 3
441 635 1
443 635 2
448 635 3
449 635 2
450 635 3
455 635 1
458 635 2
464 635 1
467 635 1
470 635 2
471 635 2
472 635 2
473 635 3
476 635 1
484 635 3
486 635 2
488 635 3
496 635 3
498 635 3
500 635 2
502 635 1
505 635 2
509 635 3
513 635 3
521 635 3
528 635 2
536 635 2
537 635 1
540 635 3
542 635 2
545 635 3
546 635 3
547 635 1
549 635 3
552 635 3
554 635 2
556 635 1
559 635 2
561 635 1
564 635 1
565 635 3
569 635 1
574 635 2
576 635 2
577 635 2
580 635 1
581 635 2
584 635 1
585 635 2
586 635 1
587 635 2
590 635 1
591 635 1
592 635 3
595 635 1
598 635 3
600 635 1
601 635 1
603 635 1
609 635 2
612 635 2
615 635 2
617 635 3
622 635 2
625 635 1
629 635 3
633 635 3
634 635 1
637 635 3
639 635 2
642 635 1
644 635 2
645 635 2
646 635 2
647 635 2
658 635 3
660 635 1
662 635 3
664 635 2
670 635 1
671 635 3
672 635 3
674 635 1
676 635 3
678 635 2
681 635 2
684 635 2
685 635 1
686 635 1
687 635 2
690 635 1
691 635 1
692 635 3
693 635 3
694 635 1
701 635 3
702 635 1
705 635 3
710 635 1
711 635 2
713 635 3
719 635 3
720 635 1
722 635 2
728 635 1
730 635 1
731 635 3
736 635 2
742 635 1
744 635 1
747 635 2
749 635 1
750 635 1
756 635 2
758 635 3
759 635 3
760 635 2
763 635 3
764 635 2
766 635 1
767 635 1
769 635 1
772 635 1
773 635 2
775 635 1
776 635 1
777 635 1
779 635 3
782 635 1
785 635 1
786 635 2
787 635 3
788 635 2
792 635 1
794 635 1
795 635 3
796 635 1
799 635 3
801 635 3
803 635 2
807 635 3
809 635 1
810 635 3
811 635 1
812 635 1
816 635 1
818 635 2
819 635 3
821 635 3
826 635 1
829 635 3
833 635 2
839 635 3
840 635 1
847 635 3
848 635 3
850 635 2
851 635 3
854 635 3
855 635 1
863 635 1
865 635 2
870 635 2
872 635 3
875 635 1
876 635 1
890 635 3
898 635 3
900 635 2
912 635 1
913 635 2
915 635 2
917 635 1
920 635 2
922 635 2
925 635 1
929 635 1
930 635 3
931 635 3
934 635 3
936 635 3
939 635 3
940 635 3
941 635 3
944 635 1
950 635 2
955 635 3
957 635 3
960 635 2
961 635 3
962 635 3
965 635 1
969 635 1
970 635 3
973 635 2
983 635 1
988 635 3
995 635 1
996 635 1
998 635 2
2 636 3
5 636 2
9 636 3
10 636 3
11 636 2
14 636 3
18 636 1
20 636 1
25 636 2
28 636 2
31 636 2
32 636 3
35 636 3
38 636 2
42 636 1
47 636 1
50 636 3
51 636 1
59 636 2
69 636 1
70 636 2
71 636 3
73 636 2
76 636 3
78 636 3
91 636 1
93 636 1
99 636 1
103 636 3
105 636 3
108 636 2
112 636 3
113 636 3
114 636 1
121 636 1
123 636 2
124 636 3
126 636 3
130 636 1
131 636 3
133 636 1
138 636 2
139 636 2
147 636 1
148 636 3
149 636 1
151 636 3
156 636 2
159 636 1
160 636 3
161 636 3
163 636 2
164 636 3
166 636 1
169 636 1
172 636 3
173 636 1
174 636 1
175 636 3
183 636 3
185 636 3
192 636 1
194 636 1
195 636 1
196 636 2
198 636 2
208 636 3
211 636 1
213 636 1
214 636 1
217 636 3
219 636 2
220 636 1
221 636 1
226 636 2
228 636 1
233 636 1
237 636 1
238 636 2
239 636 1
241 636 1
244 636 1
251 636 2
252 636 3
256 636 3
258 636 1
259 636 2
261 636 1
262 636 3
264 636 3
266 636 3
267 636 1
270 636 2
276 636 3
277 636 1
278 636 1
288 636 3
290 636 3
291 636 2
292 636 1
296 636 1
298 636 2
300 636 2
301 636 1
302 636 2
305 636 1
309 636 3
311 636 1
312 636 3
315 636 1
317 636 3
318 636 2
321 636 2
322 636 1
323 636 1
325 636 3
328 636 2
330 636 2
334 636 1
343 636 2
345 636 2
349 636 2
351 636 3
356 636 2
359 636 2
361 636 2
363 636 2
365 636 1
367 636 2
376 636 3
379 636 3
382 636 2
384 636 1
393 636 2
394 636 3
395 636 3
398 636 3
399 636 2
404 636 2
406 636 3
408 636 2
410 636 2
411 636 1
414 636 3
416 636 2
418 636 1
419 636 2
421 636 1
427 636 2
430 636 1
431 636 2
