245 418 2
251 418 2
252 418 1
257 418 2
258 418 2
260 418 2
270 418 2
271 418 2
274 418 3
275 418 2
278 418 3
279 418 1
292 418 3
300 418 1
302 418 3
306 418 1
307 418 2
314 418 2
318 418 2
323 418 1
326 418 3
333 418 1
337 418 1
339 418 1
341 418 1
344 418 3
346 418 2
347 418 3
348 418 3
354 418 1
355 418 3
358 418 2
370 418 1
373 418 1
374 418 2
375 418 3
376 418 1
379 418 1
383 418 1
387 418 2
389 418 1
390 418 3
397 418 2
402 418 2
403 418 3
408 418 2
412 418 2
414 418 2
417 418 2
420 418 1
421 418 3
432 418 3
437 418 2
439 418 3
441 418 3
448 418 2
450 418 3
456 418 2
458 418 2
459 418 1
463 418 3
466 418 3
472 418 2
475 418 2
476 418 3
479 418 3
480 418 3
484 418 3
487 418 3
490 418 1
494 418 1
495 418 2
502 418 3
503 418 1
505 418 2
506 418 2
509 418 3
510 418 2
514 418 1
515 418 3
516 418 2
517 418 1
518 418 2
521 418 3
527 418 1
529 418 1
530 418 2
532 418 1
534 418 2
536 418 1
537 418 2
547 418 1
548 418 1
551 418 1
558 418 2
565 418 3
566 418 2
577 418 3
581 418 1
582 418 3
583 418 3
585 418 2
586 418 2
588 418 2
589 418 3
591 418 2
592 418 2
594 418 3
604 418 1
605 418 2
606 418 2
607 418 2
612 418 3
616 418 1
618 418 1
622 418 1
623 418 3
625 418 2
626 418 3
627 418 2
630 418 3
631 418 2
635 418 2
639 418 1
642 418 3
648 418 3
652 418 1
656 418 3
657 418 1
659 418 3
660 418 2
661 418 2
662 418 3
664 418 3
670 418 2
672 418 2
675 418 1
685 418 2
687 418 3
698 418 2
707 418 1
709 418 3
712 418 3
715 418 1
719 418 2
731 418 1
734 418 2
738 418 1
741 418 1
744 418 1
745 418 1
746 418 2
751 418 1
753 418 2
756 418 2
757 418 1
759 418 2
761 418 1
763 418 2
766 418 3
770 418 3
780 418 1
781 418 3
782 418 1
783 418 2
786 418 3
791 418 3
792 418 3
795 418 1
797 418 2
798 418 2
800 418 3
804 418 2
805 418 2
810 418 3
811 418 3
814 418 2
818 418 2
820 418 3
821 418 3
826 418 3
828 418 1
830 418 3
833 418 1
834 418 3
837 418 1
838 418 2
844 418 3
848 418 1
849 418 2
851 418 3
853 418 3
860 418 3
875 418 1
876 418 2
877 418 2
879 418 3
884 418 3
886 418 2
889 418 2
894 418 1
895 418 2
896 418 3
899 418 3
904 418 2
908 418 3
913 418 2
915 418 2
927 418 2
929 418 1
935 418 1
937 418 2
939 418 2
940 418 1
946 418 2
947 418 2
954 418 1
959 418 2
961 418 3
962 418 1
964 418 3
968 418 2
969 418 1
970 418 3
972 418 1
974 418 3
976 418 1
977 418 3
978 418 2
979 418 3
981 418 1
982 418 2
983 418 1
985 418 2
986 418 3
987 418 1
988 418 2
991 418 1
993 418 3
995 418 3
997 418 1
1 419 2
5 419 3
13 419 3
14 419 2
18 419 2
22 419 2
24 419 3
32 419 3
33 419 3
45 419 1
46 419 1
48 419 2
49 419 2
52 419 1
53 419 1
54 419 1
57 419 3
58 419 3
65 419 1
66 419 2
67 419 3
74 419 2
78 419 1
79 419 2
82 419 3
84 419 2
85 419 3
89 419 1
92 419 2
93 419 2
99 419 1
102 419 2
104 419 1
105 419 3
106 419 2
107 419 1
119 419 1
121 419 1
124 419 2
126 419 2
127 419 1
136 419 2
140 419 2
142 419 3
144 419 1
146 419 1
147 419 2
148 419 1
150 419 3
152 419 3
154 419 1
157 419 1
158 419 2
159 419 1
167 419 3
168 419 1
169 419 2
173 419 3
176 419 3
184 419 1
187 419 1
191 419 2
200 419 3
202 419 2
209 419 1
211 419 1
212 419 2
224 419 3
227 419 2
230 419 1
233 419 2
236 419 2
239 419 2
240 419 2
241 419 2
243 419 3
247 419 3
250 419 3
251 419 3
253 419 2
255 419 3
256 419 2
259 419 3
260 419 3
262 419 2
264 419 1
266 419 3
267 419 3
271 419 2
273 419 2
279 419 3
281 419 3
283 419 3
284 419 3
289 419 1
290 419 1
292 419 3
297 419 2
302 419 1
303 419 2
304 419 2
306 419 2
308 419 1
309 419 2
310 419 2
321 419 3
325 419 3
326 419 1
328 419 1
332 419 2
339 419 3
344 419 3
350 419 2
352 419 3
354 419 2
357 419 1
359 419 1
361 419 1
365 419 1
366 419 1
371 419 2
374 419 3
376 419 2
378 419 2
381 419 2
388 419 2
389 419 2
390 419 2
394 419 2
397 419 3
398 419 1
409 419 2
411 419 1
418 419 3
424 419 2
427 419 1
431 419 2
434 419 1
435 419 3
436 419 3
437 419 3
438 419 2
443 419 1
444 419 2
448 419 1
455 419 1
458 419 1
461 419 3
462 419 1
463 419 3
464 419 1
467 419 3
469 419 3
472 419 2
473 419 2
475 419 1
476 419 3
477 419 3
478 419 1
480 419 2
481 419 2
484 419 1
485 419 2
486 419 2
487 419 3
489 419 2
490 419 2
491 419 1
493 419 3
495 419 2
506 419 2
515 419 1
518 419 2
519 419 3
520 419 2
529 419 1
532 419 1
533 419 1
536 419 2
542 419 3
545 419 3
547 419 1
548 419 3
549 419 3
550 419 1
556 419 2
557 419 1
560 419 2
563 419 2
565 419 2
578 419 3
579 419 1
580 419 3
582 419 3
589 419 1
590 419 3
594 419 1
596 419 2
601 419 3
605 419 3
612 419 3
616 419 2
617 419 3
619 419 1
625 419 1
627 419 3
628 419 1
635 419 1
650 419 1
653 419 2
659 419 3
660 419 2
664 419 3
671 419 2
672 419 1
673 419 2
675 419 3
676 419 1
677 419 3
679 419 3
682 419 1
684 419 1
692 419 2
698 419 3
700 419 1
703 419 3
704 419 2
709 419 3
710 419 3
711 419 3
717 419 1
718 419 2
721 419 2
722 419 2
725 419 3
730 419 1
732 419 2
733 419 2
734 419 1
736 419 3
737 419 2
740 419 1
742 419 1
744 419 2
745 419 3
747 419 2
753 419 3
756 419 1
758 419 1
760 419 1
761 419 3
762 419 2
768 419 2
771 419 3
772 419 2
776 419 3
777 419 1
780 419 3
786 419 2
789 419 1
790 419 1
792 419 3
801 419 2
805 419 2
809 419 3
811 419 2
812 419 3
820 419 2
823 419 3
824 419 2
830 419 3
833 419 1
835 419 3
839 419 2
840 419 1
844 419 1
845 419 2
857 419 1
862 419 3
873 419 3
875 419 3
882 419 3
883 419 3
888 419 1
891 419 1
894 419 1
898 419 1
900 419 3
902 419 3
903 419 1
907 419 1
909 419 2
910 419 3
920 419 2
921 419 2
923 419 3
924 419 2
925 419 2
926 419 1
930 419 1
933 419 3
934 419 1
936 419 3
937 419 2
941 419 2
943 419 3
945 419 2
953 419 2
955 419 1
956 419 3
958 419 3
960 419 3
961 419 2
964 419 3
965 419 2
967 419 2
970 419 2
971 419 2
976 419 3
977 419 2
979 419 3
981 419 1
990 419 2
991 419 1
993 419 3
994 419 1
995 419 3
996 419 1
998 419 1
1 420 3
3 420 1
4 420 2
5 420 2
7 420 2
10 420 3
15 420 2
18 420 1
21 420 2
23 420 3
27 420 2
33 420 3
43 420 2
48 420 3
49 420 1
51 420 2
54 420 1
56 420 2
61 420 3
67 420 2
69 420 1
72 420 3
73 420 3
78 420 2
82 420 1
87 420 3
89 420 2
90 420 1
94 420 3
95 420 1
98 420 2
100 420 2
105 420 2
106 420 3
107 420 2
117 420 3
118 420 2
120 420 1
121 420 3
122 420 3
126 420 1
128 420 3
130 420 2
132 420 3
137 420 3
140 420 2
141 420 3
142 420 2
143 420 3
144 420 1
147 420 2
150 420 2
153 420 2
154 420 2
160 420 2
163 420 1
165 420 1
167 420 1
172 420 3
177 420 3
181 420 2
184 420 1
186 420 3
187 420 3
192 420 3
193 420 3
194 420 3
196 420 2
197 420 3
198 420 2
201 420 1
203 420 2
204 420 2
207 420 3
208 420 3
210 420 3
211 420 1
212 420 3
213 420 2
216 420 1
217 420 3
220 420 3
221 420 1
222 420 1
223 420 2
226 420 1
227 420 3
242 420 2
245 420 2
246 420 2
247 420 2
251 420 2
252 420 3
254 420 1
256 420 2
259 420 2
