667 842 2
668 842 1
671 842 3
672 842 1
677 842 3
678 842 2
685 842 3
689 842 3
690 842 3
691 842 2
692 842 3
697 842 1
700 842 3
701 842 1
705 842 2
706 842 2
707 842 3
708 842 1
711 842 1
712 842 1
713 842 1
714 842 2
722 842 3
724 842 3
725 842 3
727 842 1
729 842 1
733 842 2
737 842 2
738 842 1
742 842 2
743 842 3
746 842 2
748 842 3
752 842 3
757 842 1
758 842 2
760 842 2
763 842 1
773 842 1
778 842 2
786 842 3
787 842 1
788 842 1
790 842 2
796 842 2
798 842 2
801 842 1
807 842 1
814 842 2
816 842 2
823 842 1
825 842 2
828 842 2
837 842 1
839 842 3
840 842 3
843 842 2
848 842 1
854 842 1
857 842 1
861 842 3
863 842 2
864 842 3
865 842 1
866 842 2
868 842 2
869 842 2
874 842 2
877 842 2
879 842 2
880 842 2
887 842 1
888 842 1
889 842 3
892 842 3
893 842 2
900 842 3
903 842 2
906 842 2
907 842 3
911 842 1
917 842 2
920 842 1
922 842 1
923 842 3
926 842 3
928 842 3
929 842 3
933 842 2
935 842 3
939 842 2
940 842 2
942 842 2
946 842 3
950 842 3
957 842 2
959 842 2
963 842 2
968 842 1
973 842 1
976 842 1
979 842 2
984 842 3
992 842 3
994 842 3
997 842 2
998 842 3
1 843 3
2 843 1
7 843 1
8 843 1
11 843 2
15 843 1
17 843 3
18 843 2
26 843 3
27 843 3
30 843 3
35 843 3
37 843 3
38 843 1
42 843 1
44 843 1
46 843 3
47 843 3
48 843 2
50 843 1
56 843 1
57 843 2
60 843 1
63 843 1
65 843 3
67 843 1
70 843 3
71 843 3
72 843 3
74 843 3
80 843 1
83 843 3
90 843 1
93 843 2
95 843 1
96 843 3
98 843 3
100 843 1
106 843 1
107 843 2
108 843 3
110 843 1
111 843 2
114 843 3
115 843 1
119 843 1
120 843 2
123 843 3
125 843 1
126 843 1
129 843 1
130 843 1
131 843 1
132 843 3
140 843 2
142 843 1
146 843 2
149 843 3
152 843 3
153 843 3
156 843 1
157 843 3
158 843 2
163 843 2
164 843 1
165 843 3
171 843 1
173 843 3
183 843 1
189 843 3
191 843 1
192 843 2
196 843 2
199 843 2
200 843 3
201 843 1
202 843 1
208 843 2
214 843 2
227 843 2
229 843 2
230 843 3
237 843 1
240 843 3
246 843 2
254 843 1
259 843 1
261 843 3
265 843 1
266 843 2
267 843 2
268 843 1
274 843 3
280 843 1
286 843 1
289 843 3
292 843 3
295 843 1
297 843 3
300 843 3
304 843 2
306 843 1
307 843 1
308 843 2
310 843 3
311 843 2
313 843 1
314 843 1
316 843 1
319 843 1
333 843 2
334 843 3
336 843 3
339 843 1
342 843 3
343 843 2
344 843 1
347 843 3
348 843 1
350 843 2
358 843 3
362 843 1
363 843 2
365 843 2
366 843 2
367 843 1
370 843 2
374 843 1
375 843 2
381 843 1
383 843 1
385 843 1
387 843 1
389 843 3
392 843 1
397 843 1
400 843 1
401 843 3
403 843 3
406 843 1
408 843 3
418 843 1
419 843 1
420 843 1
423 843 1
424 843 1
432 843 1
437 843 3
439 843 1
440 843 1
454 843 3
455 843 1
456 843 3
461 843 3
463 843 3
469 843 3
473 843 2
479 843 2
485 843 3
486 843 1
489 843 1
493 843 3
494 843 2
495 843 3
500 843 3
502 843 3
507 843 1
510 843 2
511 843 3
515 843 1
516 843 1
521 843 3
524 843 3
529 843 2
530 843 3
531 843 2
535 843 2
538 843 1
539 843 2
544 843 3
545 843 2
546 843 1
549 843 3
550 843 2
551 843 1
555 843 1
556 843 1
558 843 2
560 843 2
561 843 1
567 843 1
568 843 2
570 843 1
575 843 3
581 843 2
582 843 1
583 843 3
587 843 3
588 843 2
590 843 2
591 843 1
592 843 1
593 843 1
594 843 3
595 843 3
596 843 2
606 843 3
607 843 3
608 843 3
610 843 1
614 843 3
615 843 3
620 843 1
621 843 2
624 843 1
631 843 1
633 843 2
635 843 3
639 843 3
643 843 1
646 843 3
648 843 2
652 843 1
657 843 2
661 843 1
662 843 1
664 843 3
665 843 1
666 843 1
672 843 3
673 843 3
676 843 2
677 843 2
684 843 2
687 843 2
693 843 3
694 843 2
700 843 3
706 843 2
708 843 3
710 843 3
713 843 2
715 843 3
717 843 3
719 843 3
720 843 3
723 843 3
728 843 1
740 843 1
748 843 2
750 843 1
751 843 2
755 843 3
758 843 3
759 843 1
769 843 1
771 843 1
772 843 1
778 843 1
781 843 1
786 843 2
790 843 1
792 843 3
795 843 1
796 843 2
803 843 1
807 843 3
811 843 3
821 843 3
828 843 3
831 843 1
832 843 3
840 843 1
841 843 3
843 843 2
844 843 3
845 843 3
847 843 2
848 843 3
851 843 2
857 843 3
858 843 3
861 843 1
862 843 3
864 843 1
867 843 3
868 843 2
869 843 1
874 843 3
878 843 1
880 843 1
881 843 3
885 843 3
886 843 2
887 843 1
888 843 1
889 843 2
890 843 1
896 843 1
898 843 1
901 843 1
902 843 3
913 843 1
914 843 2
915 843 3
922 843 3
923 843 3
926 843 1
927 843 2
929 843 1
931 843 3
933 843 3
936 843 1
937 843 1
944 843 3
945 843 3
946 843 1
952 843 1
959 843 1
961 843 1
962 843 2
966 843 3
975 843 2
985 843 2
988 843 2
995 843 3
999 843 1
0 844 1
2 844 1
3 844 2
7 844 1
8 844 3
9 844 1
13 844 3
14 844 1
19 844 3
20 844 3
29 844 1
35 844 1
36 844 1
37 844 1
40 844 2
42 844 3
46 844 1
49 844 3
50 844 3
52 844 2
55 844 3
62 844 2
64 844 3
67 844 1
70 844 1
72 844 2
73 844 2
77 844 1
82 844 3
83 844 2
87 844 2
101 844 1
103 844 1
106 844 1
108 844 1
109 844 2
110 844 2
114 844 2
116 844 3
117 844 2
121 844 3
122 844 2
123 844 1
124 844 2
128 844 3
130 844 2
131 844 1
137 844 1
138 844 1
140 844 1
141 844 1
144 844 1
145 844 2
154 844 2
156 844 1
158 844 3
161 844 1
163 844 3
167 844 2
169 844 1
171 844 1
173 844 3
176 844 3
177 844 2
179 844 3
180 844 1
182 844 1
183 844 1
189 844 2
190 844 1
192 844 1
193 844 1
194 844 3
196 844 2
197 844 3
200 844 1
201 844 1
206 844 2
207 844 1
208 844 2
209 844 2
211 844 2
214 844 3
215 844 3
216 844 1
219 844 1
220 844 3
222 844 1
223 844 2
227 844 1
228 844 2
230 844 1
234 844 3
236 844 2
241 844 3
243 844 3
252 844 2
259 844 1
262 844 2
263 844 1
264 844 2
265 844 2
266 844 1
269 844 3
271 844 1
278 844 1
281 844 1
283 844 3
285 844 1
288 844 2
289 844 2
290 844 2
293 844 2
295 844 2
299 844 3
300 844 3
302 844 2
303 844 2
304 844 3
306 844 2
307 844 1
308 844 3
310 844 2
319 844 2
320 844 1
321 844 1
333 844 1
334 844 3
339 844 1
340 844 2
342 844 2
349 844 3
353 844 2
356 844 3
358 844 3
361 844 3
364 844 1
366 844 2
370 844 1
372 844 3
375 844 1
379 844 1
382 844 2
383 844 3
384 844 2
386 844 2
387 844 1
392 844 3
393 844 1
396 844 1
398 844 2
400 844 1
404 844 2
405 844 2
410 844 2
411 844 3
413 844 1
419 844 2
424 844 2
430 844 2
433 844 1
434 844 1
441 844 1
446 844 2
459 844 2
461 844 1
462 844 2
465 844 2
468 844 3
471 844 3
473 844 3
476 844 1
479 844 1
481 844 3
482 844 3
486 844 3
487 844 2
489 844 3
491 844 1
494 844 2
495 844 1
499 844 2
503 844 1
508 844 3
511 844 1
513 844 3
514 844 3
515 844 1
516 844 2
517 844 2
518 844 2
519 844 3
522 844 1
526 844 2
531 844 2
542 844 2
544 844 1
546 844 2
559 844 2
561 844 1
563 844 1
565 844 3
568 844 3
569 844 1
571 844 3
572 844 2
574 844 2
575 844 1
582 844 3
584 844 1
588 844 3
590 844 3
594 844 2
595 844 1
598 844 2
599 844 2
602 844 3
604 844 3
605 844 1
606 844 3
608 844 2
611 844 3
612 844 2
615 844 2
618 844 3
621 844 2
623 844 2
628 844 2
629 844 2
631 844 2
636 844 3
