643 988 3
645 988 3
646 988 1
648 988 1
649 988 1
655 988 2
658 988 1
659 988 1
665 988 1
668 988 2
673 988 3
676 988 2
677 988 3
679 988 2
681 988 3
684 988 2
690 988 3
692 988 3
696 988 1
698 988 3
705 988 2
707 988 1
708 988 3
709 988 2
712 988 3
715 988 2
716 988 1
718 988 2
724 988 3
737 988 3
739 988 1
740 988 2
743 988 3
745 988 3
750 988 3
751 988 1
754 988 1
756 988 1
761 988 2
763 988 1
766 988 1
767 988 1
768 988 1
769 988 1
772 988 3
773 988 2
774 988 1
776 988 1
780 988 1
788 988 3
797 988 3
798 988 2
799 988 2
801 988 3
807 988 2
812 988 2
820 988 1
821 988 3
823 988 2
824 988 3
825 988 1
826 988 2
830 988 1
833 988 2
835 988 2
838 988 1
839 988 1
841 988 2
842 988 1
844 988 2
845 988 2
847 988 1
852 988 3
854 988 2
855 988 3
856 988 3
858 988 2
863 988 3
868 988 1
871 988 1
872 988 3
874 988 3
880 988 2
898 988 1
903 988 1
908 988 3
909 988 2
914 988 1
915 988 1
918 988 3
926 988 1
929 988 2
930 988 1
933 988 1
936 988 1
937 988 2
944 988 2
957 988 1
961 988 1
962 988 2
963 988 1
965 988 2
966 988 1
967 988 1
968 988 3
970 988 2
972 988 3
976 988 3
978 988 2
981 988 2
987 988 1
988 988 2
990 988 2
991 988 2
996 988 1
4 989 2
7 989 2
18 989 2
21 989 1
32 989 2
34 989 3
36 989 1
38 989 2
40 989 2
42 989 2
44 989 2
47 989 3
48 989 1
49 989 2
50 989 3
55 989 3
60 989 2
61 989 3
63 989 2
64 989 2
65 989 1
69 989 3
72 989 2
75 989 1
77 989 2
78 989 2
79 989 2
86 989 3
87 989 3
88 989 1
91 989 3
94 989 3
100 989 1
101 989 2
105 989 1
106 989 2
109 989 2
112 989 1
114 989 2
115 989 3
116 989 1
119 989 2
124 989 1
127 989 3
131 989 1
132 989 1
136 989 2
137 989 1
139 989 2
142 989 1
143 989 1
147 989 3
151 989 3
152 989 2
155 989 1
157 989 1
159 989 3
160 989 1
161 989 2
164 989 3
167 989 2
171 989 2
172 989 1
178 989 2
179 989 3
181 989 1
185 989 1
187 989 1
188 989 3
192 989 3
193 989 1
194 989 2
195 989 1
199 989 2
200 989 1
203 989 1
211 989 2
215 989 2
217 989 3
219 989 1
222 989 3
223 989 2
228 989 1
231 989 1
235 989 3
237 989 3
241 989 1
243 989 1
248 989 2
252 989 1
257 989 1
261 989 3
265 989 1
266 989 3
272 989 2
273 989 2
274 989 3
276 989 3
279 989 3
280 989 3
283 989 3
284 989 2
285 989 1
287 989 2
290 989 3
295 989 2
296 989 3
298 989 1
299 989 3
302 989 1
309 989 3
311 989 3
313 989 1
317 989 2
318 989 2
325 989 2
329 989 1
331 989 1
332 989 2
340 989 3
343 989 1
344 989 2
346 989 2
351 989 2
355 989 1
356 989 1
358 989 1
363 989 3
364 989 3
367 989 3
370 989 3
372 989 1
378 989 3
384 989 2
386 989 2
389 989 3
394 989 1
400 989 1
402 989 3
406 989 2
409 989 3
410 989 2
411 989 2
414 989 1
416 989 2
417 989 2
424 989 3
425 989 3
426 989 2
427 989 3
428 989 1
430 989 3
434 989 2
438 989 1
449 989 1
450 989 1
452 989 1
454 989 3
458 989 2
464 989 2
472 989 3
480 989 1
483 989 2
500 989 1
501 989 2
507 989 2
508 989 2
514 989 1
517 989 3
520 989 2
522 989 2
529 989 1
530 989 1
534 989 1
547 989 3
555 989 2
559 989 1
560 989 2
562 989 3
565 989 3
569 989 2
571 989 3
572 989 3
574 989 3
577 989 3
580 989 1
582 989 3
583 989 3
586 989 2
589 989 2
592 989 2
595 989 3
596 989 2
599 989 1
601 989 1
605 989 2
614 989 3
616 989 1
617 989 1
618 989 3
620 989 1
623 989 1
625 989 3
627 989 3
628 989 2
629 989 2
630 989 2
635 989 1
636 989 3
637 989 1
641 989 3
642 989 2
643 989 2
644 989 1
645 989 3
650 989 2
653 989 1
656 989 2
658 989 2
662 989 1
663 989 1
664 989 1
665 989 1
670 989 3
680 989 2
683 989 1
684 989 1
690 989 1
692 989 2
696 989 2
697 989 2
698 989 1
701 989 3
709 989 1
710 989 2
711 989 1
713 989 2
716 989 2
718 989 3
720 989 3
726 989 1
727 989 2
728 989 1
734 989 1
738 989 2
739 989 3
743 989 3
748 989 3
750 989 3
751 989 1
752 989 1
753 989 1
754 989 2
758 989 2
763 989 1
766 989 1
767 989 2
768 989 2
771 989 1
775 989 3
777 989 3
780 989 2
784 989 1
790 989 2
791 989 1
792 989 1
793 989 2
797 989 2
799 989 1
807 989 1
816 989 1
818 989 2
824 989 2
828 989 1
830 989 2
831 989 2
836 989 1
838 989 3
839 989 1
841 989 2
843 989 2
846 989 2
848 989 1
850 989 3
851 989 1
858 989 3
861 989 1
862 989 2
865 989 2
867 989 1
873 989 1
878 989 3
880 989 1
882 989 1
886 989 2
889 989 1
902 989 2
905 989 1
906 989 3
912 989 1
913 989 2
914 989 3
917 989 3
918 989 3
919 989 1
922 989 3
923 989 1
926 989 3
927 989 3
930 989 1
931 989 1
933 989 3
934 989 2
937 989 3
941 989 2
944 989 2
945 989 1
948 989 1
949 989 2
950 989 3
954 989 3
955 989 2
957 989 1
958 989 3
962 989 1
964 989 3
965 989 3
972 989 2
975 989 1
979 989 2
981 989 1
984 989 1
985 989 2
986 989 3
989 989 3
991 989 3
992 989 2
993 989 1
994 989 2
6 990 2
8 990 1
11 990 2
12 990 2
21 990 2
22 990 2
29 990 3
30 990 1
33 990 3
42 990 1
45 990 3
49 990 2
51 990 3
52 990 2
59 990 2
67 990 2
78 990 3
80 990 2
82 990 2
83 990 2
85 990 3
87 990 1
90 990 2
92 990 1
94 990 2
97 990 3
98 990 1
105 990 2
106 990 1
108 990 3
112 990 2
115 990 3
118 990 2
119 990 1
120 990 3
123 990 1
124 990 1
127 990 2
128 990 2
135 990 3
138 990 2
145 990 3
146 990 1
147 990 3
157 990 2
159 990 3
161 990 2
164 990 1
165 990 1
166 990 1
170 990 1
174 990 1
177 990 1
180 990 3
181 990 3
182 990 3
184 990 2
187 990 1
194 990 2
196 990 2
197 990 1
200 990 2
201 990 3
204 990 1
205 990 2
209 990 1
211 990 1
214 990 3
215 990 1
218 990 3
226 990 2
229 990 1
231 990 3
232 990 1
241 990 3
243 990 3
245 990 1
246 990 3
250 990 1
253 990 1
254 990 3
259 990 1
262 990 3
263 990 2
264 990 2
273 990 1
276 990 2
277 990 2
278 990 3
280 990 1
285 990 3
288 990 1
295 990 2
298 990 2
303 990 1
304 990 2
309 990 3
310 990 2
312 990 1
325 990 1
326 990 3
330 990 3
334 990 1
339 990 3
341 990 1
343 990 3
344 990 1
346 990 3
352 990 1
355 990 1
357 990 1
358 990 2
359 990 1
367 990 3
368 990 1
370 990 3
371 990 2
372 990 1
375 990 2
378 990 3
384 990 2
391 990 3
400 990 3
408 990 2
415 990 3
416 990 3
419 990 3
427 990 3
429 990 2
432 990 2
436 990 3
439 990 1
441 990 2
445 990 1
447 990 1
453 990 2
458 990 2
462 990 2
464 990 2
465 990 2
466 990 1
468 990 2
469 990 2
473 990 3
475 990 2
477 990 3
480 990 3
481 990 2
491 990 1
495 990 1
496 990 2
500 990 1
502 990 1
505 990 1
511 990 2
517 990 2
518 990 3
521 990 2
522 990 3
524 990 1
525 990 1
526 990 3
528 990 1
533 990 3
534 990 2
542 990 1
556 990 2
558 990 1
560 990 3
561 990 1
562 990 3
563 990 2
564 990 2
566 990 3
569 990 3
574 990 1
577 990 2
582 990 1
585 990 1
588 990 2
590 990 1
594 990 3
596 990 3
604 990 1
607 990 3
608 990 2
611 990 2
618 990 3
630 990 1
632 990 2
634 990 2
637 990 2
639 990 2
641 990 1
647 990 3
650 990 3
652 990 1
657 990 3
658 990 1
660 990 3
662 990 2
665 990 2
669 990 3
671 990 1
675 990 1
678 990 3
681 990 2
686 990 1
691 990 3
692 990 3
694 990 1
697 990 1
