640 91 1
654 91 3
659 91 1
660 91 2
661 91 1
663 91 1
668 91 1
669 91 1
675 91 1
677 91 2
678 91 1
680 91 3
681 91 3
682 91 1
684 91 3
693 91 3
704 91 2
706 91 3
709 91 1
711 91 2
712 91 3
714 91 3
720 91 1
722 91 3
724 91 2
738 91 3
739 91 3
743 91 2
745 91 3
751 91 2
757 91 3
759 91 1
765 91 3
767 91 3
768 91 1
771 91 2
773 91 1
776 91 2
777 91 3
781 91 3
783 91 1
784 91 3
795 91 1
802 91 1
804 91 3
807 91 1
810 91 2
815 91 3
816 91 1
826 91 2
829 91 2
830 91 3
832 91 1
833 91 1
835 91 2
836 91 3
837 91 3
844 91 2
845 91 3
847 91 1
849 91 2
851 91 2
852 91 3
855 91 1
857 91 3
860 91 2
862 91 3
873 91 2
878 91 3
883 91 1
889 91 3
890 91 3
891 91 3
900 91 1
903 91 2
906 91 1
907 91 1
910 91 3
911 91 1
912 91 3
917 91 2
920 91 3
923 91 1
924 91 2
927 91 2
931 91 1
935 91 2
945 91 1
948 91 1
952 91 3
954 91 1
955 91 3
957 91 2
958 91 3
960 91 1
964 91 3
965 91 3
968 91 2
976 91 1
981 91 2
984 91 1
985 91 3
987 91 2
994 91 1
998 91 2
0 92 3
2 92 3
3 92 1
4 92 3
7 92 2
9 92 3
10 92 3
11 92 1
20 92 1
26 92 1
27 92 3
31 92 3
33 92 1
40 92 2
41 92 2
45 92 3
50 92 1
52 92 2
53 92 3
54 92 1
66 92 2
70 92 2
71 92 1
73 92 3
76 92 3
80 92 2
82 92 3
87 92 2
90 92 1
94 92 2
96 92 3
99 92 1
102 92 2
103 92 3
106 92 1
107 92 3
109 92 2
110 92 3
113 92 1
116 92 3
123 92 2
124 92 3
130 92 3
131 92 2
135 92 1
136 92 1
138 92 2
140 92 2
141 92 1
142 92 1
144 92 1
153 92 1
155 92 1
156 92 1
157 92 3
158 92 1
160 92 3
161 92 1
163 92 2
165 92 2
169 92 1
170 92 3
177 92 1
179 92 3
181 92 1
182 92 1
187 92 2
188 92 2
194 92 3
195 92 1
199 92 1
203 92 2
204 92 3
207 92 1
208 92 2
212 92 2
218 92 2
221 92 3
224 92 3
227 92 2
228 92 3
233 92 1
239 92 1
241 92 2
243 92 3
244 92 1
247 92 2
249 92 3
251 92 1
253 92 3
258 92 2
261 92 2
262 92 2
263 92 2
264 92 3
277 92 1
280 92 2
283 92 1
285 92 2
286 92 2
289 92 2
294 92 3
296 92 1
300 92 3
303 92 3
305 92 1
312 92 1
314 92 3
315 92 2
319 92 2
320 92 1
324 92 1
325 92 3
326 92 2
335 92 3
337 92 1
339 92 2
348 92 1
350 92 2
356 92 2
357 92 3
361 92 1
368 92 1
370 92 2
382 92 1
384 92 3
385 92 1
396 92 3
402 92 1
407 92 1
410 92 2
411 92 3
412 92 2
417 92 2
418 92 1
419 92 2
420 92 3
421 92 3
430 92 2
431 92 3
433 92 3
434 92 1
436 92 3
437 92 3
448 92 2
454 92 2
464 92 2
466 92 3
469 92 1
470 92 3
471 92 1
472 92 1
475 92 1
477 92 3
478 92 1
479 92 1
480 92 1
481 92 2
489 92 2
492 92 2
493 92 1
496 92 2
500 92 1
504 92 2
505 92 1
508 92 3
510 92 2
513 92 3
514 92 1
515 92 3
522 92 3
524 92 3
526 92 3
528 92 1
530 92 3
531 92 1
541 92 3
544 92 1
549 92 3
556 92 2
562 92 1
563 92 2
564 92 2
573 92 3
575 92 2
576 92 2
578 92 3
579 92 2
582 92 3
587 92 3
589 92 3
591 92 3
593 92 1
599 92 2
600 92 3
602 92 3
604 92 3
605 92 3
608 92 2
612 92 3
615 92 2
620 92 3
621 92 3
628 92 3
630 92 3
633 92 2
637 92 2
638 92 2
639 92 1
644 92 3
651 92 3
655 92 2
656 92 3
659 92 3
664 92 1
670 92 3
675 92 3
676 92 1
679 92 1
682 92 1
688 92 2
691 92 1
692 92 2
693 92 1
694 92 2
696 92 2
703 92 1
704 92 1
708 92 1
709 92 3
715 92 2
723 92 2
725 92 2
727 92 3
729 92 2
733 92 3
734 92 3
737 92 1
743 92 1
749 92 3
755 92 1
756 92 3
763 92 3
766 92 2
769 92 1
774 92 1
780 92 3
781 92 2
782 92 3
783 92 1
785 92 2
787 92 2
789 92 2
792 92 3
793 92 3
795 92 3
798 92 3
799 92 1
801 92 3
803 92 3
804 92 2
806 92 2
807 92 2
814 92 2
820 92 3
832 92 2
837 92 3
838 92 2
846 92 1
847 92 1
849 92 1
854 92 1
859 92 1
860 92 3
861 92 1
865 92 1
867 92 2
871 92 2
873 92 2
874 92 2
876 92 1
878 92 3
883 92 2
892 92 1
894 92 1
898 92 1
899 92 3
900 92 1
902 92 3
903 92 3
905 92 1
908 92 1
909 92 2
910 92 1
911 92 1
913 92 2
921 92 1
923 92 2
927 92 3
929 92 1
934 92 3
938 92 3
942 92 2
944 92 2
952 92 1
959 92 2
961 92 2
962 92 3
965 92 2
971 92 1
974 92 1
978 92 1
988 92 1
990 92 1
991 92 1
993 92 1
996 92 2
6 93 3
8 93 3
11 93 3
12 93 3
17 93 3
21 93 2
22 93 2
24 93 1
28 93 1
33 93 1
36 93 2
38 93 1
39 93 3
42 93 3
48 93 3
49 93 1
52 93 3
54 93 3
55 93 2
60 93 2
63 93 3
69 93 2
71 93 2
72 93 3
76 93 1
77 93 2
78 93 1
82 93 2
88 93 3
91 93 2
99 93 3
103 93 3
107 93 2
109 93 1
110 93 3
112 93 2
115 93 2
119 93 2
122 93 3
124 93 3
125 93 3
128 93 3
129 93 1
130 93 3
132 93 1
135 93 3
137 93 2
143 93 1
144 93 3
149 93 1
154 93 3
158 93 1
159 93 3
160 93 3
163 93 1
164 93 2
165 93 2
166 93 2
169 93 3
173 93 2
176 93 3
181 93 2
185 93 2
192 93 3
197 93 3
198 93 3
201 93 1
202 93 3
210 93 1
216 93 2
222 93 2
223 93 1
226 93 2
230 93 2
234 93 3
240 93 1
242 93 2
243 93 1
248 93 2
249 93 1
257 93 1
258 93 3
259 93 1
260 93 1
268 93 2
269 93 2
272 93 1
273 93 3
279 93 2
284 93 1
286 93 1
287 93 2
289 93 1
296 93 3
298 93 3
299 93 2
300 93 2
306 93 3
307 93 2
309 93 1
310 93 1
313 93 3
319 93 2
322 93 3
326 93 1
329 93 1
332 93 3
336 93 2
337 93 2
338 93 3
339 93 1
341 93 2
349 93 1
350 93 1
356 93 2
357 93 2
359 93 2
361 93 1
363 93 3
364 93 2
371 93 3
372 93 1
373 93 3
378 93 3
382 93 3
384 93 2
387 93 2
388 93 2
391 93 1
392 93 1
394 93 2
397 93 1
398 93 2
399 93 2
402 93 1
405 93 1
410 93 3
411 93 2
413 93 2
414 93 2
416 93 2
417 93 2
420 93 2
421 93 3
424 93 2
425 93 3
426 93 3
431 93 3
433 93 3
435 93 1
442 93 1
443 93 1
446 93 2
447 93 1
451 93 1
453 93 2
455 93 2
461 93 3
463 93 1
468 93 2
473 93 1
474 93 3
475 93 3
476 93 2
478 93 2
479 93 2
481 93 2
482 93 2
487 93 1
497 93 3
499 93 1
502 93 2
504 93 1
508 93 1
515 93 1
516 93 3
517 93 2
518 93 1
520 93 1
524 93 2
525 93 2
528 93 2
537 93 2
545 93 3
550 93 3
552 93 1
553 93 2
555 93 2
556 93 3
557 93 1
559 93 3
561 93 3
562 93 1
564 93 3
565 93 2
569 93 1
575 93 3
579 93 3
581 93 1
583 93 1
588 93 1
592 93 3
596 93 2
597 93 3
603 93 2
604 93 3
606 93 1
607 93 1
608 93 3
609 93 3
610 93 2
612 93 3
614 93 2
615 93 3
617 93 2
618 93 3
624 93 1
627 93 2
629 93 3
632 93 3
633 93 1
641 93 2
643 93 1
649 93 1
650 93 3
651 93 1
658 93 3
659 93 3
660 93 1
661 93 2
664 93 1
666 93 1
678 93 2
684 93 1
689 93 3
693 93 2
695 93 1
699 93 2
703 93 2
705 93 2
709 93 1
716 93 2
717 93 1
718 93 1
