370 239 3
373 239 3
374 239 3
376 239 3
383 239 3
386 239 2
388 239 3
389 239 3
391 239 3
392 239 1
394 239 3
395 239 1
399 239 2
400 239 1
405 239 2
407 239 3
412 239 3
414 239 3
423 239 2
424 239 1
432 239 3
435 239 3
438 239 2
447 239 1
448 239 2
449 239 2
456 239 2
461 239 3
466 239 3
468 239 3
477 239 2
480 239 1
482 239 1
483 239 2
492 239 1
494 239 2
504 239 3
506 239 2
508 239 2
510 239 1
518 239 2
519 239 3
522 239 3
524 239 2
527 239 1
528 239 2
529 239 3
532 239 1
535 239 2
539 239 1
540 239 3
542 239 2
545 239 2
547 239 2
548 239 2
549 239 3
553 239 1
556 239 1
558 239 3
563 239 3
565 239 3
566 239 1
568 239 1
569 239 2
570 239 1
575 239 2
577 239 2
578 239 3
586 239 2
589 239 3
590 239 3
591 239 3
600 239 2
601 239 2
606 239 2
609 239 1
618 239 1
620 239 2
625 239 3
626 239 3
631 239 2
633 239 1
634 239 2
638 239 1
642 239 3
645 239 3
650 239 1
655 239 2
665 239 1
669 239 3
670 239 1
672 239 3
674 239 1
675 239 2
676 239 2
680 239 1
682 239 1
683 239 2
684 239 2
687 239 2
688 239 3
690 239 1
691 239 1
694 239 1
695 239 3
700 239 3
702 239 1
703 239 3
711 239 3
713 239 1
716 239 3
721 239 1
731 239 2
733 239 1
734 239 1
736 239 1
737 239 1
739 239 1
741 239 2
744 239 1
747 239 1
748 239 2
752 239 3
756 239 1
757 239 2
760 239 1
761 239 3
771 239 3
772 239 2
773 239 1
779 239 3
783 239 3
786 239 3
793 239 3
797 239 1
798 239 1
800 239 1
801 239 3
802 239 2
806 239 3
810 239 3
811 239 3
814 239 1
815 239 2
816 239 1
817 239 1
819 239 1
821 239 1
825 239 2
829 239 2
833 239 1
834 239 3
836 239 2
837 239 1
838 239 3
842 239 3
851 239 1
852 239 1
854 239 2
856 239 3
857 239 1
859 239 2
860 239 1
861 239 2
862 239 3
868 239 3
871 239 3
876 239 2
878 239 1
880 239 1
884 239 3
885 239 2
886 239 1
888 239 1
890 239 3
892 239 2
893 239 1
894 239 1
899 239 3
902 239 2
908 239 2
909 239 2
911 239 3
921 239 2
923 239 2
924 239 2
927 239 1
932 239 1
938 239 3
940 239 1
941 239 2
942 239 3
943 239 3
946 239 3
949 239 1
950 239 3
952 239 3
953 239 1
954 239 3
955 239 3
957 239 3
958 239 3
960 239 2
961 239 1
963 239 2
969 239 3
979 239 2
984 239 1
986 239 1
987 239 3
988 239 2
991 239 2
992 239 1
995 239 2
997 239 1
5 240 1
7 240 1
8 240 2
9 240 3
12 240 3
14 240 1
16 240 3
17 240 3
20 240 3
22 240 2
23 240 3
25 240 1
26 240 2
28 240 3
29 240 3
30 240 1
32 240 3
34 240 2
40 240 2
42 240 3
46 240 3
51 240 3
52 240 2
53 240 2
61 240 2
63 240 2
64 240 1
71 240 3
78 240 1
81 240 1
82 240 1
84 240 1
87 240 3
91 240 3
94 240 1
95 240 1
99 240 3
103 240 2
107 240 3
111 240 3
112 240 1
116 240 3
118 240 3
133 240 1
140 240 3
141 240 3
146 240 1
147 240 1
152 240 1
156 240 3
159 240 1
160 240 3
163 240 3
164 240 2
168 240 3
169 240 3
170 240 1
172 240 3
173 240 3
179 240 3
180 240 1
184 240 3
187 240 2
193 240 1
195 240 1
199 240 3
200 240 2
202 240 3
203 240 3
204 240 1
210 240 3
215 240 2
219 240 2
228 240 2
229 240 1
236 240 3
239 240 2
242 240 2
243 240 1
246 240 2
248 240 2
249 240 1
253 240 1
257 240 1
258 240 2
263 240 2
264 240 3
268 240 2
271 240 1
279 240 3
281 240 3
284 240 2
290 240 2
291 240 1
294 240 3
300 240 1
302 240 1
306 240 3
309 240 1
315 240 1
317 240 3
321 240 2
322 240 3
327 240 2
331 240 1
335 240 2
336 240 2
339 240 2
347 240 3
348 240 3
352 240 3
357 240 2
360 240 1
362 240 2
368 240 3
369 240 2
371 240 1
374 240 3
375 240 2
376 240 3
381 240 2
385 240 2
390 240 3
391 240 1
392 240 2
398 240 1
403 240 1
406 240 2
408 240 3
410 240 1
414 240 3
415 240 3
419 240 3
422 240 3
424 240 2
427 240 3
428 240 1
429 240 1
430 240 3
432 240 3
433 240 1
434 240 3
435 240 3
437 240 1
438 240 1
441 240 3
442 240 3
444 240 2
446 240 3
451 240 3
452 240 3
457 240 3
459 240 2
462 240 3
469 240 2
471 240 1
473 240 3
487 240 2
488 240 1
491 240 2
494 240 3
495 240 1
496 240 2
505 240 1
511 240 3
513 240 2
515 240 3
518 240 2
521 240 2
532 240 2
534 240 1
537 240 2
538 240 2
541 240 3
544 240 2
549 240 1
551 240 2
557 240 2
561 240 2
563 240 2
566 240 1
570 240 1
578 240 2
580 240 2
583 240 1
585 240 2
586 240 3
589 240 3
590 240 1
591 240 2
592 240 2
594 240 1
595 240 3
597 240 1
598 240 3
599 240 3
600 240 3
601 240 1
603 240 2
608 240 1
609 240 3
610 240 2
611 240 2
613 240 2
617 240 3
619 240 1
622 240 1
623 240 1
626 240 2
628 240 2
631 240 3
633 240 1
634 240 2
639 240 3
647 240 2
649 240 3
656 240 1
657 240 2
658 240 2
659 240 1
660 240 3
661 240 1
667 240 1
670 240 1
671 240 1
675 240 1
682 240 1
683 240 3
684 240 2
689 240 2
693 240 3
696 240 2
700 240 3
704 240 3
707 240 3
712 240 1
713 240 1
714 240 1
719 240 1
720 240 1
721 240 3
727 240 2
743 240 2
747 240 2
749 240 1
754 240 1
758 240 2
766 240 3
767 240 3
769 240 3
771 240 2
772 240 3
777 240 1
779 240 2
780 240 1
786 240 1
788 240 3
789 240 2
791 240 1
794 240 1
796 240 2
799 240 2
800 240 1
806 240 1
808 240 1
810 240 2
814 240 3
817 240 1
819 240 3
820 240 1
823 240 1
824 240 1
828 240 3
831 240 2
838 240 3
841 240 2
846 240 3
850 240 3
852 240 2
855 240 3
857 240 1
858 240 3
859 240 3
869 240 1
873 240 3
874 240 3
876 240 3
878 240 1
879 240 1
881 240 2
883 240 1
887 240 3
888 240 2
889 240 3
892 240 2
894 240 3
896 240 1
897 240 3
898 240 2
899 240 3
902 240 3
906 240 1
908 240 2
909 240 3
913 240 1
914 240 3
917 240 1
919 240 2
921 240 2
922 240 3
931 240 3
932 240 2
933 240 2
935 240 1
936 240 1
938 240 3
943 240 1
946 240 1
947 240 3
948 240 3
954 240 3
956 240 3
960 240 1
963 240 3
965 240 2
966 240 1
967 240 3
968 240 1
969 240 2
971 240 2
972 240 1
977 240 3
984 240 1
985 240 3
986 240 3
995 240 2
998 240 1
999 240 3
0 241 3
4 241 3
9 241 2
10 241 3
12 241 2
15 241 3
22 241 3
23 241 1
29 241 1
34 241 2
43 241 1
44 241 2
45 241 2
48 241 1
56 241 3
61 241 1
64 241 3
71 241 3
72 241 2
78 241 3
83 241 1
87 241 2
88 241 1
93 241 3
95 241 3
98 241 1
100 241 3
104 241 2
107 241 1
108 241 1
114 241 3
116 241 2
118 241 3
120 241 3
122 241 2
127 241 1
130 241 3
131 241 1
133 241 2
135 241 1
136 241 3
137 241 2
140 241 1
142 241 2
145 241 2
147 241 3
149 241 3
150 241 3
152 241 1
153 241 2
154 241 1
157 241 3
159 241 2
160 241 3
161 241 3
162 241 3
164 241 3
166 241 1
167 241 3
173 241 2
175 241 2
176 241 1
177 241 1
181 241 3
182 241 3
184 241 3
192 241 2
194 241 3
200 241 3
202 241 3
204 241 3
205 241 1
210 241 1
211 241 2
215 241 2
219 241 1
220 241 1
225 241 3
229 241 1
232 241 3
233 241 1
235 241 3
237 241 1
240 241 2
244 241 2
245 241 3
253 241 1
255 241 1
259 241 3
260 241 2
263 241 3
265 241 2
266 241 3
267 241 1
268 241 1
269 241 3
272 241 3
273 241 1
279 241 3
281 241 2
282 241 3
283 241 1
291 241 2
292 241 2
294 241 1
295 241 2
298 241 1
300 241 1
304 241 2
312 241 3
317 241 2
320 241 3
321 241 3
