680 149 3
683 149 1
685 149 3
688 149 2
689 149 2
696 149 2
703 149 3
704 149 1
705 149 1
706 149 2
707 149 2
708 149 3
720 149 3
727 149 3
729 149 1
741 149 1
742 149 1
746 149 2
747 149 2
750 149 1
751 149 1
752 149 2
753 149 1
756 149 2
770 149 2
773 149 1
774 149 3
775 149 1
779 149 3
786 149 2
787 149 3
790 149 1
791 149 3
792 149 2
795 149 2
797 149 1
799 149 2
819 149 2
821 149 3
822 149 1
826 149 2
827 149 2
830 149 3
831 149 1
834 149 2
836 149 3
840 149 2
841 149 3
842 149 1
845 149 1
848 149 2
849 149 3
850 149 3
851 149 3
855 149 1
858 149 3
865 149 3
866 149 3
868 149 3
870 149 2
871 149 1
872 149 3
875 149 2
880 149 3
882 149 3
889 149 1
895 149 3
897 149 3
899 149 2
900 149 2
906 149 1
909 149 3
913 149 1
915 149 2
916 149 1
924 149 1
928 149 1
933 149 1
942 149 1
943 149 2
952 149 2
954 149 3
960 149 2
963 149 1
964 149 2
968 149 3
972 149 3
973 149 2
974 149 3
976 149 3
980 149 3
981 149 1
982 149 1
983 149 3
987 149 1
988 149 3
995 149 2
997 149 2
1 150 3
3 150 2
10 150 3
12 150 2
15 150 2
19 150 1
20 150 2
23 150 1
26 150 3
29 150 2
31 150 1
32 150 1
34 150 3
36 150 2
37 150 3
38 150 3
39 150 1
42 150 3
43 150 1
45 150 3
51 150 2
54 150 3
56 150 2
57 150 3
58 150 3
59 150 2
62 150 2
63 150 1
67 150 1
74 150 3
76 150 2
79 150 1
81 150 1
83 150 1
84 150 2
85 150 2
90 150 1
102 150 3
104 150 1
112 150 2
113 150 3
114 150 1
115 150 3
116 150 3
117 150 1
124 150 1
125 150 3
126 150 2
130 150 2
131 150 1
132 150 1
135 150 2
136 150 1
137 150 2
140 150 1
146 150 2
148 150 1
151 150 1
152 150 3
153 150 3
154 150 2
160 150 1
161 150 1
165 150 1
166 150 2
168 150 3
172 150 1
174 150 3
177 150 2
187 150 2
190 150 3
196 150 2
197 150 1
199 150 2
201 150 1
202 150 3
206 150 3
207 150 2
208 150 2
211 150 1
214 150 2
216 150 2
221 150 3
223 150 2
225 150 2
226 150 3
229 150 1
230 150 1
231 150 3
236 150 1
237 150 2
240 150 3
241 150 2
243 150 3
251 150 2
252 150 2
253 150 3
257 150 1
258 150 3
259 150 2
260 150 2
262 150 3
264 150 3
271 150 3
272 150 2
274 150 1
275 150 1
282 150 3
284 150 1
296 150 2
302 150 3
304 150 1
306 150 3
307 150 3
308 150 1
309 150 2
312 150 1
318 150 3
320 150 2
321 150 2
324 150 3
325 150 1
327 150 1
330 150 1
331 150 2
333 150 2
346 150 1
348 150 1
353 150 2
355 150 3
362 150 2
363 150 3
366 150 3
369 150 2
370 150 3
373 150 1
375 150 3
376 150 3
385 150 1
392 150 3
396 150 3
404 150 1
406 150 2
408 150 1
409 150 2
410 150 3
412 150 1
413 150 1
420 150 3
421 150 2
422 150 3
424 150 2
426 150 2
432 150 3
439 150 2
441 150 3
443 150 2
447 150 3
449 150 2
451 150 3
454 150 2
457 150 1
460 150 3
461 150 2
465 150 2
469 150 1
471 150 3
476 150 1
478 150 2
480 150 2
481 150 2
485 150 3
490 150 1
491 150 1
492 150 2
493 150 2
494 150 2
495 150 2
503 150 2
504 150 1
505 150 3
507 150 1
508 150 1
510 150 1
514 150 1
517 150 3
520 150 3
522 150 2
526 150 2
528 150 2
533 150 2
535 150 3
536 150 3
545 150 1
547 150 3
550 150 1
551 150 3
553 150 1
559 150 1
560 150 2
561 150 2
562 150 2
564 150 3
567 150 3
570 150 3
572 150 1
575 150 3
581 150 3
583 150 1
585 150 3
586 150 3
589 150 1
590 150 2
600 150 2
601 150 2
606 150 3
612 150 1
613 150 2
618 150 3
619 150 3
625 150 2
627 150 1
630 150 1
632 150 1
639 150 1
640 150 2
645 150 1
647 150 2
654 150 3
656 150 1
657 150 2
658 150 2
660 150 1
661 150 2
662 150 2
663 150 1
664 150 3
666 150 1
668 150 2
672 150 1
674 150 1
678 150 1
680 150 2
681 150 1
683 150 3
685 150 2
690 150 2
691 150 3
694 150 1
699 150 3
700 150 3
701 150 3
702 150 1
703 150 1
704 150 2
705 150 1
712 150 3
713 150 3
720 150 1
727 150 2
734 150 3
735 150 1
737 150 1
739 150 2
741 150 2
742 150 2
745 150 1
752 150 1
754 150 3
756 150 1
758 150 1
760 150 2
763 150 3
764 150 2
767 150 3
771 150 3
773 150 2
776 150 3
778 150 1
789 150 3
795 150 1
797 150 3
802 150 3
805 150 2
806 150 3
808 150 2
811 150 3
815 150 3
820 150 1
825 150 1
828 150 2
840 150 3
841 150 3
842 150 1
843 150 3
844 150 3
848 150 1
850 150 1
855 150 3
856 150 1
858 150 1
859 150 2
870 150 2
872 150 3
873 150 3
874 150 1
876 150 3
880 150 1
882 150 3
883 150 3
886 150 3
890 150 3
891 150 3
893 150 2
896 150 3
897 150 3
904 150 2
905 150 1
906 150 2
908 150 3
918 150 1
920 150 1
921 150 3
925 150 1
927 150 3
928 150 2
931 150 3
932 150 1
933 150 3
935 150 2
936 150 3
937 150 2
941 150 2
942 150 2
943 150 3
944 150 1
948 150 2
949 150 2
952 150 1
956 150 2
958 150 1
959 150 2
964 150 2
967 150 3
971 150 1
975 150 2
976 150 3
981 150 3
982 150 1
998 150 1
0 151 1
1 151 3
3 151 2
15 151 2
17 151 1
26 151 2
27 151 3
29 151 3
30 151 3
31 151 3
34 151 2
36 151 2
37 151 2
39 151 1
40 151 3
48 151 1
51 151 3
58 151 1
60 151 1
62 151 3
65 151 1
66 151 1
73 151 2
76 151 2
80 151 2
82 151 3
83 151 2
85 151 2
87 151 1
88 151 2
89 151 2
104 151 2
106 151 3
109 151 2
113 151 2
117 151 3
119 151 2
121 151 3
125 151 1
126 151 2
130 151 2
131 151 1
134 151 3
136 151 1
139 151 2
140 151 2
141 151 1
142 151 3
143 151 2
144 151 3
147 151 2
148 151 3
150 151 2
158 151 2
164 151 3
166 151 3
172 151 1
176 151 3
177 151 2
181 151 3
183 151 3
185 151 1
188 151 3
190 151 2
198 151 2
200 151 3
203 151 2
205 151 1
209 151 1
217 151 3
219 151 1
228 151 2
234 151 1
236 151 1
237 151 3
241 151 1
243 151 2
245 151 2
248 151 2
252 151 3
254 151 2
255 151 3
258 151 3
260 151 2
261 151 2
266 151 2
268 151 2
272 151 2
274 151 1
277 151 1
284 151 2
298 151 1
302 151 3
303 151 1
305 151 2
306 151 1
307 151 2
309 151 1
312 151 3
313 151 2
316 151 2
324 151 1
328 151 2
330 151 3
338 151 1
340 151 3
341 151 1
350 151 1
355 151 1
357 151 3
364 151 2
365 151 3
367 151 3
374 151 1
376 151 1
378 151 2
380 151 3
381 151 2
383 151 2
388 151 2
390 151 1
392 151 1
395 151 2
401 151 2
402 151 1
403 151 1
406 151 3
409 151 1
412 151 3
413 151 1
414 151 3
422 151 1
427 151 1
429 151 3
431 151 3
436 151 2
438 151 1
442 151 2
450 151 2
453 151 3
454 151 3
456 151 2
460 151 2
462 151 2
465 151 2
467 151 2
469 151 1
471 151 3
472 151 2
475 151 2
476 151 1
477 151 2
480 151 3
481 151 2
482 151 3
483 151 1
484 151 3
485 151 3
491 151 3
498 151 3
499 151 1
501 151 3
502 151 2
518 151 2
520 151 3
524 151 2
525 151 1
526 151 1
527 151 3
529 151 2
539 151 1
540 151 2
545 151 3
548 151 3
550 151 1
554 151 1
555 151 2
560 151 3
563 151 1
570 151 2
573 151 1
576 151 2
586 151 2
590 151 3
591 151 3
593 151 3
595 151 1
598 151 1
600 151 3
604 151 1
606 151 2
607 151 3
609 151 2
617 151 3
620 151 3
622 151 2
623 151 2
626 151 2
637 151 2
638 151 2
641 151 2
642 151 3
643 151 1
653 151 2
654 151 1
655 151 3
656 151 3
657 151 1
666 151 1
669 151 1
671 151 1
673 151 1
677 151 2
678 151 1
680 151 3
682 151 1
684 151 2
686 151 3
