261 548 1
263 548 1
269 548 1
276 548 1
277 548 3
279 548 2
280 548 2
283 548 3
286 548 3
290 548 2
291 548 1
299 548 2
300 548 2
303 548 2
304 548 3
305 548 1
306 548 2
310 548 1
311 548 2
315 548 2
316 548 1
320 548 3
323 548 3
324 548 2
325 548 2
326 548 1
334 548 3
337 548 2
339 548 2
341 548 1
344 548 1
346 548 3
349 548 1
350 548 3
353 548 2
359 548 1
360 548 1
363 548 1
364 548 1
365 548 1
371 548 1
372 548 2
380 548 1
381 548 3
382 548 3
383 548 3
394 548 2
395 548 3
399 548 3
403 548 2
411 548 3
413 548 1
417 548 2
418 548 1
419 548 3
420 548 1
422 548 2
424 548 1
430 548 2
433 548 2
436 548 2
442 548 1
445 548 2
450 548 1
451 548 1
452 548 1
455 548 1
462 548 3
464 548 1
466 548 3
467 548 1
469 548 1
471 548 2
476 548 1
478 548 3
479 548 3
482 548 2
489 548 3
490 548 3
492 548 1
495 548 1
496 548 3
499 548 3
501 548 1
502 548 3
503 548 3
504 548 3
508 548 1
513 548 3
523 548 2
528 548 3
537 548 1
540 548 2
543 548 3
545 548 3
546 548 3
553 548 3
559 548 3
562 548 2
563 548 3
566 548 3
567 548 2
571 548 1
572 548 3
575 548 3
577 548 3
579 548 2
581 548 2
586 548 2
589 548 2
591 548 3
602 548 2
610 548 3
612 548 3
614 548 1
616 548 1
620 548 1
621 548 2
627 548 1
632 548 2
637 548 2
641 548 1
645 548 1
655 548 3
658 548 2
659 548 1
662 548 1
663 548 1
664 548 2
668 548 2
669 548 1
670 548 2
671 548 3
672 548 1
681 548 1
683 548 1
685 548 2
691 548 2
701 548 2
702 548 2
703 548 1
704 548 2
706 548 1
707 548 1
709 548 1
711 548 1
712 548 2
720 548 3
721 548 2
727 548 1
729 548 2
735 548 1
736 548 2
737 548 1
739 548 2
743 548 3
751 548 1
752 548 2
753 548 2
756 548 3
757 548 3
758 548 2
764 548 3
765 548 3
767 548 3
768 548 2
771 548 2
779 548 2
787 548 2
788 548 2
790 548 1
794 548 1
799 548 2
800 548 1
805 548 1
807 548 2
811 548 3
827 548 2
833 548 2
834 548 1
835 548 2
837 548 2
841 548 1
843 548 3
845 548 2
847 548 1
854 548 3
856 548 1
857 548 3
861 548 1
865 548 3
869 548 1
870 548 2
871 548 1
876 548 2
877 548 1
881 548 3
884 548 3
885 548 1
886 548 1
888 548 2
892 548 1
896 548 3
907 548 2
909 548 2
910 548 3
915 548 3
916 548 2
919 548 3
927 548 1
929 548 1
934 548 2
938 548 3
939 548 2
941 548 2
944 548 2
945 548 3
947 548 1
948 548 1
950 548 3
951 548 1
953 548 1
954 548 3
960 548 1
964 548 3
965 548 2
971 548 3
977 548 1
981 548 3
983 548 2
989 548 1
990 548 2
991 548 2
999 548 2
0 549 1
4 549 3
15 549 2
17 549 2
24 549 3
28 549 2
30 549 2
32 549 3
37 549 2
39 549 2
41 549 3
47 549 1
48 549 2
52 549 3
53 549 3
54 549 1
55 549 1
58 549 1
64 549 1
68 549 1
69 549 3
70 549 1
71 549 3
75 549 1
78 549 1
83 549 2
86 549 3
87 549 3
89 549 3
92 549 1
95 549 1
96 549 3
99 549 1
106 549 1
108 549 1
115 549 3
119 549 3
120 549 2
121 549 2
126 549 3
131 549 3
134 549 2
135 549 3
143 549 3
145 549 1
149 549 2
150 549 1
152 549 3
156 549 3
159 549 3
169 549 2
174 549 1
175 549 2
177 549 1
178 549 3
181 549 3
183 549 2
185 549 2
189 549 2
190 549 2
195 549 2
197 549 2
199 549 3
200 549 3
207 549 2
209 549 3
210 549 3
216 549 1
217 549 2
220 549 1
223 549 1
224 549 2
225 549 3
229 549 1
233 549 3
235 549 2
241 549 2
247 549 2
248 549 3
257 549 3
258 549 3
262 549 1
264 549 2
266 549 1
268 549 1
269 549 1
277 549 3
290 549 3
293 549 2
295 549 3
296 549 2
297 549 1
305 549 1
306 549 1
307 549 3
309 549 3
314 549 3
315 549 2
321 549 1
324 549 1
325 549 2
329 549 1
330 549 3
333 549 2
337 549 3
341 549 1
343 549 2
346 549 3
351 549 2
354 549 3
355 549 3
356 549 3
358 549 3
363 549 3
368 549 2
369 549 1
373 549 1
376 549 3
380 549 3
381 549 2
385 549 2
388 549 3
394 549 2
396 549 2
400 549 2
402 549 1
404 549 1
405 549 2
408 549 2
411 549 2
413 549 1
416 549 1
421 549 2
423 549 3
424 549 3
425 549 3
428 549 1
430 549 3
433 549 1
435 549 3
437 549 3
439 549 1
442 549 3
445 549 1
447 549 1
448 549 1
452 549 1
454 549 1
456 549 2
463 549 2
464 549 3
466 549 1
467 549 3
468 549 3
469 549 1
470 549 3
471 549 2
473 549 1
474 549 2
475 549 3
476 549 1
483 549 1
485 549 1
486 549 1
487 549 1
488 549 3
493 549 1
495 549 2
497 549 2
499 549 2
501 549 2
504 549 2
505 549 2
507 549 3
509 549 2
513 549 2
514 549 1
516 549 2
519 549 3
521 549 3
523 549 2
524 549 3
526 549 2
527 549 2
528 549 2
529 549 1
531 549 3
532 549 2
533 549 3
534 549 1
535 549 2
536 549 2
537 549 2
540 549 1
542 549 2
544 549 2
547 549 1
550 549 2
552 549 3
555 549 3
561 549 3
562 549 2
564 549 1
565 549 3
571 549 2
576 549 2
578 549 3
583 549 1
584 549 3
586 549 3
590 549 3
592 549 3
599 549 3
602 549 1
604 549 2
606 549 1
609 549 1
612 549 1
613 549 3
615 549 2
618 549 1
622 549 2
625 549 2
628 549 1
631 549 1
634 549 3
639 549 2
646 549 1
648 549 1
651 549 3
653 549 3
664 549 3
665 549 1
666 549 3
669 549 2
671 549 2
684 549 1
685 549 1
692 549 1
694 549 3
702 549 2
703 549 1
711 549 3
712 549 3
715 549 1
721 549 2
722 549 2
728 549 1
729 549 3
730 549 2
731 549 3
740 549 1
741 549 1
743 549 1
746 549 3
748 549 2
758 549 1
761 549 1
763 549 2
774 549 1
776 549 2
777 549 3
781 549 1
783 549 1
784 549 3
787 549 2
789 549 3
791 549 2
795 549 2
797 549 2
801 549 2
802 549 1
809 549 3
812 549 3
819 549 3
827 549 1
830 549 2
831 549 2
832 549 1
833 549 2
836 549 2
839 549 2
842 549 2
843 549 2
846 549 1
850 549 2
853 549 1
856 549 1
864 549 2
868 549 2
870 549 1
873 549 2
877 549 3
878 549 3
882 549 2
886 549 2
888 549 2
889 549 1
894 549 1
898 549 3
906 549 1
907 549 3
908 549 3
909 549 3
910 549 1
917 549 3
919 549 1
923 549 1
925 549 2
926 549 1
930 549 2
931 549 2
933 549 3
936 549 1
939 549 3
942 549 3
943 549 1
944 549 2
950 549 3
951 549 2
954 549 2
955 549 1
957 549 3
960 549 3
961 549 2
962 549 2
964 549 3
967 549 3
968 549 2
970 549 3
974 549 3
975 549 1
976 549 2
981 549 1
982 549 1
983 549 2
985 549 2
986 549 2
990 549 3
997 549 2
6 550 3
9 550 1
15 550 3
16 550 1
17 550 1
19 550 2
20 550 2
22 550 3
24 550 2
27 550 1
32 550 1
38 550 3
40 550 3
42 550 2
46 550 1
51 550 1
54 550 1
57 550 1
58 550 1
61 550 1
62 550 2
64 550 1
68 550 3
71 550 3
72 550 1
79 550 3
82 550 1
86 550 1
87 550 3
88 550 3
91 550 3
99 550 3
104 550 2
107 550 2
110 550 3
111 550 2
114 550 1
116 550 3
119 550 3
120 550 2
122 550 3
128 550 1
133 550 1
134 550 1
135 550 2
140 550 1
142 550 1
147 550 1
152 550 2
153 550 2
156 550 1
159 550 1
164 550 1
166 550 3
167 550 3
169 550 2
172 550 2
173 550 2
174 550 2
178 550 1
179 550 2
190 550 2
191 550 3
192 550 3
199 550 3
201 550 2
203 550 1
206 550 3
207 550 1
211 550 3
214 550 1
216 550 3
225 550 1
229 550 1
231 550 1
232 550 1
234 550 3
236 550 1
239 550 2
243 550 3
250 550 1
251 550 2
254 550 1
257 550 1
259 550 3
261 550 3
262 550 2
263 550 1
265 550 2
269 550 3
270 550 1
276 550 1
