464 173 3
465 173 3
466 173 3
471 173 1
488 173 2
489 173 1
496 173 2
501 173 2
504 173 1
505 173 2
506 173 1
507 173 1
511 173 2
513 173 2
517 173 1
519 173 1
520 173 3
527 173 2
534 173 1
536 173 3
539 173 3
540 173 2
543 173 2
546 173 3
547 173 3
548 173 3
550 173 2
551 173 3
556 173 3
558 173 3
559 173 3
560 173 3
562 173 2
565 173 1
570 173 3
572 173 1
576 173 1
577 173 2
579 173 3
583 173 1
586 173 2
589 173 3
590 173 3
593 173 1
596 173 1
599 173 3
608 173 2
611 173 3
614 173 1
616 173 3
618 173 2
620 173 2
626 173 1
631 173 2
639 173 2
640 173 1
641 173 3
642 173 3
660 173 3
662 173 2
668 173 3
674 173 1
676 173 2
677 173 1
678 173 1
679 173 3
681 173 2
684 173 2
686 173 3
690 173 1
696 173 3
698 173 1
699 173 3
700 173 1
703 173 1
704 173 3
705 173 2
709 173 2
716 173 1
718 173 1
723 173 3
727 173 3
728 173 3
730 173 3
732 173 3
734 173 2
735 173 2
737 173 3
742 173 2
749 173 3
750 173 3
751 173 3
752 173 3
753 173 2
754 173 2
761 173 2
762 173 2
775 173 3
781 173 2
782 173 3
784 173 2
785 173 2
788 173 2
790 173 1
791 173 1
796 173 3
797 173 3
799 173 2
800 173 2
805 173 2
806 173 1
814 173 1
816 173 2
828 173 1
832 173 1
834 173 3
835 173 3
837 173 2
839 173 3
853 173 1
858 173 3
859 173 1
862 173 1
863 173 3
866 173 1
870 173 3
877 173 3
879 173 2
883 173 1
885 173 2
886 173 3
887 173 2
888 173 1
895 173 3
896 173 1
899 173 3
903 173 3
904 173 1
908 173 1
909 173 2
910 173 3
915 173 2
916 173 1
920 173 3
924 173 3
929 173 2
935 173 1
936 173 3
937 173 3
939 173 2
940 173 2
942 173 1
949 173 1
950 173 2
953 173 3
954 173 2
957 173 2
958 173 2
964 173 3
965 173 2
970 173 1
971 173 1
973 173 3
978 173 3
981 173 2
983 173 2
990 173 2
991 173 3
992 173 2
996 173 3
1 174 1
4 174 3
6 174 2
8 174 1
9 174 2
13 174 3
15 174 3
16 174 2
17 174 2
18 174 1
19 174 3
23 174 3
28 174 1
34 174 2
37 174 2
40 174 1
43 174 2
47 174 3
48 174 2
51 174 2
54 174 3
55 174 1
56 174 1
57 174 3
60 174 2
66 174 2
67 174 2
73 174 3
74 174 1
77 174 1
78 174 2
81 174 2
83 174 2
87 174 3
89 174 3
91 174 2
96 174 3
97 174 1
101 174 3
104 174 3
109 174 2
111 174 3
112 174 1
116 174 2
117 174 2
126 174 1
129 174 3
131 174 1
134 174 3
141 174 2
150 174 1
156 174 2
157 174 1
162 174 3
165 174 3
166 174 2
167 174 3
168 174 3
169 174 2
170 174 3
173 174 2
174 174 3
177 174 2
178 174 1
179 174 2
183 174 3
185 174 3
192 174 3
193 174 1
194 174 2
195 174 1
200 174 1
209 174 2
210 174 2
211 174 1
214 174 3
221 174 2
224 174 2
229 174 1
231 174 2
232 174 3
236 174 3
237 174 2
238 174 1
239 174 1
243 174 1
245 174 2
247 174 1
249 174 3
250 174 1
251 174 1
254 174 3
255 174 2
259 174 2
261 174 2
264 174 2
270 174 2
271 174 2
277 174 3
281 174 1
285 174 3
290 174 1
291 174 2
294 174 3
296 174 3
297 174 2
303 174 1
305 174 2
307 174 1
313 174 2
314 174 1
316 174 2
320 174 3
322 174 2
323 174 2
326 174 2
327 174 3
329 174 1
330 174 1
334 174 1
335 174 1
342 174 3
344 174 3
346 174 2
348 174 1
349 174 2
351 174 3
353 174 1
356 174 1
362 174 2
364 174 1
365 174 1
366 174 2
367 174 1
368 174 3
379 174 2
381 174 3
382 174 1
384 174 3
386 174 3
388 174 3
390 174 2
394 174 2
395 174 2
396 174 2
398 174 2
399 174 2
400 174 1
401 174 2
402 174 3
408 174 3
409 174 3
416 174 1
418 174 3
427 174 2
429 174 1
434 174 2
436 174 3
437 174 2
442 174 3
443 174 2
444 174 1
445 174 2
451 174 2
453 174 2
455 174 1
456 174 1
462 174 2
463 174 3
468 174 2
470 174 1
472 174 3
475 174 1
476 174 2
479 174 3
484 174 3
486 174 1
487 174 3
489 174 1
491 174 2
494 174 1
497 174 3
500 174 1
501 174 2
508 174 1
509 174 1
515 174 2
520 174 2
521 174 2
523 174 3
534 174 3
536 174 1
543 174 1
544 174 3
548 174 2
549 174 3
550 174 1
551 174 1
558 174 1
561 174 3
563 174 1
564 174 1
565 174 2
566 174 3
567 174 1
568 174 2
574 174 2
576 174 2
577 174 1
579 174 1
581 174 2
584 174 1
586 174 3
593 174 3
594 174 1
599 174 1
600 174 1
602 174 1
603 174 1
604 174 1
608 174 2
612 174 1
615 174 3
617 174 1
618 174 3
619 174 2
628 174 2
630 174 2
631 174 1
633 174 1
635 174 3
637 174 3
638 174 1
645 174 3
651 174 2
653 174 3
655 174 1
656 174 2
657 174 1
664 174 2
666 174 1
667 174 3
668 174 3
671 174 2
678 174 3
679 174 2
680 174 2
687 174 1
689 174 3
694 174 2
696 174 3
697 174 2
699 174 3
702 174 2
704 174 1
705 174 2
706 174 3
707 174 1
708 174 2
715 174 2
716 174 1
718 174 2
719 174 2
726 174 3
727 174 2
728 174 2
729 174 1
736 174 1
737 174 2
740 174 3
743 174 3
744 174 3
759 174 1
760 174 3
762 174 1
763 174 1
765 174 2
767 174 1
770 174 3
773 174 3
775 174 3
784 174 2
785 174 1
795 174 2
797 174 3
799 174 2
812 174 2
813 174 2
814 174 3
816 174 2
817 174 2
824 174 3
833 174 1
834 174 1
835 174 2
837 174 2
843 174 1
847 174 3
851 174 3
857 174 3
858 174 1
859 174 1
860 174 2
863 174 3
865 174 2
872 174 2
874 174 3
877 174 2
878 174 1
880 174 1
883 174 1
885 174 3
894 174 1
900 174 2
903 174 1
905 174 2
907 174 3
918 174 2
919 174 3
929 174 3
935 174 3
937 174 3
939 174 3
941 174 3
948 174 1
951 174 2
952 174 3
954 174 2
959 174 3
965 174 2
967 174 2
976 174 1
979 174 2
984 174 2
990 174 1
991 174 3
992 174 1
995 174 2
996 174 1
999 174 1
1 175 3
4 175 3
8 175 2
11 175 3
13 175 3
17 175 1
18 175 3
26 175 1
29 175 3
30 175 1
33 175 1
36 175 3
37 175 3
38 175 3
40 175 3
42 175 1
43 175 1
46 175 2
53 175 2
54 175 2
56 175 1
59 175 2
60 175 1
61 175 2
64 175 1
74 175 3
76 175 3
79 175 2
81 175 1
87 175 2
88 175 1
93 175 3
98 175 2
100 175 2
101 175 1
105 175 2
112 175 1
115 175 1
116 175 1
117 175 2
119 175 3
121 175 1
126 175 1
129 175 1
134 175 2
136 175 1
139 175 2
149 175 2
161 175 3
164 175 2
166 175 2
170 175 3
178 175 2
179 175 2
182 175 1
195 175 2
197 175 3
198 175 3
199 175 3
208 175 2
209 175 1
218 175 3
222 175 2
224 175 1
227 175 3
230 175 3
232 175 1
233 175 2
239 175 3
241 175 2
242 175 3
243 175 2
244 175 1
257 175 3
263 175 1
265 175 2
266 175 3
267 175 3
272 175 2
274 175 1
289 175 3
290 175 3
291 175 2
301 175 2
302 175 1
303 175 2
305 175 2
306 175 3
307 175 2
308 175 1
310 175 3
312 175 1
314 175 2
316 175 1
319 175 2
321 175 1
323 175 3
326 175 1
332 175 1
335 175 2
337 175 3
338 175 1
341 175 1
349 175 3
351 175 1
352 175 3
353 175 1
354 175 3
356 175 2
359 175 3
360 175 3
361 175 2
369 175 2
371 175 2
375 175 2
376 175 1
381 175 2
382 175 2
388 175 3
389 175 2
390 175 3
392 175 3
393 175 3
399 175 1
400 175 2
403 175 2
406 175 3
407 175 3
409 175 2
410 175 1
417 175 1
418 175 1
423 175 1
427 175 3
430 175 2
434 175 1
437 175 2
438 175 2
440 175 2
443 175 1
444 175 3
446 175 1
449 175 1
450 175 2
451 175 3
463 175 2
464 175 2
466 175 2
467 175 2
475 175 2
478 175 1
481 175 2
484 175 3
486 175 1
495 175 1
502 175 3
