218 273 2
219 273 1
228 273 2
229 273 3
236 273 3
237 273 3
246 273 3
253 273 3
255 273 3
256 273 3
258 273 3
264 273 1
265 273 2
269 273 3
270 273 2
274 273 3
277 273 3
281 273 2
284 273 1
286 273 3
297 273 2
301 273 2
303 273 2
304 273 2
310 273 1
311 273 2
313 273 2
317 273 3
319 273 2
321 273 1
326 273 3
328 273 2
330 273 1
331 273 2
334 273 2
335 273 3
337 273 2
340 273 3
343 273 2
350 273 1
358 273 1
360 273 3
361 273 1
366 273 2
367 273 3
368 273 3
370 273 3
372 273 3
374 273 2
382 273 1
385 273 3
388 273 1
390 273 1
393 273 2
394 273 3
399 273 2
401 273 2
411 273 1
413 273 2
421 273 2
422 273 1
424 273 3
428 273 3
433 273 3
435 273 1
438 273 3
439 273 3
444 273 2
446 273 1
449 273 1
459 273 2
460 273 1
468 273 2
472 273 1
477 273 3
478 273 2
481 273 3
482 273 1
483 273 2
484 273 1
485 273 2
487 273 2
488 273 3
493 273 1
500 273 1
504 273 1
505 273 2
507 273 2
516 273 1
519 273 3
521 273 1
528 273 2
533 273 1
534 273 1
535 273 1
537 273 1
539 273 2
540 273 1
546 273 2
552 273 3
553 273 2
554 273 3
558 273 3
561 273 2
562 273 3
563 273 2
566 273 1
567 273 1
573 273 1
574 273 3
579 273 1
580 273 3
582 273 3
583 273 2
586 273 1
587 273 3
595 273 1
596 273 3
598 273 1
599 273 3
603 273 3
606 273 2
607 273 1
608 273 1
612 273 3
613 273 2
614 273 3
617 273 2
621 273 1
625 273 3
626 273 1
628 273 1
630 273 3
632 273 3
634 273 1
636 273 3
641 273 3
644 273 3
647 273 3
649 273 1
651 273 2
657 273 1
658 273 3
661 273 3
662 273 1
664 273 1
665 273 2
668 273 2
673 273 2
674 273 3
675 273 1
678 273 3
684 273 3
686 273 1
687 273 1
693 273 2
694 273 1
707 273 3
710 273 2
714 273 2
727 273 2
731 273 2
734 273 2
738 273 1
739 273 2
740 273 3
743 273 3
744 273 2
749 273 2
750 273 1
751 273 1
754 273 3
756 273 3
759 273 3
764 273 3
765 273 2
770 273 3
773 273 2
774 273 1
775 273 3
777 273 2
778 273 3
780 273 3
784 273 2
787 273 2
789 273 3
794 273 3
795 273 3
802 273 2
805 273 3
808 273 1
812 273 2
817 273 1
818 273 3
819 273 1
821 273 3
824 273 3
825 273 1
826 273 2
827 273 2
832 273 1
834 273 2
837 273 3
843 273 2
846 273 1
849 273 1
859 273 1
862 273 2
865 273 3
866 273 2
871 273 1
875 273 3
876 273 3
879 273 1
883 273 1
885 273 2
891 273 3
892 273 2
893 273 3
897 273 1
899 273 2
907 273 3
913 273 3
915 273 2
916 273 2
917 273 2
918 273 2
920 273 1
922 273 1
923 273 2
926 273 3
927 273 3
932 273 3
933 273 1
934 273 3
935 273 2
939 273 1
946 273 1
948 273 3
949 273 3
950 273 2
952 273 3
961 273 1
963 273 3
967 273 1
968 273 2
970 273 3
980 273 1
983 273 2
989 273 3
990 273 3
996 273 2
997 273 3
999 273 3
2 274 2
5 274 1
13 274 2
14 274 2
23 274 3
24 274 1
30 274 1
36 274 3
37 274 1
38 274 3
40 274 3
42 274 3
43 274 2
45 274 2
46 274 3
49 274 1
53 274 2
58 274 2
60 274 1
63 274 1
66 274 3
67 274 3
69 274 3
71 274 3
74 274 3
75 274 2
77 274 1
78 274 2
79 274 1
80 274 3
81 274 2
84 274 1
88 274 2
89 274 3
95 274 2
96 274 3
100 274 2
101 274 2
102 274 2
105 274 2
112 274 2
113 274 1
117 274 1
118 274 3
119 274 1
120 274 2
121 274 2
125 274 1
128 274 3
130 274 3
136 274 2
142 274 1
144 274 3
146 274 1
149 274 2
152 274 2
154 274 1
155 274 2
158 274 2
159 274 3
160 274 1
164 274 1
183 274 1
185 274 3
186 274 3
189 274 1
191 274 3
194 274 1
195 274 1
199 274 2
200 274 1
209 274 3
215 274 2
216 274 1
221 274 3
223 274 1
230 274 2
232 274 1
235 274 1
242 274 2
243 274 2
250 274 1
252 274 2
261 274 2
265 274 1
266 274 3
267 274 1
269 274 2
270 274 1
272 274 1
274 274 2
277 274 1
288 274 2
289 274 1
290 274 3
293 274 1
296 274 1
297 274 2
298 274 3
302 274 3
304 274 1
306 274 1
307 274 2
308 274 3
312 274 3
313 274 1
315 274 1
316 274 1
317 274 2
318 274 2
320 274 2
325 274 2
326 274 3
329 274 3
330 274 2
331 274 1
333 274 1
340 274 2
346 274 2
349 274 1
351 274 3
360 274 3
364 274 2
368 274 2
371 274 2
372 274 3
377 274 3
386 274 2
388 274 3
392 274 2
394 274 3
398 274 3
399 274 1
403 274 2
405 274 1
408 274 2
410 274 1
412 274 2
416 274 1
424 274 1
428 274 1
430 274 1
435 274 2
437 274 2
438 274 3
443 274 3
446 274 3
448 274 3
449 274 1
460 274 3
461 274 1
464 274 2
466 274 1
467 274 3
469 274 1
471 274 3
472 274 2
476 274 1
477 274 3
478 274 1
481 274 2
484 274 2
485 274 2
489 274 1
490 274 2
494 274 3
495 274 2
503 274 2
508 274 1
510 274 3
515 274 2
520 274 2
529 274 3
532 274 2
536 274 2
539 274 2
540 274 1
545 274 3
550 274 2
553 274 2
555 274 3
558 274 3
564 274 1
567 274 2
569 274 1
571 274 3
574 274 3
577 274 3
586 274 2
587 274 1
590 274 1
591 274 1
594 274 1
605 274 1
608 274 3
613 274 3
616 274 2
619 274 2
620 274 2
625 274 3
627 274 2
628 274 3
630 274 3
634 274 3
637 274 3
638 274 3
639 274 2
640 274 1
641 274 1
649 274 1
658 274 3
666 274 1
674 274 3
676 274 3
679 274 3
684 274 1
687 274 2
692 274 1
693 274 2
694 274 2
696 274 1
697 274 2
698 274 2
703 274 2
705 274 2
714 274 1
718 274 2
722 274 3
731 274 3
733 274 3
736 274 2
738 274 2
739 274 2
740 274 2
742 274 2
744 274 3
745 274 3
747 274 2
749 274 2
751 274 1
753 274 2
761 274 2
763 274 1
764 274 3
766 274 2
769 274 2
775 274 2
776 274 2
783 274 2
788 274 3
790 274 1
800 274 2
804 274 1
805 274 2
806 274 3
807 274 2
809 274 1
814 274 1
815 274 1
816 274 2
821 274 3
822 274 3
823 274 3
830 274 3
831 274 3
844 274 2
845 274 1
852 274 3
855 274 3
857 274 3
864 274 2
865 274 3
868 274 3
871 274 2
874 274 1
880 274 2
882 274 1
887 274 2
892 274 3
896 274 1
898 274 3
899 274 3
901 274 2
903 274 3
904 274 2
910 274 2
911 274 3
912 274 2
917 274 1
922 274 3
924 274 3
928 274 2
929 274 2
932 274 1
935 274 3
939 274 2
940 274 3
943 274 2
944 274 2
949 274 3
950 274 3
954 274 1
955 274 3
957 274 2
958 274 3
960 274 3
964 274 2
965 274 1
975 274 1
976 274 2
978 274 2
984 274 3
988 274 3
996 274 1
997 274 3
0 275 1
3 275 2
8 275 3
9 275 3
12 275 1
14 275 2
23 275 2
27 275 3
30 275 2
35 275 1
38 275 3
40 275 1
42 275 1
44 275 2
45 275 2
47 275 3
49 275 1
54 275 1
55 275 3
66 275 2
67 275 2
69 275 3
70 275 2
72 275 1
75 275 1
76 275 2
81 275 1
82 275 1
87 275 2
90 275 1
96 275 1
97 275 3
98 275 2
101 275 3
114 275 3
115 275 3
118 275 3
122 275 3
124 275 1
125 275 2
128 275 2
129 275 1
133 275 1
137 275 1
138 275 2
140 275 2
142 275 3
143 275 1
146 275 3
147 275 2
157 275 3
167 275 1
168 275 3
169 275 1
174 275 2
176 275 3
177 275 2
179 275 2
180 275 1
181 275 2
182 275 3
185 275 1
186 275 3
187 275 3
190 275 1
197 275 2
206 275 1
211 275 3
218 275 1
219 275 3
221 275 2
224 275 3
225 275 2
226 275 1
229 275 1
230 275 1
235 275 2
236 275 3
240 275 3
244 275 3
246 275 2
252 275 1
253 275 1
259 275 1
261 275 2
262 275 1
266 275 1
267 275 2
269 275 2
270 275 1
275 275 2
280 275 3
288 275 2
290 275 2
292 275 3
302 275 3
304 275 2
