718 588 3
722 588 3
723 588 1
725 588 3
727 588 2
730 588 2
733 588 2
734 588 2
736 588 1
738 588 1
744 588 1
745 588 2
747 588 3
751 588 1
754 588 2
759 588 3
763 588 3
771 588 1
772 588 2
774 588 2
777 588 2
785 588 1
787 588 1
790 588 3
794 588 1
797 588 1
804 588 1
806 588 2
807 588 3
808 588 3
809 588 2
810 588 3
813 588 3
819 588 2
822 588 1
834 588 3
835 588 3
840 588 3
844 588 2
846 588 2
859 588 1
860 588 3
863 588 2
864 588 2
868 588 1
869 588 2
872 588 1
876 588 3
879 588 3
880 588 1
884 588 1
888 588 2
891 588 2
893 588 3
899 588 2
900 588 1
903 588 3
906 588 3
910 588 1
914 588 1
915 588 3
922 588 2
923 588 1
925 588 3
926 588 2
930 588 1
931 588 2
935 588 2
937 588 3
939 588 3
942 588 2
947 588 1
951 588 1
952 588 2
956 588 3
957 588 3
960 588 2
965 588 3
971 588 1
972 588 2
973 588 1
975 588 2
976 588 1
977 588 1
982 588 3
983 588 3
985 588 3
986 588 2
990 588 2
992 588 1
993 588 1
994 588 1
995 588 2
996 588 2
999 588 2
1 589 2
2 589 1
5 589 3
8 589 2
9 589 2
11 589 1
15 589 3
16 589 1
18 589 1
21 589 2
23 589 2
25 589 2
28 589 2
31 589 3
33 589 2
34 589 3
38 589 3
39 589 1
41 589 2
44 589 2
50 589 2
51 589 2
52 589 3
53 589 1
60 589 3
64 589 1
67 589 3
69 589 1
72 589 1
73 589 3
75 589 1
77 589 2
80 589 3
82 589 3
84 589 1
85 589 3
90 589 2
92 589 1
96 589 3
107 589 3
108 589 3
112 589 1
113 589 1
115 589 2
119 589 1
120 589 2
123 589 3
124 589 2
125 589 3
126 589 1
130 589 3
132 589 3
133 589 3
135 589 2
136 589 1
137 589 3
145 589 3
149 589 1
150 589 3
152 589 1
155 589 3
157 589 1
161 589 1
165 589 2
167 589 1
173 589 3
174 589 1
188 589 1
190 589 3
192 589 1
199 589 2
203 589 1
206 589 2
213 589 1
217 589 2
219 589 2
222 589 2
223 589 1
226 589 2
230 589 2
231 589 3
233 589 2
237 589 1
242 589 1
246 589 3
247 589 3
248 589 3
253 589 1
260 589 2
262 589 1
263 589 2
269 589 2
273 589 1
274 589 1
278 589 2
280 589 2
285 589 3
296 589 3
302 589 2
306 589 1
307 589 3
315 589 2
316 589 1
318 589 2
320 589 2
321 589 3
322 589 1
325 589 1
333 589 1
334 589 3
339 589 3
340 589 3
342 589 2
343 589 1
345 589 2
346 589 1
347 589 1
352 589 3
353 589 2
358 589 1
361 589 1
362 589 2
363 589 1
364 589 3
365 589 2
367 589 1
373 589 1
375 589 3
377 589 1
379 589 1
380 589 1
382 589 1
388 589 2
389 589 1
390 589 3
392 589 2
393 589 1
399 589 3
403 589 2
406 589 1
411 589 3
418 589 3
420 589 3
422 589 3
423 589 3
424 589 2
425 589 3
426 589 2
427 589 1
428 589 3
436 589 3
439 589 2
446 589 3
447 589 3
448 589 1
449 589 2
454 589 3
457 589 1
465 589 1
468 589 3
470 589 2
473 589 3
474 589 3
476 589 1
480 589 3
481 589 2
483 589 1
488 589 2
490 589 2
491 589 1
492 589 3
496 589 3
505 589 3
507 589 3
509 589 2
510 589 1
514 589 2
521 589 2
525 589 2
526 589 2
529 589 2
530 589 2
536 589 3
539 589 2
548 589 2
549 589 2
553 589 3
555 589 2
558 589 2
561 589 3
563 589 3
573 589 1
577 589 3
579 589 1
581 589 1
582 589 3
583 589 1
584 589 1
586 589 2
589 589 3
590 589 1
591 589 3
594 589 3
596 589 3
601 589 2
605 589 2
606 589 3
608 589 1
610 589 3
612 589 2
613 589 1
618 589 2
625 589 1
626 589 3
628 589 1
629 589 2
630 589 3
632 589 2
633 589 2
636 589 1
637 589 3
645 589 3
649 589 2
651 589 1
653 589 2
654 589 1
657 589 1
658 589 1
659 589 1
662 589 3
664 589 1
666 589 2
667 589 3
670 589 3
677 589 1
678 589 3
684 589 3
688 589 1
691 589 3
693 589 3
695 589 3
701 589 2
704 589 2
708 589 3
709 589 1
712 589 2
715 589 3
724 589 2
725 589 1
726 589 1
730 589 1
732 589 3
735 589 1
736 589 3
742 589 2
744 589 2
748 589 2
749 589 3
752 589 2
753 589 1
757 589 3
775 589 3
778 589 3
780 589 3
789 589 3
792 589 3
794 589 3
796 589 3
797 589 3
798 589 1
803 589 3
804 589 3
807 589 1
814 589 2
815 589 3
825 589 1
831 589 1
834 589 3
840 589 1
841 589 1
849 589 3
852 589 3
853 589 3
854 589 1
855 589 3
858 589 2
861 589 3
863 589 1
864 589 3
865 589 3
874 589 3
875 589 1
877 589 2
881 589 2
893 589 1
897 589 3
898 589 3
899 589 2
900 589 2
903 589 1
906 589 1
908 589 3
909 589 1
910 589 3
911 589 3
913 589 3
916 589 3
918 589 1
919 589 3
923 589 3
931 589 1
939 589 3
941 589 1
943 589 3
944 589 3
948 589 3
949 589 1
952 589 1
953 589 3
958 589 2
961 589 1
962 589 1
963 589 3
965 589 1
967 589 3
968 589 1
971 589 3
972 589 3
974 589 1
975 589 3
976 589 2
983 589 3
984 589 1
987 589 2
989 589 3
990 589 3
991 589 1
993 589 1
994 589 1
995 589 2
996 589 1
999 589 3
0 590 1
1 590 1
2 590 2
6 590 3
8 590 2
18 590 3
23 590 1
26 590 3
29 590 1
34 590 3
37 590 1
45 590 2
46 590 3
47 590 3
52 590 2
53 590 1
54 590 1
55 590 3
57 590 1
60 590 1
61 590 1
62 590 2
64 590 3
72 590 3
79 590 1
80 590 1
85 590 2
88 590 1
90 590 3
93 590 1
95 590 2
103 590 1
105 590 3
111 590 3
114 590 1
115 590 3
117 590 1
120 590 2
125 590 3
128 590 2
129 590 2
135 590 1
139 590 2
147 590 3
149 590 2
154 590 3
155 590 3
157 590 3
164 590 3
165 590 2
170 590 1
173 590 3
174 590 1
182 590 1
186 590 3
190 590 1
193 590 3
196 590 3
198 590 3
202 590 1
204 590 1
205 590 1
209 590 1
211 590 1
213 590 2
214 590 1
215 590 2
220 590 3
222 590 2
224 590 1
226 590 1
231 590 3
234 590 3
235 590 2
236 590 2
240 590 3
242 590 1
246 590 1
248 590 3
250 590 1
255 590 1
257 590 2
273 590 2
274 590 2
278 590 2
279 590 2
280 590 3
281 590 2
284 590 2
289 590 3
290 590 3
293 590 1
296 590 3
305 590 1
307 590 2
310 590 1
314 590 1
317 590 1
318 590 3
322 590 1
324 590 1
325 590 3
326 590 2
327 590 3
330 590 1
332 590 1
337 590 3
338 590 1
342 590 3
348 590 3
351 590 2
353 590 3
356 590 1
361 590 1
362 590 3
367 590 1
368 590 1
371 590 3
375 590 2
378 590 1
379 590 1
380 590 1
389 590 3
391 590 1
397 590 1
399 590 1
401 590 1
402 590 2
413 590 1
416 590 1
417 590 2
418 590 3
420 590 2
422 590 1
423 590 2
425 590 2
426 590 3
427 590 2
438 590 3
441 590 3
443 590 3
446 590 1
447 590 2
449 590 2
450 590 1
452 590 2
455 590 2
456 590 1
460 590 2
462 590 1
465 590 1
478 590 1
479 590 3
483 590 1
492 590 1
494 590 2
495 590 2
497 590 1
498 590 3
500 590 2
501 590 1
502 590 1
504 590 1
505 590 1
506 590 1
507 590 2
514 590 2
521 590 3
525 590 1
526 590 1
535 590 1
536 590 3
537 590 3
539 590 1
540 590 2
544 590 1
551 590 1
558 590 2
560 590 3
562 590 3
563 590 1
577 590 3
578 590 1
579 590 1
582 590 2
585 590 3
587 590 1
590 590 1
591 590 2
592 590 1
593 590 1
595 590 2
600 590 3
602 590 1
603 590 3
606 590 1
609 590 2
610 590 1
612 590 2
613 590 2
614 590 1
615 590 3
616 590 2
617 590 1
618 590 3
620 590 1
624 590 1
625 590 3
626 590 2
629 590 2
635 590 3
638 590 2
639 590 3
640 590 3
642 590 1
644 590 3
645 590 3
646 590 2
647 590 3
649 590 3
652 590 1
657 590 1
659 590 3
665 590 2
670 590 1
671 590 3
673 590 2
676 590 1
682 590 3
