402 640 2
403 640 2
409 640 3
413 640 3
417 640 3
418 640 1
422 640 1
425 640 1
427 640 1
430 640 3
434 640 1
441 640 1
444 640 2
448 640 3
452 640 3
456 640 3
458 640 3
459 640 2
461 640 2
464 640 2
468 640 3
470 640 3
473 640 1
479 640 2
480 640 3
481 640 3
501 640 1
502 640 1
504 640 2
507 640 1
513 640 1
514 640 2
515 640 2
528 640 3
529 640 1
532 640 1
533 640 2
540 640 3
541 640 3
544 640 3
547 640 1
556 640 1
559 640 1
565 640 2
568 640 2
577 640 2
578 640 3
581 640 3
582 640 1
587 640 1
590 640 1
593 640 1
594 640 3
595 640 2
597 640 3
600 640 3
605 640 3
609 640 2
610 640 1
614 640 3
615 640 3
617 640 1
621 640 2
623 640 1
624 640 3
626 640 3
628 640 3
629 640 1
630 640 3
633 640 2
643 640 3
649 640 1
650 640 2
653 640 3
661 640 1
663 640 1
665 640 1
666 640 3
674 640 1
678 640 1
679 640 3
682 640 3
683 640 2
684 640 1
686 640 3
687 640 2
691 640 2
696 640 2
697 640 2
698 640 2
701 640 1
703 640 3
705 640 3
708 640 3
710 640 3
711 640 3
712 640 3
713 640 1
716 640 1
719 640 1
728 640 2
732 640 1
735 640 1
736 640 1
741 640 2
743 640 2
747 640 1
751 640 1
754 640 2
761 640 1
765 640 3
767 640 2
770 640 2
773 640 3
781 640 2
783 640 2
786 640 1
787 640 3
788 640 3
792 640 1
796 640 1
797 640 1
800 640 3
802 640 3
803 640 1
805 640 3
807 640 1
808 640 1
810 640 2
817 640 3
819 640 2
821 640 3
825 640 3
832 640 1
833 640 2
835 640 2
839 640 1
841 640 2
854 640 3
855 640 2
859 640 3
861 640 1
865 640 1
866 640 3
867 640 3
873 640 3
877 640 3
884 640 1
885 640 1
890 640 1
891 640 3
892 640 3
893 640 1
894 640 1
896 640 3
898 640 2
899 640 1
903 640 2
906 640 2
907 640 3
908 640 3
915 640 2
920 640 3
921 640 3
928 640 3
929 640 1
934 640 1
938 640 1
946 640 3
949 640 3
950 640 1
956 640 3
963 640 2
964 640 3
969 640 3
970 640 2
974 640 3
980 640 2
981 640 2
989 640 3
990 640 1
991 640 1
992 640 1
993 640 2
995 640 3
997 640 3
999 640 1
0 641 2
1 641 3
4 641 2
6 641 1
7 641 1
8 641 3
11 641 2
14 641 2
15 641 1
17 641 1
18 641 3
19 641 1
20 641 3
21 641 1
22 641 1
27 641 1
31 641 1
32 641 1
33 641 2
34 641 3
35 641 1
37 641 1
38 641 1
40 641 3
45 641 3
46 641 3
47 641 1
59 641 2
61 641 3
64 641 2
65 641 2
66 641 2
69 641 1
71 641 1
72 641 1
74 641 2
77 641 2
85 641 1
89 641 3
90 641 2
93 641 3
98 641 3
99 641 1
100 641 1
108 641 2
110 641 1
114 641 1
115 641 3
121 641 2
124 641 2
126 641 2
136 641 2
138 641 1
139 641 1
141 641 3
142 641 1
143 641 1
152 641 3
154 641 3
155 641 1
156 641 2
163 641 1
165 641 1
166 641 3
169 641 3
171 641 1
172 641 1
179 641 3
180 641 2
181 641 2
182 641 1
183 641 3
184 641 3
186 641 3
187 641 2
192 641 1
195 641 3
196 641 1
197 641 3
198 641 1
199 641 1
200 641 2
202 641 3
206 641 1
209 641 1
210 641 3
212 641 1
213 641 1
215 641 2
218 641 3
219 641 3
220 641 3
221 641 1
222 641 2
227 641 3
229 641 1
230 641 2
233 641 2
242 641 1
246 641 1
247 641 2
253 641 1
254 641 3
257 641 3
259 641 1
262 641 2
263 641 1
268 641 3
271 641 1
273 641 3
274 641 1
276 641 1
277 641 1
281 641 1
282 641 3
287 641 2
290 641 3
291 641 1
292 641 3
293 641 3
297 641 3
308 641 1
309 641 3
310 641 3
313 641 3
314 641 2
315 641 3
317 641 3
319 641 3
328 641 2
334 641 1
337 641 3
339 641 3
340 641 1
343 641 2
346 641 3
347 641 1
352 641 3
353 641 2
354 641 1
358 641 2
359 641 2
365 641 2
366 641 2
368 641 3
377 641 1
380 641 2
382 641 3
383 641 2
386 641 2
392 641 3
394 641 3
398 641 1
403 641 3
408 641 1
409 641 1
414 641 2
415 641 3
421 641 2
423 641 2
426 641 1
430 641 2
435 641 1
437 641 1
438 641 1
439 641 1
451 641 2
452 641 1
455 641 1
467 641 2
472 641 3
476 641 2
477 641 1
478 641 3
480 641 2
493 641 3
495 641 2
496 641 3
500 641 2
502 641 1
504 641 2
505 641 3
511 641 1
526 641 1
528 641 3
529 641 1
539 641 2
540 641 1
543 641 1
547 641 1
548 641 3
549 641 2
553 641 3
556 641 2
559 641 2
560 641 1
561 641 3
566 641 2
572 641 1
573 641 2
574 641 3
576 641 2
578 641 3
579 641 1
581 641 3
584 641 1
588 641 1
590 641 1
591 641 3
600 641 2
602 641 2
603 641 2
607 641 3
612 641 1
613 641 3
615 641 1
616 641 1
626 641 2
628 641 3
631 641 1
634 641 3
636 641 3
637 641 2
638 641 3
642 641 3
643 641 1
644 641 2
655 641 1
657 641 3
659 641 2
660 641 3
665 641 1
667 641 1
669 641 3
672 641 3
676 641 2
677 641 3
680 641 2
686 641 1
689 641 1
690 641 3
691 641 3
702 641 3
705 641 1
706 641 1
708 641 2
710 641 2
714 641 3
722 641 3
724 641 3
727 641 1
731 641 3
732 641 1
733 641 3
736 641 1
738 641 3
739 641 2
745 641 3
746 641 3
748 641 1
753 641 1
768 641 1
770 641 1
773 641 1
774 641 2
776 641 1
778 641 1
788 641 2
790 641 1
791 641 2
793 641 1
795 641 2
796 641 3
797 641 3
799 641 3
801 641 1
802 641 1
803 641 3
805 641 1
806 641 2
811 641 3
812 641 2
813 641 1
818 641 1
819 641 1
821 641 2
822 641 1
823 641 2
826 641 2
828 641 1
831 641 3
834 641 2
835 641 3
837 641 3
843 641 3
846 641 1
847 641 3
851 641 3
852 641 1
856 641 2
857 641 3
859 641 2
860 641 3
862 641 1
863 641 2
864 641 1
867 641 2
868 641 2
869 641 1
873 641 3
890 641 2
891 641 2
894 641 1
895 641 1
896 641 2
898 641 2
900 641 1
902 641 3
904 641 1
905 641 3
906 641 1
908 641 3
919 641 3
924 641 1
925 641 2
926 641 3
930 641 2
931 641 2
932 641 1
936 641 2
944 641 1
945 641 2
947 641 1
949 641 2
950 641 2
952 641 3
956 641 1
964 641 2
965 641 3
966 641 2
967 641 3
975 641 2
982 641 2
984 641 2
985 641 3
988 641 1
992 641 2
998 641 1
999 641 2
4 642 2
8 642 1
9 642 2
10 642 1
11 642 1
16 642 2
20 642 3
21 642 2
26 642 1
30 642 1
33 642 2
40 642 3
44 642 2
46 642 1
48 642 3
55 642 1
57 642 1
58 642 2
60 642 1
63 642 3
64 642 1
69 642 3
71 642 1
73 642 1
74 642 2
76 642 2
79 642 3
80 642 3
82 642 2
84 642 2
85 642 3
86 642 3
91 642 1
92 642 1
97 642 1
100 642 2
108 642 2
110 642 2
111 642 1
112 642 1
116 642 3
117 642 3
119 642 2
120 642 1
128 642 2
137 642 1
142 642 1
145 642 3
147 642 3
148 642 3
149 642 1
153 642 2
157 642 1
158 642 2
161 642 1
163 642 3
167 642 3
168 642 3
170 642 2
172 642 3
173 642 3
175 642 1
177 642 1
180 642 1
181 642 1
182 642 1
183 642 1
184 642 3
187 642 3
189 642 2
190 642 1
208 642 3
213 642 3
217 642 3
218 642 1
233 642 1
237 642 3
243 642 1
253 642 1
255 642 2
256 642 2
257 642 2
258 642 3
263 642 1
264 642 3
287 642 1
289 642 1
295 642 3
300 642 2
302 642 1
303 642 3
304 642 1
310 642 3
313 642 1
315 642 1
317 642 3
320 642 1
326 642 2
327 642 1
329 642 1
331 642 3
332 642 2
333 642 2
338 642 1
339 642 1
343 642 3
345 642 1
346 642 1
350 642 3
353 642 2
354 642 2
356 642 3
357 642 3
360 642 3
362 642 2
363 642 3
364 642 2
367 642 1
371 642 2
372 642 2
373 642 3
378 642 1
381 642 3
382 642 3
390 642 2
394 642 3
398 642 2
399 642 3
400 642 2
404 642 2
