532 430 3
535 430 1
539 430 3
542 430 2
543 430 1
545 430 2
547 430 2
557 430 1
558 430 2
560 430 1
563 430 1
565 430 3
573 430 3
576 430 2
577 430 1
578 430 2
581 430 1
582 430 2
588 430 3
595 430 1
596 430 1
598 430 2
599 430 3
600 430 2
601 430 2
607 430 1
612 430 3
614 430 2
617 430 2
618 430 3
619 430 1
620 430 2
622 430 1
625 430 1
629 430 2
633 430 2
643 430 2
647 430 1
649 430 2
653 430 2
655 430 2
657 430 2
667 430 1
669 430 3
670 430 2
672 430 1
674 430 2
675 430 1
677 430 1
684 430 2
686 430 1
694 430 2
697 430 2
699 430 2
705 430 2
706 430 1
707 430 2
711 430 3
715 430 2
719 430 3
722 430 3
723 430 1
725 430 2
727 430 2
729 430 1
734 430 1
742 430 1
744 430 3
751 430 2
752 430 3
755 430 3
756 430 2
761 430 3
768 430 2
771 430 1
781 430 3
782 430 1
784 430 2
789 430 2
790 430 3
793 430 2
794 430 3
802 430 2
805 430 3
808 430 2
810 430 3
812 430 2
816 430 3
817 430 2
818 430 3
820 430 3
821 430 2
824 430 2
830 430 2
831 430 1
835 430 1
837 430 3
838 430 3
839 430 1
842 430 3
848 430 3
851 430 1
852 430 3
853 430 1
857 430 3
858 430 3
864 430 3
867 430 2
868 430 1
880 430 2
886 430 3
887 430 2
888 430 1
889 430 3
892 430 2
896 430 2
898 430 1
899 430 2
900 430 2
903 430 2
907 430 2
912 430 2
915 430 3
924 430 1
925 430 3
929 430 2
934 430 1
939 430 3
940 430 1
942 430 3
943 430 2
944 430 3
951 430 2
954 430 3
955 430 1
958 430 3
963 430 3
964 430 3
966 430 2
970 430 3
971 430 1
972 430 2
973 430 2
975 430 1
976 430 3
979 430 1
980 430 3
982 430 1
984 430 2
986 430 2
989 430 3
993 430 2
998 430 3
10 431 3
11 431 3
13 431 3
16 431 2
20 431 3
24 431 3
26 431 1
27 431 2
33 431 2
36 431 3
37 431 1
38 431 1
39 431 1
40 431 2
43 431 3
44 431 1
45 431 3
48 431 1
50 431 2
51 431 3
56 431 1
57 431 3
59 431 2
66 431 3
71 431 3
75 431 1
83 431 1
85 431 3
87 431 3
88 431 3
107 431 3
108 431 2
112 431 2
114 431 2
115 431 3
116 431 1
123 431 2
124 431 1
125 431 3
126 431 3
127 431 1
128 431 3
129 431 2
134 431 1
146 431 1
147 431 3
150 431 3
151 431 1
152 431 1
153 431 1
156 431 3
161 431 2
166 431 1
167 431 1
171 431 3
174 431 1
180 431 2
182 431 3
186 431 1
187 431 3
190 431 2
191 431 1
197 431 3
200 431 2
201 431 2
203 431 3
213 431 1
215 431 1
217 431 3
219 431 1
220 431 1
222 431 3
224 431 1
225 431 1
226 431 3
228 431 2
234 431 3
235 431 1
243 431 1
244 431 2
246 431 1
248 431 2
249 431 3
250 431 2
256 431 1
259 431 2
263 431 3
267 431 3
275 431 1
276 431 3
281 431 1
288 431 1
290 431 3
292 431 2
303 431 1
305 431 3
307 431 1
313 431 1
315 431 3
316 431 2
318 431 3
326 431 3
330 431 2
332 431 2
334 431 3
339 431 3
344 431 2
349 431 3
351 431 2
352 431 3
355 431 2
357 431 3
358 431 3
360 431 3
362 431 2
365 431 2
366 431 1
370 431 2
372 431 1
377 431 2
386 431 3
387 431 3
389 431 1
394 431 1
396 431 3
400 431 2
401 431 3
410 431 1
414 431 1
416 431 1
418 431 1
419 431 2
421 431 3
423 431 3
424 431 1
425 431 1
427 431 1
428 431 3
430 431 2
438 431 3
443 431 3
444 431 3
450 431 2
452 431 1
455 431 1
457 431 1
458 431 3
460 431 2
461 431 1
463 431 3
465 431 2
469 431 3
479 431 2
480 431 3
481 431 1
485 431 3
486 431 3
489 431 2
492 431 2
495 431 1
499 431 2
500 431 1
501 431 2
503 431 3
513 431 2
514 431 1
515 431 1
519 431 1
524 431 1
527 431 3
528 431 3
530 431 2
532 431 2
534 431 1
535 431 1
536 431 1
537 431 1
539 431 1
541 431 1
543 431 2
545 431 1
546 431 2
559 431 3
560 431 1
561 431 2
562 431 2
563 431 3
568 431 2
575 431 3
579 431 3
582 431 3
583 431 3
584 431 2
586 431 1
588 431 3
592 431 2
594 431 3
595 431 2
599 431 1
600 431 1
605 431 2
607 431 1
608 431 3
613 431 1
617 431 1
618 431 2
620 431 3
624 431 1
628 431 3
630 431 3
635 431 1
638 431 1
642 431 2
643 431 2
646 431 1
651 431 3
656 431 1
658 431 3
659 431 1
660 431 1
662 431 1
664 431 3
666 431 1
667 431 2
668 431 1
670 431 2
675 431 1
677 431 1
681 431 3
682 431 3
686 431 1
687 431 3
689 431 1
699 431 3
702 431 2
704 431 1
710 431 3
712 431 2
724 431 3
726 431 2
728 431 2
732 431 1
735 431 3
738 431 1
740 431 2
743 431 1
746 431 1
747 431 2
748 431 2
749 431 1
751 431 1
752 431 1
753 431 1
755 431 3
758 431 1
759 431 2
760 431 3
767 431 2
768 431 1
771 431 2
774 431 1
780 431 3
784 431 3
785 431 3
794 431 1
796 431 1
799 431 1
800 431 2
805 431 1
808 431 2
810 431 2
815 431 2
816 431 2
823 431 2
827 431 3
833 431 2
835 431 3
836 431 3
838 431 1
840 431 1
846 431 3
849 431 3
851 431 2
853 431 2
857 431 3
859 431 2
860 431 2
865 431 1
867 431 1
870 431 3
872 431 1
873 431 2
883 431 2
885 431 1
893 431 1
897 431 1
899 431 3
906 431 1
908 431 2
910 431 1
911 431 2
912 431 1
913 431 2
914 431 2
915 431 2
918 431 1
921 431 1
922 431 2
925 431 3
926 431 1
928 431 3
929 431 3
931 431 1
940 431 2
942 431 2
944 431 2
946 431 1
949 431 3
956 431 1
961 431 1
962 431 2
970 431 2
973 431 3
975 431 3
978 431 2
983 431 1
986 431 2
991 431 3
993 431 1
998 431 2
0 432 2
4 432 2
6 432 2
7 432 2
10 432 1
16 432 1
21 432 3
23 432 1
25 432 3
26 432 3
27 432 3
29 432 1
32 432 2
34 432 2
35 432 2
36 432 1
38 432 2
41 432 2
53 432 1
58 432 1
60 432 1
61 432 3
68 432 2
69 432 3
75 432 3
77 432 3
79 432 2
82 432 1
86 432 1
87 432 2
89 432 2
91 432 2
102 432 2
105 432 1
107 432 3
109 432 1
110 432 1
113 432 2
116 432 1
117 432 1
125 432 2
131 432 2
140 432 1
148 432 1
154 432 3
155 432 3
157 432 2
158 432 1
160 432 2
163 432 3
164 432 2
166 432 1
169 432 1
170 432 2
172 432 3
174 432 2
175 432 3
177 432 2
180 432 2
183 432 3
188 432 2
190 432 3
197 432 2
199 432 2
206 432 3
210 432 3
212 432 2
217 432 3
224 432 3
228 432 3
230 432 1
233 432 2
236 432 3
240 432 1
241 432 1
242 432 2
247 432 2
249 432 2
251 432 3
256 432 2
257 432 1
258 432 2
263 432 1
265 432 2
268 432 3
269 432 1
270 432 3
274 432 1
276 432 1
277 432 3
280 432 2
290 432 2
292 432 1
295 432 3
296 432 3
301 432 3
306 432 3
319 432 2
328 432 1
330 432 3
331 432 3
332 432 3
347 432 3
348 432 2
351 432 2
352 432 2
355 432 3
356 432 3
357 432 1
359 432 1
362 432 1
365 432 3
366 432 1
375 432 1
382 432 3
384 432 3
385 432 1
391 432 2
392 432 2
395 432 2
403 432 3
405 432 3
407 432 2
408 432 1
410 432 3
413 432 1
417 432 3
422 432 3
423 432 2
425 432 1
426 432 1
427 432 3
429 432 3
431 432 2
432 432 1
433 432 3
435 432 2
440 432 2
442 432 3
444 432 2
455 432 3
456 432 1
458 432 1
461 432 2
462 432 2
463 432 3
469 432 2
471 432 3
472 432 2
480 432 2
481 432 1
483 432 1
493 432 1
497 432 2
501 432 3
502 432 2
503 432 1
505 432 1
509 432 1
511 432 2
515 432 2
522 432 3
525 432 3
526 432 3
532 432 3
534 432 3
541 432 1
542 432 2
543 432 2
549 432 3
551 432 2
552 432 1
553 432 3
555 432 3
570 432 2
575 432 2
581 432 3
583 432 1
590 432 3
594 432 3
598 432 3
599 432 2
600 432 3
