245 744 3
246 744 2
251 744 1
256 744 2
257 744 1
262 744 3
264 744 2
268 744 1
277 744 2
283 744 1
293 744 3
297 744 2
305 744 1
306 744 2
307 744 1
310 744 3
314 744 1
315 744 2
316 744 3
319 744 2
323 744 1
324 744 2
325 744 1
327 744 2
329 744 3
335 744 3
336 744 3
337 744 3
338 744 3
343 744 3
344 744 3
346 744 2
351 744 2
353 744 2
354 744 3
357 744 2
359 744 2
362 744 3
366 744 2
367 744 1
368 744 2
369 744 3
372 744 2
374 744 3
376 744 2
383 744 1
388 744 2
389 744 2
392 744 1
393 744 2
394 744 3
395 744 1
399 744 2
400 744 3
402 744 1
404 744 2
410 744 3
411 744 3
415 744 1
420 744 2
423 744 2
424 744 2
425 744 2
428 744 2
431 744 3
432 744 2
433 744 1
436 744 2
437 744 2
441 744 3
444 744 1
451 744 2
453 744 3
458 744 1
459 744 2
460 744 3
464 744 1
466 744 1
467 744 1
468 744 3
471 744 2
474 744 1
480 744 3
481 744 1
482 744 3
485 744 3
494 744 3
495 744 2
505 744 2
506 744 3
515 744 2
521 744 2
526 744 2
528 744 3
529 744 1
540 744 2
541 744 3
542 744 3
551 744 1
554 744 1
558 744 2
560 744 2
562 744 3
564 744 1
565 744 1
566 744 1
568 744 2
571 744 2
573 744 1
574 744 1
575 744 1
578 744 2
585 744 3
587 744 2
588 744 2
591 744 1
593 744 1
594 744 3
595 744 1
597 744 2
600 744 3
601 744 1
606 744 2
614 744 2
616 744 2
623 744 3
626 744 1
627 744 3
628 744 3
629 744 3
632 744 2
634 744 1
635 744 3
636 744 3
640 744 1
642 744 2
644 744 3
645 744 1
648 744 2
649 744 2
652 744 3
654 744 2
657 744 2
658 744 2
664 744 1
667 744 3
669 744 3
671 744 3
672 744 1
677 744 1
679 744 3
680 744 3
682 744 2
683 744 3
684 744 3
685 744 3
687 744 2
690 744 3
692 744 2
697 744 1
698 744 1
701 744 1
702 744 3
703 744 2
710 744 2
714 744 2
716 744 3
719 744 3
721 744 2
724 744 3
727 744 1
729 744 3
732 744 1
734 744 2
737 744 3
738 744 1
739 744 3
742 744 1
743 744 3
744 744 3
746 744 2
751 744 3
759 744 3
760 744 1
762 744 1
763 744 1
764 744 1
765 744 1
766 744 1
767 744 3
768 744 1
770 744 3
778 744 1
785 744 3
786 744 3
788 744 2
789 744 1
793 744 3
800 744 1
804 744 1
805 744 1
809 744 1
810 744 3
815 744 3
816 744 2
821 744 2
825 744 2
829 744 1
830 744 1
837 744 2
838 744 2
840 744 2
841 744 1
842 744 3
843 744 3
844 744 2
845 744 1
850 744 1
851 744 3
857 744 3
860 744 3
862 744 3
863 744 2
864 744 1
865 744 1
868 744 2
870 744 2
875 744 3
879 744 2
880 744 1
883 744 2
884 744 1
886 744 3
888 744 1
891 744 2
897 744 3
903 744 1
909 744 1
915 744 1
917 744 2
926 744 1
927 744 3
931 744 3
932 744 2
936 744 1
938 744 2
939 744 1
940 744 2
941 744 3
944 744 2
945 744 1
947 744 2
950 744 3
952 744 2
955 744 1
958 744 1
964 744 2
966 744 1
967 744 1
968 744 1
973 744 1
974 744 1
975 744 3
976 744 3
977 744 3
979 744 3
982 744 1
984 744 1
985 744 1
988 744 3
989 744 2
993 744 3
994 744 1
998 744 2
999 744 1
6 745 1
7 745 3
8 745 1
17 745 3
22 745 1
23 745 3
27 745 3
28 745 2
30 745 3
33 745 3
44 745 3
46 745 1
50 745 3
51 745 2
53 745 1
54 745 2
55 745 1
56 745 2
60 745 1
66 745 3
69 745 3
74 745 1
75 745 1
80 745 1
83 745 2
84 745 3
86 745 2
89 745 1
90 745 3
93 745 2
95 745 1
96 745 1
104 745 2
107 745 3
110 745 1
111 745 2
116 745 2
117 745 3
120 745 3
121 745 3
124 745 1
126 745 1
127 745 1
130 745 3
131 745 3
133 745 1
136 745 1
137 745 3
144 745 1
148 745 1
149 745 3
150 745 2
151 745 1
156 745 1
160 745 2
162 745 3
168 745 2
171 745 2
173 745 1
174 745 3
176 745 2
179 745 1
180 745 3
186 745 3
193 745 3
198 745 1
206 745 1
207 745 3
210 745 3
212 745 1
213 745 3
214 745 1
215 745 3
220 745 2
221 745 3
224 745 2
225 745 3
228 745 2
233 745 2
234 745 3
237 745 3
239 745 2
242 745 2
244 745 1
245 745 2
247 745 2
250 745 2
258 745 1
259 745 2
260 745 1
263 745 1
268 745 2
271 745 1
272 745 3
280 745 2
285 745 3
286 745 1
288 745 1
290 745 1
296 745 3
298 745 3
301 745 1
303 745 2
310 745 2
319 745 3
323 745 3
324 745 1
332 745 3
337 745 3
340 745 2
347 745 3
349 745 3
351 745 3
354 745 3
357 745 2
362 745 1
367 745 3
371 745 2
372 745 1
375 745 1
376 745 1
380 745 3
381 745 1
382 745 1
385 745 1
389 745 3
396 745 1
399 745 3
400 745 1
401 745 3
402 745 3
404 745 3
406 745 3
407 745 3
409 745 3
410 745 3
414 745 3
417 745 3
420 745 2
423 745 3
426 745 3
427 745 3
428 745 2
431 745 3
440 745 3
441 745 2
442 745 1
443 745 3
445 745 2
451 745 3
472 745 3
475 745 2
476 745 1
480 745 1
483 745 3
493 745 3
497 745 1
498 745 3
500 745 2
505 745 2
506 745 3
513 745 3
514 745 1
518 745 3
519 745 2
520 745 1
524 745 1
525 745 1
529 745 3
530 745 1
533 745 3
535 745 2
540 745 2
545 745 1
550 745 2
552 745 2
554 745 1
558 745 3
561 745 3
567 745 1
573 745 2
575 745 3
576 745 2
585 745 1
587 745 1
588 745 1
589 745 1
590 745 2
591 745 2
595 745 2
597 745 1
601 745 3
602 745 1
604 745 1
605 745 1
607 745 1
610 745 3
613 745 3
615 745 3
616 745 2
618 745 3
620 745 3
621 745 1
622 745 3
623 745 3
626 745 1
629 745 1
630 745 2
631 745 3
633 745 2
634 745 1
635 745 2
638 745 1
640 745 1
642 745 3
644 745 1
647 745 1
648 745 1
649 745 1
651 745 3
655 745 1
656 745 3
662 745 2
670 745 2
672 745 1
676 745 2
678 745 3
683 745 1
684 745 2
687 745 1
689 745 2
698 745 3
703 745 2
706 745 2
708 745 3
713 745 2
714 745 3
716 745 1
723 745 1
729 745 3
733 745 3
734 745 3
737 745 1
742 745 3
743 745 2
745 745 3
757 745 1
758 745 3
759 745 3
760 745 3
761 745 1
762 745 3
766 745 2
769 745 1
770 745 2
771 745 3
775 745 2
776 745 1
781 745 2
782 745 1
784 745 2
786 745 2
787 745 1
789 745 2
795 745 2
796 745 3
800 745 3
805 745 1
813 745 2
815 745 3
817 745 1
818 745 3
819 745 1
820 745 3
825 745 1
831 745 3
833 745 3
834 745 3
837 745 1
839 745 1
841 745 3
843 745 1
845 745 1
851 745 2
852 745 1
853 745 1
858 745 1
859 745 1
863 745 3
864 745 3
868 745 2
869 745 2
870 745 2
878 745 1
880 745 3
882 745 3
883 745 1
885 745 1
886 745 3
887 745 3
897 745 2
898 745 1
900 745 3
902 745 1
903 745 1
904 745 2
907 745 3
908 745 2
909 745 3
911 745 3
913 745 2
914 745 1
918 745 2
919 745 3
924 745 3
925 745 2
928 745 1
930 745 1
933 745 1
934 745 3
937 745 2
939 745 1
940 745 2
943 745 2
952 745 1
954 745 2
956 745 3
960 745 2
962 745 3
963 745 3
968 745 2
972 745 2
973 745 2
974 745 2
976 745 3
979 745 2
984 745 2
987 745 1
989 745 2
991 745 2
992 745 2
993 745 2
994 745 2
9 746 3
13 746 3
15 746 3
18 746 2
21 746 1
29 746 2
37 746 2
39 746 2
40 746 1
41 746 3
42 746 1
45 746 1
48 746 1
49 746 1
52 746 1
53 746 3
58 746 1
59 746 3
62 746 3
63 746 2
69 746 2
70 746 3
71 746 2
73 746 3
76 746 2
80 746 2
85 746 2
88 746 1
92 746 3
94 746 3
97 746 3
98 746 1
99 746 2
103 746 3
105 746 3
106 746 1
107 746 2
111 746 3
115 746 1
118 746 2
125 746 3
128 746 1
131 746 1
136 746 3
137 746 3
138 746 2
139 746 1
142 746 2
