504 175 3
507 175 2
508 175 2
512 175 2
513 175 2
514 175 3
519 175 2
522 175 3
525 175 3
527 175 2
528 175 1
530 175 2
533 175 1
534 175 3
536 175 3
538 175 2
539 175 1
544 175 2
550 175 2
552 175 2
553 175 2
556 175 3
558 175 2
565 175 1
571 175 2
573 175 2
579 175 2
591 175 2
592 175 2
599 175 1
601 175 3
603 175 3
606 175 2
611 175 3
612 175 3
613 175 3
614 175 1
617 175 1
618 175 2
623 175 3
624 175 2
631 175 2
632 175 3
633 175 3
635 175 1
638 175 2
639 175 2
640 175 2
641 175 2
642 175 2
643 175 3
644 175 1
645 175 1
646 175 2
655 175 2
656 175 3
667 175 3
670 175 2
672 175 1
674 175 1
675 175 3
677 175 3
678 175 2
685 175 1
688 175 2
697 175 1
701 175 2
704 175 3
708 175 1
710 175 3
715 175 1
716 175 2
721 175 3
722 175 2
724 175 2
726 175 1
727 175 1
731 175 1
736 175 3
741 175 2
744 175 1
747 175 1
749 175 2
750 175 1
751 175 2
754 175 3
755 175 1
761 175 2
763 175 3
764 175 3
771 175 3
775 175 3
779 175 1
785 175 2
786 175 1
787 175 1
788 175 3
796 175 2
797 175 3
799 175 2
800 175 2
803 175 2
805 175 1
813 175 2
816 175 1
824 175 1
827 175 2
835 175 1
842 175 3
847 175 2
849 175 3
853 175 2
856 175 2
858 175 1
861 175 2
863 175 1
864 175 3
865 175 1
875 175 2
881 175 1
882 175 1
884 175 2
885 175 1
887 175 2
889 175 3
891 175 1
895 175 3
896 175 2
898 175 2
902 175 3
913 175 1
916 175 1
918 175 3
919 175 1
922 175 1
923 175 2
924 175 3
931 175 2
934 175 2
935 175 1
936 175 2
943 175 3
945 175 3
947 175 3
950 175 1
956 175 1
957 175 1
959 175 3
970 175 3
972 175 3
974 175 1
975 175 3
976 175 1
980 175 2
982 175 2
983 175 3
986 175 2
990 175 2
991 175 3
0 176 2
2 176 2
7 176 1
12 176 2
13 176 1
14 176 1
16 176 1
23 176 3
26 176 1
27 176 3
30 176 1
32 176 3
37 176 3
38 176 1
45 176 1
49 176 2
50 176 3
56 176 2
57 176 1
58 176 1
60 176 2
64 176 1
65 176 3
66 176 1
74 176 2
76 176 2
87 176 3
94 176 1
95 176 2
102 176 1
105 176 2
106 176 2
109 176 3
112 176 1
113 176 1
117 176 2
118 176 2
123 176 1
126 176 2
127 176 1
132 176 1
136 176 2
138 176 2
140 176 2
141 176 2
143 176 1
144 176 1
146 176 1
148 176 1
149 176 3
155 176 1
157 176 3
161 176 1
162 176 3
165 176 2
166 176 2
167 176 3
169 176 1
173 176 1
174 176 2
186 176 1
191 176 1
193 176 3
195 176 2
198 176 1
200 176 2
201 176 3
202 176 2
204 176 1
205 176 2
214 176 2
219 176 1
220 176 2
221 176 2
227 176 1
228 176 1
233 176 2
234 176 3
236 176 1
238 176 3
240 176 2
242 176 3
243 176 3
248 176 1
253 176 2
256 176 1
264 176 1
265 176 1
273 176 1
274 176 2
276 176 2
285 176 3
287 176 3
295 176 2
301 176 1
302 176 3
304 176 2
305 176 3
308 176 3
317 176 1
319 176 2
329 176 3
330 176 3
332 176 3
340 176 2
344 176 2
346 176 1
350 176 3
354 176 1
355 176 3
360 176 2
362 176 1
365 176 1
371 176 1
372 176 1
373 176 1
374 176 2
375 176 2
376 176 2
377 176 1
378 176 3
381 176 2
386 176 3
388 176 1
390 176 3
397 176 2
399 176 3
403 176 2
405 176 3
409 176 1
413 176 1
414 176 2
415 176 1
417 176 3
420 176 3
421 176 3
422 176 1
423 176 2
425 176 3
430 176 3
432 176 2
433 176 3
436 176 2
437 176 2
444 176 2
445 176 2
447 176 3
451 176 2
454 176 1
456 176 1
458 176 2
463 176 3
468 176 1
470 176 3
472 176 3
477 176 3
480 176 3
491 176 1
493 176 1
494 176 2
496 176 3
498 176 1
500 176 2
501 176 2
502 176 1
503 176 1
505 176 1
507 176 1
508 176 2
513 176 2
516 176 2
521 176 3
524 176 2
527 176 2
529 176 2
532 176 1
534 176 1
537 176 3
541 176 3
543 176 2
554 176 1
555 176 1
556 176 1
557 176 3
558 176 2
563 176 2
564 176 1
566 176 2
572 176 2
574 176 1
578 176 2
579 176 3
581 176 3
582 176 3
583 176 1
585 176 2
586 176 1
589 176 2
597 176 2
601 176 1
602 176 3
608 176 1
609 176 2
610 176 2
613 176 3
615 176 3
618 176 1
619 176 3
620 176 3
622 176 3
623 176 1
627 176 3
634 176 1
638 176 3
639 176 1
640 176 2
644 176 3
645 176 2
648 176 3
650 176 3
651 176 3
652 176 2
653 176 3
656 176 2
663 176 1
666 176 2
671 176 3
674 176 2
676 176 1
677 176 2
678 176 2
681 176 1
682 176 2
684 176 3
686 176 1
689 176 2
692 176 1
694 176 1
696 176 3
697 176 1
700 176 3
705 176 1
706 176 2
708 176 3
709 176 1
712 176 2
713 176 1
716 176 2
718 176 3
720 176 1
722 176 2
723 176 2
724 176 1
730 176 2
738 176 3
741 176 2
746 176 1
754 176 2
756 176 1
765 176 1
766 176 2
769 176 3
771 176 2
773 176 1
775 176 2
776 176 3
783 176 2
785 176 3
786 176 3
788 176 3
791 176 2
792 176 2
799 176 2
801 176 1
802 176 3
806 176 3
815 176 2
817 176 3
820 176 2
822 176 1
824 176 1
827 176 3
828 176 2
831 176 2
832 176 3
834 176 2
837 176 3
841 176 2
842 176 1
847 176 3
851 176 1
858 176 1
866 176 1
869 176 2
870 176 2
873 176 3
875 176 2
878 176 2
881 176 1
885 176 1
887 176 2
888 176 3
892 176 2
895 176 3
896 176 2
902 176 1
905 176 2
907 176 1
909 176 1
910 176 1
915 176 3
918 176 2
921 176 2
923 176 1
924 176 1
926 176 3
928 176 2
931 176 1
933 176 2
936 176 2
937 176 1
945 176 1
946 176 3
960 176 1
965 176 3
966 176 3
969 176 2
970 176 1
974 176 1
977 176 2
981 176 3
985 176 2
988 176 1
993 176 1
0 177 2
3 177 3
5 177 1
15 177 2
17 177 2
18 177 1
19 177 2
22 177 3
27 177 3
28 177 2
34 177 3
36 177 1
44 177 1
45 177 2
46 177 3
47 177 3
51 177 3
52 177 3
53 177 1
57 177 3
58 177 1
60 177 2
68 177 2
71 177 2
77 177 3
79 177 2
83 177 2
85 177 1
90 177 1
91 177 3
110 177 3
116 177 1
118 177 1
119 177 2
121 177 3
124 177 2
126 177 1
131 177 1
134 177 1
137 177 1
138 177 3
139 177 1
141 177 2
142 177 3
146 177 1
148 177 3
149 177 1
150 177 2
154 177 1
161 177 1
162 177 1
165 177 1
169 177 3
170 177 2
173 177 1
174 177 1
175 177 2
176 177 3
183 177 3
184 177 1
186 177 1
189 177 3
191 177 2
193 177 1
197 177 3
199 177 1
200 177 2
202 177 1
203 177 3
209 177 2
210 177 2
212 177 3
214 177 1
216 177 1
226 177 1
227 177 3
228 177 3
229 177 1
231 177 1
233 177 1
235 177 1
236 177 2
249 177 1
251 177 1
252 177 3
253 177 1
255 177 2
256 177 1
259 177 2
260 177 2
263 177 2
265 177 2
271 177 3
276 177 3
280 177 1
302 177 3
303 177 2
304 177 3
307 177 2
308 177 1
312 177 3
314 177 1
316 177 1
318 177 1
324 177 2
325 177 3
326 177 3
329 177 2
334 177 1
341 177 3
346 177 2
354 177 2
355 177 3
356 177 1
358 177 2
360 177 3
362 177 1
364 177 3
365 177 3
367 177 2
371 177 2
372 177 1
377 177 2
381 177 3
385 177 3
388 177 2
390 177 3
391 177 2
392 177 3
393 177 2
394 177 1
396 177 3
397 177 1
398 177 3
399 177 1
402 177 1
408 177 2
412 177 1
416 177 3
420 177 3
423 177 2
424 177 3
425 177 3
427 177 3
429 177 1
437 177 3
439 177 1
440 177 1
441 177 3
442 177 2
448 177 1
450 177 1
454 177 3
456 177 2
461 177 2
462 177 2
463 177 3
467 177 2
473 177 1
477 177 1
479 177 2
482 177 3
486 177 2
487 177 3
492 177 2
494 177 1
496 177 1
497 177 2
498 177 3
506 177 2
509 177 1
510 177 1
512 177 3
