263 518 3
265 518 2
267 518 1
269 518 1
270 518 1
271 518 3
283 518 2
290 518 1
291 518 3
296 518 2
299 518 3
300 518 1
306 518 1
308 518 1
310 518 3
311 518 3
313 518 1
315 518 3
316 518 1
317 518 2
319 518 3
326 518 3
333 518 1
338 518 3
341 518 3
348 518 2
353 518 1
356 518 3
363 518 2
364 518 1
367 518 2
368 518 2
370 518 2
375 518 2
377 518 1
382 518 2
393 518 3
395 518 3
398 518 2
405 518 2
411 518 2
412 518 3
415 518 2
418 518 2
419 518 1
429 518 2
431 518 2
434 518 1
437 518 2
438 518 3
439 518 1
441 518 3
445 518 2
447 518 2
452 518 2
455 518 1
472 518 3
475 518 1
479 518 1
481 518 1
486 518 2
489 518 3
492 518 2
493 518 2
495 518 3
498 518 1
500 518 1
501 518 1
502 518 3
503 518 3
504 518 2
505 518 3
511 518 1
518 518 3
520 518 1
521 518 3
526 518 3
529 518 2
533 518 1
536 518 1
540 518 2
545 518 1
547 518 1
549 518 1
550 518 3
552 518 1
553 518 2
554 518 3
556 518 2
557 518 2
564 518 3
565 518 1
570 518 2
573 518 3
583 518 2
584 518 2
591 518 3
593 518 3
595 518 2
599 518 1
601 518 3
602 518 2
605 518 1
611 518 2
612 518 1
621 518 1
624 518 2
626 518 1
630 518 1
631 518 3
633 518 3
635 518 2
636 518 2
637 518 3
642 518 1
645 518 3
646 518 2
648 518 3
651 518 2
652 518 3
654 518 1
655 518 3
657 518 1
663 518 2
665 518 3
669 518 1
672 518 1
673 518 2
677 518 3
679 518 1
685 518 2
688 518 1
696 518 3
700 518 1
707 518 2
711 518 3
716 518 1
717 518 1
719 518 3
720 518 2
721 518 2
722 518 1
724 518 1
726 518 1
730 518 3
734 518 3
737 518 2
741 518 1
745 518 2
753 518 1
754 518 2
758 518 2
759 518 3
762 518 1
763 518 3
768 518 2
771 518 1
775 518 1
779 518 3
780 518 3
781 518 1
782 518 3
783 518 2
792 518 1
794 518 3
795 518 2
796 518 3
802 518 2
803 518 2
804 518 3
810 518 3
814 518 1
816 518 3
818 518 2
824 518 2
826 518 1
831 518 3
833 518 1
837 518 1
840 518 1
842 518 1
846 518 3
847 518 2
848 518 2
849 518 2
856 518 1
858 518 1
859 518 3
861 518 1
865 518 2
867 518 1
870 518 1
871 518 2
874 518 3
877 518 1
879 518 3
881 518 1
884 518 2
890 518 3
891 518 2
892 518 2
895 518 2
898 518 1
899 518 2
900 518 1
901 518 3
902 518 1
904 518 1
912 518 2
914 518 1
916 518 3
919 518 1
925 518 1
926 518 3
927 518 2
932 518 2
933 518 3
936 518 1
938 518 3
940 518 2
943 518 3
950 518 3
955 518 3
964 518 1
967 518 2
972 518 3
975 518 1
981 518 3
986 518 3
987 518 3
988 518 1
990 518 1
991 518 2
992 518 2
995 518 2
996 518 1
1 519 2
3 519 1
4 519 3
6 519 2
16 519 1
17 519 1
21 519 1
23 519 1
25 519 2
27 519 2
30 519 1
37 519 3
38 519 1
39 519 1
45 519 1
47 519 3
51 519 2
52 519 1
53 519 1
54 519 1
55 519 3
56 519 3
57 519 2
59 519 3
61 519 1
64 519 3
65 519 1
68 519 2
73 519 2
74 519 3
93 519 1
95 519 3
98 519 3
104 519 2
106 519 2
109 519 1
115 519 1
116 519 1
117 519 3
122 519 3
126 519 1
127 519 1
129 519 1
131 519 1
132 519 2
134 519 1
136 519 2
138 519 3
141 519 1
145 519 2
147 519 2
148 519 3
149 519 1
150 519 1
151 519 3
153 519 3
156 519 3
164 519 3
167 519 3
168 519 1
171 519 3
172 519 2
173 519 3
174 519 2
184 519 1
186 519 1
191 519 3
194 519 3
203 519 3
214 519 2
218 519 3
229 519 3
242 519 3
245 519 3
246 519 1
249 519 2
250 519 1
254 519 3
257 519 2
258 519 2
261 519 2
265 519 2
268 519 2
269 519 2
270 519 2
271 519 3
275 519 1
277 519 3
278 519 3
283 519 3
284 519 1
286 519 2
288 519 3
289 519 3
292 519 2
298 519 2
302 519 3
306 519 2
313 519 3
317 519 1
320 519 1
322 519 2
331 519 3
335 519 3
342 519 3
347 519 1
348 519 2
349 519 1
350 519 2
351 519 1
353 519 2
355 519 2
356 519 1
357 519 3
367 519 1
368 519 3
374 519 3
379 519 1
387 519 1
388 519 1
396 519 1
400 519 1
403 519 3
404 519 2
405 519 2
413 519 1
416 519 2
421 519 2
423 519 1
424 519 1
425 519 2
432 519 3
434 519 3
439 519 3
441 519 2
442 519 3
446 519 3
448 519 3
451 519 1
456 519 1
459 519 2
461 519 1
467 519 1
469 519 2
473 519 3
474 519 1
478 519 2
480 519 2
482 519 2
483 519 2
485 519 2
491 519 3
492 519 3
493 519 1
495 519 1
497 519 3
509 519 2
510 519 3
511 519 1
514 519 1
519 519 3
520 519 2
522 519 1
523 519 2
526 519 1
530 519 1
538 519 1
539 519 1
540 519 1
544 519 3
548 519 1
550 519 2
551 519 2
555 519 3
558 519 1
559 519 1
560 519 3
562 519 2
564 519 1
565 519 1
567 519 3
574 519 2
575 519 2
576 519 3
578 519 2
580 519 2
584 519 2
587 519 3
589 519 3
593 519 3
599 519 2
600 519 3
610 519 2
614 519 1
621 519 1
622 519 3
623 519 3
624 519 1
625 519 2
626 519 1
634 519 2
636 519 2
638 519 2
643 519 1
645 519 3
651 519 1
652 519 1
655 519 1
658 519 2
662 519 1
663 519 3
664 519 2
668 519 1
679 519 2
682 519 3
683 519 1
685 519 2
690 519 1
691 519 1
692 519 1
693 519 3
695 519 3
699 519 2
700 519 2
701 519 2
702 519 3
703 519 3
709 519 2
712 519 3
718 519 1
720 519 1
722 519 1
725 519 2
726 519 3
731 519 1
732 519 2
733 519 2
737 519 1
744 519 2
745 519 2
746 519 3
751 519 3
752 519 2
763 519 2
764 519 3
771 519 3
772 519 2
773 519 2
774 519 1
776 519 1
777 519 3
780 519 1
784 519 3
788 519 1
789 519 1
792 519 3
793 519 1
794 519 3
797 519 3
800 519 3
802 519 2
803 519 1
807 519 2
808 519 3
813 519 1
820 519 2
823 519 3
829 519 3
832 519 2
834 519 2
839 519 2
844 519 3
845 519 2
847 519 1
849 519 2
863 519 3
864 519 1
872 519 3
874 519 2
875 519 2
879 519 1
880 519 2
882 519 1
887 519 1
893 519 2
897 519 3
903 519 3
904 519 2
918 519 3
921 519 2
922 519 2
925 519 1
930 519 3
931 519 1
933 519 3
936 519 3
937 519 1
939 519 1
943 519 1
945 519 3
946 519 3
947 519 3
949 519 2
951 519 1
953 519 1
955 519 1
958 519 1
962 519 3
966 519 3
967 519 3
968 519 2
969 519 3
970 519 2
974 519 3
975 519 2
976 519 3
979 519 2
980 519 3
983 519 3
990 519 3
992 519 1
994 519 1
995 519 3
6 520 3
12 520 1
14 520 1
16 520 3
20 520 1
26 520 2
30 520 3
33 520 2
35 520 2
38 520 3
48 520 1
49 520 2
50 520 1
51 520 1
52 520 3
58 520 1
59 520 1
62 520 1
63 520 3
66 520 1
68 520 1
73 520 1
75 520 3
76 520 3
77 520 2
79 520 3
81 520 3
83 520 3
86 520 1
88 520 3
90 520 1
91 520 2
92 520 2
93 520 1
95 520 2
104 520 3
106 520 2
111 520 1
115 520 1
116 520 2
117 520 3
119 520 2
120 520 1
124 520 2
127 520 2
128 520 3
130 520 3
142 520 2
150 520 1
155 520 3
159 520 1
161 520 1
163 520 2
166 520 3
167 520 3
168 520 1
169 520 1
177 520 2
180 520 3
189 520 3
193 520 1
197 520 3
199 520 1
202 520 2
207 520 3
210 520 3
215 520 2
219 520 1
221 520 3
228 520 3
229 520 3
231 520 1
233 520 3
234 520 2
237 520 1
238 520 2
239 520 2
243 520 2
248 520 2
249 520 3
251 520 3
253 520 3
256 520 1
259 520 3
261 520 1
262 520 1
264 520 3
266 520 3
272 520 3
274 520 1
276 520 1
284 520 2
285 520 2
289 520 2
290 520 1
291 520 1
292 520 3
294 520 1
298 520 2
300 520 1
301 520 3
306 520 1
309 520 2
310 520 3
311 520 2
313 520 1
315 520 2
