395 884 3
397 884 1
398 884 1
399 884 3
402 884 2
403 884 2
409 884 2
413 884 1
417 884 1
418 884 1
420 884 2
421 884 1
422 884 1
423 884 1
424 884 3
425 884 3
428 884 2
430 884 2
435 884 3
436 884 1
439 884 2
442 884 3
443 884 3
446 884 2
449 884 1
451 884 1
455 884 2
461 884 2
466 884 3
467 884 3
470 884 1
471 884 3
478 884 1
481 884 1
482 884 1
487 884 3
490 884 3
493 884 1
495 884 3
498 884 2
503 884 2
506 884 3
510 884 1
512 884 2
514 884 2
516 884 3
519 884 3
527 884 1
532 884 1
535 884 2
536 884 3
537 884 2
538 884 3
540 884 3
543 884 1
546 884 2
560 884 2
561 884 1
566 884 3
570 884 3
575 884 2
578 884 1
579 884 1
583 884 3
585 884 2
591 884 1
593 884 3
595 884 1
604 884 1
605 884 2
608 884 2
610 884 1
611 884 1
616 884 3
617 884 3
618 884 2
621 884 3
626 884 2
627 884 3
628 884 3
629 884 3
630 884 1
631 884 2
633 884 1
638 884 3
642 884 3
644 884 1
645 884 2
647 884 2
659 884 3
660 884 2
663 884 3
664 884 3
667 884 2
668 884 1
670 884 1
671 884 1
674 884 2
675 884 1
677 884 2
686 884 3
688 884 2
692 884 3
705 884 1
711 884 1
713 884 1
716 884 3
723 884 2
730 884 2
735 884 2
737 884 2
738 884 1
742 884 2
754 884 2
757 884 2
758 884 2
760 884 3
763 884 3
765 884 3
766 884 1
767 884 2
769 884 2
777 884 2
778 884 1
780 884 2
786 884 3
787 884 3
794 884 2
806 884 2
809 884 1
812 884 1
813 884 2
815 884 2
818 884 2
821 884 2
824 884 3
830 884 3
831 884 3
832 884 2
833 884 2
834 884 1
835 884 3
836 884 2
838 884 2
847 884 3
852 884 3
853 884 3
856 884 3
859 884 1
860 884 2
866 884 2
868 884 2
870 884 1
872 884 2
875 884 2
881 884 2
884 884 3
886 884 3
889 884 1
890 884 2
893 884 2
898 884 1
903 884 3
905 884 3
907 884 2
908 884 2
912 884 1
917 884 1
918 884 2
921 884 3
922 884 3
923 884 1
925 884 2
927 884 1
930 884 1
940 884 1
948 884 2
950 884 1
956 884 3
957 884 3
960 884 3
961 884 3
962 884 1
963 884 1
967 884 2
972 884 3
973 884 2
974 884 2
976 884 2
979 884 3
980 884 2
981 884 1
983 884 2
992 884 3
994 884 2
997 884 1
2 885 1
3 885 3
6 885 1
7 885 1
8 885 2
10 885 3
18 885 2
19 885 2
22 885 3
24 885 2
28 885 3
36 885 3
43 885 3
48 885 2
51 885 3
52 885 2
58 885 2
60 885 1
63 885 1
65 885 2
68 885 3
70 885 3
71 885 2
78 885 3
79 885 3
81 885 1
85 885 2
87 885 1
90 885 1
93 885 1
96 885 1
97 885 2
99 885 3
101 885 3
102 885 1
107 885 3
108 885 1
109 885 1
111 885 1
114 885 3
115 885 2
117 885 3
121 885 2
124 885 1
126 885 3
129 885 1
137 885 2
141 885 2
142 885 1
145 885 1
146 885 1
147 885 1
148 885 3
149 885 1
153 885 2
154 885 1
156 885 1
157 885 2
159 885 1
160 885 2
168 885 2
170 885 2
172 885 3
179 885 3
182 885 1
183 885 3
187 885 3
192 885 2
194 885 1
195 885 3
196 885 1
197 885 2
198 885 3
199 885 2
202 885 1
206 885 3
207 885 3
208 885 2
212 885 3
216 885 3
217 885 3
220 885 3
221 885 3
223 885 1
225 885 2
227 885 2
229 885 3
233 885 3
235 885 3
236 885 2
237 885 3
242 885 3
243 885 2
249 885 2
252 885 1
253 885 1
254 885 1
255 885 2
257 885 3
259 885 3
261 885 1
264 885 1
267 885 3
269 885 3
270 885 2
273 885 2
275 885 2
279 885 3
280 885 3
281 885 2
285 885 1
288 885 1
292 885 1
294 885 1
296 885 2
298 885 3
299 885 2
303 885 1
305 885 1
308 885 3
309 885 2
312 885 3
317 885 1
321 885 3
323 885 2
327 885 3
329 885 2
330 885 1
331 885 3
335 885 2
340 885 2
341 885 1
343 885 1
344 885 3
345 885 1
348 885 3
349 885 2
350 885 1
351 885 2
352 885 1
356 885 3
357 885 2
358 885 3
362 885 2
367 885 1
375 885 3
376 885 1
379 885 2
383 885 3
384 885 1
388 885 1
390 885 1
391 885 1
394 885 3
397 885 3
403 885 1
404 885 2
409 885 1
413 885 1
415 885 3
421 885 1
423 885 2
432 885 1
438 885 2
440 885 3
443 885 3
444 885 3
447 885 1
448 885 1
450 885 1
452 885 2
454 885 1
455 885 3
460 885 3
461 885 3
472 885 2
473 885 3
476 885 1
482 885 2
495 885 1
497 885 1
498 885 1
501 885 2
506 885 2
507 885 3
508 885 1
509 885 2
510 885 2
511 885 2
513 885 1
514 885 3
515 885 3
521 885 1
522 885 2
523 885 1
525 885 2
526 885 1
534 885 2
550 885 1
552 885 2
560 885 1
561 885 2
562 885 3
570 885 3
573 885 3
575 885 3
579 885 3
580 885 3
586 885 1
587 885 3
588 885 1
591 885 2
593 885 3
595 885 2
596 885 2
602 885 1
603 885 1
604 885 1
607 885 1
613 885 2
618 885 2
620 885 1
622 885 1
625 885 1
629 885 1
631 885 2
637 885 3
638 885 1
640 885 1
641 885 3
644 885 2
645 885 3
646 885 1
649 885 3
650 885 2
651 885 2
655 885 2
657 885 1
659 885 1
664 885 1
666 885 1
669 885 2
671 885 3
673 885 1
674 885 3
679 885 1
680 885 2
685 885 1
690 885 3
695 885 1
700 885 1
703 885 1
704 885 3
712 885 2
718 885 3
719 885 2
729 885 2
735 885 1
738 885 1
739 885 2
742 885 2
743 885 2
744 885 1
747 885 3
748 885 2
749 885 3
751 885 3
754 885 1
756 885 2
757 885 2
760 885 3
761 885 2
763 885 2
766 885 1
770 885 3
771 885 3
776 885 1
780 885 2
782 885 3
784 885 2
792 885 2
793 885 2
794 885 3
796 885 2
802 885 3
803 885 1
806 885 3
810 885 1
813 885 1
814 885 3
818 885 3
819 885 3
820 885 2
821 885 3
822 885 2
823 885 1
825 885 2
827 885 2
831 885 3
833 885 1
838 885 2
842 885 2
844 885 1
848 885 2
849 885 2
851 885 3
855 885 1
856 885 3
859 885 2
861 885 2
863 885 2
864 885 2
865 885 1
868 885 1
877 885 2
878 885 1
880 885 2
890 885 2
897 885 1
898 885 1
899 885 1
904 885 3
907 885 2
916 885 1
918 885 3
921 885 2
923 885 3
926 885 1
934 885 3
935 885 2
936 885 3
937 885 1
944 885 3
948 885 2
951 885 1
953 885 1
955 885 1
956 885 3
957 885 2
961 885 1
962 885 2
963 885 3
966 885 1
967 885 1
970 885 3
971 885 3
974 885 3
975 885 2
979 885 2
980 885 3
981 885 1
982 885 1
984 885 1
985 885 3
989 885 2
990 885 1
993 885 3
996 885 1
997 885 3
998 885 1
3 886 1
5 886 3
6 886 2
9 886 1
10 886 2
11 886 1
12 886 2
18 886 3
24 886 1
25 886 1
35 886 2
42 886 2
45 886 1
48 886 2
50 886 3
52 886 1
55 886 2
62 886 3
63 886 1
66 886 1
69 886 3
71 886 1
72 886 1
76 886 2
77 886 1
78 886 2
81 886 1
85 886 3
89 886 2
92 886 1
93 886 1
95 886 2
97 886 1
99 886 2
107 886 1
109 886 1
110 886 2
111 886 2
114 886 2
116 886 1
117 886 1
120 886 2
121 886 3
124 886 2
130 886 2
132 886 3
135 886 1
136 886 2
137 886 2
140 886 2
142 886 3
144 886 2
145 886 2
146 886 2
148 886 3
150 886 3
154 886 3
159 886 1
160 886 3
161 886 1
166 886 1
169 886 3
170 886 2
178 886 3
180 886 2
185 886 2
186 886 3
187 886 2
189 886 3
191 886 2
193 886 2
197 886 1
198 886 3
202 886 2
203 886 3
204 886 2
212 886 2
216 886 1
217 886 2
223 886 2
225 886 1
227 886 1
228 886 2
231 886 1
233 886 3
237 886 1
240 886 1
244 886 2
250 886 1
252 886 3
253 886 3
254 886 2
256 886 2
260 886 2
262 886 2
266 886 1
267 886 2
272 886 3
275 886 2
278 886 2
279 886 1
281 886 1
283 886 2
285 886 3
286 886 2
287 886 3
292 886 3
295 886 1
297 886 1
299 886 2
