317 556 1
320 556 2
322 556 1
323 556 2
325 556 2
326 556 1
327 556 3
330 556 1
337 556 2
339 556 3
341 556 1
343 556 2
344 556 2
345 556 3
349 556 2
352 556 3
353 556 2
355 556 2
356 556 1
357 556 2
358 556 2
359 556 1
361 556 3
362 556 2
365 556 1
366 556 1
368 556 2
385 556 2
386 556 2
391 556 1
392 556 1
396 556 2
398 556 1
401 556 3
404 556 1
406 556 3
407 556 3
408 556 1
414 556 1
421 556 3
422 556 1
425 556 3
432 556 1
434 556 2
436 556 3
439 556 2
441 556 2
442 556 1
444 556 2
445 556 1
449 556 3
452 556 1
453 556 1
454 556 3
455 556 3
456 556 3
458 556 1
460 556 2
463 556 1
470 556 3
473 556 3
477 556 3
478 556 1
480 556 1
481 556 2
482 556 1
486 556 2
487 556 3
488 556 1
491 556 1
493 556 3
494 556 1
495 556 1
497 556 3
502 556 3
508 556 3
509 556 1
511 556 2
514 556 1
517 556 1
520 556 2
521 556 2
530 556 1
531 556 3
532 556 3
535 556 1
536 556 1
545 556 2
553 556 3
556 556 3
557 556 3
558 556 3
561 556 3
563 556 3
569 556 2
571 556 1
574 556 1
575 556 1
576 556 3
578 556 3
580 556 1
582 556 2
588 556 3
607 556 2
612 556 3
618 556 3
619 556 1
624 556 2
627 556 3
628 556 1
630 556 3
635 556 3
639 556 3
642 556 3
646 556 3
651 556 1
654 556 3
655 556 3
659 556 1
663 556 2
668 556 3
671 556 2
674 556 1
677 556 2
680 556 2
683 556 3
690 556 3
696 556 3
700 556 3
703 556 1
705 556 2
706 556 2
707 556 2
710 556 3
711 556 1
713 556 3
717 556 2
719 556 2
721 556 3
722 556 1
727 556 1
728 556 2
731 556 1
732 556 1
736 556 2
737 556 2
738 556 3
740 556 3
742 556 1
743 556 1
746 556 3
750 556 1
752 556 3
757 556 1
758 556 2
760 556 3
761 556 1
764 556 1
765 556 1
766 556 2
767 556 2
768 556 3
770 556 1
777 556 3
780 556 3
782 556 2
783 556 3
787 556 2
788 556 2
789 556 2
790 556 1
794 556 2
795 556 1
797 556 1
801 556 2
803 556 3
808 556 1
811 556 1
813 556 3
814 556 1
826 556 3
827 556 2
828 556 1
834 556 2
835 556 2
837 556 2
839 556 1
842 556 3
843 556 3
851 556 1
852 556 1
853 556 2
858 556 3
859 556 1
863 556 2
868 556 3
869 556 1
871 556 1
875 556 3
878 556 3
890 556 3
891 556 3
892 556 3
899 556 2
900 556 2
902 556 1
903 556 3
904 556 1
908 556 1
914 556 1
919 556 3
920 556 3
925 556 2
926 556 3
930 556 3
937 556 3
942 556 3
944 556 1
947 556 3
952 556 3
953 556 3
955 556 2
959 556 3
960 556 1
962 556 1
965 556 1
967 556 1
969 556 1
970 556 3
976 556 1
978 556 1
981 556 3
983 556 2
985 556 2
991 556 2
999 556 2
4 557 2
9 557 3
17 557 1
22 557 3
25 557 3
29 557 2
31 557 3
32 557 1
35 557 1
44 557 1
46 557 2
50 557 3
51 557 2
53 557 1
54 557 1
55 557 2
59 557 2
62 557 3
63 557 1
65 557 1
68 557 1
75 557 3
78 557 2
79 557 2
90 557 1
91 557 3
93 557 1
98 557 1
104 557 3
107 557 1
113 557 1
114 557 1
115 557 2
122 557 2
127 557 3
129 557 1
132 557 1
134 557 3
136 557 1
138 557 1
139 557 2
141 557 1
142 557 3
144 557 1
145 557 3
147 557 2
148 557 3
151 557 1
153 557 2
155 557 3
159 557 1
166 557 1
167 557 2
170 557 1
171 557 2
172 557 2
178 557 1
181 557 1
183 557 3
188 557 1
189 557 1
195 557 1
196 557 3
199 557 1
200 557 3
202 557 1
203 557 3
204 557 3
214 557 3
215 557 3
225 557 3
232 557 3
234 557 1
235 557 1
236 557 2
241 557 2
244 557 2
245 557 3
249 557 1
252 557 3
253 557 3
258 557 1
260 557 3
264 557 1
265 557 1
269 557 1
270 557 2
272 557 1
275 557 2
276 557 2
278 557 1
280 557 1
282 557 1
283 557 3
285 557 2
291 557 2
299 557 3
302 557 3
310 557 3
320 557 2
338 557 2
341 557 2
342 557 1
346 557 1
347 557 2
349 557 1
354 557 2
361 557 1
363 557 3
365 557 3
367 557 2
369 557 2
370 557 1
371 557 3
376 557 2
380 557 3
381 557 2
384 557 3
391 557 3
393 557 1
395 557 2
397 557 1
399 557 1
403 557 1
405 557 1
407 557 1
408 557 2
410 557 1
418 557 2
419 557 3
420 557 2
423 557 1
426 557 3
432 557 1
435 557 2
437 557 3
439 557 1
441 557 1
445 557 1
447 557 2
451 557 2
452 557 3
455 557 2
456 557 2
458 557 3
460 557 2
461 557 1
462 557 3
463 557 1
464 557 2
468 557 1
475 557 1
478 557 3
483 557 2
484 557 1
485 557 3
492 557 3
493 557 3
495 557 1
500 557 3
501 557 1
502 557 3
503 557 2
505 557 3
509 557 2
515 557 3
519 557 2
528 557 2
532 557 2
538 557 3
544 557 3
546 557 3
547 557 3
548 557 2
549 557 3
550 557 1
552 557 3
553 557 2
554 557 2
556 557 1
558 557 3
560 557 2
563 557 3
564 557 2
569 557 3
571 557 1
576 557 1
583 557 1
588 557 2
590 557 1
593 557 2
594 557 3
603 557 2
605 557 1
606 557 2
608 557 3
610 557 3
613 557 2
614 557 3
622 557 1
625 557 1
627 557 3
629 557 3
632 557 3
634 557 2
642 557 3
643 557 3
647 557 2
648 557 3
656 557 3
665 557 1
666 557 3
667 557 2
671 557 1
672 557 3
675 557 2
679 557 2
682 557 2
688 557 2
694 557 1
697 557 2
703 557 1
706 557 1
707 557 3
708 557 2
709 557 2
710 557 1
715 557 3
716 557 1
722 557 1
727 557 3
736 557 1
737 557 1
738 557 3
743 557 2
744 557 1
747 557 3
748 557 1
750 557 3
751 557 1
752 557 1
758 557 2
759 557 3
763 557 3
766 557 1
768 557 3
769 557 1
770 557 3
771 557 2
772 557 2
783 557 2
784 557 3
785 557 1
795 557 1
798 557 1
804 557 2
805 557 3
806 557 3
807 557 3
810 557 2
813 557 3
815 557 3
819 557 2
820 557 1
822 557 3
824 557 1
826 557 3
828 557 2
829 557 1
831 557 2
842 557 1
843 557 3
854 557 1
859 557 3
860 557 1
862 557 3
864 557 1
869 557 1
870 557 3
872 557 1
873 557 3
875 557 3
878 557 2
881 557 3
887 557 2
888 557 1
889 557 2
892 557 2
897 557 2
898 557 1
902 557 3
907 557 2
908 557 2
909 557 2
910 557 1
912 557 1
918 557 1
923 557 2
924 557 1
934 557 2
935 557 2
939 557 2
942 557 2
951 557 2
953 557 2
961 557 2
963 557 3
965 557 2
967 557 3
968 557 3
969 557 2
970 557 1
975 557 1
977 557 1
986 557 1
987 557 3
989 557 1
991 557 2
992 557 1
997 557 2
1 558 3
8 558 3
10 558 1
15 558 1
22 558 2
28 558 3
30 558 2
31 558 1
39 558 3
40 558 2
45 558 1
47 558 2
49 558 2
50 558 1
51 558 2
54 558 1
68 558 3
69 558 1
71 558 3
75 558 1
76 558 2
77 558 1
78 558 1
79 558 3
83 558 1
85 558 2
91 558 3
93 558 2
95 558 3
97 558 2
98 558 2
99 558 3
102 558 3
111 558 2
112 558 3
113 558 2
114 558 3
115 558 3
117 558 1
118 558 1
119 558 2
120 558 1
126 558 2
127 558 3
132 558 3
134 558 2
136 558 1
138 558 1
139 558 1
140 558 2
142 558 1
143 558 3
144 558 1
147 558 2
149 558 3
152 558 2
154 558 2
156 558 2
158 558 3
160 558 1
161 558 2
163 558 2
171 558 3
174 558 2
175 558 3
177 558 1
182 558 1
184 558 2
185 558 2
186 558 3
191 558 3
192 558 3
193 558 1
200 558 1
202 558 2
203 558 3
209 558 2
212 558 2
213 558 2
214 558 1
217 558 1
220 558 3
222 558 3
227 558 3
232 558 3
238 558 2
239 558 2
241 558 2
243 558 3
247 558 2
248 558 2
249 558 3
250 558 2
251 558 1
254 558 3
255 558 3
257 558 2
264 558 3
265 558 1
267 558 3
269 558 2
271 558 3
279 558 1
281 558 1
290 558 2
292 558 1
299 558 2
300 558 3
303 558 3
304 558 1
