334 424 1
338 424 1
339 424 3
341 424 3
352 424 3
359 424 3
360 424 1
363 424 3
364 424 1
366 424 3
367 424 2
369 424 3
370 424 2
375 424 3
377 424 3
382 424 3
383 424 3
386 424 2
389 424 3
393 424 3
394 424 2
399 424 1
400 424 1
403 424 3
404 424 2
409 424 2
413 424 2
429 424 1
430 424 2
431 424 2
435 424 2
440 424 3
441 424 2
442 424 3
454 424 1
455 424 1
460 424 2
463 424 1
470 424 3
472 424 1
479 424 1
481 424 3
483 424 2
484 424 3
487 424 3
490 424 2
491 424 2
493 424 3
495 424 3
498 424 3
505 424 3
506 424 3
514 424 3
519 424 2
520 424 3
522 424 3
523 424 1
532 424 2
542 424 1
545 424 3
551 424 1
553 424 2
555 424 3
559 424 2
568 424 1
571 424 3
575 424 3
580 424 2
581 424 2
582 424 2
586 424 1
588 424 2
589 424 2
591 424 3
593 424 2
595 424 1
596 424 1
599 424 3
600 424 3
607 424 1
609 424 2
611 424 3
612 424 1
613 424 1
614 424 2
616 424 2
618 424 3
619 424 1
622 424 2
624 424 2
626 424 1
627 424 2
634 424 1
635 424 1
636 424 2
639 424 2
641 424 3
643 424 2
647 424 3
649 424 1
652 424 1
655 424 3
662 424 1
663 424 3
664 424 2
666 424 2
668 424 1
672 424 2
674 424 2
677 424 3
678 424 1
680 424 1
681 424 2
683 424 2
684 424 3
690 424 1
691 424 2
692 424 1
699 424 3
700 424 1
701 424 2
702 424 3
704 424 1
707 424 2
708 424 1
712 424 2
716 424 2
717 424 1
718 424 2
721 424 3
726 424 1
727 424 1
728 424 3
731 424 1
739 424 1
740 424 3
743 424 2
744 424 1
747 424 1
751 424 2
752 424 3
755 424 1
757 424 3
758 424 2
759 424 1
763 424 1
764 424 1
769 424 3
772 424 1
773 424 2
774 424 1
781 424 1
782 424 2
787 424 3
788 424 1
789 424 1
791 424 3
792 424 3
793 424 2
794 424 2
796 424 2
797 424 2
798 424 1
799 424 2
804 424 2
806 424 2
807 424 2
808 424 2
809 424 2
812 424 1
813 424 3
815 424 2
822 424 3
826 424 1
829 424 3
831 424 1
832 424 2
836 424 1
838 424 2
839 424 2
841 424 3
842 424 3
843 424 2
850 424 1
851 424 3
852 424 3
853 424 3
857 424 3
859 424 3
861 424 2
863 424 1
866 424 2
869 424 2
876 424 2
881 424 3
885 424 1
886 424 3
888 424 1
893 424 1
896 424 1
901 424 3
903 424 1
906 424 3
909 424 3
910 424 2
917 424 1
919 424 3
922 424 2
925 424 2
933 424 3
935 424 2
937 424 3
939 424 3
941 424 2
942 424 1
946 424 2
948 424 1
955 424 1
957 424 2
961 424 1
963 424 3
967 424 2
969 424 2
973 424 1
976 424 3
978 424 1
979 424 3
982 424 2
985 424 1
986 424 2
988 424 1
993 424 3
996 424 3
998 424 1
1 425 2
2 425 3
4 425 1
9 425 3
13 425 3
17 425 3
19 425 3
23 425 3
30 425 3
31 425 3
38 425 3
43 425 2
44 425 1
47 425 3
49 425 3
51 425 2
53 425 2
56 425 2
57 425 2
60 425 1
61 425 3
63 425 2
64 425 1
78 425 3
79 425 1
82 425 3
90 425 1
92 425 1
93 425 2
101 425 2
103 425 1
105 425 1
114 425 1
116 425 2
122 425 1
123 425 2
125 425 3
129 425 3
131 425 1
136 425 3
143 425 3
149 425 3
159 425 1
170 425 3
171 425 3
177 425 1
178 425 3
181 425 1
182 425 1
183 425 2
193 425 1
194 425 2
196 425 3
197 425 2
200 425 2
202 425 2
203 425 1
205 425 3
207 425 2
210 425 3
218 425 1
219 425 1
220 425 1
222 425 2
223 425 1
224 425 3
225 425 1
231 425 1
232 425 3
233 425 2
237 425 3
238 425 3
242 425 1
243 425 2
250 425 2
259 425 2
260 425 1
262 425 3
263 425 2
265 425 2
266 425 3
275 425 3
278 425 1
281 425 3
283 425 3
285 425 1
290 425 2
292 425 2
294 425 1
300 425 2
301 425 3
304 425 3
305 425 2
310 425 1
313 425 1
315 425 3
317 425 1
320 425 2
333 425 1
334 425 1
336 425 3
339 425 2
342 425 3
347 425 1
349 425 3
352 425 1
355 425 1
356 425 2
360 425 2
363 425 1
369 425 1
372 425 3
373 425 3
375 425 3
377 425 2
380 425 1
382 425 2
383 425 2
385 425 2
388 425 3
390 425 3
398 425 3
404 425 3
406 425 2
408 425 3
413 425 3
415 425 1
417 425 2
420 425 1
421 425 2
423 425 1
424 425 3
434 425 1
435 425 2
440 425 2
446 425 1
450 425 2
451 425 3
454 425 1
460 425 2
462 425 1
466 425 3
470 425 3
476 425 3
479 425 2
480 425 3
484 425 3
487 425 2
489 425 1
494 425 2
496 425 2
498 425 1
499 425 3
500 425 3
505 425 1
509 425 1
521 425 2
522 425 2
526 425 2
528 425 1
529 425 3
542 425 3
547 425 3
552 425 3
553 425 2
555 425 2
556 425 1
557 425 3
560 425 1
565 425 2
568 425 2
569 425 2
571 425 1
573 425 3
575 425 2
579 425 3
580 425 2
582 425 2
583 425 1
584 425 2
590 425 2
592 425 3
593 425 1
595 425 2
598 425 2
601 425 3
603 425 2
608 425 1
614 425 1
615 425 1
616 425 1
621 425 3
623 425 2
627 425 3
632 425 3
635 425 3
641 425 3
642 425 2
644 425 3
645 425 2
652 425 2
655 425 1
656 425 2
661 425 2
667 425 3
668 425 3
671 425 3
677 425 2
678 425 1
682 425 3
683 425 2
684 425 3
688 425 1
689 425 1
691 425 2
692 425 2
700 425 3
702 425 3
705 425 1
707 425 1
716 425 3
719 425 1
721 425 3
726 425 2
728 425 1
732 425 1
734 425 1
737 425 2
738 425 3
744 425 3
746 425 2
750 425 2
754 425 3
757 425 1
758 425 1
760 425 1
761 425 3
764 425 3
765 425 2
770 425 1
781 425 3
782 425 3
783 425 3
787 425 1
788 425 2
789 425 1
791 425 1
795 425 1
796 425 2
797 425 2
799 425 3
802 425 2
803 425 3
805 425 3
807 425 2
811 425 3
817 425 2
822 425 2
824 425 1
825 425 2
831 425 1
833 425 2
834 425 3
840 425 3
841 425 2
842 425 3
850 425 2
851 425 3
854 425 2
856 425 1
858 425 2
860 425 1
862 425 1
863 425 3
864 425 2
869 425 3
871 425 3
872 425 1
873 425 3
875 425 3
880 425 3
881 425 1
882 425 1
883 425 1
884 425 2
891 425 1
892 425 1
894 425 1
896 425 3
898 425 2
901 425 1
902 425 2
905 425 2
910 425 1
911 425 3
912 425 3
913 425 3
916 425 3
921 425 2
933 425 1
935 425 2
943 425 1
946 425 1
947 425 1
948 425 1
952 425 3
956 425 1
961 425 1
962 425 1
964 425 1
970 425 3
975 425 1
977 425 1
982 425 1
985 425 2
989 425 1
990 425 2
993 425 2
994 425 2
997 425 3
998 425 1
999 425 2
0 426 3
1 426 3
3 426 3
12 426 3
13 426 2
14 426 2
16 426 2
22 426 1
23 426 3
24 426 3
26 426 1
27 426 3
28 426 1
33 426 3
36 426 1
39 426 1
41 426 1
45 426 1
46 426 1
59 426 1
64 426 3
75 426 1
83 426 1
86 426 1
89 426 2
92 426 1
93 426 1
100 426 2
104 426 1
107 426 3
108 426 2
113 426 1
114 426 2
120 426 3
121 426 1
123 426 1
125 426 1
127 426 1
130 426 2
137 426 3
141 426 1
142 426 2
143 426 1
144 426 3
145 426 2
150 426 3
151 426 2
152 426 3
161 426 3
163 426 2
165 426 2
166 426 2
167 426 2
168 426 1
170 426 1
171 426 2
172 426 3
173 426 2
180 426 3
181 426 2
182 426 3
186 426 3
191 426 2
195 426 1
197 426 1
198 426 1
202 426 1
203 426 2
206 426 1
207 426 2
208 426 3
214 426 1
216 426 3
217 426 1
219 426 1
224 426 3
227 426 1
228 426 3
231 426 1
239 426 3
245 426 2
246 426 1
250 426 3
261 426 2
262 426 2
265 426 3
266 426 1
267 426 3
273 426 1
274 426 3
276 426 3
277 426 1
280 426 1
282 426 1
283 426 1
285 426 2
286 426 2
287 426 1
291 426 2
293 426 1
294 426 3
296 426 3
298 426 3
301 426 1
307 426 3
308 426 2
312 426 3
313 426 2
314 426 1
315 426 2
