795 304 1
796 304 2
799 304 2
800 304 2
804 304 2
805 304 1
808 304 3
809 304 3
822 304 1
823 304 2
825 304 3
827 304 3
831 304 3
833 304 3
837 304 1
846 304 3
849 304 2
851 304 2
852 304 1
853 304 2
854 304 1
861 304 3
865 304 1
867 304 3
869 304 3
877 304 1
879 304 3
880 304 1
886 304 1
887 304 3
890 304 1
896 304 3
897 304 1
898 304 2
906 304 3
907 304 3
908 304 2
917 304 2
922 304 3
923 304 3
924 304 3
927 304 1
932 304 2
934 304 3
940 304 1
941 304 1
944 304 3
950 304 2
953 304 3
954 304 3
956 304 2
957 304 1
958 304 2
959 304 2
960 304 3
965 304 1
966 304 2
968 304 3
971 304 3
976 304 1
978 304 3
982 304 3
986 304 2
992 304 1
996 304 3
999 304 2
6 305 3
11 305 3
14 305 2
16 305 3
17 305 3
18 305 1
19 305 2
23 305 2
28 305 3
30 305 1
31 305 2
37 305 3
47 305 2
48 305 3
49 305 1
51 305 3
53 305 3
57 305 1
58 305 3
60 305 1
62 305 3
63 305 2
66 305 3
68 305 2
80 305 2
85 305 1
92 305 2
96 305 2
98 305 1
100 305 1
102 305 2
103 305 3
106 305 1
112 305 1
113 305 2
117 305 2
118 305 1
120 305 2
122 305 3
125 305 2
127 305 2
128 305 1
130 305 2
134 305 2
135 305 3
136 305 3
142 305 2
145 305 2
146 305 3
147 305 2
148 305 1
149 305 3
150 305 2
151 305 2
152 305 1
168 305 2
177 305 3
179 305 1
184 305 3
185 305 2
187 305 2
197 305 2
199 305 1
202 305 2
207 305 2
209 305 3
210 305 1
211 305 3
223 305 2
224 305 2
234 305 1
242 305 2
244 305 3
246 305 2
248 305 2
249 305 1
251 305 2
256 305 1
257 305 2
258 305 2
266 305 3
267 305 3
270 305 3
273 305 1
276 305 2
279 305 3
285 305 1
286 305 1
287 305 3
290 305 2
292 305 3
293 305 1
294 305 2
297 305 2
305 305 1
306 305 2
307 305 2
310 305 3
313 305 2
314 305 3
319 305 1
323 305 2
324 305 2
331 305 2
335 305 1
336 305 1
337 305 2
339 305 2
345 305 2
354 305 2
356 305 3
357 305 2
358 305 3
360 305 3
362 305 1
365 305 2
367 305 2
372 305 2
373 305 2
383 305 2
384 305 1
385 305 1
387 305 2
389 305 1
393 305 1
404 305 2
407 305 1
412 305 1
414 305 2
415 305 2
417 305 3
422 305 2
423 305 3
425 305 3
427 305 1
430 305 3
437 305 1
439 305 1
443 305 3
449 305 1
450 305 2
455 305 2
456 305 2
457 305 3
459 305 1
460 305 2
465 305 2
467 305 2
470 305 3
471 305 1
475 305 1
476 305 3
479 305 1
480 305 1
483 305 3
484 305 1
485 305 1
489 305 1
492 305 3
493 305 3
494 305 2
498 305 3
500 305 3
501 305 2
503 305 1
507 305 2
508 305 1
509 305 1
511 305 3
514 305 1
517 305 3
518 305 2
522 305 3
530 305 1
532 305 2
533 305 3
535 305 3
540 305 1
541 305 2
545 305 3
546 305 3
547 305 1
548 305 3
551 305 2
555 305 3
559 305 3
562 305 1
563 305 2
568 305 2
569 305 1
571 305 2
573 305 1
585 305 2
592 305 2
594 305 1
596 305 3
597 305 3
600 305 1
603 305 3
604 305 1
608 305 3
609 305 1
611 305 1
612 305 1
613 305 1
614 305 2
618 305 3
622 305 1
630 305 2
634 305 1
637 305 3
641 305 2
642 305 3
643 305 1
649 305 1
650 305 3
651 305 1
656 305 2
657 305 3
658 305 3
661 305 1
664 305 1
665 305 2
669 305 1
671 305 1
672 305 1
673 305 3
682 305 2
694 305 2
706 305 1
708 305 3
714 305 2
718 305 2
726 305 1
728 305 3
732 305 3
734 305 3
735 305 2
741 305 2
742 305 3
743 305 2
748 305 1
753 305 2
755 305 3
756 305 2
757 305 2
761 305 1
763 305 1
768 305 3
772 305 3
777 305 2
778 305 2
779 305 3
783 305 1
786 305 1
787 305 2
788 305 2
789 305 3
791 305 3
793 305 1
794 305 2
795 305 2
799 305 3
800 305 1
803 305 3
805 305 2
810 305 3
811 305 2
814 305 3
830 305 2
832 305 1
836 305 3
840 305 3
841 305 2
844 305 2
845 305 3
847 305 2
859 305 2
860 305 2
867 305 3
870 305 1
871 305 2
873 305 2
880 305 1
881 305 3
884 305 1
886 305 1
888 305 1
890 305 1
892 305 2
896 305 3
898 305 1
900 305 1
901 305 1
903 305 2
905 305 1
907 305 1
909 305 3
920 305 1
921 305 3
922 305 2
924 305 2
925 305 3
930 305 2
931 305 1
936 305 1
937 305 1
939 305 3
941 305 1
942 305 3
949 305 3
950 305 3
953 305 2
956 305 1
957 305 1
958 305 2
962 305 3
964 305 1
970 305 1
972 305 2
973 305 1
977 305 1
981 305 3
983 305 1
984 305 1
987 305 1
990 305 2
991 305 3
992 305 3
993 305 3
995 305 3
996 305 1
0 306 1
6 306 1
10 306 1
12 306 1
14 306 2
16 306 2
22 306 2
29 306 1
31 306 1
33 306 1
35 306 1
39 306 2
40 306 1
41 306 1
42 306 2
44 306 1
45 306 2
48 306 2
52 306 1
61 306 3
66 306 1
70 306 3
78 306 3
79 306 1
85 306 1
86 306 1
87 306 2
89 306 2
90 306 2
91 306 3
92 306 2
99 306 2
103 306 3
109 306 3
110 306 1
112 306 2
114 306 2
118 306 1
120 306 1
122 306 1
124 306 1
125 306 1
127 306 1
131 306 1
133 306 1
134 306 1
135 306 3
140 306 2
143 306 1
144 306 1
147 306 3
149 306 3
154 306 1
155 306 2
157 306 1
159 306 1
162 306 1
163 306 2
175 306 1
181 306 3
182 306 1
190 306 1
191 306 3
196 306 3
200 306 3
206 306 3
208 306 2
210 306 2
214 306 2
226 306 2
232 306 2
233 306 3
234 306 3
241 306 2
243 306 1
244 306 2
245 306 2
248 306 1
250 306 3
260 306 3
263 306 3
266 306 3
269 306 1
271 306 1
272 306 3
274 306 1
279 306 3
283 306 3
287 306 3
288 306 1
290 306 3
295 306 1
297 306 3
299 306 2
301 306 3
303 306 3
307 306 1
310 306 3
322 306 2
323 306 2
324 306 1
325 306 1
326 306 3
328 306 2
330 306 3
331 306 1
333 306 3
337 306 1
338 306 1
340 306 1
344 306 2
345 306 3
349 306 2
358 306 1
362 306 1
363 306 1
365 306 3
366 306 3
368 306 2
369 306 2
370 306 2
382 306 2
383 306 3
388 306 2
391 306 3
400 306 1
401 306 2
402 306 2
404 306 2
406 306 2
410 306 3
411 306 2
415 306 2
416 306 1
418 306 2
422 306 2
426 306 3
427 306 1
432 306 1
434 306 2
435 306 1
437 306 1
438 306 3
440 306 1
444 306 3
453 306 1
459 306 2
462 306 1
463 306 2
465 306 1
468 306 1
472 306 3
473 306 1
481 306 3
483 306 1
484 306 1
488 306 1
493 306 3
494 306 2
497 306 1
498 306 2
499 306 1
503 306 3
510 306 3
513 306 2
521 306 2
526 306 1
527 306 1
529 306 1
534 306 1
535 306 1
536 306 2
539 306 2
542 306 2
544 306 2
548 306 2
554 306 1
558 306 2
563 306 1
565 306 2
568 306 2
569 306 1
574 306 3
579 306 2
583 306 1
584 306 2
585 306 2
586 306 3
588 306 2
590 306 1
597 306 3
599 306 3
603 306 2
605 306 1
606 306 3
608 306 3
610 306 1
612 306 1
621 306 1
623 306 2
630 306 3
631 306 1
632 306 2
633 306 2
634 306 3
640 306 2
643 306 3
645 306 2
646 306 1
648 306 2
649 306 2
650 306 1
656 306 2
658 306 3
661 306 2
662 306 2
663 306 1
668 306 3
669 306 3
670 306 1
672 306 1
674 306 1
679 306 2
681 306 1
682 306 1
684 306 2
685 306 2
686 306 2
689 306 2
690 306 2
691 306 2
694 306 1
700 306 2
707 306 1
710 306 1
711 306 3
717 306 1
718 306 1
719 306 2
720 306 1
724 306 3
727 306 3
728 306 3
729 306 1
731 306 2
732 306 1
733 306 3
736 306 2
737 306 3
739 306 3
746 306 3
753 306 2
754 306 1
755 306 1
756 306 1
761 306 1
762 306 2
764 306 1
766 306 3
770 306 2
774 306 1
775 306 2
776 306 3
777 306 1
781 306 1
782 306 3
783 306 2
784 306 1
