430 40 1
431 40 3
432 40 3
434 40 3
435 40 2
438 40 2
440 40 3
443 40 2
445 40 3
447 40 2
450 40 2
454 40 2
456 40 1
464 40 2
470 40 2
474 40 3
475 40 2
477 40 1
478 40 3
483 40 3
487 40 3
489 40 3
490 40 2
491 40 2
495 40 1
503 40 1
511 40 3
513 40 3
520 40 3
521 40 3
522 40 3
523 40 2
525 40 1
526 40 3
536 40 1
537 40 3
538 40 3
541 40 1
543 40 3
544 40 1
545 40 2
546 40 2
551 40 1
552 40 2
553 40 2
557 40 3
558 40 1
559 40 3
560 40 1
564 40 1
567 40 2
573 40 2
578 40 1
582 40 2
584 40 1
588 40 2
591 40 1
596 40 1
597 40 1
600 40 3
608 40 2
610 40 3
612 40 1
614 40 1
617 40 2
625 40 2
633 40 2
635 40 1
637 40 1
639 40 1
640 40 2
641 40 3
645 40 3
646 40 2
650 40 2
652 40 1
654 40 1
656 40 1
659 40 2
662 40 2
663 40 2
666 40 1
667 40 1
669 40 1
670 40 1
671 40 3
677 40 2
681 40 2
682 40 2
691 40 1
692 40 3
694 40 3
696 40 2
700 40 3
705 40 2
709 40 1
712 40 1
714 40 2
717 40 2
721 40 2
723 40 2
726 40 3
729 40 2
732 40 2
738 40 3
743 40 2
745 40 2
747 40 3
749 40 2
753 40 3
755 40 3
756 40 2
759 40 1
760 40 3
761 40 3
762 40 1
763 40 1
765 40 2
767 40 3
768 40 3
770 40 2
773 40 1
783 40 3
784 40 1
785 40 2
786 40 1
789 40 2
791 40 3
804 40 1
819 40 1
822 40 1
824 40 3
827 40 3
828 40 3
830 40 1
831 40 1
832 40 2
833 40 3
835 40 1
837 40 3
838 40 2
850 40 2
857 40 3
859 40 1
861 40 2
862 40 3
865 40 1
867 40 1
868 40 1
869 40 3
870 40 3
876 40 1
879 40 2
880 40 1
882 40 3
885 40 3
886 40 3
890 40 3
891 40 3
893 40 2
896 40 3
897 40 1
898 40 1
900 40 3
905 40 2
908 40 1
909 40 2
910 40 2
912 40 3
913 40 2
914 40 3
916 40 3
917 40 2
919 40 3
923 40 2
924 40 1
927 40 1
929 40 2
931 40 1
932 40 1
934 40 2
935 40 2
936 40 3
944 40 3
950 40 3
952 40 2
953 40 1
956 40 2
957 40 1
959 40 3
960 40 2
964 40 1
966 40 3
967 40 2
968 40 3
971 40 1
972 40 1
974 40 2
979 40 1
983 40 3
996 40 2
997 40 1
998 40 2
3 41 3
9 41 2
12 41 3
18 41 1
23 41 3
25 41 1
28 41 3
29 41 2
33 41 3
35 41 3
39 41 1
43 41 3
45 41 1
49 41 1
51 41 2
52 41 2
55 41 2
56 41 3
62 41 1
65 41 2
70 41 2
71 41 2
74 41 2
75 41 1
78 41 1
80 41 3
81 41 3
83 41 2
86 41 3
87 41 3
95 41 1
100 41 2
102 41 3
105 41 3
106 41 3
112 41 2
114 41 2
117 41 1
119 41 3
123 41 1
124 41 2
126 41 3
128 41 1
130 41 2
131 41 1
135 41 1
138 41 1
147 41 1
148 41 2
152 41 1
155 41 3
156 41 1
160 41 2
161 41 1
165 41 2
167 41 1
169 41 2
171 41 2
173 41 2
178 41 3
184 41 3
186 41 1
187 41 3
188 41 3
190 41 1
193 41 3
195 41 1
197 41 1
199 41 2
202 41 3
204 41 3
207 41 2
208 41 2
213 41 1
216 41 2
219 41 3
220 41 2
223 41 2
225 41 3
226 41 1
227 41 1
236 41 3
239 41 2
244 41 1
249 41 2
250 41 2
255 41 3
257 41 2
259 41 3
262 41 1
264 41 1
270 41 1
272 41 3
277 41 1
279 41 3
282 41 1
285 41 3
286 41 3
288 41 1
290 41 2
291 41 2
295 41 3
301 41 3
304 41 2
305 41 2
306 41 3
311 41 1
315 41 1
321 41 2
323 41 1
324 41 2
327 41 3
330 41 2
333 41 1
335 41 3
340 41 1
343 41 2
346 41 3
351 41 2
352 41 1
355 41 3
358 41 1
359 41 3
360 41 3
361 41 3
362 41 2
369 41 1
378 41 1
380 41 2
382 41 3
385 41 3
386 41 2
387 41 2
389 41 2
392 41 2
396 41 1
397 41 3
399 41 3
400 41 1
401 41 1
402 41 1
404 41 2
406 41 3
407 41 2
410 41 2
419 41 1
421 41 1
422 41 1
426 41 2
428 41 3
433 41 3
434 41 3
436 41 3
439 41 3
442 41 2
443 41 2
444 41 1
445 41 2
448 41 3
449 41 2
452 41 3
458 41 2
460 41 1
464 41 2
465 41 3
469 41 2
473 41 3
478 41 2
481 41 2
482 41 1
486 41 1
487 41 3
492 41 2
494 41 1
495 41 3
499 41 1
502 41 2
504 41 1
508 41 3
509 41 3
512 41 2
513 41 1
515 41 2
516 41 1
528 41 1
530 41 1
532 41 2
533 41 1
540 41 1
541 41 2
544 41 2
547 41 1
557 41 2
564 41 1
567 41 1
572 41 3
574 41 2
578 41 1
580 41 1
581 41 1
585 41 1
586 41 1
587 41 3
590 41 2
592 41 1
594 41 2
597 41 1
605 41 3
609 41 1
615 41 1
616 41 2
618 41 1
622 41 1
625 41 3
628 41 2
631 41 1
633 41 1
634 41 3
637 41 3
639 41 1
643 41 1
651 41 3
652 41 1
654 41 3
655 41 3
657 41 2
658 41 1
661 41 2
664 41 3
667 41 2
668 41 1
669 41 1
674 41 2
678 41 1
680 41 3
685 41 2
686 41 2
689 41 3
691 41 2
693 41 3
694 41 2
700 41 3
704 41 2
705 41 1
714 41 2
722 41 3
723 41 1
724 41 3
735 41 3
736 41 2
740 41 1
741 41 1
743 41 3
744 41 3
745 41 3
747 41 3
748 41 3
749 41 3
750 41 3
753 41 2
755 41 1
758 41 1
761 41 1
762 41 1
778 41 3
782 41 3
784 41 1
785 41 1
787 41 2
789 41 2
794 41 2
795 41 2
801 41 1
803 41 2
808 41 2
812 41 3
813 41 2
814 41 2
820 41 3
825 41 1
827 41 1
828 41 1
829 41 2
830 41 2
831 41 2
833 41 3
836 41 3
837 41 2
838 41 3
840 41 2
843 41 1
846 41 2
849 41 3
852 41 3
853 41 3
854 41 2
856 41 2
857 41 1
858 41 1
861 41 1
868 41 1
876 41 3
878 41 1
881 41 1
887 41 2
889 41 3
896 41 2
897 41 1
898 41 2
899 41 3
902 41 2
906 41 1
907 41 3
909 41 1
913 41 1
915 41 3
918 41 2
924 41 2
925 41 3
926 41 2
934 41 2
937 41 1
939 41 3
940 41 2
941 41 3
942 41 3
948 41 2
950 41 2
951 41 3
953 41 3
955 41 1
957 41 2
960 41 1
961 41 1
962 41 1
964 41 3
965 41 3
966 41 1
969 41 1
971 41 2
975 41 3
976 41 1
978 41 1
980 41 2
981 41 3
983 41 3
985 41 2
993 41 1
996 41 2
997 41 1
5 42 2
9 42 2
13 42 3
14 42 2
16 42 3
17 42 3
18 42 2
26 42 2
29 42 1
33 42 3
35 42 3
41 42 2
43 42 2
45 42 3
48 42 2
49 42 3
51 42 1
55 42 3
57 42 2
61 42 3
63 42 2
64 42 1
67 42 2
68 42 3
69 42 1
74 42 2
75 42 2
79 42 2
84 42 1
86 42 3
87 42 1
88 42 1
90 42 1
91 42 3
92 42 3
93 42 2
94 42 3
97 42 3
102 42 1
103 42 1
108 42 1
112 42 1
115 42 3
121 42 1
124 42 2
132 42 2
134 42 1
141 42 2
143 42 2
146 42 3
147 42 2
148 42 3
150 42 1
151 42 2
155 42 2
157 42 1
159 42 2
163 42 1
175 42 2
180 42 3
181 42 2
187 42 3
188 42 1
191 42 3
193 42 2
195 42 1
197 42 2
200 42 3
201 42 1
204 42 1
206 42 3
207 42 3
210 42 3
211 42 1
214 42 2
215 42 2
216 42 1
217 42 3
218 42 2
220 42 2
223 42 2
233 42 1
234 42 1
239 42 2
240 42 1
242 42 3
248 42 2
255 42 2
257 42 3
258 42 1
261 42 1
265 42 1
267 42 1
271 42 1
272 42 1
277 42 1
279 42 1
285 42 2
286 42 2
287 42 3
290 42 3
291 42 2
293 42 1
297 42 1
298 42 1
305 42 2
308 42 1
314 42 2
316 42 3
317 42 2
321 42 3
327 42 1
329 42 2
