182 291 1
185 291 3
186 291 3
190 291 1
191 291 3
193 291 3
194 291 1
196 291 1
197 291 3
200 291 3
202 291 1
207 291 2
211 291 2
212 291 2
218 291 2
222 291 3
225 291 3
230 291 3
232 291 1
234 291 1
235 291 2
237 291 3
238 291 2
240 291 1
245 291 1
247 291 3
248 291 1
251 291 3
252 291 1
253 291 3
256 291 2
258 291 3
263 291 2
265 291 2
266 291 2
268 291 2
270 291 2
271 291 3
272 291 1
274 291 2
277 291 3
280 291 1
284 291 3
286 291 2
288 291 1
291 291 3
293 291 2
296 291 1
304 291 1
305 291 3
306 291 3
309 291 2
314 291 3
315 291 3
316 291 2
323 291 2
324 291 3
327 291 3
328 291 1
330 291 1
336 291 3
348 291 1
351 291 3
352 291 2
355 291 1
357 291 3
358 291 1
360 291 2
361 291 2
363 291 3
366 291 3
372 291 1
373 291 3
374 291 2
385 291 2
386 291 2
387 291 1
398 291 2
402 291 2
404 291 2
405 291 3
406 291 1
407 291 3
409 291 3
411 291 3
413 291 3
415 291 2
419 291 3
420 291 1
421 291 3
425 291 1
429 291 1
432 291 1
436 291 3
442 291 1
443 291 3
447 291 2
448 291 1
450 291 1
451 291 3
452 291 3
455 291 3
456 291 2
457 291 1
458 291 2
467 291 3
468 291 2
469 291 1
470 291 2
474 291 3
475 291 3
477 291 2
479 291 2
480 291 3
481 291 1
482 291 1
486 291 2
487 291 3
491 291 1
496 291 2
499 291 1
505 291 2
509 291 3
510 291 3
512 291 2
514 291 1
515 291 3
520 291 1
528 291 3
534 291 2
540 291 3
541 291 3
545 291 3
548 291 1
552 291 1
553 291 3
557 291 1
560 291 2
561 291 2
569 291 2
572 291 2
573 291 3
576 291 2
580 291 1
584 291 1
589 291 3
591 291 3
595 291 2
598 291 2
602 291 2
603 291 2
608 291 2
609 291 2
610 291 1
619 291 2
621 291 3
625 291 1
629 291 1
632 291 2
633 291 1
636 291 3
637 291 3
640 291 1
647 291 1
651 291 2
653 291 2
657 291 2
658 291 3
660 291 2
662 291 1
663 291 2
665 291 3
673 291 1
674 291 2
678 291 3
680 291 3
684 291 1
687 291 1
692 291 2
695 291 3
697 291 2
701 291 1
703 291 2
705 291 3
706 291 2
712 291 1
714 291 2
717 291 2
718 291 3
720 291 2
722 291 1
729 291 2
730 291 2
731 291 1
737 291 3
739 291 2
743 291 1
746 291 3
749 291 2
751 291 2
753 291 3
754 291 2
755 291 2
757 291 2
758 291 2
759 291 2
760 291 3
761 291 3
763 291 1
764 291 2
767 291 2
775 291 1
776 291 3
781 291 1
782 291 1
785 291 1
786 291 3
790 291 2
794 291 3
795 291 1
797 291 3
801 291 3
806 291 1
807 291 1
809 291 1
810 291 2
813 291 2
814 291 3
816 291 2
817 291 2
818 291 1
822 291 3
823 291 1
824 291 1
827 291 3
828 291 3
829 291 3
832 291 3
833 291 3
838 291 1
840 291 3
841 291 3
843 291 3
844 291 1
845 291 1
846 291 1
850 291 3
852 291 1
859 291 3
861 291 2
864 291 1
869 291 3
872 291 3
876 291 1
883 291 3
885 291 3
886 291 3
889 291 2
890 291 2
893 291 2
894 291 2
896 291 2
899 291 2
900 291 2
901 291 2
902 291 2
904 291 1
910 291 3
913 291 1
918 291 2
920 291 1
927 291 3
928 291 1
929 291 2
930 291 1
942 291 1
946 291 3
947 291 1
951 291 2
953 291 3
957 291 2
958 291 3
959 291 1
962 291 2
963 291 3
965 291 1
966 291 3
968 291 3
969 291 1
975 291 1
976 291 1
977 291 2
982 291 3
984 291 2
985 291 2
987 291 2
988 291 1
990 291 2
993 291 1
996 291 1
997 291 3
4 292 3
5 292 2
8 292 3
11 292 2
14 292 2
15 292 1
17 292 1
24 292 3
30 292 2
31 292 1
32 292 3
35 292 2
37 292 3
39 292 2
45 292 1
49 292 3
51 292 1
53 292 1
59 292 1
61 292 3
63 292 3
64 292 3
65 292 2
67 292 3
71 292 3
78 292 3
80 292 3
87 292 1
88 292 1
89 292 2
92 292 1
96 292 3
98 292 2
99 292 2
100 292 2
101 292 1
102 292 2
103 292 1
106 292 1
109 292 2
110 292 2
112 292 2
116 292 1
117 292 2
126 292 1
127 292 3
128 292 1
131 292 3
133 292 1
135 292 2
137 292 1
138 292 2
139 292 2
140 292 3
142 292 2
144 292 3
147 292 2
148 292 1
153 292 3
155 292 1
156 292 2
157 292 3
158 292 1
161 292 3
164 292 2
166 292 3
167 292 2
168 292 1
169 292 1
170 292 2
175 292 2
182 292 1
187 292 3
188 292 1
189 292 2
192 292 2
196 292 1
200 292 1
202 292 1
205 292 2
206 292 3
207 292 1
212 292 1
217 292 3
219 292 3
220 292 3
221 292 2
224 292 1
225 292 3
228 292 2
229 292 2
231 292 3
235 292 2
238 292 1
241 292 2
244 292 1
250 292 3
252 292 3
253 292 3
257 292 1
267 292 1
268 292 3
271 292 2
272 292 1
276 292 1
279 292 3
281 292 2
282 292 1
287 292 3
293 292 1
298 292 1
300 292 2
301 292 2
304 292 3
307 292 3
311 292 3
313 292 1
314 292 3
316 292 2
317 292 1
319 292 3
321 292 2
323 292 2
324 292 1
330 292 3
331 292 3
334 292 2
335 292 3
340 292 1
344 292 2
346 292 3
352 292 3
353 292 2
356 292 2
357 292 3
359 292 1
365 292 2
366 292 2
372 292 3
377 292 3
378 292 3
382 292 3
383 292 2
389 292 2
391 292 2
396 292 3
399 292 2
400 292 2
401 292 2
403 292 2
408 292 2
411 292 2
414 292 2
416 292 3
417 292 1
420 292 2
422 292 3
427 292 2
431 292 3
434 292 2
444 292 1
446 292 3
449 292 1
450 292 2
455 292 1
463 292 1
468 292 2
470 292 2
473 292 2
474 292 3
481 292 1
486 292 1
489 292 2
492 292 3
494 292 2
496 292 3
497 292 1
498 292 3
500 292 3
503 292 2
507 292 2
508 292 2
511 292 3
514 292 2
516 292 2
517 292 3
518 292 3
520 292 1
523 292 2
526 292 2
532 292 1
535 292 3
540 292 2
541 292 1
549 292 2
552 292 2
554 292 1
556 292 3
560 292 2
562 292 3
567 292 2
568 292 3
569 292 1
576 292 3
577 292 3
579 292 1
580 292 1
587 292 1
593 292 2
599 292 2
612 292 2
613 292 1
617 292 1
619 292 3
620 292 1
623 292 1
632 292 3
637 292 2
643 292 3
647 292 1
648 292 3
650 292 2
652 292 3
659 292 2
660 292 1
662 292 3
663 292 2
664 292 2
665 292 3
669 292 2
670 292 3
671 292 1
672 292 1
681 292 2
686 292 2
687 292 2
688 292 3
691 292 3
696 292 1
699 292 1
700 292 1
702 292 3
706 292 2
709 292 1
711 292 1
712 292 2
718 292 2
719 292 1
720 292 1
723 292 2
726 292 3
732 292 1
733 292 1
735 292 1
741 292 3
742 292 2
743 292 3
747 292 1
751 292 3
754 292 1
762 292 3
764 292 3
766 292 2
769 292 1
774 292 1
786 292 3
787 292 3
788 292 1
789 292 1
792 292 1
795 292 2
796 292 3
801 292 1
803 292 1
805 292 2
806 292 3
807 292 3
816 292 3
818 292 1
820 292 1
822 292 3
825 292 2
826 292 2
828 292 1
837 292 2
838 292 1
839 292 2
841 292 2
847 292 1
849 292 1
854 292 3
858 292 3
859 292 2
862 292 2
864 292 1
865 292 1
867 292 3
881 292 3
890 292 3
891 292 3
895 292 2
897 292 3
899 292 2
905 292 3
906 292 1
907 292 3
908 292 1
917 292 2
918 292 3
919 292 1
921 292 3
923 292 3
924 292 3
926 292 1
927 292 2
934 292 1
935 292 3
940 292 3
941 292 1
944 292 3
949 292 2
954 292 2
959 292 3
960 292 2
961 292 1
965 292 3
969 292 1
971 292 1
973 292 1
974 292 2
976 292 1
980 292 2
981 292 1
983 292 3
987 292 3
989 292 2
990 292 1
992 292 2
993 292 3
994 292 2
998 292 1
4 293 3
8 293 3
12 293 3
16 293 2
17 293 2
22 293 3
25 293 1
28 293 1
31 293 3
33 293 2
37 293 2
38 293 3
42 293 1
43 293 1
45 293 1
47 293 2
48 293 3
49 293 3
53 293 1
56 293 1
62 293 2
63 293 2
67 293 1
69 293 2
