586 434 3
587 434 3
589 434 1
591 434 3
598 434 1
603 434 1
605 434 1
627 434 2
628 434 2
631 434 1
632 434 1
634 434 3
639 434 3
640 434 1
645 434 3
647 434 2
651 434 1
652 434 1
655 434 3
656 434 1
661 434 3
662 434 1
667 434 2
669 434 2
676 434 2
679 434 1
680 434 1
681 434 2
684 434 1
685 434 3
688 434 2
689 434 2
690 434 1
692 434 2
693 434 2
695 434 1
696 434 2
697 434 3
701 434 3
703 434 3
708 434 2
710 434 1
711 434 2
713 434 3
716 434 2
717 434 1
729 434 3
730 434 1
739 434 2
740 434 3
741 434 3
746 434 2
750 434 3
751 434 3
755 434 1
758 434 1
765 434 3
768 434 1
769 434 3
770 434 3
772 434 2
774 434 3
775 434 1
780 434 2
781 434 3
783 434 1
784 434 1
786 434 1
790 434 3
793 434 1
794 434 2
797 434 2
800 434 3
801 434 3
804 434 1
808 434 2
810 434 3
815 434 2
821 434 3
827 434 2
829 434 1
832 434 3
834 434 2
835 434 2
839 434 3
840 434 1
846 434 2
848 434 2
855 434 3
861 434 2
862 434 1
863 434 3
864 434 2
876 434 3
881 434 3
882 434 2
883 434 3
884 434 3
887 434 3
888 434 3
891 434 3
893 434 3
894 434 2
897 434 3
898 434 3
899 434 3
905 434 2
906 434 3
907 434 3
908 434 1
910 434 1
911 434 3
912 434 3
914 434 3
915 434 1
920 434 1
922 434 1
923 434 2
926 434 2
929 434 3
938 434 1
939 434 3
941 434 1
943 434 1
947 434 1
955 434 3
958 434 1
960 434 2
967 434 2
971 434 3
972 434 1
973 434 3
975 434 3
981 434 3
982 434 2
985 434 2
987 434 2
988 434 3
991 434 1
994 434 2
999 434 2
1 435 2
2 435 1
3 435 1
4 435 1
5 435 1
6 435 3
11 435 3
16 435 2
18 435 1
21 435 1
22 435 1
23 435 2
26 435 3
30 435 2
31 435 2
33 435 2
35 435 1
37 435 2
38 435 3
40 435 3
41 435 1
42 435 1
44 435 3
52 435 3
55 435 3
56 435 3
62 435 1
68 435 2
72 435 1
75 435 2
76 435 3
82 435 3
83 435 2
84 435 3
87 435 2
89 435 2
91 435 1
92 435 2
98 435 3
101 435 1
105 435 1
106 435 1
108 435 1
110 435 3
111 435 1
116 435 1
119 435 1
120 435 1
121 435 2
122 435 2
124 435 2
125 435 3
130 435 3
132 435 2
133 435 2
135 435 1
136 435 2
137 435 1
141 435 1
146 435 1
151 435 1
155 435 3
157 435 1
168 435 1
169 435 1
170 435 1
171 435 2
175 435 3
177 435 3
180 435 2
181 435 1
184 435 3
189 435 3
193 435 2
194 435 3
196 435 3
198 435 2
200 435 2
202 435 3
203 435 2
206 435 3
209 435 1
211 435 3
213 435 3
216 435 1
219 435 3
221 435 2
222 435 1
225 435 2
228 435 1
231 435 1
234 435 3
235 435 2
243 435 3
245 435 2
253 435 3
256 435 1
257 435 1
258 435 1
265 435 2
272 435 1
276 435 1
277 435 2
278 435 3
280 435 3
284 435 2
291 435 1
295 435 3
298 435 1
299 435 2
301 435 3
307 435 2
314 435 3
315 435 2
318 435 3
319 435 3
324 435 3
327 435 3
332 435 3
336 435 1
337 435 3
339 435 2
340 435 2
344 435 1
348 435 1
350 435 2
356 435 1
357 435 3
358 435 2
363 435 3
367 435 3
368 435 2
374 435 2
377 435 2
378 435 2
379 435 2
380 435 1
383 435 1
386 435 1
387 435 2
389 435 2
390 435 3
392 435 2
397 435 2
398 435 1
406 435 3
410 435 2
414 435 1
420 435 1
421 435 1
422 435 1
424 435 3
434 435 2
435 435 3
437 435 3
439 435 3
441 435 2
442 435 3
444 435 2
447 435 3
450 435 2
451 435 1
454 435 1
455 435 1
456 435 1
457 435 2
458 435 1
459 435 2
464 435 3
465 435 1
469 435 2
470 435 2
472 435 3
473 435 3
475 435 2
476 435 3
480 435 2
482 435 2
487 435 1
493 435 1
498 435 3
503 435 1
505 435 2
506 435 1
507 435 1
510 435 2
516 435 1
520 435 3
524 435 2
526 435 2
529 435 3
530 435 1
532 435 1
536 435 1
539 435 1
540 435 3
541 435 2
542 435 1
543 435 2
545 435 3
548 435 3
550 435 1
552 435 2
553 435 3
555 435 2
559 435 2
562 435 2
565 435 3
567 435 3
572 435 2
574 435 3
576 435 2
577 435 2
582 435 3
583 435 2
597 435 1
603 435 1
605 435 3
610 435 2
611 435 1
612 435 3
615 435 2
622 435 2
623 435 3
626 435 1
630 435 2
631 435 1
633 435 2
636 435 1
637 435 2
640 435 2
647 435 3
648 435 1
652 435 2
654 435 3
658 435 2
661 435 1
667 435 1
673 435 2
678 435 1
679 435 2
681 435 3
685 435 3
688 435 3
689 435 3
693 435 3
695 435 3
699 435 2
700 435 1
702 435 3
704 435 3
710 435 1
712 435 2
715 435 3
718 435 3
727 435 3
730 435 3
738 435 2
742 435 1
743 435 2
745 435 1
749 435 1
752 435 1
754 435 3
762 435 1
763 435 2
764 435 3
766 435 3
769 435 2
771 435 2
774 435 3
779 435 1
780 435 3
781 435 2
782 435 1
783 435 2
785 435 1
788 435 3
792 435 2
794 435 1
796 435 2
797 435 2
799 435 2
800 435 2
802 435 2
813 435 3
818 435 1
821 435 2
823 435 1
824 435 3
839 435 1
841 435 1
842 435 3
844 435 2
849 435 1
850 435 1
852 435 2
853 435 1
857 435 3
865 435 3
867 435 1
870 435 3
871 435 1
879 435 2
886 435 1
888 435 1
893 435 1
894 435 2
904 435 3
907 435 1
911 435 1
912 435 1
916 435 2
917 435 1
920 435 1
923 435 2
926 435 2
936 435 2
939 435 2
942 435 3
943 435 1
949 435 1
950 435 2
951 435 3
954 435 3
960 435 2
961 435 1
964 435 3
965 435 2
966 435 1
971 435 2
974 435 3
976 435 1
983 435 3
984 435 2
987 435 2
989 435 1
990 435 1
991 435 1
995 435 3
996 435 2
997 435 3
999 435 3
0 436 2
4 436 3
5 436 2
10 436 2
11 436 1
14 436 3
15 436 2
16 436 2
20 436 2
21 436 1
23 436 1
24 436 1
26 436 3
38 436 1
47 436 3
51 436 1
57 436 2
61 436 2
63 436 1
67 436 2
70 436 1
73 436 3
77 436 3
78 436 2
82 436 2
84 436 2
85 436 1
89 436 3
92 436 1
95 436 1
100 436 1
104 436 2
110 436 3
112 436 1
114 436 3
115 436 3
117 436 1
118 436 1
120 436 1
122 436 2
125 436 3
126 436 1
127 436 3
129 436 2
135 436 3
136 436 3
139 436 2
140 436 1
141 436 3
144 436 3
145 436 2
151 436 1
154 436 1
156 436 1
159 436 1
162 436 1
164 436 2
165 436 3
166 436 1
167 436 3
168 436 3
169 436 1
177 436 3
178 436 3
180 436 1
184 436 1
185 436 3
192 436 2
194 436 2
196 436 2
203 436 1
204 436 3
205 436 3
207 436 2
209 436 1
215 436 2
223 436 1
230 436 2
232 436 3
235 436 3
239 436 3
240 436 1
241 436 1
245 436 1
250 436 2
254 436 1
255 436 2
256 436 2
257 436 3
262 436 1
263 436 1
266 436 3
268 436 1
269 436 1
275 436 1
277 436 2
278 436 1
283 436 2
287 436 3
288 436 2
289 436 3
290 436 2
293 436 2
299 436 2
300 436 3
301 436 2
304 436 2
305 436 3
310 436 1
316 436 1
317 436 1
327 436 2
328 436 2
329 436 2
335 436 2
336 436 2
337 436 1
343 436 2
354 436 1
356 436 2
357 436 1
358 436 3
363 436 2
365 436 3
367 436 1
371 436 3
376 436 1
378 436 1
382 436 1
385 436 1
388 436 3
390 436 3
392 436 1
395 436 1
396 436 2
397 436 2
402 436 1
405 436 1
407 436 2
409 436 2
410 436 2
413 436 2
415 436 3
417 436 1
422 436 1
423 436 1
432 436 2
435 436 3
437 436 1
438 436 2
439 436 3
441 436 1
444 436 2
451 436 2
452 436 1
453 436 2
454 436 1
456 436 2
457 436 2
458 436 2
465 436 3
466 436 3
468 436 1
469 436 2
470 436 3
471 436 2
473 436 1
474 436 3
476 436 3
479 436 3
482 436 3
483 436 3
485 436 2
492 436 1
493 436 3
499 436 1
502 436 1
510 436 1
512 436 3
514 436 3
517 436 3
518 436 3
