250 211 3
251 211 2
254 211 1
262 211 1
266 211 3
274 211 1
279 211 3
280 211 2
281 211 2
283 211 3
286 211 3
288 211 1
289 211 1
293 211 3
294 211 2
295 211 1
296 211 3
301 211 2
303 211 3
308 211 3
315 211 2
316 211 2
317 211 2
332 211 1
335 211 1
336 211 1
337 211 3
341 211 2
344 211 1
347 211 3
348 211 3
349 211 1
350 211 2
351 211 3
354 211 1
355 211 1
359 211 1
360 211 2
361 211 1
362 211 3
363 211 1
364 211 2
365 211 1
367 211 3
374 211 2
377 211 1
378 211 3
380 211 3
386 211 1
388 211 3
391 211 3
394 211 1
400 211 1
401 211 3
403 211 1
406 211 2
407 211 3
409 211 1
410 211 1
415 211 2
416 211 2
417 211 2
420 211 3
421 211 2
422 211 2
425 211 1
432 211 3
437 211 3
439 211 2
442 211 3
443 211 2
457 211 2
458 211 2
459 211 1
464 211 3
466 211 3
471 211 1
472 211 2
473 211 1
474 211 2
475 211 2
479 211 2
480 211 1
481 211 3
482 211 3
486 211 2
487 211 1
490 211 3
491 211 1
494 211 1
495 211 1
498 211 3
500 211 1
501 211 3
506 211 3
507 211 3
510 211 1
513 211 1
514 211 3
515 211 3
516 211 2
520 211 1
524 211 1
526 211 2
530 211 1
533 211 3
537 211 2
539 211 3
544 211 1
552 211 2
553 211 1
554 211 2
555 211 3
558 211 3
566 211 2
568 211 1
571 211 1
573 211 2
576 211 2
577 211 3
578 211 3
580 211 3
583 211 2
589 211 2
598 211 1
599 211 2
612 211 3
613 211 3
614 211 1
616 211 3
617 211 2
619 211 3
628 211 1
629 211 2
630 211 3
638 211 2
642 211 1
644 211 2
645 211 1
649 211 1
651 211 3
656 211 2
662 211 2
663 211 3
668 211 1
669 211 1
675 211 1
676 211 3
678 211 2
680 211 3
681 211 3
685 211 2
691 211 1
695 211 2
696 211 2
698 211 1
700 211 3
706 211 3
709 211 3
711 211 3
713 211 2
714 211 2
717 211 2
718 211 1
722 211 2
724 211 2
726 211 3
728 211 1
731 211 1
732 211 1
742 211 1
745 211 3
746 211 2
747 211 1
751 211 1
758 211 3
761 211 2
763 211 2
770 211 2
772 211 2
776 211 3
777 211 3
779 211 3
780 211 2
781 211 2
782 211 3
783 211 1
785 211 1
787 211 3
788 211 2
790 211 3
791 211 2
794 211 3
800 211 2
803 211 2
804 211 1
808 211 1
811 211 2
818 211 1
832 211 1
839 211 2
845 211 1
849 211 2
850 211 1
851 211 3
852 211 3
854 211 1
858 211 2
861 211 1
862 211 2
864 211 1
866 211 3
871 211 1
875 211 3
876 211 3
877 211 3
878 211 1
879 211 1
882 211 2
888 211 2
891 211 1
893 211 1
894 211 3
896 211 3
902 211 1
905 211 3
910 211 2
913 211 3
917 211 3
921 211 3
922 211 2
923 211 1
924 211 1
927 211 2
929 211 3
935 211 2
936 211 1
937 211 1
938 211 1
945 211 3
947 211 2
954 211 1
956 211 1
965 211 1
967 211 2
974 211 3
979 211 2
981 211 2
984 211 1
985 211 1
987 211 2
993 211 3
994 211 1
998 211 2
2 212 1
4 212 1
6 212 3
18 212 1
21 212 3
22 212 2
23 212 2
25 212 1
28 212 3
31 212 3
32 212 1
33 212 2
36 212 3
39 212 2
50 212 1
51 212 2
57 212 1
59 212 3
61 212 3
67 212 2
68 212 2
69 212 1
85 212 2
91 212 1
93 212 2
95 212 1
97 212 1
102 212 3
103 212 2
104 212 3
106 212 3
111 212 2
114 212 3
116 212 1
118 212 1
121 212 2
123 212 2
124 212 3
127 212 2
128 212 1
129 212 1
131 212 1
137 212 3
138 212 3
143 212 1
146 212 1
148 212 2
149 212 3
151 212 2
153 212 2
156 212 3
159 212 2
161 212 2
164 212 1
166 212 1
167 212 1
168 212 1
175 212 2
177 212 3
180 212 1
181 212 2
186 212 2
192 212 3
195 212 2
197 212 1
199 212 2
200 212 3
201 212 2
206 212 3
207 212 3
211 212 3
217 212 1
218 212 3
220 212 1
223 212 2
228 212 3
230 212 2
233 212 1
236 212 1
237 212 3
242 212 1
243 212 3
249 212 3
251 212 2
256 212 1
257 212 2
263 212 1
264 212 3
265 212 3
267 212 2
275 212 3
276 212 1
277 212 2
280 212 2
288 212 3
298 212 3
299 212 1
300 212 3
301 212 3
305 212 1
308 212 1
309 212 2
310 212 3
314 212 1
315 212 2
317 212 3
323 212 1
328 212 1
329 212 1
332 212 2
335 212 2
338 212 2
339 212 3
340 212 1
350 212 3
351 212 1
357 212 3
358 212 2
359 212 2
360 212 1
364 212 3
366 212 3
369 212 2
371 212 2
373 212 2
379 212 2
384 212 2
385 212 1
388 212 3
389 212 3
390 212 3
393 212 1
394 212 2
395 212 2
396 212 2
398 212 2
401 212 3
403 212 1
404 212 2
411 212 3
413 212 2
414 212 2
415 212 3
417 212 3
418 212 3
419 212 3
421 212 2
429 212 1
435 212 3
440 212 2
442 212 1
449 212 3
454 212 2
457 212 1
458 212 1
460 212 3
465 212 3
466 212 2
469 212 2
474 212 2
476 212 3
477 212 3
483 212 2
484 212 1
485 212 1
495 212 1
497 212 2
500 212 3
504 212 2
506 212 2
509 212 1
511 212 1
512 212 1
514 212 2
520 212 1
526 212 3
531 212 2
532 212 1
534 212 2
537 212 2
542 212 1
550 212 1
554 212 1
557 212 3
559 212 2
564 212 3
567 212 1
568 212 2
570 212 3
574 212 1
577 212 1
578 212 1
580 212 1
581 212 3
585 212 3
586 212 2
588 212 3
589 212 3
593 212 2
595 212 1
596 212 1
597 212 1
599 212 2
610 212 1
613 212 1
616 212 2
617 212 2
618 212 2
621 212 2
622 212 3
629 212 1
632 212 2
635 212 3
638 212 1
640 212 1
645 212 1
648 212 2
649 212 3
651 212 1
652 212 2
653 212 1
655 212 3
656 212 3
658 212 1
662 212 1
669 212 3
671 212 2
676 212 1
680 212 2
683 212 1
686 212 2
695 212 2
702 212 2
707 212 1
710 212 2
721 212 2
722 212 2
724 212 2
726 212 2
733 212 1
739 212 3
740 212 3
741 212 2
742 212 1
746 212 1
748 212 1
754 212 3
757 212 1
760 212 2
762 212 3
769 212 2
771 212 1
776 212 1
780 212 2
784 212 3
785 212 1
789 212 2
794 212 3
795 212 1
797 212 1
799 212 1
800 212 1
801 212 2
806 212 3
807 212 3
812 212 1
813 212 3
814 212 2
816 212 3
822 212 3
824 212 3
825 212 1
837 212 3
839 212 1
840 212 2
841 212 2
842 212 1
843 212 1
853 212 2
857 212 3
859 212 1
861 212 1
864 212 3
868 212 2
872 212 3
873 212 1
877 212 1
878 212 1
881 212 1
889 212 3
890 212 2
891 212 2
893 212 1
894 212 2
895 212 2
896 212 2
897 212 2
899 212 3
901 212 1
902 212 2
903 212 1
904 212 1
908 212 3
909 212 3
911 212 3
919 212 1
925 212 2
927 212 3
936 212 3
938 212 2
941 212 3
949 212 2
956 212 1
961 212 2
965 212 1
966 212 2
974 212 1
979 212 3
980 212 3
981 212 3
982 212 3
989 212 2
990 212 3
998 212 3
0 213 2
3 213 3
6 213 2
8 213 2
9 213 3
11 213 3
13 213 1
14 213 1
18 213 3
20 213 2
26 213 1
27 213 1
29 213 2
31 213 2
34 213 1
37 213 2
38 213 1
44 213 2
48 213 2
52 213 1
53 213 1
55 213 1
58 213 2
59 213 2
62 213 3
66 213 1
68 213 3
79 213 1
80 213 2
81 213 1
85 213 1
89 213 1
90 213 3
91 213 1
98 213 2
99 213 3
106 213 3
107 213 2
108 213 3
109 213 1
110 213 3
113 213 1
117 213 2
118 213 3
120 213 1
122 213 3
128 213 2
129 213 3
133 213 2
135 213 2
138 213 2
142 213 2
144 213 2
145 213 2
146 213 3
149 213 2
150 213 2
151 213 2
152 213 1
154 213 2
158 213 1
159 213 3
163 213 3
165 213 1
166 213 3
174 213 3
179 213 2
185 213 2
194 213 1
198 213 2
202 213 2
204 213 3
205 213 3
207 213 1
212 213 3
217 213 1
224 213 1
226 213 2
228 213 1
233 213 2
238 213 2
241 213 1
244 213 2
248 213 2
251 213 2
253 213 1
255 213 3
268 213 1
