609 374 2
613 374 2
616 374 1
618 374 2
621 374 2
623 374 3
625 374 2
626 374 3
627 374 2
632 374 1
634 374 2
635 374 2
642 374 1
644 374 1
645 374 3
651 374 1
652 374 1
664 374 1
666 374 1
667 374 2
668 374 2
669 374 3
679 374 1
683 374 2
687 374 1
690 374 3
695 374 2
696 374 2
697 374 2
703 374 2
707 374 2
709 374 2
712 374 1
715 374 2
717 374 1
722 374 2
723 374 1
724 374 3
726 374 2
734 374 1
735 374 2
738 374 1
743 374 1
753 374 2
756 374 1
762 374 1
764 374 1
768 374 2
771 374 2
773 374 2
774 374 3
776 374 1
778 374 1
780 374 3
783 374 2
784 374 2
785 374 2
790 374 1
793 374 2
800 374 2
802 374 3
804 374 3
815 374 1
816 374 1
818 374 1
820 374 3
824 374 2
825 374 1
826 374 3
828 374 1
829 374 2
831 374 1
832 374 1
835 374 2
836 374 3
839 374 1
845 374 2
847 374 1
848 374 3
850 374 3
852 374 1
853 374 2
854 374 3
861 374 3
867 374 2
868 374 1
869 374 1
870 374 1
876 374 3
877 374 1
878 374 3
887 374 2
890 374 1
891 374 2
893 374 3
903 374 1
904 374 2
907 374 1
912 374 3
913 374 2
914 374 3
915 374 2
917 374 1
918 374 3
919 374 2
920 374 3
921 374 3
923 374 1
929 374 1
931 374 2
933 374 2
937 374 1
950 374 2
957 374 2
964 374 1
966 374 1
978 374 1
986 374 3
988 374 2
992 374 3
994 374 1
998 374 1
999 374 1
0 375 3
13 375 1
14 375 3
22 375 3
23 375 2
24 375 3
26 375 2
46 375 3
47 375 2
48 375 1
50 375 2
58 375 1
59 375 1
60 375 3
64 375 3
65 375 1
68 375 3
71 375 1
72 375 2
73 375 2
74 375 1
75 375 3
77 375 1
78 375 2
81 375 2
85 375 1
86 375 2
87 375 3
93 375 1
99 375 1
101 375 3
104 375 1
106 375 3
107 375 1
109 375 2
113 375 3
115 375 3
116 375 3
125 375 3
127 375 3
129 375 2
132 375 1
133 375 3
135 375 3
139 375 2
147 375 1
150 375 2
152 375 1
158 375 2
162 375 2
163 375 2
164 375 1
166 375 1
167 375 3
168 375 1
174 375 1
175 375 3
176 375 3
178 375 1
182 375 3
184 375 1
188 375 2
189 375 1
192 375 2
195 375 1
198 375 1
206 375 1
208 375 1
214 375 1
227 375 2
228 375 3
230 375 1
232 375 1
233 375 1
234 375 3
240 375 1
241 375 3
242 375 1
243 375 1
245 375 3
248 375 2
251 375 1
253 375 3
255 375 3
258 375 2
259 375 3
260 375 1
261 375 2
262 375 2
263 375 2
264 375 3
273 375 2
277 375 2
282 375 3
283 375 1
286 375 3
287 375 1
289 375 1
291 375 2
296 375 3
297 375 3
299 375 3
300 375 3
307 375 2
308 375 1
311 375 2
312 375 3
318 375 1
323 375 3
325 375 1
326 375 2
328 375 2
330 375 3
333 375 1
336 375 1
344 375 3
345 375 3
348 375 3
355 375 2
356 375 3
357 375 1
358 375 3
359 375 1
373 375 3
375 375 3
384 375 2
389 375 3
390 375 3
392 375 2
393 375 1
398 375 3
401 375 2
409 375 3
410 375 3
414 375 3
416 375 3
420 375 3
423 375 2
424 375 3
425 375 3
427 375 3
428 375 2
430 375 2
431 375 3
435 375 3
438 375 3
439 375 3
440 375 3
443 375 1
445 375 1
451 375 2
457 375 2
459 375 1
461 375 1
463 375 2
464 375 2
465 375 2
467 375 1
470 375 3
472 375 2
475 375 3
478 375 2
486 375 1
488 375 2
489 375 3
491 375 2
492 375 2
508 375 2
509 375 1
512 375 1
513 375 1
514 375 3
516 375 3
518 375 3
521 375 3
527 375 2
531 375 1
533 375 3
540 375 3
542 375 3
543 375 2
547 375 1
548 375 3
550 375 1
551 375 2
562 375 1
563 375 3
567 375 1
568 375 2
571 375 2
573 375 2
577 375 3
579 375 1
580 375 1
581 375 3
583 375 2
586 375 2
595 375 1
597 375 3
601 375 1
606 375 3
613 375 2
615 375 3
618 375 3
623 375 1
624 375 1
628 375 2
633 375 1
635 375 1
637 375 2
646 375 3
647 375 2
654 375 1
656 375 3
658 375 2
659 375 3
663 375 1
665 375 1
666 375 2
667 375 1
669 375 2
678 375 1
679 375 3
680 375 1
684 375 1
689 375 1
697 375 2
702 375 3
704 375 3
705 375 1
708 375 3
711 375 3
714 375 2
716 375 1
720 375 3
721 375 3
739 375 3
740 375 3
751 375 1
760 375 3
763 375 2
768 375 2
784 375 1
785 375 2
792 375 1
795 375 1
802 375 1
809 375 1
813 375 2
814 375 1
816 375 3
818 375 1
820 375 1
823 375 1
829 375 1
831 375 1
832 375 3
833 375 3
834 375 2
838 375 3
839 375 3
841 375 1
844 375 2
845 375 2
847 375 3
851 375 2
852 375 1
854 375 3
855 375 3
857 375 2
858 375 1
867 375 3
874 375 3
876 375 3
877 375 1
878 375 2
881 375 1
885 375 3
889 375 3
891 375 3
896 375 3
899 375 3
906 375 2
911 375 3
912 375 1
913 375 2
919 375 2
923 375 2
929 375 1
931 375 3
934 375 1
936 375 1
940 375 2
945 375 3
946 375 2
953 375 2
961 375 2
966 375 3
967 375 1
969 375 2
970 375 1
971 375 2
975 375 1
981 375 1
982 375 2
983 375 1
987 375 2
990 375 2
991 375 3
992 375 2
994 375 3
997 375 3
998 375 2
1 376 1
4 376 2
6 376 1
7 376 1
9 376 2
12 376 2
18 376 3
20 376 3
21 376 2
25 376 2
26 376 2
30 376 1
31 376 1
34 376 3
35 376 2
39 376 3
46 376 3
47 376 3
48 376 1
49 376 1
50 376 3
51 376 1
52 376 2
59 376 1
62 376 1
70 376 2
73 376 3
75 376 3
77 376 2
78 376 2
83 376 3
84 376 1
86 376 1
88 376 1
90 376 1
91 376 2
93 376 2
94 376 3
95 376 2
99 376 3
100 376 2
104 376 2
106 376 2
107 376 2
111 376 3
112 376 2
116 376 1
120 376 2
122 376 2
124 376 2
126 376 3
127 376 2
129 376 1
130 376 2
132 376 1
133 376 1
135 376 2
138 376 2
140 376 1
141 376 1
143 376 3
146 376 3
147 376 1
150 376 2
152 376 3
155 376 3
162 376 2
163 376 3
166 376 1
167 376 1
169 376 2
173 376 3
181 376 3
183 376 1
185 376 2
188 376 2
192 376 2
193 376 1
199 376 3
200 376 2
213 376 3
215 376 3
216 376 2
217 376 1
219 376 3
220 376 2
221 376 1
224 376 2
231 376 3
242 376 3
243 376 2
244 376 2
246 376 3
247 376 2
251 376 3
254 376 3
255 376 3
256 376 1
257 376 2
261 376 1
262 376 2
263 376 1
264 376 1
265 376 3
266 376 2
269 376 1
270 376 3
273 376 3
277 376 2
280 376 3
282 376 3
285 376 1
287 376 3
294 376 1
296 376 3
297 376 2
300 376 2
303 376 2
304 376 1
306 376 2
308 376 2
309 376 3
311 376 3
315 376 1
316 376 1
328 376 2
330 376 1
341 376 1
344 376 3
346 376 2
350 376 1
351 376 2
357 376 1
358 376 1
359 376 3
363 376 3
365 376 3
366 376 2
368 376 2
370 376 3
378 376 2
381 376 2
383 376 1
389 376 3
390 376 1
391 376 2
392 376 2
394 376 1
396 376 2
398 376 2
399 376 2
400 376 3
407 376 1
410 376 1
411 376 1
414 376 3
416 376 1
418 376 2
423 376 1
425 376 3
428 376 1
431 376 2
433 376 1
436 376 2
437 376 1
441 376 3
448 376 3
449 376 2
456 376 3
462 376 3
464 376 1
475 376 3
479 376 3
481 376 2
482 376 1
488 376 1
489 376 2
490 376 3
499 376 3
505 376 2
507 376 3
512 376 3
515 376 1
518 376 1
521 376 3
526 376 1
530 376 2
531 376 3
533 376 2
538 376 3
542 376 3
544 376 1
550 376 2
551 376 1
554 376 1
562 376 2
567 376 3
569 376 2
571 376 3
577 376 1
579 376 2
583 376 2
585 376 2
586 376 3
594 376 3
598 376 1
602 376 1
603 376 1
604 376 1
606 376 3
608 376 3
610 376 3
611 376 2
614 376 1
616 376 1
619 376 3
623 376 3
624 376 3
626 376 2
628 376 2
630 376 2
633 376 3
634 376 3
635 376 2
640 376 2
642 376 3
646 376 1
657 376 1
663 376 1
666 376 2
