625 398 2
632 398 1
634 398 1
636 398 2
637 398 1
641 398 2
647 398 3
651 398 3
654 398 2
655 398 1
658 398 3
660 398 2
661 398 2
662 398 3
664 398 2
665 398 1
671 398 2
672 398 3
673 398 1
677 398 3
678 398 3
679 398 1
680 398 3
681 398 1
684 398 1
685 398 2
687 398 2
691 398 2
694 398 3
699 398 1
701 398 3
703 398 2
704 398 3
710 398 2
712 398 3
713 398 3
714 398 2
715 398 3
720 398 2
724 398 2
731 398 2
738 398 1
739 398 2
740 398 3
741 398 3
746 398 3
749 398 3
750 398 1
751 398 1
757 398 3
759 398 1
760 398 1
761 398 3
764 398 3
770 398 2
778 398 1
786 398 3
788 398 2
793 398 2
794 398 1
795 398 3
796 398 1
808 398 2
811 398 3
815 398 3
818 398 3
822 398 3
823 398 1
826 398 3
827 398 2
829 398 1
831 398 2
832 398 2
837 398 2
840 398 3
845 398 3
846 398 1
850 398 1
851 398 1
855 398 2
857 398 2
858 398 2
859 398 1
862 398 3
866 398 3
870 398 3
873 398 1
874 398 1
875 398 1
877 398 2
878 398 3
880 398 2
881 398 2
890 398 1
891 398 2
893 398 2
895 398 3
905 398 1
908 398 2
912 398 3
914 398 1
920 398 1
922 398 1
923 398 1
924 398 1
926 398 2
929 398 2
930 398 3
931 398 3
938 398 3
941 398 1
942 398 3
944 398 2
945 398 3
950 398 3
954 398 3
958 398 1
962 398 2
964 398 2
967 398 3
970 398 1
971 398 3
977 398 2
982 398 3
984 398 3
985 398 1
988 398 1
989 398 1
995 398 2
996 398 2
997 398 3
998 398 1
0 399 2
2 399 2
3 399 1
14 399 3
17 399 3
21 399 3
22 399 1
23 399 1
25 399 2
30 399 1
31 399 1
35 399 1
36 399 2
37 399 1
38 399 2
44 399 3
46 399 3
50 399 2
51 399 3
52 399 1
53 399 3
54 399 3
59 399 3
61 399 2
62 399 1
63 399 1
67 399 2
68 399 2
72 399 2
73 399 3
76 399 3
83 399 1
85 399 1
86 399 3
91 399 1
94 399 3
99 399 1
100 399 3
101 399 3
105 399 3
109 399 2
114 399 1
115 399 1
118 399 1
120 399 3
121 399 2
125 399 2
126 399 1
138 399 2
139 399 2
147 399 1
150 399 3
153 399 3
161 399 2
169 399 3
170 399 1
176 399 1
179 399 3
183 399 1
185 399 2
191 399 2
193 399 3
197 399 3
200 399 2
203 399 3
206 399 2
213 399 2
214 399 1
215 399 3
217 399 3
223 399 3
224 399 1
226 399 3
232 399 1
233 399 3
239 399 2
240 399 2
244 399 2
245 399 2
247 399 2
248 399 3
253 399 1
254 399 1
256 399 3
262 399 3
263 399 1
266 399 1
267 399 3
268 399 1
270 399 2
271 399 1
272 399 1
277 399 3
280 399 2
284 399 3
286 399 1
288 399 3
294 399 3
295 399 3
304 399 3
305 399 3
306 399 1
308 399 1
314 399 3
315 399 2
319 399 3
324 399 3
325 399 2
334 399 1
340 399 1
342 399 3
343 399 2
345 399 2
347 399 3
352 399 1
354 399 2
360 399 1
361 399 1
362 399 1
365 399 3
366 399 1
372 399 1
373 399 1
376 399 1
378 399 1
379 399 1
382 399 1
388 399 3
394 399 3
398 399 3
399 399 1
400 399 1
403 399 2
410 399 3
411 399 1
414 399 1
416 399 2
418 399 3
419 399 1
424 399 3
433 399 1
436 399 2
440 399 1
441 399 2
443 399 2
444 399 2
451 399 2
454 399 2
458 399 2
462 399 3
466 399 3
468 399 2
469 399 2
470 399 3
471 399 1
473 399 2
478 399 2
481 399 2
483 399 1
495 399 2
497 399 2
501 399 1
505 399 1
507 399 2
512 399 1
517 399 3
524 399 1
527 399 3
528 399 3
530 399 3
532 399 3
541 399 3
543 399 2
546 399 1
548 399 3
554 399 2
555 399 1
558 399 1
559 399 3
563 399 3
564 399 3
565 399 2
581 399 2
583 399 3
585 399 3
586 399 1
587 399 3
588 399 2
590 399 2
593 399 2
603 399 1
604 399 3
608 399 2
609 399 2
610 399 1
614 399 3
615 399 1
621 399 1
622 399 2
623 399 1
627 399 3
628 399 1
633 399 1
635 399 3
636 399 3
639 399 1
641 399 1
643 399 2
645 399 2
646 399 3
647 399 3
650 399 1
653 399 1
663 399 3
664 399 2
667 399 1
672 399 2
678 399 1
686 399 3
692 399 2
696 399 3
697 399 3
698 399 3
716 399 3
718 399 1
720 399 3
721 399 2
723 399 2
724 399 3
725 399 3
728 399 3
731 399 2
732 399 2
743 399 2
748 399 3
751 399 3
755 399 1
765 399 3
767 399 3
769 399 3
780 399 1
789 399 1
792 399 1
811 399 1
817 399 1
821 399 2
822 399 1
829 399 3
831 399 1
832 399 2
833 399 3
837 399 1
838 399 1
839 399 2
841 399 2
845 399 1
846 399 2
850 399 2
852 399 3
854 399 1
856 399 1
859 399 2
861 399 3
873 399 1
892 399 2
894 399 1
898 399 1
903 399 1
904 399 3
907 399 3
909 399 1
910 399 1
915 399 1
924 399 1
925 399 3
933 399 3
934 399 3
940 399 1
941 399 3
942 399 3
943 399 3
948 399 3
949 399 1
959 399 2
960 399 3
962 399 3
963 399 2
966 399 1
967 399 2
968 399 3
972 399 3
973 399 2
981 399 1
985 399 1
988 399 2
989 399 3
999 399 3
0 400 1
3 400 2
15 400 1
20 400 3
21 400 3
23 400 3
24 400 1
29 400 3
30 400 1
31 400 3
32 400 2
35 400 3
36 400 2
39 400 2
42 400 2
48 400 2
51 400 1
53 400 3
55 400 2
58 400 3
59 400 2
61 400 2
66 400 3
67 400 3
72 400 3
73 400 1
74 400 2
76 400 3
77 400 1
82 400 3
83 400 3
84 400 1
85 400 1
86 400 1
88 400 3
90 400 3
97 400 1
99 400 3
102 400 1
103 400 3
104 400 2
107 400 3
113 400 3
116 400 3
117 400 2
118 400 2
120 400 1
124 400 1
127 400 1
132 400 1
137 400 3
142 400 2
145 400 3
146 400 2
147 400 2
149 400 3
150 400 1
152 400 2
155 400 3
157 400 1
162 400 3
165 400 3
168 400 1
170 400 1
175 400 1
177 400 1
178 400 1
179 400 1
180 400 1
183 400 1
184 400 2
186 400 1
187 400 3
190 400 2
193 400 3
195 400 2
199 400 3
200 400 2
201 400 2
202 400 1
203 400 3
206 400 2
212 400 1
215 400 3
216 400 1
217 400 3
223 400 3
227 400 1
230 400 2
231 400 3
232 400 3
234 400 2
235 400 1
236 400 1
241 400 2
246 400 3
247 400 3
252 400 1
253 400 2
259 400 3
264 400 1
266 400 1
270 400 1
271 400 2
272 400 1
275 400 3
276 400 1
277 400 2
278 400 1
280 400 1
288 400 1
291 400 1
293 400 1
294 400 1
295 400 3
299 400 1
305 400 3
316 400 1
318 400 3
319 400 2
326 400 2
328 400 2
332 400 1
333 400 1
334 400 3
338 400 3
340 400 2
345 400 3
347 400 1
348 400 3
350 400 1
351 400 2
357 400 3
359 400 1
360 400 2
361 400 3
363 400 1
366 400 3
371 400 1
372 400 1
373 400 1
375 400 2
376 400 3
381 400 3
393 400 3
404 400 1
411 400 2
418 400 1
419 400 1
420 400 1
424 400 1
430 400 3
433 400 1
436 400 1
438 400 2
439 400 2
443 400 2
444 400 3
451 400 1
452 400 3
455 400 3
460 400 1
461 400 1
467 400 2
468 400 1
471 400 3
472 400 3
478 400 3
479 400 3
483 400 3
485 400 2
487 400 3
491 400 2
496 400 1
497 400 3
499 400 2
500 400 2
506 400 3
510 400 3
517 400 2
522 400 2
523 400 2
525 400 2
527 400 2
531 400 2
534 400 2
539 400 2
540 400 3
542 400 2
550 400 1
551 400 3
553 400 2
555 400 3
556 400 2
558 400 2
560 400 3
565 400 1
574 400 1
577 400 2
578 400 1
580 400 3
587 400 1
589 400 1
591 400 2
597 400 2
598 400 1
603 400 1
605 400 3
610 400 2
612 400 3
617 400 2
618 400 3
619 400 3
620 400 1
621 400 2
624 400 3
626 400 2
628 400 3
629 400 2
632 400 2
633 400 2
643 400 2
646 400 3
649 400 2
650 400 1
652 400 2
655 400 3
658 400 2
661 400 3
664 400 1
669 400 1
670 400 1
672 400 2
674 400 2
676 400 2
677 400 1
678 400 1
