693 165 1
697 165 2
702 165 3
703 165 3
705 165 1
707 165 3
711 165 3
713 165 3
717 165 3
721 165 3
723 165 3
727 165 2
729 165 2
730 165 3
735 165 2
736 165 2
740 165 3
741 165 1
742 165 2
746 165 1
748 165 1
752 165 1
754 165 3
756 165 1
759 165 1
762 165 1
763 165 1
766 165 3
767 165 3
768 165 3
769 165 3
770 165 1
771 165 1
772 165 1
775 165 3
776 165 2
777 165 3
779 165 3
780 165 3
783 165 3
785 165 3
789 165 3
797 165 3
799 165 2
801 165 2
802 165 1
804 165 2
806 165 1
808 165 3
809 165 3
814 165 3
817 165 2
818 165 1
819 165 1
821 165 3
823 165 3
827 165 2
828 165 1
829 165 3
839 165 1
840 165 1
841 165 3
845 165 1
852 165 2
853 165 2
858 165 1
860 165 3
862 165 3
871 165 3
875 165 1
878 165 3
879 165 3
880 165 2
881 165 2
882 165 2
884 165 1
885 165 3
891 165 2
892 165 2
895 165 2
898 165 2
900 165 1
905 165 3
906 165 3
907 165 1
912 165 2
917 165 1
919 165 2
922 165 3
927 165 2
928 165 1
932 165 3
935 165 3
937 165 2
938 165 1
939 165 3
945 165 1
946 165 2
949 165 2
951 165 1
953 165 3
956 165 1
958 165 2
960 165 2
963 165 2
965 165 2
967 165 1
974 165 2
975 165 2
979 165 3
982 165 2
983 165 1
985 165 3
994 165 3
996 165 1
0 166 1
2 166 1
4 166 2
8 166 1
9 166 2
11 166 2
14 166 3
31 166 3
32 166 1
33 166 2
35 166 3
41 166 2
44 166 3
46 166 1
48 166 3
50 166 3
51 166 3
53 166 3
60 166 1
63 166 1
67 166 2
68 166 2
74 166 1
75 166 1
76 166 2
79 166 3
84 166 3
85 166 2
86 166 2
88 166 2
89 166 3
90 166 1
91 166 1
92 166 1
95 166 1
99 166 1
100 166 1
101 166 1
111 166 3
112 166 3
113 166 2
115 166 3
117 166 2
121 166 3
125 166 1
126 166 2
128 166 3
129 166 3
133 166 2
139 166 1
143 166 2
144 166 3
147 166 2
150 166 3
151 166 1
153 166 3
154 166 1
156 166 3
157 166 3
160 166 3
162 166 3
163 166 1
164 166 2
165 166 3
166 166 1
171 166 2
174 166 2
176 166 2
182 166 3
183 166 3
185 166 2
187 166 1
191 166 2
192 166 3
197 166 3
204 166 1
208 166 1
213 166 3
215 166 1
216 166 1
217 166 3
223 166 1
228 166 1
233 166 1
241 166 2
253 166 1
256 166 3
261 166 2
263 166 3
264 166 2
265 166 2
268 166 3
269 166 1
275 166 1
276 166 3
277 166 1
280 166 2
284 166 3
286 166 1
287 166 1
288 166 2
298 166 1
301 166 1
305 166 3
308 166 3
309 166 3
310 166 2
311 166 3
312 166 1
313 166 1
317 166 3
318 166 1
320 166 3
328 166 2
329 166 2
332 166 3
333 166 2
335 166 1
339 166 1
342 166 3
343 166 1
345 166 3
347 166 3
348 166 3
352 166 1
353 166 1
357 166 1
358 166 3
361 166 3
363 166 1
366 166 2
370 166 3
373 166 1
378 166 1
381 166 3
384 166 1
385 166 3
388 166 2
391 166 1
392 166 1
407 166 2
408 166 2
412 166 3
413 166 3
414 166 2
415 166 3
417 166 2
420 166 3
421 166 3
422 166 1
424 166 3
429 166 1
434 166 1
439 166 2
440 166 3
444 166 2
452 166 1
458 166 2
461 166 3
463 166 1
464 166 1
468 166 1
469 166 2
470 166 2
472 166 1
474 166 2
482 166 1
485 166 1
489 166 3
493 166 3
497 166 2
503 166 2
504 166 1
506 166 3
507 166 3
508 166 3
509 166 2
510 166 2
516 166 2
525 166 2
527 166 3
530 166 3
532 166 1
535 166 3
536 166 1
539 166 2
540 166 1
543 166 1
545 166 2
548 166 1
549 166 3
552 166 3
553 166 1
557 166 1
558 166 1
563 166 1
564 166 2
565 166 3
567 166 3
568 166 3
570 166 3
575 166 1
576 166 3
578 166 3
586 166 2
590 166 2
593 166 3
595 166 3
601 166 1
603 166 2
609 166 3
611 166 3
616 166 1
617 166 2
618 166 2
621 166 1
622 166 2
625 166 1
626 166 3
632 166 1
636 166 3
637 166 2
641 166 3
642 166 1
647 166 3
648 166 2
649 166 1
650 166 2
656 166 1
660 166 3
662 166 3
665 166 3
667 166 1
669 166 2
672 166 1
675 166 2
676 166 1
678 166 2
682 166 2
683 166 1
686 166 2
688 166 3
692 166 3
693 166 1
700 166 2
702 166 2
706 166 2
712 166 3
713 166 1
714 166 3
715 166 2
716 166 1
718 166 1
720 166 2
721 166 2
725 166 1
726 166 3
730 166 3
732 166 1
734 166 1
741 166 1
744 166 3
750 166 1
752 166 2
755 166 3
759 166 1
761 166 3
762 166 2
765 166 3
774 166 2
775 166 2
780 166 3
782 166 2
784 166 3
788 166 2
791 166 3
793 166 3
796 166 1
797 166 1
801 166 3
803 166 3
806 166 1
808 166 2
810 166 2
812 166 2
815 166 3
818 166 1
823 166 3
824 166 3
825 166 1
826 166 2
827 166 2
829 166 3
830 166 2
834 166 2
842 166 1
844 166 2
846 166 1
852 166 2
855 166 3
856 166 1
857 166 2
862 166 2
865 166 1
870 166 2
871 166 2
872 166 2
874 166 2
878 166 3
879 166 1
884 166 2
887 166 1
895 166 1
900 166 3
901 166 3
902 166 1
903 166 3
904 166 2
906 166 3
907 166 3
912 166 3
914 166 1
918 166 1
919 166 2
922 166 3
925 166 2
929 166 2
931 166 1
932 166 2
934 166 1
935 166 3
936 166 1
937 166 1
938 166 1
942 166 1
944 166 3
948 166 2
953 166 2
956 166 2
957 166 2
958 166 1
961 166 2
963 166 1
966 166 1
970 166 2
976 166 2
977 166 3
982 166 1
983 166 3
985 166 1
992 166 1
996 166 1
997 166 2
999 166 3
2 167 2
3 167 2
6 167 3
8 167 2
9 167 1
10 167 3
11 167 1
13 167 1
15 167 3
22 167 1
24 167 1
26 167 2
28 167 1
29 167 1
31 167 2
33 167 2
36 167 3
38 167 1
41 167 1
45 167 3
49 167 2
54 167 2
55 167 1
57 167 2
58 167 2
60 167 2
62 167 3
65 167 1
66 167 2
69 167 1
74 167 2
75 167 3
77 167 3
79 167 2
80 167 3
85 167 3
88 167 1
92 167 2
96 167 1
100 167 2
102 167 3
106 167 1
107 167 2
108 167 3
112 167 3
115 167 3
120 167 2
121 167 1
126 167 1
130 167 2
140 167 1
142 167 3
145 167 1
150 167 2
152 167 3
153 167 3
161 167 3
165 167 3
173 167 2
179 167 1
180 167 1
185 167 2
187 167 3
189 167 2
191 167 3
192 167 3
198 167 1
199 167 1
203 167 3
204 167 3
205 167 3
206 167 2
207 167 3
208 167 3
210 167 1
224 167 2
228 167 1
233 167 2
236 167 2
240 167 1
241 167 3
254 167 2
257 167 1
258 167 1
262 167 1
271 167 3
275 167 1
280 167 3
281 167 1
283 167 3
286 167 2
290 167 3
291 167 3
296 167 2
297 167 3
302 167 3
305 167 1
308 167 3
313 167 2
315 167 2
316 167 1
318 167 2
319 167 2
322 167 3
323 167 1
328 167 2
330 167 3
338 167 3
340 167 3
342 167 2
346 167 1
349 167 1
350 167 2
351 167 2
353 167 1
363 167 2
364 167 1
365 167 3
368 167 1
374 167 3
378 167 2
379 167 3
381 167 3
383 167 2
388 167 1
389 167 1
393 167 2
396 167 3
398 167 3
402 167 3
404 167 1
405 167 1
407 167 3
408 167 1
410 167 2
414 167 2
418 167 2
421 167 2
422 167 1
424 167 2
425 167 3
427 167 2
432 167 3
434 167 2
438 167 3
442 167 3
444 167 3
449 167 1
454 167 3
456 167 2
458 167 3
459 167 1
460 167 3
461 167 3
463 167 2
466 167 3
468 167 1
473 167 3
474 167 2
478 167 1
479 167 2
487 167 1
489 167 2
496 167 2
498 167 1
504 167 2
505 167 1
508 167 1
513 167 3
515 167 2
518 167 3
521 167 2
524 167 3
528 167 2
530 167 1
532 167 1
533 167 2
537 167 1
538 167 2
540 167 3
543 167 1
544 167 1
547 167 2
551 167 2
556 167 3
567 167 3
575 167 3
581 167 1
582 167 2
586 167 1
597 167 3
600 167 2
602 167 2
603 167 2
604 167 2
606 167 3
608 167 1
