218 544 2
220 544 1
222 544 1
227 544 2
229 544 1
233 544 1
235 544 1
239 544 1
242 544 3
244 544 2
248 544 1
257 544 1
259 544 3
265 544 1
269 544 1
272 544 3
273 544 2
275 544 1
276 544 1
279 544 1
281 544 2
282 544 2
283 544 2
284 544 3
285 544 2
287 544 1
288 544 1
291 544 1
292 544 3
293 544 2
298 544 3
299 544 3
300 544 2
301 544 1
302 544 3
310 544 2
314 544 1
316 544 3
320 544 1
321 544 3
322 544 3
323 544 3
325 544 1
327 544 1
328 544 1
329 544 2
330 544 3
334 544 2
338 544 3
339 544 3
340 544 3
342 544 2
344 544 3
346 544 1
350 544 3
354 544 2
355 544 1
357 544 2
360 544 1
368 544 3
373 544 3
374 544 1
375 544 1
378 544 2
380 544 1
381 544 3
382 544 3
385 544 3
395 544 1
396 544 1
399 544 2
402 544 3
404 544 2
407 544 3
408 544 2
413 544 2
414 544 3
415 544 3
417 544 3
418 544 2
420 544 2
421 544 2
424 544 1
430 544 1
432 544 3
437 544 3
439 544 3
440 544 3
446 544 1
454 544 3
455 544 2
456 544 2
460 544 2
462 544 3
469 544 1
474 544 2
476 544 2
479 544 1
483 544 2
485 544 2
488 544 3
493 544 2
494 544 1
496 544 2
498 544 3
505 544 2
506 544 3
509 544 1
513 544 1
516 544 1
517 544 2
519 544 1
520 544 1
521 544 3
523 544 3
526 544 3
530 544 1
532 544 1
533 544 3
534 544 3
536 544 1
537 544 2
540 544 2
545 544 1
548 544 3
550 544 2
551 544 2
555 544 3
556 544 3
558 544 2
560 544 1
561 544 2
562 544 3
566 544 2
568 544 3
570 544 3
571 544 2
572 544 1
573 544 3
577 544 1
581 544 2
583 544 1
585 544 2
587 544 1
591 544 3
596 544 2
597 544 3
599 544 3
600 544 1
602 544 1
603 544 2
604 544 2
607 544 1
613 544 2
620 544 2
623 544 2
628 544 3
630 544 1
631 544 2
633 544 3
640 544 1
647 544 1
649 544 1
653 544 3
654 544 3
658 544 1
661 544 3
671 544 3
679 544 3
684 544 2
685 544 1
686 544 3
687 544 1
692 544 3
693 544 3
696 544 2
698 544 2
699 544 2
708 544 2
719 544 2
720 544 2
723 544 3
731 544 2
732 544 3
733 544 1
735 544 2
737 544 2
741 544 2
743 544 3
744 544 3
745 544 1
747 544 1
749 544 1
750 544 3
751 544 2
752 544 2
754 544 3
757 544 3
762 544 1
768 544 2
774 544 1
778 544 2
779 544 2
783 544 2
784 544 1
785 544 2
789 544 2
791 544 1
796 544 3
797 544 3
798 544 3
803 544 1
804 544 3
805 544 3
808 544 1
810 544 3
812 544 1
814 544 1
815 544 1
826 544 2
832 544 2
833 544 2
834 544 2
835 544 1
836 544 2
842 544 3
843 544 1
855 544 1
856 544 3
859 544 3
873 544 3
881 544 3
882 544 3
885 544 1
887 544 1
888 544 2
896 544 2
898 544 3
899 544 1
904 544 3
908 544 3
913 544 2
914 544 3
923 544 3
927 544 2
930 544 2
935 544 1
936 544 3
939 544 2
946 544 3
947 544 3
949 544 1
954 544 2
957 544 1
958 544 1
960 544 3
962 544 3
967 544 2
968 544 3
969 544 3
974 544 3
977 544 3
980 544 3
983 544 2
988 544 2
990 544 2
998 544 2
7 545 1
12 545 1
16 545 1
17 545 1
21 545 3
26 545 2
27 545 1
33 545 1
37 545 1
39 545 2
42 545 3
55 545 1
56 545 3
57 545 1
58 545 3
61 545 3
63 545 2
65 545 3
68 545 2
70 545 3
72 545 2
74 545 3
76 545 2
79 545 2
81 545 1
82 545 2
89 545 2
99 545 1
111 545 1
112 545 2
116 545 2
121 545 1
125 545 2
132 545 2
134 545 3
136 545 3
137 545 3
141 545 1
145 545 2
153 545 2
157 545 2
160 545 1
165 545 3
168 545 1
169 545 3
171 545 2
172 545 3
174 545 2
175 545 1
182 545 2
183 545 1
187 545 3
188 545 1
190 545 2
192 545 1
197 545 2
199 545 1
202 545 1
203 545 3
206 545 1
216 545 2
218 545 1
220 545 3
221 545 2
229 545 2
230 545 3
236 545 2
237 545 3
239 545 1
241 545 1
243 545 1
248 545 3
251 545 2
258 545 3
261 545 2
263 545 2
275 545 2
278 545 1
279 545 3
282 545 2
283 545 2
291 545 2
292 545 3
295 545 1
300 545 1
301 545 3
302 545 1
304 545 1
305 545 3
306 545 1
307 545 1
308 545 3
314 545 1
315 545 3
321 545 1
326 545 2
327 545 2
330 545 3
333 545 3
339 545 2
340 545 3
345 545 2
349 545 2
355 545 3
356 545 2
360 545 1
363 545 2
375 545 2
379 545 3
380 545 2
381 545 1
383 545 2
384 545 1
385 545 3
387 545 1
388 545 3
389 545 2
390 545 1
391 545 3
393 545 2
398 545 1
399 545 3
407 545 1
410 545 3
411 545 2
414 545 1
415 545 3
420 545 2
421 545 3
432 545 1
435 545 1
439 545 2
440 545 2
442 545 1
454 545 3
455 545 3
457 545 2
460 545 3
461 545 1
462 545 1
467 545 3
472 545 2
474 545 3
475 545 2
480 545 1
481 545 1
482 545 2
483 545 3
486 545 1
491 545 3
492 545 2
493 545 2
494 545 2
502 545 2
503 545 1
504 545 3
509 545 3
512 545 2
516 545 1
519 545 2
520 545 1
525 545 3
527 545 2
528 545 2
535 545 1
536 545 3
543 545 1
544 545 2
546 545 1
550 545 3
554 545 3
559 545 2
563 545 1
564 545 3
565 545 2
566 545 1
567 545 1
569 545 2
574 545 2
575 545 3
576 545 2
578 545 3
579 545 2
582 545 1
585 545 1
586 545 3
589 545 1
594 545 2
599 545 2
600 545 3
601 545 3
604 545 1
605 545 1
606 545 2
607 545 1
611 545 3
613 545 3
616 545 2
617 545 2
621 545 1
622 545 1
623 545 3
625 545 1
628 545 3
630 545 1
631 545 3
632 545 1
636 545 2
639 545 1
641 545 3
642 545 1
643 545 3
645 545 3
648 545 1
653 545 1
655 545 2
656 545 2
657 545 1
659 545 1
661 545 2
665 545 2
679 545 2
683 545 2
684 545 1
689 545 1
693 545 2
694 545 1
695 545 1
696 545 3
702 545 3
703 545 2
711 545 2
713 545 2
722 545 2
725 545 2
726 545 2
730 545 1
733 545 3
736 545 3
740 545 2
743 545 2
747 545 3
748 545 1
755 545 3
758 545 2
761 545 2
771 545 1
773 545 3
780 545 2
782 545 2
786 545 3
789 545 3
791 545 1
796 545 3
799 545 2
800 545 2
807 545 1
813 545 2
821 545 3
823 545 2
824 545 1
825 545 1
835 545 3
836 545 3
843 545 3
847 545 2
849 545 1
852 545 2
855 545 1
858 545 2
867 545 2
868 545 3
869 545 3
871 545 2
873 545 2
882 545 3
887 545 1
890 545 2
892 545 3
904 545 3
905 545 2
906 545 2
911 545 3
913 545 2
915 545 2
921 545 1
927 545 1
933 545 1
939 545 3
940 545 3
941 545 3
946 545 2
948 545 1
950 545 1
952 545 2
953 545 2
955 545 1
957 545 1
960 545 3
962 545 1
964 545 2
965 545 3
971 545 2
975 545 3
976 545 2
981 545 1
982 545 3
987 545 1
992 545 2
993 545 1
995 545 2
996 545 2
997 545 3
998 545 1
1 546 1
5 546 2
7 546 3
9 546 2
17 546 1
19 546 3
20 546 3
21 546 1
25 546 3
26 546 3
30 546 2
32 546 3
34 546 1
40 546 2
47 546 1
50 546 1
52 546 2
53 546 1
55 546 3
58 546 1
67 546 1
69 546 3
73 546 1
76 546 3
79 546 3
81 546 1
88 546 2
90 546 3
91 546 3
92 546 1
94 546 1
98 546 2
106 546 2
110 546 3
111 546 3
116 546 1
117 546 2
124 546 2
125 546 1
129 546 3
131 546 1
139 546 3
141 546 1
142 546 1
143 546 3
145 546 3
146 546 1
150 546 1
152 546 3
155 546 3
159 546 1
160 546 1
162 546 2
163 546 2
168 546 1
171 546 3
180 546 2
185 546 1
188 546 2
189 546 1
192 546 3
195 546 2
200 546 1
205 546 1
209 546 2
213 546 1
214 546 3
217 546 1
220 546 1
221 546 2
226 546 1
229 546 2
231 546 1
234 546 2
236 546 2
237 546 1
244 546 3
245 546 2
246 546 2
255 546 3
259 546 3
260 546 1
264 546 2
265 546 2
266 546 3
