595 676 2
599 676 1
604 676 1
608 676 2
611 676 1
615 676 2
619 676 3
620 676 3
628 676 1
629 676 2
630 676 1
631 676 1
634 676 2
635 676 1
637 676 2
639 676 2
642 676 2
644 676 3
650 676 3
657 676 2
668 676 3
669 676 1
676 676 1
684 676 2
685 676 3
689 676 2
690 676 3
691 676 3
698 676 1
701 676 1
702 676 1
705 676 3
708 676 3
712 676 1
713 676 2
716 676 3
721 676 1
727 676 1
728 676 1
730 676 3
732 676 2
734 676 2
735 676 2
737 676 2
739 676 2
741 676 1
742 676 1
744 676 1
745 676 1
747 676 1
751 676 2
766 676 1
769 676 2
770 676 2
771 676 1
773 676 1
779 676 3
781 676 1
783 676 3
785 676 3
786 676 2
787 676 2
795 676 3
798 676 1
800 676 2
801 676 2
807 676 1
810 676 1
814 676 1
817 676 2
819 676 1
828 676 3
834 676 3
835 676 3
838 676 1
839 676 1
842 676 2
843 676 2
846 676 1
847 676 2
852 676 2
853 676 3
856 676 2
860 676 3
861 676 2
866 676 2
868 676 1
871 676 2
872 676 3
874 676 2
881 676 2
884 676 1
886 676 2
893 676 3
895 676 3
900 676 3
902 676 1
903 676 2
904 676 3
905 676 2
907 676 2
912 676 2
915 676 3
924 676 2
928 676 2
934 676 1
935 676 1
938 676 2
939 676 2
945 676 1
950 676 3
962 676 2
963 676 2
964 676 2
967 676 2
969 676 3
978 676 2
979 676 3
980 676 2
981 676 2
983 676 1
984 676 2
987 676 3
988 676 2
991 676 3
993 676 1
995 676 3
996 676 1
998 676 2
6 677 3
12 677 1
13 677 3
14 677 2
16 677 3
17 677 2
18 677 3
20 677 2
28 677 2
34 677 1
36 677 3
37 677 3
38 677 1
39 677 2
42 677 3
43 677 1
45 677 1
46 677 2
49 677 3
67 677 1
70 677 1
73 677 2
79 677 2
81 677 2
83 677 1
84 677 3
85 677 2
87 677 3
89 677 1
90 677 3
95 677 1
99 677 2
100 677 3
101 677 1
104 677 2
109 677 3
113 677 1
116 677 2
121 677 1
123 677 1
124 677 2
126 677 1
128 677 2
130 677 1
141 677 3
142 677 1
144 677 1
147 677 2
148 677 3
149 677 2
151 677 1
154 677 1
156 677 1
159 677 1
167 677 3
168 677 1
171 677 2
174 677 1
182 677 1
185 677 1
186 677 3
187 677 3
188 677 1
190 677 3
191 677 3
193 677 3
197 677 3
203 677 2
204 677 1
211 677 1
212 677 3
213 677 3
214 677 2
221 677 3
228 677 3
231 677 1
234 677 2
236 677 2
241 677 1
242 677 3
244 677 3
245 677 1
249 677 3
251 677 1
253 677 1
254 677 3
258 677 1
261 677 1
262 677 3
265 677 3
273 677 1
279 677 2
280 677 2
288 677 1
292 677 1
295 677 3
296 677 2
297 677 2
299 677 2
302 677 2
303 677 3
304 677 2
307 677 1
309 677 3
311 677 3
312 677 2
313 677 1
314 677 1
315 677 1
316 677 2
319 677 1
322 677 1
323 677 3
328 677 1
329 677 1
334 677 2
335 677 3
336 677 1
337 677 1
338 677 1
341 677 1
345 677 1
350 677 3
351 677 3
354 677 2
356 677 1
357 677 2
363 677 3
367 677 1
368 677 1
370 677 3
372 677 2
385 677 1
389 677 3
390 677 1
392 677 1
395 677 2
396 677 1
398 677 3
401 677 3
405 677 2
411 677 2
412 677 3
417 677 1
422 677 1
425 677 3
426 677 2
431 677 3
437 677 3
440 677 2
442 677 1
445 677 2
450 677 2
455 677 3
456 677 2
458 677 2
461 677 3
462 677 1
466 677 1
467 677 2
473 677 1
478 677 3
479 677 1
482 677 1
485 677 2
486 677 3
487 677 1
489 677 3
492 677 3
493 677 1
496 677 3
497 677 2
498 677 3
499 677 1
501 677 3
503 677 2
504 677 1
505 677 2
510 677 3
511 677 1
512 677 1
513 677 3
514 677 1
515 677 1
521 677 2
522 677 2
523 677 1
527 677 2
528 677 2
529 677 3
530 677 1
531 677 2
537 677 1
547 677 1
550 677 3
552 677 3
559 677 1
560 677 1
561 677 2
564 677 1
569 677 1
572 677 2
574 677 2
579 677 2
583 677 1
584 677 3
585 677 3
594 677 3
595 677 3
604 677 1
609 677 2
612 677 1
613 677 3
614 677 3
616 677 2
617 677 3
620 677 1
622 677 2
623 677 1
626 677 1
627 677 3
629 677 2
633 677 2
634 677 3
636 677 3
640 677 3
641 677 1
642 677 2
648 677 1
649 677 2
660 677 2
667 677 2
669 677 3
673 677 3
674 677 2
675 677 2
677 677 2
678 677 3
682 677 1
687 677 2
693 677 1
695 677 3
697 677 2
699 677 1
702 677 2
703 677 3
706 677 3
707 677 1
709 677 3
710 677 1
712 677 2
713 677 3
715 677 1
716 677 2
719 677 1
723 677 3
726 677 3
728 677 1
731 677 1
734 677 2
736 677 3
740 677 3
741 677 2
744 677 3
748 677 3
749 677 2
750 677 3
754 677 3
762 677 1
764 677 2
767 677 1
769 677 3
770 677 3
772 677 1
773 677 2
777 677 1
782 677 3
784 677 2
786 677 3
788 677 3
790 677 1
795 677 2
796 677 2
799 677 3
801 677 2
803 677 1
810 677 1
813 677 3
814 677 1
816 677 1
818 677 1
820 677 1
821 677 2
822 677 1
832 677 3
833 677 3
834 677 1
836 677 2
837 677 3
842 677 2
844 677 1
846 677 3
847 677 2
849 677 3
853 677 1
854 677 1
857 677 3
858 677 3
861 677 3
864 677 1
866 677 2
868 677 1
869 677 2
873 677 2
877 677 3
878 677 2
882 677 2
883 677 2
885 677 2
892 677 2
894 677 3
895 677 2
899 677 1
906 677 3
907 677 2
908 677 2
909 677 1
910 677 1
913 677 2
918 677 1
920 677 3
921 677 2
925 677 3
926 677 3
927 677 3
929 677 1
932 677 2
933 677 3
938 677 1
941 677 1
942 677 1
944 677 2
945 677 3
948 677 3
950 677 3
951 677 1
955 677 1
959 677 1
960 677 2
963 677 3
964 677 2
969 677 2
970 677 1
971 677 2
973 677 1
974 677 3
977 677 2
982 677 2
985 677 1
988 677 1
994 677 3
995 677 2
998 677 1
3 678 1
6 678 3
7 678 3
10 678 2
11 678 3
13 678 1
15 678 1
16 678 3
18 678 3
19 678 3
22 678 2
26 678 2
28 678 3
38 678 3
39 678 3
40 678 2
43 678 3
48 678 2
50 678 2
51 678 1
56 678 1
61 678 3
65 678 2
66 678 1
67 678 1
69 678 3
70 678 3
71 678 2
72 678 2
76 678 3
79 678 2
82 678 2
85 678 2
86 678 1
87 678 3
89 678 1
94 678 1
97 678 1
107 678 3
110 678 3
114 678 1
121 678 3
123 678 1
125 678 1
136 678 1
137 678 3
143 678 3
144 678 2
146 678 1
147 678 3
149 678 1
150 678 3
151 678 1
153 678 1
155 678 3
159 678 3
160 678 3
163 678 3
179 678 1
180 678 2
184 678 3
189 678 3
193 678 3
194 678 3
195 678 2
197 678 2
198 678 3
199 678 2
205 678 1
207 678 2
210 678 1
215 678 3
218 678 1
219 678 2
220 678 3
224 678 3
225 678 2
237 678 2
238 678 2
240 678 1
244 678 3
253 678 3
256 678 3
257 678 2
259 678 3
260 678 3
262 678 2
264 678 1
265 678 1
266 678 3
267 678 1
269 678 1
274 678 3
275 678 3
279 678 2
281 678 2
283 678 2
286 678 3
287 678 2
294 678 1
296 678 1
302 678 3
303 678 2
309 678 3
311 678 2
312 678 3
313 678 1
314 678 1
315 678 2
317 678 3
327 678 1
331 678 3
332 678 1
340 678 3
342 678 2
345 678 3
347 678 3
348 678 3
349 678 3
353 678 3
357 678 2
359 678 2
361 678 3
362 678 1
366 678 3
368 678 2
369 678 3
370 678 3
372 678 2
373 678 3
375 678 3
377 678 2
380 678 2
384 678 3
387 678 3
389 678 3
397 678 1
405 678 2
406 678 3
414 678 3
418 678 3
424 678 2
428 678 1
429 678 3
430 678 1
436 678 2
437 678 2
441 678 3
443 678 2
445 678 1
446 678 2
447 678 2
450 678 1
452 678 3
453 678 3
458 678 1
460 678 1
461 678 2
469 678 1
471 678 3
477 678 3
482 678 2
485 678 3
488 678 2
499 678 1
500 678 1
501 678 2
502 678 3
504 678 2
508 678 3
512 678 1
514 678 3
516 678 1
519 678 3
