502 570 2
503 570 3
505 570 1
510 570 2
520 570 1
521 570 1
524 570 1
527 570 2
528 570 1
529 570 1
530 570 3
532 570 2
534 570 1
540 570 3
543 570 3
556 570 2
557 570 3
561 570 1
565 570 1
570 570 2
571 570 2
572 570 3
576 570 2
584 570 3
585 570 3
586 570 1
587 570 2
594 570 2
595 570 1
600 570 3
602 570 3
606 570 3
608 570 2
612 570 3
617 570 1
623 570 1
629 570 2
630 570 1
632 570 2
636 570 2
637 570 2
638 570 3
639 570 3
641 570 2
647 570 3
651 570 1
657 570 3
660 570 1
662 570 1
663 570 3
664 570 2
668 570 1
672 570 2
673 570 3
674 570 2
678 570 3
680 570 1
681 570 3
683 570 3
685 570 2
686 570 3
691 570 3
693 570 3
696 570 3
699 570 1
700 570 3
704 570 3
705 570 2
708 570 2
710 570 2
715 570 3
717 570 2
719 570 2
731 570 2
733 570 3
735 570 1
739 570 1
740 570 2
745 570 1
747 570 2
748 570 1
752 570 3
758 570 1
759 570 2
761 570 2
766 570 3
768 570 1
769 570 3
773 570 2
788 570 2
793 570 3
795 570 1
797 570 1
800 570 1
801 570 2
802 570 3
803 570 1
811 570 1
812 570 3
813 570 3
814 570 2
816 570 2
823 570 1
825 570 2
828 570 3
829 570 2
831 570 2
834 570 3
835 570 3
841 570 3
851 570 1
856 570 2
857 570 3
859 570 1
860 570 1
861 570 3
864 570 1
866 570 3
867 570 3
874 570 1
875 570 2
877 570 1
880 570 1
881 570 1
883 570 3
888 570 1
895 570 3
900 570 3
902 570 1
916 570 2
917 570 3
918 570 2
919 570 2
928 570 3
929 570 1
931 570 1
937 570 1
938 570 3
939 570 3
940 570 1
941 570 1
943 570 2
946 570 1
952 570 2
953 570 1
955 570 1
961 570 2
963 570 2
964 570 3
967 570 3
969 570 3
973 570 3
977 570 1
980 570 2
981 570 3
992 570 2
997 570 1
998 570 3
1 571 2
4 571 1
6 571 3
10 571 2
12 571 2
14 571 1
15 571 2
23 571 2
24 571 3
25 571 1
26 571 1
27 571 3
28 571 1
31 571 1
32 571 3
33 571 2
34 571 3
44 571 1
49 571 3
62 571 3
71 571 1
73 571 2
74 571 3
79 571 2
80 571 1
84 571 3
85 571 3
87 571 2
90 571 3
94 571 3
96 571 1
99 571 1
101 571 2
108 571 1
110 571 3
112 571 3
114 571 3
115 571 2
120 571 1
128 571 3
129 571 3
130 571 1
132 571 3
140 571 1
145 571 1
153 571 3
155 571 1
156 571 2
161 571 2
163 571 2
167 571 2
168 571 3
169 571 2
170 571 2
171 571 1
175 571 3
178 571 2
179 571 1
182 571 3
184 571 1
186 571 3
187 571 1
190 571 3
209 571 3
213 571 3
216 571 3
218 571 2
219 571 2
222 571 2
229 571 2
230 571 1
237 571 3
238 571 2
239 571 3
240 571 2
242 571 1
245 571 2
246 571 1
249 571 3
253 571 2
255 571 1
257 571 3
266 571 1
267 571 2
273 571 1
275 571 1
280 571 1
287 571 2
290 571 3
291 571 2
292 571 2
296 571 3
297 571 2
298 571 3
299 571 2
301 571 3
303 571 1
306 571 1
309 571 3
312 571 1
313 571 3
314 571 2
317 571 2
320 571 1
330 571 3
332 571 1
339 571 3
342 571 2
344 571 1
356 571 2
359 571 2
363 571 2
365 571 2
371 571 1
372 571 3
373 571 3
377 571 1
378 571 1
384 571 1
386 571 1
387 571 2
388 571 3
399 571 1
404 571 1
406 571 1
412 571 1
423 571 2
427 571 3
429 571 3
432 571 3
433 571 2
435 571 2
441 571 2
444 571 1
448 571 3
451 571 3
455 571 3
456 571 2
460 571 2
461 571 3
462 571 2
464 571 3
471 571 2
478 571 3
479 571 1
480 571 1
491 571 1
493 571 3
495 571 3
497 571 1
504 571 2
505 571 3
508 571 3
513 571 1
514 571 2
518 571 1
527 571 2
528 571 3
531 571 2
532 571 1
539 571 1
540 571 1
543 571 2
544 571 3
549 571 1
553 571 1
555 571 1
556 571 1
557 571 1
563 571 2
565 571 1
569 571 1
571 571 3
573 571 2
576 571 2
583 571 3
586 571 1
588 571 2
590 571 3
591 571 2
594 571 1
600 571 2
601 571 2
602 571 2
604 571 3
606 571 3
608 571 1
611 571 3
612 571 3
613 571 1
619 571 2
621 571 2
623 571 2
624 571 3
628 571 1
629 571 2
632 571 3
637 571 2
640 571 3
641 571 1
642 571 3
643 571 3
645 571 3
646 571 3
648 571 1
650 571 3
651 571 2
652 571 2
657 571 1
662 571 2
663 571 1
664 571 3
670 571 3
672 571 3
674 571 1
678 571 2
679 571 3
682 571 2
690 571 3
696 571 2
698 571 3
701 571 3
703 571 1
706 571 2
710 571 1
715 571 1
720 571 3
723 571 1
724 571 2
731 571 3
736 571 2
745 571 1
746 571 3
747 571 2
749 571 3
751 571 3
753 571 3
754 571 2
758 571 2
759 571 3
764 571 1
767 571 3
772 571 2
781 571 2
782 571 1
784 571 2
786 571 2
791 571 3
792 571 1
793 571 3
796 571 3
800 571 3
801 571 3
804 571 2
805 571 3
808 571 3
809 571 3
811 571 2
812 571 1
813 571 2
816 571 1
817 571 1
818 571 1
819 571 3
821 571 2
822 571 2
826 571 3
829 571 1
831 571 3
832 571 1
837 571 2
838 571 2
842 571 3
843 571 2
844 571 1
848 571 2
852 571 2
853 571 3
855 571 3
856 571 3
857 571 3
865 571 3
870 571 2
875 571 3
877 571 3
878 571 2
887 571 1
892 571 1
899 571 1
900 571 1
901 571 2
902 571 1
908 571 2
909 571 3
912 571 2
913 571 3
917 571 3
923 571 1
927 571 2
928 571 3
930 571 1
931 571 3
932 571 2
935 571 1
938 571 2
942 571 3
943 571 1
944 571 3
946 571 2
950 571 3
961 571 1
968 571 1
969 571 3
971 571 1
972 571 1
975 571 3
976 571 1
984 571 1
990 571 3
993 571 3
995 571 2
996 571 1
999 571 3
0 572 1
1 572 3
7 572 1
12 572 1
18 572 2
19 572 1
20 572 1
21 572 2
22 572 2
29 572 2
43 572 1
45 572 1
50 572 1
51 572 3
53 572 1
56 572 2
63 572 3
72 572 2
74 572 2
78 572 3
85 572 3
88 572 2
91 572 1
92 572 2
96 572 1
97 572 2
98 572 2
99 572 2
100 572 3
103 572 3
107 572 1
108 572 2
111 572 1
113 572 3
116 572 2
118 572 1
121 572 1
129 572 2
131 572 2
132 572 1
133 572 1
134 572 3
135 572 1
141 572 2
142 572 1
144 572 2
145 572 2
146 572 2
151 572 1
164 572 2
166 572 3
167 572 2
168 572 2
169 572 2
171 572 1
175 572 2
182 572 3
184 572 3
190 572 1
192 572 1
193 572 2
199 572 1
207 572 1
215 572 2
219 572 2
225 572 3
227 572 2
229 572 2
230 572 3
236 572 1
247 572 1
248 572 2
249 572 3
251 572 1
258 572 2
265 572 2
268 572 3
273 572 2
274 572 1
275 572 1
277 572 3
278 572 2
282 572 1
283 572 3
289 572 2
294 572 1
297 572 3
301 572 1
306 572 1
314 572 1
315 572 3
317 572 2
323 572 1
324 572 3
325 572 1
326 572 2
328 572 2
329 572 3
330 572 3
331 572 3
334 572 2
336 572 2
339 572 3
340 572 1
345 572 2
346 572 3
348 572 3
349 572 2
356 572 1
362 572 2
363 572 2
365 572 3
367 572 1
369 572 3
371 572 3
373 572 3
375 572 1
379 572 2
383 572 1
384 572 2
385 572 2
386 572 1
389 572 1
399 572 3
401 572 1
405 572 3
408 572 2
409 572 3
415 572 3
417 572 1
419 572 2
420 572 1
430 572 3
431 572 1
437 572 2
439 572 1
440 572 3
449 572 1
451 572 2
454 572 2
464 572 1
466 572 2
467 572 2
469 572 2
474 572 1
475 572 1
479 572 1
482 572 2
483 572 2
484 572 3
486 572 3
487 572 1
490 572 1
496 572 3
499 572 1
503 572 1
505 572 1
509 572 3
515 572 2
521 572 3
524 572 2
525 572 2
527 572 3
531 572 3
538 572 3
539 572 3
544 572 1
547 572 1
552 572 1
556 572 3
557 572 3
558 572 3
559 572 1
561 572 1
566 572 3
570 572 1
571 572 3
572 572 2
575 572 2
581 572 3
582 572 2
583 572 1
585 572 3
589 572 2
590 572 1
