687 151 3
688 151 3
690 151 3
692 151 3
695 151 3
696 151 3
701 151 1
704 151 3
709 151 3
713 151 2
714 151 1
721 151 2
725 151 3
726 151 3
728 151 1
729 151 2
734 151 3
737 151 3
740 151 3
741 151 2
746 151 2
747 151 1
749 151 2
753 151 1
760 151 3
764 151 3
767 151 3
768 151 2
772 151 3
774 151 2
775 151 1
777 151 3
778 151 1
783 151 1
784 151 3
785 151 3
786 151 1
787 151 1
788 151 1
789 151 1
794 151 1
800 151 3
801 151 2
809 151 1
815 151 2
816 151 2
819 151 3
828 151 1
830 151 1
834 151 2
836 151 2
840 151 3
842 151 3
843 151 1
844 151 2
846 151 1
849 151 3
856 151 3
858 151 3
860 151 3
865 151 2
866 151 2
867 151 2
868 151 1
869 151 2
871 151 2
873 151 1
875 151 3
877 151 2
883 151 2
884 151 3
887 151 3
890 151 2
891 151 1
892 151 1
896 151 3
902 151 3
905 151 1
906 151 2
915 151 2
916 151 1
923 151 2
925 151 3
926 151 3
929 151 2
934 151 3
936 151 2
938 151 1
939 151 1
940 151 1
941 151 2
946 151 1
947 151 3
953 151 1
955 151 1
957 151 1
960 151 2
961 151 3
967 151 2
968 151 1
969 151 3
973 151 1
978 151 3
979 151 3
981 151 2
982 151 2
984 151 3
987 151 1
991 151 1
993 151 1
995 151 1
996 151 2
998 151 1
999 151 3
4 152 1
5 152 1
10 152 1
11 152 2
13 152 2
15 152 3
18 152 3
20 152 2
28 152 3
31 152 3
32 152 3
34 152 2
36 152 3
45 152 1
46 152 3
48 152 3
52 152 3
53 152 3
54 152 3
56 152 2
58 152 1
65 152 2
67 152 2
69 152 3
71 152 3
73 152 2
76 152 3
77 152 2
82 152 2
86 152 3
87 152 1
88 152 3
97 152 1
98 152 2
99 152 3
101 152 2
111 152 2
114 152 1
115 152 2
119 152 2
124 152 3
125 152 1
129 152 3
130 152 1
131 152 3
134 152 1
137 152 1
142 152 1
147 152 1
151 152 3
153 152 1
154 152 1
155 152 1
158 152 2
163 152 2
165 152 2
174 152 3
187 152 2
188 152 3
195 152 1
198 152 3
203 152 2
206 152 2
208 152 1
211 152 3
213 152 1
215 152 1
216 152 3
217 152 3
219 152 3
222 152 2
223 152 1
226 152 2
227 152 2
232 152 1
234 152 3
236 152 1
244 152 1
248 152 2
254 152 2
255 152 1
256 152 2
257 152 2
259 152 1
263 152 1
265 152 3
268 152 3
271 152 2
273 152 2
275 152 1
277 152 2
284 152 2
290 152 1
291 152 3
294 152 1
297 152 1
298 152 3
305 152 1
310 152 3
314 152 2
315 152 3
318 152 2
319 152 1
322 152 3
323 152 2
325 152 2
328 152 2
329 152 2
334 152 1
335 152 3
344 152 3
346 152 3
349 152 3
352 152 1
356 152 2
357 152 2
365 152 3
366 152 1
368 152 3
372 152 1
375 152 1
376 152 1
379 152 1
380 152 1
386 152 2
391 152 2
394 152 3
396 152 1
397 152 1
401 152 3
402 152 1
403 152 3
405 152 2
415 152 2
421 152 1
427 152 1
432 152 3
433 152 3
434 152 1
437 152 2
440 152 2
451 152 3
454 152 1
458 152 3
461 152 2
468 152 1
471 152 3
472 152 2
473 152 3
474 152 1
475 152 2
482 152 2
490 152 3
492 152 1
493 152 1
494 152 2
495 152 2
505 152 1
507 152 3
509 152 3
515 152 3
517 152 1
518 152 3
519 152 1
524 152 3
528 152 2
529 152 3
534 152 1
538 152 2
540 152 3
541 152 1
542 152 1
550 152 2
553 152 3
555 152 3
556 152 1
565 152 3
566 152 1
568 152 3
571 152 2
579 152 3
580 152 3
581 152 2
582 152 3
583 152 1
590 152 1
593 152 3
594 152 3
595 152 2
596 152 1
599 152 3
604 152 3
613 152 2
616 152 3
624 152 2
626 152 1
628 152 2
638 152 3
639 152 1
640 152 2
645 152 2
646 152 3
647 152 1
648 152 1
649 152 2
660 152 3
661 152 2
664 152 2
668 152 2
669 152 3
671 152 1
673 152 2
678 152 3
682 152 1
683 152 2
686 152 2
691 152 3
693 152 2
697 152 3
699 152 1
708 152 1
710 152 1
719 152 1
722 152 1
724 152 2
729 152 2
731 152 3
734 152 2
735 152 3
739 152 1
741 152 1
742 152 3
745 152 3
749 152 3
751 152 2
753 152 2
760 152 3
767 152 1
771 152 1
773 152 1
775 152 2
779 152 2
780 152 3
783 152 1
784 152 1
788 152 1
789 152 1
792 152 1
794 152 2
796 152 1
797 152 1
801 152 3
806 152 3
809 152 3
810 152 3
812 152 2
813 152 3
817 152 1
821 152 3
822 152 1
825 152 1
826 152 2
829 152 1
835 152 1
836 152 3
839 152 2
842 152 3
843 152 2
846 152 2
849 152 1
850 152 2
853 152 2
860 152 2
862 152 3
866 152 2
867 152 1
868 152 2
870 152 2
874 152 3
875 152 2
878 152 3
883 152 3
884 152 3
886 152 3
889 152 3
896 152 1
897 152 3
899 152 1
900 152 1
901 152 2
911 152 3
916 152 2
921 152 1
927 152 1
929 152 1
932 152 3
938 152 1
941 152 3
945 152 1
953 152 2
955 152 3
958 152 2
961 152 1
963 152 1
964 152 1
966 152 2
969 152 1
970 152 3
973 152 1
974 152 3
975 152 2
980 152 1
981 152 1
983 152 2
990 152 1
992 152 1
993 152 1
994 152 3
995 152 2
997 152 2
998 152 1
4 153 1
13 153 2
17 153 1
19 153 3
27 153 1
28 153 1
29 153 3
31 153 2
32 153 2
37 153 1
41 153 1
42 153 3
46 153 3
49 153 2
53 153 3
55 153 2
58 153 3
59 153 3
61 153 1
63 153 3
70 153 1
75 153 3
79 153 3
82 153 1
86 153 2
88 153 1
92 153 3
100 153 1
102 153 2
107 153 2
110 153 1
112 153 3
113 153 3
115 153 3
116 153 1
123 153 3
124 153 1
130 153 2
133 153 3
136 153 2
137 153 3
139 153 1
145 153 2
146 153 2
147 153 3
152 153 3
155 153 3
158 153 1
166 153 2
169 153 1
171 153 1
173 153 1
175 153 1
177 153 1
181 153 3
182 153 3
184 153 3
185 153 1
186 153 3
190 153 3
191 153 1
200 153 2
204 153 2
212 153 2
213 153 2
214 153 2
220 153 2
229 153 2
240 153 1
250 153 1
252 153 3
253 153 2
257 153 3
259 153 1
260 153 1
267 153 3
269 153 3
272 153 3
273 153 3
276 153 2
281 153 1
283 153 2
284 153 2
286 153 1
288 153 2
289 153 3
290 153 3
295 153 3
297 153 3
301 153 3
304 153 2
312 153 3
313 153 2
314 153 1
317 153 1
320 153 3
322 153 3
325 153 2
331 153 2
333 153 3
335 153 3
344 153 1
349 153 2
351 153 1
353 153 3
360 153 1
361 153 1
371 153 2
374 153 2
375 153 1
378 153 2
385 153 2
387 153 3
389 153 2
390 153 3
393 153 1
402 153 3
403 153 1
405 153 1
407 153 3
413 153 3
419 153 1
421 153 1
427 153 1
436 153 3
439 153 2
444 153 3
448 153 1
449 153 2
452 153 2
453 153 3
455 153 1
457 153 3
459 153 2
463 153 3
467 153 3
469 153 1
475 153 2
477 153 1
482 153 2
485 153 2
487 153 1
489 153 3
492 153 3
495 153 2
500 153 3
503 153 2
507 153 3
515 153 3
518 153 3
520 153 2
521 153 1
525 153 3
531 153 2
533 153 2
542 153 3
543 153 3
552 153 1
557 153 3
558 153 2
560 153 2
561 153 2
562 153 2
568 153 1
572 153 2
574 153 3
575 153 2
577 153 3
581 153 2
585 153 2
596 153 3
607 153 2
610 153 3
612 153 2
616 153 3
624 153 3
625 153 2
627 153 1
629 153 1
632 153 3
637 153 1
638 153 1
640 153 3
643 153 2
644 153 2
645 153 3
652 153 1
655 153 1
659 153 3
660 153 1
662 153 3
667 153 3
671 153 3
672 153 2
673 153 2
675 153 1
677 153 1
682 153 2
690 153 1
691 153 1
696 153 1
697 153 2
701 153 2
704 153 2
707 153 2
712 153 3
717 153 2
719 153 3
721 153 3
722 153 3
724 153 3
727 153 3
729 153 1
730 153 2
731 153 3
734 153 1
738 153 1
741 153 1
745 153 3
747 153 3
751 153 1
752 153 3
753 153 2
762 153 3
763 153 2
764 153 3
769 153 1
770 153 3
771 153 2
773 153 2
774 153 1
