439 486 3
445 486 2
447 486 3
449 486 3
457 486 1
458 486 3
460 486 3
462 486 1
464 486 1
465 486 3
466 486 1
471 486 1
475 486 3
479 486 2
482 486 2
483 486 2
484 486 2
488 486 1
493 486 3
499 486 2
502 486 2
504 486 1
508 486 3
509 486 2
513 486 3
514 486 1
517 486 3
522 486 1
524 486 1
526 486 3
534 486 2
537 486 1
539 486 1
543 486 2
545 486 3
547 486 1
548 486 2
549 486 1
551 486 2
554 486 1
556 486 2
560 486 2
561 486 3
562 486 1
566 486 1
572 486 3
580 486 1
586 486 3
588 486 2
589 486 2
592 486 2
600 486 3
601 486 1
603 486 2
604 486 3
605 486 2
607 486 3
609 486 1
610 486 3
611 486 1
613 486 2
618 486 3
620 486 1
628 486 2
629 486 3
630 486 1
633 486 3
638 486 1
639 486 1
641 486 3
644 486 1
648 486 1
652 486 1
653 486 2
657 486 3
658 486 2
660 486 3
664 486 1
669 486 1
671 486 2
674 486 1
676 486 2
677 486 2
678 486 2
683 486 3
686 486 1
690 486 3
694 486 2
696 486 1
697 486 3
699 486 2
707 486 3
708 486 3
710 486 1
714 486 1
715 486 2
716 486 2
718 486 3
721 486 1
722 486 1
723 486 2
725 486 1
731 486 1
733 486 1
735 486 3
737 486 2
740 486 1
742 486 3
745 486 3
747 486 1
749 486 2
755 486 3
760 486 3
764 486 3
769 486 2
770 486 2
771 486 1
773 486 1
778 486 1
784 486 1
787 486 1
791 486 2
792 486 2
794 486 2
796 486 3
798 486 1
800 486 1
802 486 2
804 486 2
806 486 1
810 486 2
813 486 1
819 486 2
820 486 2
822 486 3
824 486 3
828 486 1
830 486 2
840 486 1
846 486 3
847 486 3
849 486 3
850 486 2
862 486 2
866 486 3
867 486 2
872 486 1
873 486 1
876 486 1
877 486 2
880 486 1
882 486 3
886 486 2
887 486 2
888 486 3
894 486 1
897 486 3
898 486 1
899 486 3
900 486 2
905 486 1
906 486 1
915 486 1
920 486 3
921 486 1
922 486 2
925 486 1
928 486 2
929 486 3
940 486 2
942 486 2
943 486 3
947 486 1
957 486 1
959 486 2
961 486 2
965 486 1
968 486 2
977 486 3
982 486 2
984 486 2
985 486 3
988 486 1
993 486 3
995 486 2
998 486 1
10 487 3
11 487 2
15 487 1
16 487 2
19 487 1
30 487 2
32 487 3
34 487 2
36 487 2
41 487 3
46 487 1
50 487 2
51 487 1
52 487 3
53 487 3
57 487 2
61 487 2
66 487 1
71 487 2
76 487 2
84 487 1
87 487 1
90 487 1
91 487 2
93 487 2
101 487 3
102 487 1
103 487 2
105 487 3
108 487 3
114 487 2
115 487 1
116 487 2
117 487 1
120 487 1
130 487 3
133 487 1
136 487 3
138 487 2
139 487 2
140 487 2
141 487 2
143 487 1
144 487 2
145 487 2
150 487 2
153 487 3
155 487 3
159 487 3
161 487 2
162 487 1
169 487 2
174 487 1
176 487 3
179 487 2
183 487 2
185 487 2
186 487 3
189 487 1
190 487 2
192 487 3
200 487 3
203 487 2
207 487 2
211 487 2
212 487 2
213 487 1
214 487 1
215 487 1
216 487 3
224 487 1
226 487 1
227 487 3
232 487 1
233 487 2
234 487 3
238 487 2
239 487 2
254 487 3
256 487 2
265 487 2
269 487 2
276 487 3
283 487 2
284 487 3
288 487 1
290 487 2
292 487 2
295 487 2
302 487 1
305 487 3
308 487 1
315 487 1
316 487 1
320 487 2
321 487 1
323 487 2
324 487 2
329 487 3
330 487 1
331 487 3
336 487 2
340 487 1
341 487 1
342 487 3
343 487 3
345 487 2
346 487 2
350 487 3
351 487 3
352 487 3
357 487 2
359 487 3
363 487 1
366 487 2
368 487 2
371 487 3
372 487 3
374 487 3
388 487 3
392 487 1
393 487 3
399 487 3
408 487 3
413 487 2
416 487 1
417 487 2
423 487 1
426 487 1
427 487 2
428 487 2
429 487 2
432 487 2
437 487 2
440 487 3
442 487 2
446 487 1
449 487 3
452 487 2
455 487 3
456 487 2
458 487 1
465 487 1
468 487 1
472 487 3
473 487 2
474 487 3
475 487 3
476 487 1
478 487 2
482 487 2
483 487 2
484 487 2
485 487 3
487 487 1
490 487 1
491 487 3
492 487 3
493 487 2
494 487 2
497 487 1
502 487 1
504 487 2
506 487 1
508 487 2
510 487 2
511 487 1
515 487 1
516 487 1
521 487 2
522 487 1
532 487 2
534 487 2
535 487 1
536 487 2
542 487 1
543 487 1
553 487 3
555 487 2
556 487 3
559 487 1
562 487 1
565 487 3
571 487 3
579 487 1
581 487 2
582 487 1
588 487 2
591 487 2
595 487 3
597 487 2
603 487 2
608 487 3
609 487 3
610 487 3
619 487 3
621 487 1
625 487 2
631 487 3
637 487 3
638 487 1
644 487 3
647 487 1
653 487 2
654 487 1
656 487 3
657 487 1
660 487 3
662 487 2
663 487 3
664 487 2
668 487 1
670 487 3
672 487 3
676 487 2
677 487 2
679 487 3
686 487 1
687 487 2
688 487 1
689 487 3
695 487 3
698 487 1
704 487 1
708 487 1
712 487 1
716 487 2
717 487 2
720 487 1
722 487 2
723 487 2
727 487 3
729 487 2
730 487 1
737 487 1
738 487 3
739 487 3
741 487 1
742 487 2
744 487 2
745 487 1
751 487 2
753 487 2
767 487 1
768 487 2
770 487 1
771 487 2
773 487 1
776 487 1
778 487 1
780 487 1
781 487 1
795 487 2
803 487 3
805 487 2
807 487 3
808 487 3
812 487 1
823 487 2
830 487 3
832 487 1
835 487 1
837 487 1
838 487 2
839 487 2
846 487 2
848 487 2
849 487 3
854 487 3
861 487 3
866 487 2
868 487 1
873 487 1
875 487 2
879 487 3
880 487 3
881 487 3
885 487 3
893 487 1
896 487 2
897 487 3
907 487 3
908 487 1
911 487 1
915 487 3
916 487 3
917 487 2
918 487 2
919 487 3
925 487 3
928 487 3
931 487 3
932 487 2
934 487 2
937 487 1
942 487 3
944 487 1
952 487 1
954 487 3
957 487 2
960 487 1
961 487 2
964 487 2
966 487 3
968 487 1
975 487 3
976 487 1
978 487 3
979 487 2
980 487 1
996 487 2
998 487 3
0 488 3
1 488 2
4 488 1
5 488 1
8 488 1
10 488 1
14 488 2
19 488 3
20 488 1
21 488 1
22 488 1
25 488 1
27 488 3
30 488 2
31 488 3
33 488 2
35 488 1
45 488 1
47 488 2
52 488 1
61 488 2
62 488 2
65 488 1
71 488 3
73 488 1
74 488 3
76 488 2
77 488 2
79 488 2
84 488 2
88 488 1
91 488 2
93 488 1
102 488 1
104 488 2
105 488 1
116 488 1
121 488 1
124 488 2
136 488 2
137 488 3
139 488 3
147 488 1
148 488 2
150 488 1
158 488 1
159 488 2
160 488 1
164 488 2
165 488 3
166 488 2
179 488 2
181 488 1
186 488 1
187 488 2
189 488 3
190 488 2
191 488 3
193 488 1
195 488 1
198 488 2
207 488 1
215 488 2
219 488 3
220 488 2
222 488 3
224 488 1
225 488 3
229 488 2
230 488 1
232 488 3
233 488 1
234 488 3
236 488 2
237 488 1
242 488 2
243 488 1
245 488 3
248 488 2
249 488 2
250 488 2
251 488 1
256 488 3
257 488 2
259 488 3
260 488 3
269 488 2
270 488 2
271 488 2
274 488 2
283 488 1
290 488 2
293 488 1
297 488 1
299 488 2
300 488 3
302 488 2
307 488 2
309 488 1
310 488 3
311 488 2
312 488 3
313 488 3
315 488 1
317 488 2
318 488 3
322 488 1
323 488 3
324 488 3
330 488 2
332 488 3
336 488 3
337 488 1
346 488 3
347 488 3
349 488 2
359 488 1
360 488 1
364 488 3
366 488 3
373 488 2
376 488 1
378 488 2
386 488 2
389 488 2
390 488 3
392 488 2
395 488 3
396 488 3
401 488 3
402 488 1
405 488 3
413 488 3
414 488 1
418 488 1
422 488 2
423 488 2
424 488 3
426 488 2
427 488 2
429 488 2
433 488 3
434 488 1
444 488 3
445 488 2
446 488 1
447 488 3
448 488 3
450 488 3
454 488 3
455 488 2
456 488 1
461 488 2
462 488 3
465 488 2
466 488 1
471 488 2
473 488 2
474 488 2
475 488 1
477 488 2
480 488 1
482 488 1
488 488 1
489 488 1
490 488 2
492 488 2
494 488 2
