398 800 2
399 800 3
402 800 2
404 800 1
406 800 1
407 800 3
410 800 2
417 800 1
418 800 1
421 800 3
424 800 3
428 800 1
430 800 2
435 800 1
436 800 1
437 800 3
439 800 1
441 800 3
443 800 3
448 800 1
451 800 1
452 800 2
453 800 2
463 800 3
464 800 1
466 800 2
468 800 1
476 800 3
479 800 2
480 800 3
481 800 2
492 800 2
494 800 3
497 800 1
499 800 3
508 800 3
509 800 1
511 800 3
513 800 2
521 800 2
522 800 1
523 800 2
526 800 2
529 800 3
531 800 2
532 800 3
533 800 3
534 800 1
544 800 1
545 800 2
549 800 2
551 800 1
554 800 1
556 800 1
559 800 2
560 800 1
561 800 2
562 800 2
563 800 1
564 800 2
567 800 2
568 800 3
569 800 2
571 800 2
572 800 2
573 800 3
575 800 1
577 800 2
581 800 1
583 800 2
584 800 1
590 800 3
592 800 1
599 800 1
602 800 1
608 800 2
610 800 1
613 800 2
619 800 3
620 800 1
628 800 1
629 800 1
630 800 3
634 800 3
636 800 1
639 800 1
640 800 2
641 800 2
644 800 3
654 800 3
655 800 2
661 800 1
662 800 2
663 800 3
666 800 2
668 800 2
670 800 3
673 800 2
678 800 3
680 800 2
683 800 2
690 800 2
693 800 2
696 800 1
702 800 3
703 800 1
704 800 1
705 800 2
709 800 2
710 800 3
711 800 2
713 800 1
714 800 3
715 800 3
717 800 1
723 800 2
726 800 3
732 800 2
733 800 1
739 800 3
741 800 2
744 800 2
745 800 1
746 800 2
750 800 1
756 800 2
763 800 1
765 800 1
766 800 1
768 800 2
769 800 3
771 800 1
773 800 1
775 800 2
777 800 3
778 800 1
779 800 2
781 800 3
783 800 1
791 800 2
793 800 3
795 800 3
799 800 1
808 800 3
809 800 3
811 800 3
814 800 1
815 800 3
817 800 2
820 800 3
822 800 1
826 800 1
827 800 3
828 800 2
831 800 1
834 800 1
840 800 3
847 800 3
851 800 3
853 800 1
861 800 3
863 800 1
867 800 1
869 800 3
870 800 1
872 800 3
873 800 3
875 800 2
876 800 3
882 800 2
884 800 1
889 800 1
890 800 2
897 800 1
902 800 3
909 800 3
910 800 1
916 800 1
918 800 2
919 800 2
921 800 3
929 800 1
930 800 2
942 800 3
943 800 1
944 800 1
945 800 1
946 800 3
951 800 3
953 800 1
954 800 1
957 800 3
958 800 1
965 800 1
970 800 3
971 800 1
973 800 3
975 800 3
976 800 3
980 800 1
981 800 2
983 800 1
984 800 3
985 800 3
988 800 2
989 800 3
994 800 3
995 800 1
996 800 1
1 801 3
4 801 2
6 801 2
7 801 3
10 801 2
17 801 2
18 801 1
22 801 2
23 801 1
27 801 1
28 801 3
30 801 2
38 801 1
46 801 3
54 801 1
59 801 2
71 801 1
73 801 1
75 801 3
77 801 1
79 801 3
88 801 3
93 801 1
94 801 3
96 801 3
97 801 1
102 801 1
106 801 3
109 801 2
114 801 1
117 801 1
121 801 2
122 801 1
123 801 1
124 801 1
125 801 1
126 801 1
127 801 2
129 801 2
141 801 2
149 801 3
153 801 3
155 801 1
157 801 2
159 801 1
161 801 1
169 801 1
170 801 2
171 801 2
173 801 1
174 801 2
176 801 2
181 801 2
183 801 2
184 801 2
185 801 3
194 801 3
197 801 2
200 801 3
201 801 3
203 801 3
204 801 3
205 801 1
207 801 3
208 801 1
209 801 1
212 801 2
214 801 2
215 801 3
216 801 2
218 801 2
219 801 1
224 801 1
227 801 2
229 801 3
230 801 3
232 801 3
233 801 2
234 801 3
235 801 2
241 801 3
242 801 1
243 801 3
245 801 3
247 801 1
254 801 3
255 801 1
258 801 1
259 801 1
265 801 3
267 801 2
272 801 3
273 801 3
278 801 3
282 801 1
283 801 3
289 801 1
293 801 3
295 801 3
297 801 3
300 801 1
306 801 3
307 801 1
310 801 3
316 801 1
319 801 1
323 801 3
324 801 3
331 801 2
332 801 3
336 801 2
337 801 1
340 801 1
342 801 3
346 801 1
348 801 3
349 801 3
352 801 2
365 801 3
370 801 1
371 801 2
372 801 1
374 801 1
376 801 2
377 801 3
379 801 3
380 801 1
383 801 2
385 801 2
387 801 1
391 801 1
394 801 3
395 801 2
398 801 1
408 801 3
415 801 3
416 801 1
418 801 3
425 801 2
429 801 3
432 801 1
433 801 1
434 801 1
438 801 1
440 801 1
450 801 2
451 801 2
452 801 1
453 801 3
457 801 2
473 801 3
475 801 3
476 801 3
482 801 1
486 801 3
489 801 2
491 801 2
492 801 1
493 801 3
495 801 3
497 801 1
500 801 2
501 801 1
504 801 1
511 801 2
515 801 2
516 801 3
520 801 2
524 801 2
525 801 3
530 801 1
531 801 1
535 801 3
536 801 3
538 801 2
541 801 1
546 801 1
547 801 1
548 801 1
556 801 1
558 801 2
559 801 1
561 801 1
568 801 3
570 801 3
572 801 1
576 801 2
577 801 1
580 801 1
581 801 2
584 801 1
586 801 2
591 801 2
592 801 2
594 801 1
595 801 3
596 801 3
599 801 3
600 801 2
606 801 1
609 801 2
612 801 3
618 801 1
621 801 2
624 801 3
625 801 1
629 801 2
630 801 3
636 801 3
638 801 2
645 801 1
650 801 3
652 801 2
653 801 3
656 801 2
661 801 2
666 801 3
669 801 2
673 801 3
677 801 2
682 801 3
688 801 1
693 801 3
697 801 2
698 801 1
703 801 2
704 801 1
708 801 2
710 801 3
715 801 1
716 801 3
717 801 2
720 801 1
721 801 1
726 801 2
727 801 3
738 801 1
739 801 3
740 801 1
745 801 2
747 801 3
749 801 1
753 801 1
759 801 1
762 801 2
763 801 3
770 801 1
773 801 1
775 801 1
778 801 3
779 801 3
785 801 1
786 801 3
787 801 1
788 801 3
790 801 2
799 801 3
802 801 1
804 801 1
805 801 3
807 801 2
809 801 3
814 801 3
815 801 2
820 801 2
827 801 3
828 801 2
829 801 2
834 801 3
836 801 2
838 801 1
839 801 3
844 801 3
850 801 1
853 801 3
861 801 3
862 801 1
864 801 2
865 801 2
875 801 1
876 801 3
877 801 3
880 801 3
881 801 1
887 801 3
896 801 3
903 801 2
910 801 1
913 801 2
915 801 2
923 801 2
926 801 1
927 801 2
936 801 1
941 801 1
946 801 3
947 801 2
949 801 1
955 801 1
959 801 1
960 801 2
962 801 1
967 801 2
969 801 2
977 801 3
978 801 1
979 801 2
980 801 2
995 801 1
997 801 1
0 802 3
1 802 1
3 802 1
4 802 1
16 802 2
17 802 2
18 802 3
25 802 2
27 802 2
29 802 2
34 802 3
41 802 3
44 802 3
48 802 1
54 802 1
59 802 1
60 802 3
61 802 3
62 802 2
63 802 2
68 802 1
69 802 3
75 802 3
81 802 2
83 802 3
88 802 1
92 802 1
94 802 1
96 802 1
98 802 3
102 802 1
107 802 3
108 802 3
109 802 2
112 802 1
114 802 2
127 802 2
129 802 2
130 802 1
131 802 3
133 802 1
134 802 1
137 802 3
139 802 2
140 802 2
142 802 2
143 802 2
145 802 3
147 802 2
151 802 1
156 802 3
157 802 1
158 802 2
159 802 2
162 802 1
167 802 3
168 802 2
172 802 3
174 802 2
177 802 2
178 802 2
181 802 3
182 802 1
191 802 3
198 802 3
202 802 2
208 802 2
209 802 2
210 802 2
211 802 2
212 802 2
214 802 2
215 802 3
220 802 3
230 802 3
233 802 1
234 802 2
236 802 1
237 802 2
240 802 3
241 802 2
242 802 1
246 802 2
247 802 1
251 802 3
252 802 2
253 802 3
255 802 1
257 802 1
262 802 1
267 802 2
269 802 1
276 802 1
278 802 3
279 802 3
280 802 2
284 802 1
286 802 2
291 802 3
292 802 3
293 802 1
294 802 2
303 802 3
305 802 1
306 802 3
307 802 2
311 802 1
313 802 1
314 802 2
317 802 1
320 802 1
323 802 1
331 802 1
332 802 2
336 802 3
337 802 2
340 802 1
341 802 1
344 802 3
345 802 3
346 802 1
347 802 3
348 802 1
353 802 1
354 802 1
355 802 1
360 802 2
363 802 2
373 802 1
377 802 1
379 802 1
380 802 3
381 802 1
383 802 1
385 802 1
386 802 3
389 802 3
392 802 1
396 802 3
403 802 1
409 802 2
410 802 2
412 802 1
413 802 2
415 802 3
417 802 3
418 802 2
