693 618 3
701 618 2
702 618 2
705 618 2
706 618 2
709 618 3
711 618 1
712 618 3
716 618 3
719 618 1
721 618 3
722 618 1
725 618 3
726 618 2
753 618 3
754 618 2
764 618 2
770 618 2
772 618 3
774 618 1
775 618 2
776 618 2
783 618 3
786 618 3
790 618 1
792 618 3
794 618 2
795 618 3
798 618 1
802 618 3
803 618 2
805 618 2
806 618 2
808 618 2
811 618 1
813 618 2
814 618 3
816 618 2
820 618 3
829 618 3
837 618 2
838 618 1
841 618 3
842 618 3
843 618 1
844 618 3
852 618 2
853 618 2
856 618 3
859 618 1
860 618 1
865 618 1
869 618 1
870 618 1
871 618 3
873 618 1
874 618 3
876 618 3
877 618 3
878 618 1
882 618 1
886 618 1
887 618 2
891 618 1
896 618 3
897 618 1
898 618 2
911 618 1
912 618 2
913 618 3
917 618 3
919 618 3
920 618 2
922 618 1
925 618 2
936 618 2
939 618 1
940 618 3
942 618 1
945 618 2
950 618 2
951 618 2
954 618 1
957 618 3
960 618 1
961 618 3
962 618 2
964 618 3
965 618 2
978 618 1
980 618 2
986 618 2
988 618 1
992 618 2
997 618 3
999 618 3
1 619 1
2 619 1
6 619 1
7 619 1
9 619 2
10 619 1
15 619 3
19 619 1
20 619 1
26 619 2
27 619 2
28 619 3
34 619 1
35 619 3
37 619 3
38 619 2
41 619 3
43 619 3
44 619 2
45 619 1
47 619 2
48 619 2
55 619 1
59 619 3
62 619 2
64 619 1
66 619 1
72 619 1
74 619 2
81 619 1
83 619 1
84 619 1
86 619 1
90 619 1
91 619 3
92 619 2
93 619 1
95 619 3
96 619 2
102 619 1
104 619 3
106 619 1
109 619 1
114 619 1
116 619 3
120 619 3
125 619 1
126 619 2
130 619 3
131 619 2
135 619 2
139 619 1
142 619 3
143 619 2
145 619 2
146 619 2
147 619 1
148 619 2
149 619 1
150 619 2
151 619 2
152 619 1
155 619 3
158 619 3
159 619 3
160 619 2
161 619 2
162 619 2
164 619 1
165 619 2
167 619 2
168 619 1
170 619 2
172 619 2
177 619 2
181 619 3
184 619 2
185 619 2
186 619 1
187 619 2
188 619 3
190 619 2
192 619 3
193 619 1
199 619 3
201 619 2
203 619 3
209 619 1
214 619 3
215 619 3
216 619 2
217 619 1
219 619 3
220 619 1
222 619 2
223 619 3
224 619 2
228 619 3
229 619 1
233 619 2
234 619 3
236 619 2
237 619 3
238 619 3
253 619 2
254 619 1
256 619 2
257 619 3
261 619 1
262 619 2
263 619 2
264 619 2
265 619 1
266 619 2
274 619 2
275 619 1
278 619 1
279 619 2
280 619 1
284 619 3
286 619 2
287 619 3
295 619 3
303 619 2
309 619 3
310 619 3
313 619 2
314 619 2
318 619 3
320 619 1
324 619 2
331 619 1
332 619 1
335 619 3
337 619 3
339 619 2
340 619 2
342 619 2
345 619 3
350 619 2
355 619 1
356 619 3
358 619 3
366 619 1
367 619 2
370 619 2
371 619 3
373 619 1
375 619 1
379 619 3
382 619 3
392 619 2
394 619 2
396 619 2
398 619 2
402 619 3
406 619 1
412 619 1
414 619 2
416 619 3
418 619 1
424 619 1
427 619 2
428 619 2
432 619 1
433 619 1
437 619 3
438 619 2
444 619 1
445 619 1
449 619 1
452 619 2
454 619 3
458 619 3
460 619 2
462 619 2
463 619 3
467 619 3
468 619 1
470 619 3
473 619 1
481 619 3
489 619 3
491 619 2
492 619 2
493 619 2
494 619 3
497 619 3
499 619 2
501 619 1
503 619 2
504 619 3
505 619 1
511 619 1
515 619 2
516 619 2
517 619 3
519 619 3
524 619 3
528 619 2
529 619 2
530 619 2
535 619 1
536 619 1
538 619 2
539 619 3
547 619 3
548 619 2
549 619 2
552 619 2
553 619 3
554 619 1
556 619 1
559 619 2
560 619 2
561 619 2
569 619 1
570 619 2
571 619 3
573 619 3
578 619 3
581 619 2
583 619 1
585 619 2
589 619 2
590 619 3
593 619 3
596 619 3
603 619 1
605 619 3
606 619 3
607 619 3
608 619 3
610 619 2
613 619 1
614 619 3
616 619 3
617 619 2
620 619 3
623 619 3
627 619 3
628 619 3
634 619 1
635 619 2
637 619 1
641 619 3
642 619 2
645 619 3
649 619 1
650 619 1
654 619 3
656 619 3
657 619 3
665 619 3
666 619 3
669 619 1
672 619 1
678 619 2
679 619 3
682 619 3
686 619 1
688 619 1
691 619 3
693 619 3
694 619 2
698 619 2
700 619 1
702 619 1
705 619 1
709 619 3
710 619 2
711 619 2
714 619 3
716 619 1
717 619 3
719 619 1
722 619 3
726 619 1
727 619 3
729 619 1
732 619 1
734 619 1
736 619 3
740 619 2
741 619 1
743 619 3
744 619 1
745 619 1
749 619 2
752 619 3
753 619 3
754 619 2
763 619 3
765 619 3
769 619 2
773 619 3
774 619 1
775 619 3
780 619 3
785 619 1
786 619 2
788 619 2
802 619 2
803 619 3
804 619 3
806 619 1
810 619 3
812 619 3
815 619 2
823 619 3
826 619 2
827 619 2
831 619 2
833 619 2
834 619 1
836 619 2
837 619 1
841 619 2
843 619 1
848 619 1
850 619 1
851 619 3
856 619 3
864 619 1
865 619 2
867 619 3
868 619 2
871 619 2
872 619 2
875 619 1
876 619 3
877 619 2
889 619 2
890 619 3
891 619 1
892 619 1
896 619 3
898 619 1
899 619 1
901 619 1
910 619 1
913 619 1
915 619 2
919 619 1
924 619 1
927 619 3
928 619 3
931 619 1
936 619 2
938 619 2
939 619 2
942 619 2
950 619 3
953 619 2
957 619 3
958 619 3
960 619 3
964 619 3
965 619 1
971 619 3
974 619 3
975 619 3
981 619 3
986 619 1
992 619 3
993 619 3
995 619 3
998 619 2
999 619 1
2 620 3
7 620 2
8 620 3
21 620 1
27 620 1
30 620 2
31 620 1
33 620 1
36 620 2
45 620 3
47 620 3
48 620 1
53 620 3
58 620 3
66 620 3
67 620 2
68 620 2
72 620 3
73 620 2
74 620 2
78 620 3
80 620 2
87 620 1
89 620 3
94 620 1
98 620 1
99 620 2
101 620 2
104 620 2
108 620 3
112 620 2
114 620 1
119 620 1
120 620 1
127 620 1
128 620 1
130 620 3
131 620 2
137 620 2
141 620 2
142 620 1
149 620 3
150 620 1
151 620 3
152 620 3
155 620 1
159 620 2
161 620 1
164 620 2
165 620 2
168 620 2
170 620 3
171 620 2
175 620 2
178 620 1
181 620 1
192 620 3
193 620 3
196 620 2
201 620 3
202 620 1
203 620 1
205 620 3
208 620 2
213 620 3
215 620 1
216 620 1
221 620 3
223 620 1
224 620 2
225 620 1
226 620 2
231 620 3
234 620 1
235 620 2
236 620 3
237 620 2
238 620 3
239 620 3
240 620 1
241 620 3
243 620 1
244 620 2
245 620 3
247 620 2
252 620 2
255 620 3
261 620 1
262 620 3
263 620 3
264 620 3
266 620 2
267 620 1
268 620 2
270 620 2
272 620 3
275 620 1
276 620 1
279 620 3
281 620 1
289 620 3
292 620 1
295 620 1
296 620 2
297 620 2
298 620 1
299 620 2
313 620 1
314 620 1
318 620 3
325 620 1
328 620 3
329 620 3
335 620 1
337 620 2
339 620 1
340 620 3
344 620 2
345 620 3
346 620 2
348 620 1
351 620 1
354 620 3
362 620 1
363 620 1
367 620 2
369 620 1
372 620 3
381 620 2
382 620 1
395 620 2
396 620 2
399 620 2
400 620 2
404 620 2
407 620 1
408 620 3
409 620 3
417 620 2
422 620 1
430 620 3
436 620 1
440 620 3
441 620 3
443 620 1
444 620 3
445 620 2
447 620 3
448 620 1
449 620 2
453 620 2
454 620 1
456 620 3
460 620 1
461 620 3
462 620 1
463 620 2
471 620 2
474 620 2
475 620 1
482 620 3
487 620 2
489 620 1
496 620 1
504 620 3
508 620 3
516 620 1
517 620 2
522 620 1
524 620 3
532 620 2
533 620 3
536 620 1
538 620 3
540 620 1
541 620 1
542 620 3
544 620 1
546 620 1
549 620 3
552 620 2
555 620 3
557 620 2
558 620 1
559 620 1
561 620 1
563 620 2
568 620 1
573 620 2
574 620 1
582 620 2
586 620 3
597 620 2
598 620 3
602 620 2
603 620 2
606 620 3
608 620 2
610 620 3
611 620 1
614 620 3
