143 746 3
144 746 3
145 746 3
152 746 3
155 746 1
158 746 1
159 746 2
165 746 3
170 746 1
173 746 1
174 746 3
183 746 2
189 746 2
190 746 2
191 746 2
195 746 1
198 746 1
201 746 1
202 746 3
203 746 2
207 746 2
209 746 2
216 746 2
224 746 2
226 746 2
232 746 3
233 746 2
241 746 1
242 746 2
247 746 1
248 746 3
250 746 1
257 746 2
258 746 1
261 746 1
262 746 2
264 746 1
273 746 3
276 746 3
279 746 1
281 746 2
282 746 2
287 746 2
293 746 1
294 746 3
297 746 2
300 746 1
302 746 1
305 746 2
311 746 3
312 746 2
314 746 1
318 746 3
319 746 1
323 746 1
326 746 3
327 746 2
330 746 1
332 746 2
333 746 3
334 746 2
339 746 1
343 746 3
344 746 1
345 746 2
351 746 1
354 746 3
356 746 3
360 746 1
361 746 1
362 746 2
363 746 1
366 746 1
367 746 2
369 746 3
371 746 2
372 746 3
373 746 2
375 746 2
377 746 2
379 746 3
383 746 2
391 746 1
395 746 1
396 746 2
397 746 3
401 746 3
407 746 2
409 746 3
411 746 2
414 746 3
420 746 3
426 746 1
429 746 1
431 746 2
432 746 1
433 746 1
435 746 2
437 746 1
441 746 2
442 746 3
444 746 2
447 746 2
448 746 3
449 746 1
450 746 2
460 746 2
461 746 2
466 746 3
467 746 2
468 746 2
474 746 3
477 746 1
478 746 3
480 746 2
482 746 3
483 746 1
484 746 3
487 746 2
488 746 1
490 746 1
492 746 1
493 746 3
494 746 1
495 746 3
496 746 1
498 746 1
499 746 3
500 746 3
501 746 3
504 746 3
505 746 1
507 746 1
509 746 2
511 746 3
515 746 3
518 746 2
520 746 3
521 746 3
522 746 3
523 746 3
526 746 1
530 746 1
532 746 1
535 746 1
536 746 2
539 746 2
541 746 3
543 746 1
547 746 2
549 746 3
550 746 1
553 746 2
557 746 1
558 746 1
559 746 2
560 746 1
562 746 3
563 746 3
566 746 1
567 746 3
570 746 3
575 746 2
578 746 2
581 746 2
585 746 1
586 746 1
587 746 3
589 746 3
593 746 1
601 746 1
604 746 1
610 746 1
615 746 2
618 746 3
621 746 3
624 746 3
625 746 1
627 746 2
637 746 3
640 746 1
645 746 3
646 746 3
647 746 3
648 746 2
649 746 1
650 746 3
651 746 2
655 746 1
657 746 3
662 746 1
667 746 1
669 746 3
670 746 2
671 746 1
674 746 3
677 746 3
678 746 1
679 746 1
680 746 1
698 746 1
701 746 3
704 746 2
712 746 2
713 746 1
715 746 2
717 746 3
718 746 1
723 746 3
724 746 2
725 746 3
733 746 3
736 746 3
739 746 3
741 746 1
742 746 1
743 746 2
749 746 3
752 746 3
753 746 1
754 746 3
756 746 1
760 746 3
761 746 2
762 746 3
764 746 1
771 746 3
773 746 3
778 746 3
779 746 3
780 746 1
786 746 3
788 746 3
789 746 2
791 746 2
792 746 3
795 746 1
800 746 3
802 746 2
808 746 3
819 746 2
821 746 3
822 746 3
828 746 2
829 746 1
833 746 1
834 746 3
838 746 3
839 746 1
846 746 1
849 746 1
850 746 1
851 746 1
852 746 1
854 746 2
855 746 2
858 746 3
869 746 3
872 746 3
876 746 2
880 746 2
881 746 3
882 746 3
885 746 2
886 746 2
888 746 1
891 746 2
893 746 3
894 746 3
895 746 1
896 746 3
901 746 3
903 746 3
905 746 2
908 746 2
911 746 3
914 746 2
916 746 2
917 746 2
918 746 2
933 746 2
935 746 3
938 746 1
942 746 2
943 746 3
944 746 1
950 746 3
951 746 1
954 746 2
955 746 3
963 746 2
964 746 1
968 746 3
971 746 2
972 746 2
977 746 3
979 746 2
981 746 3
982 746 1
984 746 3
985 746 2
986 746 2
987 746 2
990 746 2
996 746 1
998 746 1
999 746 3
3 747 2
4 747 3
6 747 2
7 747 2
8 747 3
14 747 3
15 747 2
20 747 3
21 747 3
22 747 3
23 747 1
26 747 2
29 747 1
34 747 2
36 747 1
43 747 3
45 747 3
48 747 1
49 747 1
55 747 2
56 747 3
59 747 2
61 747 2
62 747 3
68 747 3
70 747 2
71 747 1
77 747 2
78 747 2
81 747 2
85 747 1
87 747 1
88 747 3
95 747 2
102 747 2
105 747 2
106 747 3
109 747 2
119 747 3
120 747 1
121 747 2
122 747 2
123 747 3
125 747 3
126 747 2
129 747 2
136 747 1
140 747 2
142 747 3
143 747 3
145 747 3
152 747 3
155 747 2
159 747 2
161 747 3
162 747 3
173 747 2
175 747 2
176 747 3
177 747 3
180 747 2
181 747 1
182 747 3
187 747 1
188 747 3
190 747 1
195 747 3
196 747 2
199 747 3
201 747 1
204 747 2
205 747 2
208 747 1
209 747 3
211 747 2
212 747 2
220 747 2
225 747 1
227 747 3
228 747 1
230 747 1
233 747 3
234 747 3
238 747 1
239 747 3
241 747 3
244 747 3
245 747 2
247 747 1
253 747 2
254 747 1
255 747 1
257 747 3
260 747 2
264 747 3
266 747 1
267 747 3
269 747 1
270 747 1
272 747 3
273 747 1
282 747 1
284 747 3
285 747 1
287 747 2
288 747 3
289 747 2
293 747 3
298 747 2
300 747 2
301 747 3
314 747 1
315 747 3
316 747 3
318 747 2
325 747 1
327 747 2
330 747 1
332 747 3
333 747 3
335 747 3
338 747 1
340 747 2
342 747 3
343 747 1
354 747 2
360 747 1
363 747 2
365 747 2
366 747 3
372 747 2
375 747 1
377 747 1
378 747 2
380 747 3
383 747 1
384 747 2
385 747 1
388 747 3
391 747 2
394 747 3
399 747 1
401 747 3
403 747 2
409 747 1
414 747 3
415 747 2
419 747 3
421 747 3
428 747 2
431 747 3
433 747 1
434 747 3
436 747 1
440 747 1
441 747 1
444 747 2
448 747 2
449 747 2
451 747 3
453 747 2
455 747 3
461 747 3
465 747 2
469 747 1
471 747 1
472 747 3
477 747 2
479 747 2
480 747 2
481 747 2
482 747 2
483 747 1
486 747 3
490 747 3
495 747 3
497 747 2
499 747 1
503 747 1
504 747 2
509 747 2
510 747 1
513 747 3
515 747 3
520 747 1
522 747 3
524 747 2
527 747 2
530 747 3
532 747 2
534 747 2
535 747 3
536 747 1
541 747 3
543 747 3
545 747 2
550 747 3
562 747 3
563 747 1
564 747 2
565 747 2
568 747 1
573 747 1
574 747 1
576 747 1
581 747 3
583 747 1
598 747 3
600 747 1
609 747 3
610 747 2
613 747 3
615 747 1
616 747 3
617 747 2
620 747 1
621 747 3
624 747 2
628 747 3
629 747 1
631 747 2
632 747 1
634 747 1
635 747 3
637 747 3
638 747 3
639 747 1
642 747 2
644 747 2
646 747 2
650 747 2
653 747 1
656 747 2
666 747 2
669 747 3
671 747 1
672 747 3
681 747 2
682 747 2
684 747 2
685 747 1
688 747 3
690 747 1
691 747 1
696 747 1
697 747 3
698 747 3
700 747 2
702 747 2
704 747 3
710 747 3
711 747 1
712 747 3
718 747 3
720 747 2
724 747 2
728 747 3
732 747 1
738 747 2
741 747 2
744 747 1
749 747 1
750 747 1
751 747 1
752 747 1
753 747 2
755 747 2
756 747 1
760 747 3
763 747 2
767 747 3
768 747 1
770 747 2
772 747 1
779 747 1
785 747 3
795 747 3
799 747 1
803 747 2
807 747 1
811 747 3
812 747 3
815 747 2
817 747 2
824 747 2
825 747 2
832 747 3
833 747 3
834 747 1
835 747 1
836 747 3
839 747 3
840 747 3
846 747 3
847 747 1
848 747 3
849 747 1
851 747 3
856 747 2
859 747 3
862 747 2
863 747 3
867 747 3
868 747 3
870 747 1
871 747 2
876 747 1
877 747 2
878 747 1
880 747 3
882 747 3
885 747 1
886 747 3
887 747 3
891 747 2
893 747 1
895 747 3
897 747 1
911 747 1
913 747 3
918 747 1
920 747 3
921 747 2
924 747 1
927 747 2
929 747 1
934 747 3
942 747 2
949 747 3
955 747 3
956 747 1
960 747 2
962 747 1
964 747 3
968 747 3
969 747 2
973 747 2
976 747 1
977 747 2
978 747 1
979 747 2
983 747 3
985 747 1
990 747 2
992 747 3
993 747 3
994 747 2
997 747 3
998 747 3
999 747 3
2 748 1
3 748 2
4 748 3
6 748 3
8 748 3
9 748 1
13 748 2
17 748 2
19 748 1
