411 199 2
412 199 3
415 199 2
416 199 1
419 199 3
420 199 3
422 199 1
424 199 3
425 199 2
426 199 3
432 199 1
435 199 3
437 199 2
441 199 2
444 199 3
448 199 2
451 199 3
452 199 1
462 199 3
463 199 3
465 199 3
468 199 3
472 199 3
474 199 3
476 199 2
479 199 1
481 199 2
483 199 2
485 199 1
492 199 1
494 199 3
495 199 2
505 199 3
506 199 2
507 199 3
508 199 2
512 199 1
514 199 3
515 199 1
518 199 2
519 199 2
531 199 1
532 199 3
537 199 2
538 199 3
543 199 1
547 199 3
549 199 2
551 199 2
557 199 3
558 199 3
562 199 2
564 199 3
566 199 1
567 199 3
568 199 1
569 199 1
573 199 3
577 199 3
579 199 1
580 199 2
581 199 1
583 199 2
595 199 1
596 199 1
597 199 1
598 199 2
600 199 2
603 199 1
607 199 1
615 199 3
616 199 3
618 199 1
619 199 2
623 199 3
625 199 2
630 199 2
631 199 3
635 199 1
637 199 2
638 199 3
643 199 2
650 199 1
651 199 2
653 199 1
656 199 1
658 199 3
666 199 1
667 199 1
673 199 1
675 199 3
679 199 2
682 199 2
689 199 1
690 199 1
698 199 1
699 199 1
700 199 3
702 199 3
704 199 1
706 199 2
710 199 2
711 199 3
715 199 1
717 199 2
720 199 2
721 199 1
722 199 3
724 199 2
725 199 2
727 199 2
728 199 3
730 199 1
733 199 2
734 199 1
736 199 1
737 199 3
740 199 2
742 199 3
751 199 1
752 199 2
756 199 1
763 199 3
766 199 3
769 199 3
771 199 3
775 199 3
778 199 1
789 199 3
794 199 3
795 199 3
796 199 2
797 199 2
798 199 3
799 199 3
800 199 1
803 199 3
804 199 3
805 199 3
809 199 3
816 199 1
817 199 3
818 199 2
821 199 1
825 199 2
826 199 2
827 199 3
828 199 3
829 199 2
834 199 2
835 199 1
838 199 3
840 199 2
843 199 3
852 199 3
853 199 2
854 199 1
859 199 1
868 199 2
870 199 1
871 199 3
874 199 3
875 199 2
878 199 1
883 199 1
884 199 3
886 199 3
887 199 1
890 199 1
897 199 2
900 199 3
903 199 2
905 199 3
908 199 3
911 199 1
916 199 3
917 199 3
919 199 1
921 199 1
923 199 1
925 199 3
928 199 1
933 199 2
940 199 1
943 199 2
947 199 2
950 199 3
953 199 1
956 199 3
968 199 2
969 199 3
971 199 2
973 199 3
974 199 2
975 199 1
977 199 2
978 199 2
982 199 1
987 199 2
988 199 3
992 199 3
994 199 2
995 199 1
998 199 2
2 200 2
3 200 3
5 200 2
7 200 1
16 200 2
18 200 1
21 200 2
28 200 3
29 200 1
34 200 1
35 200 1
36 200 2
39 200 1
40 200 2
41 200 2
43 200 2
46 200 2
48 200 1
49 200 2
50 200 3
57 200 2
58 200 1
60 200 1
62 200 3
69 200 2
72 200 1
74 200 3
83 200 1
84 200 2
86 200 2
90 200 1
92 200 3
95 200 1
96 200 3
100 200 1
110 200 2
111 200 1
132 200 2
133 200 3
135 200 2
137 200 1
141 200 1
144 200 2
150 200 2
152 200 1
153 200 1
154 200 3
165 200 2
170 200 2
173 200 3
175 200 2
180 200 2
184 200 3
186 200 1
194 200 3
197 200 3
198 200 3
201 200 2
202 200 1
203 200 2
204 200 3
206 200 1
207 200 3
210 200 3
212 200 3
213 200 2
214 200 3
221 200 2
223 200 2
225 200 3
231 200 3
232 200 2
242 200 1
243 200 2
248 200 3
250 200 2
251 200 2
255 200 2
264 200 3
265 200 3
269 200 1
270 200 2
277 200 3
278 200 2
280 200 2
281 200 2
282 200 1
285 200 2
288 200 2
291 200 1
292 200 1
293 200 1
298 200 2
300 200 2
308 200 3
311 200 3
315 200 3
318 200 3
322 200 2
323 200 2
326 200 2
329 200 1
331 200 1
337 200 2
342 200 3
343 200 3
346 200 1
347 200 2
352 200 1
353 200 1
354 200 2
358 200 3
359 200 2
363 200 2
365 200 3
366 200 1
367 200 3
372 200 2
373 200 1
375 200 1
378 200 3
387 200 3
388 200 2
389 200 3
390 200 2
391 200 1
392 200 2
393 200 1
401 200 1
402 200 1
403 200 1
405 200 3
409 200 2
411 200 2
414 200 3
415 200 1
416 200 3
418 200 3
422 200 2
424 200 1
425 200 1
429 200 3
438 200 3
439 200 2
445 200 3
446 200 2
449 200 2
450 200 2
452 200 1
453 200 3
454 200 2
457 200 2
460 200 1
462 200 2
463 200 3
465 200 2
469 200 1
474 200 1
477 200 1
479 200 1
483 200 1
488 200 2
490 200 1
491 200 1
496 200 3
504 200 3
505 200 3
510 200 3
513 200 1
514 200 1
516 200 2
517 200 2
519 200 2
521 200 3
522 200 3
523 200 3
526 200 3
530 200 3
532 200 2
533 200 3
554 200 1
555 200 2
561 200 1
562 200 1
563 200 1
564 200 3
567 200 1
570 200 2
572 200 2
573 200 2
575 200 1
577 200 2
579 200 2
584 200 1
586 200 2
589 200 2
594 200 2
596 200 2
597 200 1
600 200 2
602 200 2
603 200 2
605 200 2
608 200 2
611 200 1
612 200 2
616 200 1
623 200 1
625 200 1
627 200 1
633 200 3
640 200 1
642 200 1
645 200 3
649 200 3
650 200 1
652 200 1
653 200 3
656 200 3
657 200 3
659 200 3
661 200 1
663 200 3
664 200 3
676 200 1
677 200 3
679 200 3
682 200 1
683 200 3
685 200 1
689 200 2
690 200 3
693 200 3
697 200 3
698 200 3
705 200 3
706 200 2
708 200 2
710 200 2
711 200 1
716 200 2
718 200 1
722 200 2
726 200 1
730 200 1
734 200 1
737 200 1
740 200 2
745 200 1
746 200 3
752 200 3
753 200 2
754 200 1
756 200 3
758 200 1
768 200 2
770 200 2
771 200 2
772 200 1
773 200 1
774 200 3
776 200 2
777 200 1
782 200 3
786 200 3
789 200 1
790 200 1
793 200 3
797 200 3
805 200 1
811 200 1
813 200 3
820 200 2
821 200 2
822 200 1
824 200 3
825 200 3
826 200 2
828 200 1
832 200 3
838 200 2
842 200 2
843 200 1
849 200 2
851 200 3
859 200 3
862 200 1
863 200 2
866 200 3
867 200 1
868 200 2
870 200 1
872 200 2
873 200 3
874 200 2
876 200 1
883 200 2
890 200 3
892 200 2
893 200 2
902 200 1
904 200 3
905 200 1
906 200 1
913 200 2
914 200 2
916 200 2
918 200 3
923 200 3
926 200 1
927 200 1
928 200 2
934 200 2
935 200 3
936 200 3
941 200 3
944 200 1
950 200 2
957 200 3
958 200 1
961 200 1
965 200 2
969 200 1
971 200 2
973 200 3
977 200 2
979 200 2
981 200 1
984 200 3
985 200 2
989 200 1
991 200 3
992 200 3
1 201 3
11 201 1
18 201 3
19 201 2
20 201 1
25 201 2
29 201 2
30 201 1
32 201 2
46 201 3
48 201 2
52 201 2
53 201 3
54 201 2
55 201 1
59 201 3
60 201 2
74 201 2
77 201 1
78 201 1
81 201 3
87 201 1
88 201 1
93 201 3
94 201 1
95 201 3
102 201 3
104 201 3
106 201 3
108 201 1
109 201 1
118 201 2
120 201 3
126 201 3
127 201 1
135 201 3
136 201 1
137 201 2
138 201 3
143 201 1
153 201 3
155 201 1
157 201 1
167 201 3
168 201 3
169 201 3
170 201 2
173 201 3
175 201 3
177 201 1
186 201 3
189 201 1
191 201 1
194 201 1
195 201 1
198 201 1
201 201 1
210 201 2
213 201 2
214 201 1
215 201 2
216 201 2
221 201 1
222 201 1
228 201 2
234 201 3
239 201 3
244 201 2
246 201 2
250 201 1
252 201 3
257 201 2
266 201 3
268 201 3
269 201 2
271 201 1
273 201 2
275 201 3
278 201 3
281 201 2
283 201 1
290 201 1
293 201 1
295 201 2
303 201 1
311 201 1
313 201 1
316 201 3
317 201 3
321 201 2
322 201 2
323 201 2
325 201 1
331 201 1
333 201 1
334 201 3
335 201 2
336 201 1
337 201 1
339 201 2
340 201 1
341 201 3
344 201 2
355 201 3
361 201 2
363 201 2
364 201 1
365 201 3
366 201 1
367 201 1
377 201 3
378 201 1
379 201 2
384 201 1
385 201 2
387 201 3
391 201 3
395 201 3
403 201 1
404 201 2
405 201 2
406 201 2
409 201 1
410 201 3
411 201 1
415 201 3
416 201 1
417 201 1
419 201 3
