122 896 1
123 896 3
124 896 3
128 896 2
129 896 3
130 896 3
132 896 1
135 896 1
136 896 3
140 896 2
141 896 3
142 896 2
144 896 2
155 896 1
156 896 2
157 896 3
162 896 1
164 896 3
165 896 3
166 896 3
168 896 3
170 896 1
172 896 1
173 896 2
174 896 3
178 896 1
180 896 2
182 896 2
184 896 1
188 896 3
192 896 1
195 896 2
196 896 1
205 896 2
213 896 3
214 896 2
218 896 3
219 896 1
221 896 2
223 896 3
227 896 3
229 896 3
230 896 2
233 896 3
235 896 3
239 896 3
241 896 2
243 896 1
249 896 3
256 896 3
260 896 2
263 896 1
273 896 2
279 896 2
280 896 1
284 896 3
285 896 3
289 896 2
291 896 3
293 896 2
294 896 1
295 896 1
297 896 1
301 896 2
302 896 1
306 896 3
307 896 2
308 896 3
309 896 1
310 896 1
311 896 2
312 896 3
315 896 2
317 896 3
318 896 3
321 896 2
330 896 1
331 896 1
334 896 2
339 896 2
341 896 2
342 896 2
345 896 3
347 896 1
348 896 1
351 896 1
352 896 2
353 896 3
360 896 2
366 896 2
367 896 1
370 896 2
371 896 2
372 896 3
376 896 2
378 896 2
381 896 1
382 896 3
384 896 1
386 896 1
396 896 1
401 896 2
403 896 2
404 896 3
407 896 1
408 896 3
409 896 2
413 896 1
415 896 2
424 896 1
425 896 3
426 896 1
429 896 1
431 896 1
434 896 2
437 896 1
443 896 2
444 896 3
445 896 3
450 896 3
452 896 2
453 896 1
455 896 1
456 896 1
460 896 1
461 896 3
462 896 1
466 896 3
468 896 2
471 896 1
473 896 2
477 896 1
479 896 3
482 896 3
486 896 2
487 896 3
491 896 2
493 896 2
494 896 1
495 896 1
502 896 1
504 896 1
509 896 3
510 896 3
513 896 3
515 896 2
518 896 1
523 896 1
526 896 3
532 896 1
535 896 3
536 896 1
538 896 2
539 896 1
541 896 1
543 896 1
544 896 3
546 896 3
548 896 1
549 896 2
550 896 2
557 896 3
558 896 2
561 896 1
564 896 2
565 896 2
566 896 3
568 896 3
576 896 2
577 896 1
581 896 1
587 896 2
589 896 1
590 896 3
591 896 1
594 896 1
597 896 3
598 896 1
602 896 3
603 896 3
604 896 3
605 896 3
606 896 1
609 896 1
610 896 3
612 896 1
617 896 1
618 896 1
621 896 1
622 896 1
626 896 1
633 896 2
635 896 1
640 896 3
641 896 1
643 896 2
646 896 2
651 896 1
658 896 2
659 896 1
664 896 2
665 896 3
666 896 3
668 896 1
669 896 2
670 896 1
671 896 1
672 896 1
675 896 2
679 896 1
682 896 3
685 896 1
686 896 3
692 896 1
693 896 1
694 896 1
698 896 1
705 896 3
710 896 2
718 896 1
720 896 1
722 896 2
723 896 2
731 896 3
732 896 1
733 896 3
737 896 2
739 896 2
749 896 3
753 896 2
754 896 3
755 896 2
763 896 1
766 896 1
771 896 3
773 896 1
776 896 2
781 896 1
782 896 2
786 896 2
788 896 2
791 896 2
814 896 2
815 896 2
818 896 2
824 896 3
825 896 1
826 896 2
827 896 2
829 896 3
830 896 3
831 896 2
832 896 2
833 896 1
835 896 1
838 896 1
845 896 3
849 896 2
854 896 3
856 896 1
857 896 1
858 896 3
859 896 1
861 896 1
865 896 1
867 896 3
872 896 3
873 896 3
875 896 1
878 896 3
881 896 1
884 896 1
885 896 1
887 896 2
890 896 1
894 896 3
901 896 1
902 896 1
904 896 3
905 896 1
907 896 1
908 896 2
912 896 3
915 896 1
920 896 2
921 896 3
922 896 2
923 896 2
924 896 2
927 896 1
929 896 1
930 896 2
931 896 3
933 896 1
935 896 1
938 896 2
939 896 1
940 896 1
947 896 3
948 896 2
960 896 1
964 896 1
969 896 3
970 896 3
974 896 3
975 896 3
978 896 2
980 896 1
983 896 1
988 896 1
991 896 2
994 896 2
998 896 3
0 897 2
1 897 1
13 897 1
18 897 2
22 897 3
29 897 2
31 897 1
33 897 2
34 897 1
37 897 2
40 897 3
44 897 3
45 897 1
50 897 1
53 897 3
55 897 2
56 897 2
58 897 1
61 897 1
62 897 2
64 897 3
69 897 1
80 897 1
82 897 2
83 897 2
84 897 1
90 897 1
96 897 3
97 897 1
100 897 1
108 897 1
109 897 3
110 897 1
114 897 3
115 897 3
116 897 1
119 897 1
129 897 2
131 897 3
136 897 2
137 897 2
138 897 2
143 897 1
148 897 1
158 897 3
162 897 1
163 897 3
167 897 2
170 897 2
177 897 2
179 897 2
183 897 2
191 897 3
198 897 2
199 897 2
201 897 3
204 897 2
207 897 3
210 897 2
211 897 2
212 897 2
217 897 2
222 897 2
225 897 3
226 897 1
227 897 3
233 897 1
234 897 2
235 897 3
240 897 2
251 897 3
254 897 1
255 897 1
257 897 3
258 897 1
260 897 3
268 897 3
270 897 2
271 897 1
272 897 2
273 897 1
274 897 2
280 897 3
281 897 1
296 897 3
297 897 2
298 897 2
302 897 3
305 897 1
307 897 1
309 897 1
317 897 2
319 897 1
320 897 1
328 897 1
333 897 1
340 897 3
351 897 1
354 897 2
360 897 2
362 897 1
366 897 1
367 897 3
368 897 1
373 897 3
377 897 3
378 897 1
383 897 3
385 897 2
386 897 3
388 897 1
389 897 1
395 897 2
398 897 3
402 897 1
408 897 1
411 897 3
412 897 3
413 897 3
416 897 3
417 897 1
418 897 2
419 897 1
420 897 3
422 897 3
425 897 2
428 897 3
430 897 3
432 897 1
435 897 3
438 897 1
441 897 1
442 897 3
447 897 3
448 897 3
449 897 3
450 897 2
452 897 1
453 897 3
455 897 3
456 897 2
457 897 2
458 897 2
462 897 2
468 897 1
470 897 1
473 897 1
474 897 2
475 897 2
478 897 1
480 897 2
481 897 1
488 897 1
490 897 2
491 897 3
493 897 1
494 897 1
495 897 1
497 897 2
498 897 2
502 897 2
503 897 1
508 897 2
511 897 3
512 897 2
514 897 3
521 897 2
524 897 2
525 897 1
529 897 1
531 897 2
533 897 1
535 897 3
536 897 2
539 897 2
542 897 3
543 897 3
548 897 1
549 897 3
554 897 3
556 897 1
560 897 1
564 897 3
565 897 1
569 897 2
572 897 1
573 897 2
574 897 1
580 897 3
586 897 1
587 897 1
588 897 2
589 897 1
591 897 2
595 897 1
596 897 2
597 897 2
600 897 3
601 897 3
603 897 3
606 897 3
608 897 3
610 897 1
611 897 3
616 897 1
617 897 2
620 897 3
624 897 1
627 897 1
631 897 1
632 897 3
634 897 3
636 897 3
645 897 2
647 897 1
649 897 2
651 897 2
663 897 1
664 897 2
676 897 2
682 897 2
688 897 1
691 897 1
692 897 3
698 897 1
700 897 2
703 897 2
705 897 1
707 897 1
708 897 1
717 897 2
722 897 2
732 897 3
739 897 2
741 897 3
745 897 2
746 897 1
747 897 3
748 897 2
750 897 3
751 897 1
752 897 1
753 897 3
760 897 2
761 897 2
764 897 1
765 897 3
766 897 1
767 897 1
768 897 1
769 897 3
772 897 1
774 897 1
781 897 1
788 897 1
790 897 1
795 897 3
800 897 2
802 897 2
803 897 3
805 897 3
806 897 2
807 897 3
812 897 3
820 897 1
821 897 3
825 897 2
829 897 1
830 897 2
848 897 2
849 897 2
856 897 3
857 897 3
859 897 1
860 897 3
863 897 1
870 897 1
877 897 2
882 897 2
887 897 1
888 897 3
890 897 2
894 897 2
895 897 1
897 897 3
898 897 1
899 897 3
903 897 3
905 897 2
910 897 3
914 897 2
924 897 2
925 897 2
928 897 2
934 897 2
937 897 2
940 897 2
941 897 2
944 897 1
945 897 1
949 897 1
950 897 2
955 897 2
956 897 2
957 897 1
960 897 1
961 897 3
964 897 1
967 897 3
972 897 3
983 897 1
986 897 1
989 897 2
990 897 1
992 897 2
994 897 3
996 897 1
0 898 3
1 898 3
5 898 1
7 898 2
15 898 3
18 898 2
19 898 2
21 898 3
24 898 1
27 898 2
31 898 3
32 898 1
33 898 3
34 898 2
35 898 3
40 898 3
43 898 3
56 898 2
58 898 3
61 898 2
63 898 3
64 898 3
66 898 2
72 898 1
73 898 3
74 898 3
76 898 1
77 898 3
85 898 2
86 898 1
87 898 2
92 898 3
94 898 1
99 898 2
100 898 2
102 898 2
