710 314 3
711 314 1
718 314 2
722 314 3
728 314 2
729 314 2
730 314 1
732 314 1
733 314 1
734 314 1
738 314 3
739 314 1
742 314 1
745 314 2
750 314 2
755 314 3
756 314 3
763 314 3
765 314 3
767 314 2
776 314 2
781 314 1
783 314 1
785 314 2
788 314 2
790 314 2
793 314 3
796 314 3
798 314 2
800 314 3
801 314 3
807 314 2
811 314 1
813 314 3
815 314 1
817 314 3
821 314 1
824 314 2
829 314 1
832 314 2
841 314 1
843 314 1
845 314 2
852 314 3
854 314 2
859 314 3
866 314 2
868 314 3
869 314 1
870 314 2
872 314 3
873 314 2
874 314 3
876 314 1
879 314 3
882 314 3
884 314 3
886 314 2
889 314 2
890 314 3
894 314 2
895 314 2
900 314 2
905 314 3
906 314 2
913 314 2
914 314 3
916 314 2
918 314 1
919 314 2
922 314 2
925 314 3
926 314 3
927 314 3
928 314 3
930 314 1
931 314 3
932 314 1
934 314 3
935 314 1
936 314 3
948 314 3
950 314 3
954 314 3
960 314 1
962 314 1
963 314 2
965 314 3
967 314 3
973 314 3
975 314 3
978 314 3
979 314 2
981 314 2
982 314 1
983 314 2
984 314 2
989 314 3
990 314 2
991 314 3
993 314 3
994 314 3
998 314 3
0 315 2
3 315 1
7 315 1
8 315 2
15 315 3
16 315 3
21 315 3
22 315 1
25 315 3
27 315 3
30 315 3
34 315 3
45 315 3
46 315 2
48 315 1
56 315 3
57 315 3
63 315 2
64 315 3
67 315 1
70 315 3
74 315 2
75 315 2
76 315 3
82 315 1
84 315 2
91 315 3
97 315 3
106 315 1
115 315 1
116 315 2
117 315 1
118 315 2
123 315 2
124 315 2
127 315 1
128 315 2
129 315 3
131 315 2
133 315 3
140 315 2
141 315 2
142 315 3
159 315 2
160 315 3
161 315 2
162 315 3
175 315 2
178 315 1
179 315 3
183 315 1
184 315 1
187 315 1
189 315 2
194 315 3
195 315 2
201 315 3
202 315 2
204 315 2
205 315 3
210 315 2
212 315 3
214 315 2
216 315 1
218 315 1
222 315 2
225 315 1
227 315 3
231 315 3
233 315 2
234 315 2
237 315 1
240 315 1
245 315 1
248 315 1
250 315 2
257 315 3
267 315 2
271 315 3
272 315 2
274 315 1
277 315 3
278 315 2
281 315 3
284 315 1
285 315 2
286 315 2
288 315 2
289 315 2
291 315 1
295 315 2
296 315 2
297 315 2
299 315 1
302 315 2
305 315 1
306 315 1
309 315 2
312 315 1
313 315 1
315 315 1
317 315 3
318 315 2
320 315 1
321 315 1
322 315 1
325 315 3
329 315 2
334 315 1
336 315 3
337 315 2
340 315 1
342 315 2
344 315 3
346 315 1
347 315 1
348 315 3
351 315 1
352 315 2
353 315 3
357 315 3
370 315 1
376 315 3
379 315 3
385 315 3
386 315 1
387 315 2
396 315 1
404 315 3
406 315 3
409 315 1
414 315 1
417 315 1
423 315 1
427 315 1
428 315 2
430 315 1
431 315 1
434 315 3
436 315 2
438 315 2
442 315 3
444 315 2
447 315 3
456 315 3
457 315 2
461 315 2
462 315 2
466 315 3
467 315 1
468 315 2
471 315 2
472 315 1
476 315 1
479 315 3
481 315 2
487 315 1
492 315 2
495 315 2
496 315 1
498 315 1
505 315 2
514 315 3
525 315 1
536 315 2
540 315 1
543 315 3
546 315 1
553 315 1
554 315 3
563 315 3
567 315 3
570 315 3
571 315 3
575 315 2
580 315 1
582 315 3
583 315 2
584 315 2
585 315 2
587 315 3
589 315 2
590 315 3
591 315 1
592 315 3
594 315 1
599 315 1
603 315 3
604 315 3
606 315 3
608 315 2
611 315 1
612 315 3
619 315 3
620 315 2
622 315 2
625 315 2
626 315 2
628 315 3
634 315 3
643 315 2
647 315 1
668 315 3
669 315 1
673 315 2
682 315 3
686 315 1
694 315 3
697 315 2
698 315 3
702 315 1
703 315 1
704 315 1
706 315 2
711 315 3
712 315 2
715 315 3
717 315 2
719 315 2
721 315 2
724 315 2
725 315 2
726 315 1
729 315 2
730 315 3
733 315 2
734 315 1
741 315 3
745 315 3
748 315 3
749 315 3
754 315 2
756 315 2
758 315 1
761 315 1
767 315 2
769 315 2
770 315 1
773 315 2
775 315 2
781 315 3
784 315 2
791 315 1
793 315 2
794 315 1
796 315 3
797 315 1
799 315 2
807 315 2
808 315 3
810 315 1
815 315 2
816 315 2
820 315 3
823 315 1
824 315 3
830 315 3
833 315 3
837 315 3
839 315 1
840 315 3
842 315 2
846 315 2
852 315 3
854 315 2
859 315 3
861 315 3
864 315 3
865 315 2
867 315 2
871 315 1
874 315 1
884 315 3
885 315 1
890 315 3
892 315 2
893 315 3
897 315 3
899 315 3
901 315 3
903 315 2
904 315 2
906 315 2
908 315 1
910 315 2
911 315 1
915 315 3
919 315 1
922 315 1
923 315 2
933 315 1
934 315 3
941 315 1
943 315 3
944 315 2
948 315 3
949 315 1
950 315 3
953 315 1
958 315 2
959 315 1
960 315 1
962 315 2
964 315 3
966 315 3
970 315 1
973 315 1
974 315 2
975 315 2
976 315 2
983 315 1
985 315 3
992 315 1
993 315 1
996 315 2
997 315 3
999 315 1
1 316 1
3 316 3
6 316 2
10 316 2
12 316 1
14 316 3
16 316 2
17 316 3
18 316 2
21 316 2
24 316 1
30 316 1
31 316 2
32 316 1
35 316 2
38 316 3
42 316 2
43 316 2
44 316 3
53 316 2
56 316 3
61 316 1
65 316 3
66 316 1
68 316 3
70 316 1
71 316 3
72 316 3
74 316 1
78 316 2
80 316 2
86 316 3
94 316 1
96 316 2
98 316 1
100 316 3
104 316 1
107 316 2
110 316 1
115 316 1
120 316 3
123 316 3
124 316 2
125 316 1
126 316 3
128 316 3
129 316 2
130 316 2
131 316 2
135 316 2
136 316 2
140 316 3
143 316 1
144 316 3
153 316 2
156 316 3
165 316 3
167 316 2
187 316 2
188 316 3
190 316 3
196 316 2
199 316 2
201 316 1
204 316 1
207 316 2
211 316 3
216 316 2
217 316 3
220 316 1
232 316 3
234 316 2
238 316 3
239 316 1
241 316 3
243 316 2
244 316 3
250 316 2
252 316 3
253 316 3
255 316 3
257 316 3
258 316 2
263 316 1
267 316 3
269 316 3
270 316 1
271 316 1
273 316 2
277 316 2
278 316 1
280 316 1
282 316 3
285 316 3
286 316 3
291 316 3
293 316 2
298 316 2
299 316 3
306 316 2
307 316 2
308 316 3
315 316 3
321 316 1
323 316 1
326 316 3
327 316 1
328 316 3
332 316 2
338 316 2
342 316 1
343 316 1
345 316 1
347 316 2
348 316 3
352 316 1
357 316 1
368 316 3
372 316 3
379 316 2
385 316 2
386 316 3
387 316 3
389 316 3
390 316 1
392 316 2
393 316 2
394 316 2
407 316 3
412 316 3
414 316 1
415 316 1
417 316 1
422 316 3
427 316 1
430 316 1
439 316 1
446 316 3
450 316 1
451 316 3
452 316 2
454 316 3
457 316 2
464 316 3
466 316 1
467 316 1
469 316 2
472 316 3
476 316 1
478 316 2
481 316 1
483 316 2
485 316 1
488 316 2
492 316 2
496 316 1
497 316 3
501 316 3
502 316 3
504 316 3
510 316 1
511 316 3
514 316 3
520 316 2
527 316 2
529 316 1
534 316 3
535 316 2
536 316 2
537 316 2
539 316 1
542 316 2
545 316 3
551 316 3
552 316 2
555 316 1
565 316 2
568 316 3
569 316 1
570 316 2
579 316 3
580 316 1
586 316 3
588 316 3
594 316 2
596 316 2
597 316 3
605 316 2
606 316 2
612 316 2
613 316 1
617 316 3
619 316 1
622 316 3
627 316 3
636 316 3
638 316 1
641 316 3
643 316 1
644 316 2
645 316 1
647 316 2
650 316 2
651 316 1
657 316 1
660 316 1
661 316 2
663 316 2
666 316 2
667 316 3
671 316 3
672 316 1
678 316 2
687 316 3
689 316 1
695 316 1
699 316 3
700 316 3
702 316 1
704 316 2
705 316 3
707 316 3
713 316 3
714 316 1
716 316 3
717 316 1
720 316 2
721 316 2
725 316 2
726 316 3
736 316 2
739 316 3
741 316 1
742 316 1
745 316 2
747 316 3
749 316 3
754 316 1
758 316 3
759 316 1
761 316 2
762 316 2
763 316 1
765 316 3
766 316 2
768 316 1
