132 728 1
134 728 1
135 728 2
136 728 3
145 728 3
147 728 3
156 728 2
162 728 2
165 728 1
166 728 3
168 728 1
174 728 3
175 728 3
177 728 3
180 728 3
183 728 2
186 728 1
187 728 2
189 728 2
191 728 3
192 728 2
193 728 2
194 728 2
197 728 2
204 728 2
214 728 3
227 728 2
229 728 1
230 728 2
234 728 1
239 728 1
240 728 3
242 728 2
245 728 1
247 728 3
249 728 1
253 728 3
254 728 1
255 728 3
260 728 1
264 728 3
268 728 3
271 728 2
272 728 3
274 728 3
277 728 2
278 728 1
279 728 1
281 728 2
286 728 1
288 728 1
292 728 1
293 728 2
295 728 2
296 728 2
297 728 3
298 728 3
301 728 1
302 728 1
304 728 2
305 728 3
307 728 1
308 728 1
314 728 3
315 728 1
328 728 2
332 728 1
334 728 1
339 728 1
341 728 1
345 728 1
346 728 2
353 728 1
354 728 3
360 728 3
362 728 1
363 728 1
367 728 1
374 728 2
376 728 2
380 728 1
381 728 1
386 728 3
389 728 3
390 728 1
399 728 1
401 728 3
404 728 2
406 728 2
407 728 3
408 728 1
410 728 3
412 728 3
413 728 2
414 728 1
418 728 1
420 728 1
425 728 2
428 728 2
429 728 3
430 728 2
438 728 1
439 728 1
441 728 2
443 728 3
444 728 1
445 728 3
448 728 3
450 728 2
453 728 2
454 728 3
457 728 3
460 728 2
464 728 2
469 728 2
471 728 3
489 728 3
494 728 1
495 728 2
496 728 3
500 728 3
503 728 1
506 728 3
508 728 2
514 728 3
515 728 2
517 728 3
518 728 3
526 728 3
530 728 2
531 728 1
532 728 3
533 728 2
535 728 2
536 728 1
545 728 3
546 728 2
548 728 3
551 728 2
553 728 3
556 728 3
557 728 3
558 728 3
559 728 2
562 728 2
563 728 3
565 728 1
568 728 3
569 728 1
571 728 3
574 728 1
577 728 3
581 728 1
586 728 2
590 728 1
594 728 2
595 728 3
597 728 3
601 728 3
602 728 1
608 728 1
615 728 1
623 728 3
637 728 1
640 728 3
651 728 2
652 728 3
664 728 1
667 728 2
669 728 3
676 728 3
678 728 3
681 728 2
686 728 3
689 728 1
713 728 3
715 728 1
717 728 3
723 728 3
725 728 1
727 728 3
730 728 3
731 728 3
732 728 2
740 728 3
743 728 3
745 728 2
747 728 3
748 728 3
749 728 3
751 728 2
753 728 1
756 728 1
760 728 2
761 728 2
762 728 3
770 728 3
771 728 2
773 728 1
774 728 2
777 728 2
779 728 2
780 728 3
791 728 2
792 728 3
794 728 1
796 728 1
797 728 2
799 728 2
804 728 3
808 728 3
809 728 2
812 728 2
813 728 2
814 728 2
818 728 1
820 728 3
823 728 3
830 728 2
832 728 2
836 728 1
839 728 1
840 728 2
841 728 3
845 728 1
847 728 1
850 728 3
853 728 2
858 728 1
862 728 1
865 728 2
868 728 2
869 728 2
870 728 3
871 728 1
874 728 2
880 728 1
881 728 2
882 728 1
883 728 1
887 728 3
891 728 2
892 728 2
894 728 3
897 728 2
898 728 3
899 728 2
900 728 1
907 728 2
908 728 3
910 728 3
913 728 2
914 728 1
918 728 3
920 728 2
924 728 3
925 728 2
926 728 1
927 728 3
930 728 2
944 728 1
945 728 2
946 728 2
949 728 1
950 728 2
953 728 3
954 728 2
955 728 3
958 728 3
960 728 2
961 728 1
962 728 1
967 728 1
975 728 2
978 728 2
980 728 2
988 728 1
989 728 1
990 728 2
994 728 1
997 728 3
998 728 3
2 729 2
6 729 3
12 729 3
17 729 2
19 729 3
21 729 1
25 729 1
27 729 1
28 729 2
29 729 2
34 729 2
36 729 1
45 729 3
50 729 3
53 729 2
54 729 2
57 729 3
60 729 3
61 729 3
66 729 2
68 729 3
74 729 2
75 729 1
78 729 1
81 729 1
82 729 3
83 729 3
86 729 1
89 729 3
102 729 3
105 729 1
112 729 1
117 729 1
118 729 2
119 729 3
123 729 1
126 729 2
128 729 2
129 729 1
130 729 1
134 729 1
136 729 3
140 729 2
142 729 1
145 729 2
147 729 1
148 729 3
150 729 3
152 729 3
155 729 1
158 729 3
159 729 3
167 729 1
172 729 1
173 729 1
174 729 1
180 729 1
185 729 2
186 729 3
190 729 1
191 729 3
193 729 1
194 729 2
203 729 1
204 729 1
208 729 3
211 729 3
213 729 3
214 729 3
217 729 3
219 729 3
220 729 3
224 729 3
230 729 3
231 729 3
232 729 1
236 729 2
239 729 2
245 729 2
246 729 1
261 729 3
262 729 2
263 729 2
270 729 2
272 729 1
280 729 2
281 729 3
282 729 3
284 729 1
286 729 3
287 729 2
288 729 1
290 729 1
292 729 3
301 729 2
302 729 1
309 729 2
310 729 1
312 729 2
313 729 2
316 729 1
318 729 1
320 729 3
322 729 3
325 729 3
331 729 1
335 729 1
347 729 1
350 729 1
356 729 1
358 729 2
364 729 2
365 729 2
367 729 3
372 729 3
373 729 3
378 729 3
381 729 2
382 729 3
386 729 1
387 729 3
388 729 1
390 729 3
391 729 2
392 729 1
396 729 1
397 729 2
406 729 3
407 729 2
412 729 1
413 729 1
414 729 3
416 729 3
418 729 3
419 729 2
423 729 3
430 729 3
433 729 1
434 729 3
437 729 2
439 729 1
441 729 3
444 729 1
447 729 3
450 729 1
459 729 1
462 729 3
465 729 3
467 729 1
468 729 2
472 729 1
473 729 3
474 729 2
480 729 2
482 729 3
489 729 3
492 729 3
495 729 2
502 729 1
503 729 1
504 729 1
510 729 1
514 729 3
518 729 3
520 729 3
521 729 2
528 729 1
532 729 3
540 729 2
543 729 1
545 729 3
550 729 3
553 729 2
555 729 1
556 729 1
562 729 3
565 729 3
570 729 2
572 729 2
574 729 3
575 729 3
581 729 3
582 729 3
590 729 3
592 729 1
600 729 2
601 729 2
602 729 3
604 729 2
605 729 1
606 729 1
609 729 1
612 729 2
617 729 1
622 729 1
626 729 1
627 729 3
630 729 1
632 729 2
636 729 1
637 729 3
638 729 1
645 729 1
655 729 1
657 729 3
661 729 3
663 729 3
668 729 2
673 729 3
674 729 1
678 729 2
681 729 2
682 729 2
685 729 3
698 729 2
705 729 1
708 729 1
715 729 1
718 729 2
723 729 2
725 729 3
726 729 2
727 729 3
731 729 1
733 729 2
735 729 3
737 729 3
738 729 2
740 729 1
744 729 2
747 729 3
748 729 3
752 729 2
754 729 1
755 729 3
756 729 3
757 729 1
764 729 3
766 729 1
767 729 3
768 729 2
778 729 2
781 729 2
782 729 2
789 729 1
790 729 2
791 729 2
792 729 2
793 729 1
799 729 3
801 729 3
802 729 2
809 729 1
813 729 2
825 729 1
829 729 1
834 729 3
841 729 2
846 729 1
854 729 3
857 729 2
859 729 3
860 729 3
861 729 2
862 729 3
863 729 2
864 729 1
866 729 2
867 729 1
868 729 1
875 729 3
882 729 1
883 729 1
884 729 1
887 729 1
889 729 3
890 729 2
892 729 2
896 729 1
898 729 2
899 729 1
900 729 3
901 729 3
912 729 2
913 729 3
916 729 1
921 729 1
927 729 1
928 729 3
930 729 1
931 729 1
934 729 1
935 729 1
937 729 3
942 729 2
944 729 1
947 729 2
951 729 1
963 729 1
967 729 3
968 729 3
970 729 1
973 729 1
977 729 1
979 729 1
981 729 3
991 729 2
994 729 3
1 730 3
3 730 3
4 730 3
10 730 3
19 730 2
24 730 1
25 730 1
30 730 2
32 730 3
33 730 1
34 730 1
35 730 1
38 730 1
42 730 3
46 730 3
54 730 2
55 730 1
59 730 3
60 730 3
69 730 1
72 730 2
75 730 2
80 730 3
83 730 2
85 730 2
87 730 3
91 730 1
92 730 3
93 730 1
97 730 1
98 730 3
102 730 1
115 730 1
116 730 1
118 730 3
120 730 2
124 730 3
127 730 2
129 730 2
130 730 3
131 730 2
132 730 3
133 730 2
135 730 2
137 730 3
140 730 1
141 730 2
146 730 1
147 730 2
148 730 1
150 730 2
154 730 1
156 730 2
159 730 2
161 730 3
163 730 1
164 730 1
167 730 2
168 730 3
170 730 2
171 730 3
172 730 3
175 730 2
176 730 2
177 730 3
184 730 3
186 730 1
192 730 2
196 730 2
198 730 2
200 730 3
201 730 1
203 730 2
207 730 2
208 730 2
210 730 3
