514 664 2
517 664 3
519 664 1
521 664 2
526 664 1
527 664 3
531 664 2
536 664 3
540 664 2
549 664 1
550 664 3
553 664 1
554 664 1
557 664 3
560 664 2
561 664 2
562 664 3
565 664 1
566 664 3
567 664 2
570 664 2
571 664 1
573 664 1
576 664 1
581 664 3
582 664 1
583 664 3
585 664 1
586 664 3
587 664 1
591 664 2
596 664 2
599 664 2
600 664 3
601 664 2
608 664 3
611 664 1
616 664 1
618 664 1
619 664 1
627 664 1
629 664 1
630 664 2
634 664 1
636 664 2
637 664 3
639 664 2
640 664 2
646 664 1
651 664 3
657 664 2
658 664 2
659 664 2
664 664 1
666 664 2
668 664 3
680 664 2
682 664 3
688 664 3
691 664 1
696 664 2
698 664 1
699 664 3
701 664 2
703 664 3
708 664 2
711 664 1
716 664 1
717 664 3
718 664 3
719 664 1
721 664 3
723 664 2
724 664 2
725 664 2
726 664 3
732 664 1
740 664 1
742 664 1
746 664 3
748 664 2
760 664 1
762 664 3
763 664 2
764 664 1
765 664 1
770 664 3
772 664 3
773 664 2
777 664 2
784 664 2
787 664 3
788 664 2
789 664 2
795 664 1
798 664 2
800 664 2
804 664 1
815 664 2
818 664 3
819 664 1
820 664 3
822 664 3
824 664 3
834 664 3
835 664 2
840 664 3
841 664 2
842 664 1
844 664 3
845 664 2
851 664 1
852 664 2
853 664 3
856 664 1
859 664 1
860 664 1
863 664 2
864 664 1
865 664 3
866 664 1
869 664 1
870 664 1
871 664 3
873 664 2
874 664 1
875 664 1
887 664 2
889 664 2
892 664 1
894 664 3
896 664 1
897 664 3
898 664 2
900 664 1
903 664 2
909 664 3
913 664 2
915 664 2
916 664 2
918 664 1
919 664 1
920 664 1
922 664 3
924 664 3
925 664 1
926 664 1
929 664 3
931 664 2
933 664 3
939 664 3
942 664 2
946 664 1
950 664 2
951 664 1
955 664 1
959 664 3
960 664 2
964 664 3
965 664 1
968 664 3
969 664 3
971 664 3
974 664 1
977 664 1
980 664 1
984 664 1
989 664 2
990 664 2
992 664 3
993 664 1
994 664 1
996 664 1
0 665 1
1 665 3
2 665 1
3 665 1
7 665 2
9 665 2
10 665 3
13 665 1
16 665 2
20 665 1
21 665 1
23 665 2
28 665 1
36 665 2
37 665 2
40 665 1
42 665 3
45 665 3
49 665 1
57 665 2
69 665 1
71 665 1
72 665 3
73 665 1
74 665 2
77 665 2
82 665 2
83 665 1
86 665 3
87 665 3
88 665 3
90 665 3
91 665 2
97 665 2
98 665 1
102 665 1
107 665 2
108 665 2
110 665 3
111 665 2
112 665 2
114 665 1
124 665 3
127 665 1
133 665 2
137 665 1
138 665 2
142 665 2
144 665 3
145 665 3
153 665 3
156 665 2
157 665 2
159 665 2
160 665 3
162 665 1
166 665 1
168 665 1
177 665 3
178 665 2
179 665 1
180 665 2
181 665 3
182 665 1
184 665 2
185 665 3
186 665 1
188 665 1
189 665 2
191 665 1
199 665 3
202 665 1
203 665 1
210 665 3
212 665 1
214 665 1
217 665 3
218 665 1
222 665 1
226 665 1
237 665 3
238 665 1
240 665 2
241 665 3
242 665 1
245 665 2
246 665 1
247 665 3
249 665 2
254 665 2
256 665 3
260 665 1
261 665 3
266 665 3
268 665 1
270 665 2
271 665 2
274 665 1
275 665 1
276 665 3
279 665 3
280 665 3
281 665 3
288 665 2
292 665 1
293 665 2
294 665 1
295 665 3
296 665 1
298 665 1
307 665 2
311 665 1
316 665 3
318 665 2
320 665 3
321 665 1
327 665 2
332 665 2
341 665 2
344 665 3
345 665 2
346 665 3
354 665 2
355 665 3
357 665 3
365 665 1
367 665 1
368 665 2
375 665 3
376 665 3
379 665 2
382 665 2
385 665 2
386 665 3
394 665 1
395 665 2
401 665 2
403 665 2
410 665 2
415 665 2
417 665 3
418 665 1
419 665 2
420 665 3
426 665 3
428 665 1
431 665 3
434 665 1
435 665 2
436 665 2
438 665 2
446 665 3
455 665 1
462 665 3
467 665 3
470 665 1
472 665 1
473 665 2
474 665 3
476 665 2
484 665 3
486 665 3
487 665 1
489 665 3
491 665 3
494 665 3
496 665 1
500 665 1
502 665 1
505 665 1
508 665 2
510 665 3
514 665 3
521 665 3
522 665 2
524 665 3
525 665 3
527 665 3
534 665 2
539 665 1
543 665 1
544 665 3
546 665 2
552 665 2
553 665 1
560 665 2
568 665 2
572 665 2
574 665 2
575 665 1
576 665 1
579 665 2
581 665 3
588 665 1
593 665 1
606 665 1
607 665 1
611 665 2
613 665 3
614 665 2
617 665 2
618 665 2
620 665 2
623 665 1
626 665 1
628 665 2
631 665 1
638 665 2
639 665 3
641 665 1
644 665 3
645 665 1
646 665 3
647 665 1
648 665 2
658 665 3
660 665 1
666 665 3
668 665 2
669 665 2
675 665 1
681 665 1
684 665 3
686 665 2
689 665 1
690 665 1
696 665 2
697 665 1
699 665 2
701 665 3
704 665 1
712 665 2
716 665 2
718 665 3
719 665 3
722 665 2
727 665 1
732 665 3
733 665 1
735 665 3
741 665 1
744 665 1
747 665 3
751 665 2
753 665 2
755 665 3
759 665 3
762 665 1
766 665 1
769 665 1
771 665 3
774 665 1
775 665 3
776 665 1
779 665 1
780 665 3
782 665 3
795 665 1
801 665 3
803 665 1
804 665 3
808 665 2
809 665 1
816 665 3
817 665 1
818 665 3
822 665 1
823 665 2
826 665 3
828 665 2
831 665 1
833 665 1
835 665 1
837 665 2
838 665 3
840 665 3
841 665 3
844 665 2
845 665 3
846 665 3
848 665 3
849 665 3
851 665 3
854 665 2
855 665 3
861 665 1
863 665 1
865 665 1
867 665 1
869 665 1
874 665 3
875 665 1
876 665 2
877 665 1
878 665 1
879 665 2
880 665 1
881 665 2
886 665 2
887 665 2
891 665 1
894 665 2
900 665 2
904 665 3
905 665 1
907 665 2
908 665 1
913 665 2
919 665 2
920 665 3
926 665 2
927 665 1
928 665 3
934 665 3
936 665 1
939 665 1
940 665 3
943 665 1
944 665 1
945 665 3
946 665 2
950 665 3
956 665 1
958 665 3
964 665 1
970 665 2
972 665 1
978 665 2
979 665 2
980 665 2
989 665 3
998 665 3
1 666 1
2 666 1
9 666 1
12 666 3
16 666 2
18 666 3
20 666 2
21 666 3
26 666 1
28 666 1
36 666 3
38 666 3
41 666 2
46 666 1
48 666 3
49 666 2
51 666 2
54 666 3
56 666 2
61 666 1
62 666 2
64 666 1
68 666 2
69 666 1
70 666 3
77 666 2
78 666 1
79 666 3
81 666 2
84 666 2
85 666 2
87 666 3
88 666 2
91 666 2
94 666 2
96 666 3
97 666 2
99 666 1
101 666 3
102 666 1
103 666 3
104 666 3
108 666 1
110 666 3
114 666 2
117 666 1
118 666 2
121 666 2
128 666 3
130 666 1
140 666 1
143 666 3
153 666 3
154 666 3
156 666 1
157 666 3
158 666 3
159 666 2
162 666 1
163 666 2
165 666 3
170 666 1
172 666 2
173 666 3
178 666 3
181 666 3
186 666 3
199 666 1
202 666 1
203 666 3
206 666 2
213 666 2
217 666 1
223 666 1
225 666 1
226 666 3
232 666 2
234 666 3
235 666 1
240 666 3
250 666 3
253 666 1
257 666 2
262 666 1
270 666 3
272 666 1
273 666 1
278 666 3
280 666 1
282 666 2
284 666 1
287 666 3
292 666 1
293 666 3
296 666 2
298 666 3
299 666 3
306 666 2
307 666 3
309 666 1
314 666 3
316 666 1
317 666 1
322 666 2
334 666 2
338 666 1
339 666 3
342 666 1
343 666 1
344 666 2
346 666 1
347 666 2
349 666 2
353 666 2
360 666 1
362 666 3
366 666 2
367 666 3
369 666 2
374 666 2
375 666 3
376 666 2
378 666 1
383 666 1
391 666 3
393 666 2
395 666 2
396 666 2
398 666 2
399 666 3
403 666 1
404 666 1
405 666 3
408 666 2
412 666 2
419 666 1
421 666 1
425 666 2
426 666 1
428 666 3
434 666 1
436 666 3
439 666 3
440 666 2
442 666 1
446 666 1
450 666 2
451 666 1
453 666 1
455 666 3
460 666 2
463 666 2
466 666 3
469 666 3
470 666 3
474 666 3
475 666 2
476 666 2
481 666 2
483 666 1
484 666 1
