364 30 1
370 30 1
377 30 3
381 30 1
388 30 3
390 30 3
394 30 1
396 30 3
397 30 2
405 30 2
406 30 3
410 30 1
411 30 3
412 30 1
414 30 1
415 30 3
419 30 1
422 30 3
423 30 3
429 30 1
431 30 1
434 30 2
438 30 2
440 30 2
448 30 1
451 30 3
457 30 3
458 30 2
464 30 1
465 30 3
469 30 1
475 30 1
477 30 3
482 30 1
485 30 1
489 30 2
490 30 1
496 30 1
500 30 2
502 30 3
509 30 3
510 30 3
512 30 3
513 30 3
515 30 3
519 30 1
521 30 3
523 30 1
524 30 2
526 30 1
528 30 1
532 30 3
534 30 1
535 30 3
536 30 1
537 30 2
538 30 3
543 30 1
547 30 1
549 30 1
551 30 3
552 30 1
558 30 2
566 30 3
567 30 2
572 30 2
573 30 1
580 30 3
592 30 2
593 30 1
596 30 2
597 30 3
600 30 1
602 30 2
612 30 3
616 30 2
617 30 1
620 30 3
621 30 1
623 30 1
630 30 1
639 30 2
642 30 3
645 30 2
646 30 3
649 30 1
653 30 3
654 30 2
655 30 3
657 30 2
666 30 1
668 30 1
672 30 1
675 30 1
676 30 2
679 30 3
683 30 2
684 30 3
685 30 1
690 30 2
691 30 2
693 30 3
694 30 2
697 30 3
698 30 2
702 30 2
713 30 2
715 30 2
716 30 3
717 30 1
718 30 1
719 30 2
720 30 2
723 30 3
724 30 1
726 30 3
729 30 1
730 30 2
732 30 2
738 30 3
739 30 1
740 30 1
741 30 2
745 30 3
748 30 3
752 30 2
757 30 3
765 30 1
767 30 2
768 30 1
772 30 1
776 30 3
777 30 2
778 30 3
780 30 2
781 30 2
782 30 2
787 30 3
791 30 3
793 30 3
796 30 2
797 30 1
800 30 3
802 30 3
804 30 2
805 30 2
806 30 2
809 30 2
810 30 2
814 30 1
815 30 2
818 30 1
823 30 1
824 30 2
826 30 3
829 30 1
831 30 3
832 30 3
834 30 3
837 30 3
843 30 1
844 30 1
846 30 1
847 30 2
848 30 2
850 30 2
855 30 1
857 30 2
861 30 2
866 30 3
867 30 1
873 30 1
878 30 1
879 30 2
880 30 2
881 30 2
884 30 2
885 30 3
886 30 1
887 30 2
888 30 3
898 30 1
899 30 3
902 30 3
903 30 3
906 30 1
908 30 3
909 30 1
911 30 1
912 30 1
914 30 2
916 30 1
917 30 1
919 30 1
922 30 3
930 30 3
933 30 1
934 30 2
950 30 3
951 30 2
952 30 3
957 30 3
961 30 1
962 30 1
963 30 1
966 30 2
967 30 1
969 30 3
972 30 2
975 30 3
977 30 3
981 30 3
983 30 3
985 30 2
986 30 3
989 30 2
992 30 1
999 30 1
2 31 1
13 31 2
14 31 1
24 31 2
30 31 1
31 31 1
32 31 1
34 31 3
38 31 1
42 31 3
44 31 2
46 31 1
48 31 1
49 31 2
52 31 1
53 31 1
57 31 2
62 31 3
66 31 1
69 31 3
71 31 3
75 31 2
76 31 1
88 31 2
92 31 1
96 31 1
98 31 2
99 31 2
102 31 2
104 31 1
105 31 1
107 31 3
110 31 3
112 31 2
120 31 3
125 31 3
131 31 2
139 31 1
140 31 1
143 31 3
144 31 3
147 31 2
148 31 2
155 31 2
157 31 2
158 31 1
162 31 2
163 31 3
164 31 3
167 31 1
170 31 2
174 31 1
179 31 2
182 31 3
184 31 3
185 31 1
190 31 1
199 31 2
200 31 3
201 31 1
206 31 3
207 31 2
209 31 2
217 31 1
219 31 2
221 31 3
223 31 2
226 31 1
228 31 2
232 31 2
239 31 1
241 31 3
242 31 2
252 31 2
254 31 3
256 31 3
257 31 3
261 31 1
262 31 2
265 31 2
268 31 3
269 31 2
271 31 3
276 31 3
279 31 1
280 31 3
281 31 2
286 31 1
292 31 1
293 31 3
294 31 2
298 31 3
302 31 3
303 31 2
305 31 2
308 31 3
310 31 3
313 31 2
317 31 1
321 31 1
324 31 1
328 31 3
329 31 2
342 31 2
343 31 1
347 31 2
349 31 1
353 31 1
354 31 2
356 31 3
361 31 1
362 31 1
363 31 2
364 31 1
366 31 2
371 31 3
374 31 2
375 31 1
378 31 1
384 31 3
391 31 2
394 31 2
395 31 3
398 31 3
401 31 3
403 31 2
404 31 2
407 31 2
408 31 1
411 31 3
414 31 2
415 31 1
416 31 3
419 31 2
428 31 3
430 31 2
433 31 3
437 31 2
440 31 3
446 31 2
450 31 1
452 31 2
454 31 3
456 31 2
463 31 3
465 31 3
469 31 1
471 31 2
474 31 1
475 31 2
477 31 2
482 31 3
483 31 3
485 31 2
489 31 3
491 31 2
495 31 3
496 31 3
497 31 1
501 31 2
505 31 2
507 31 2
508 31 3
509 31 2
513 31 2
514 31 2
518 31 3
524 31 3
534 31 2
535 31 2
536 31 2
543 31 2
545 31 1
547 31 3
550 31 2
551 31 1
552 31 1
554 31 2
555 31 1
558 31 3
559 31 2
564 31 2
570 31 2
572 31 3
573 31 1
579 31 1
580 31 2
584 31 1
586 31 1
589 31 1
592 31 3
595 31 1
596 31 1
600 31 1
601 31 2
607 31 2
608 31 1
609 31 2
612 31 2
616 31 1
617 31 1
618 31 2
621 31 3
624 31 1
633 31 2
636 31 3
637 31 1
640 31 3
642 31 1
644 31 2
645 31 1
647 31 1
650 31 3
653 31 3
659 31 3
667 31 1
672 31 3
673 31 2
675 31 2
677 31 3
680 31 3
687 31 1
695 31 2
699 31 1
704 31 1
708 31 1
709 31 2
712 31 2
717 31 3
718 31 3
719 31 2
720 31 1
725 31 2
728 31 3
729 31 2
730 31 2
737 31 1
738 31 2
739 31 2
741 31 2
742 31 2
743 31 1
745 31 3
749 31 1
751 31 2
755 31 3
756 31 2
758 31 1
760 31 2
762 31 2
765 31 2
766 31 3
767 31 3
768 31 3
769 31 3
770 31 3
778 31 2
779 31 3
780 31 2
781 31 2
783 31 3
788 31 2
791 31 1
794 31 2
796 31 1
799 31 1
801 31 2
804 31 1
810 31 3
816 31 1
818 31 2
820 31 2
821 31 1
823 31 3
826 31 3
828 31 2
829 31 1
833 31 1
834 31 2
836 31 1
840 31 2
845 31 1
847 31 2
856 31 1
858 31 2
863 31 2
864 31 1
866 31 2
867 31 3
869 31 1
870 31 2
871 31 3
872 31 2
874 31 3
875 31 1
883 31 1
887 31 2
892 31 2
893 31 2
896 31 2
898 31 3
899 31 1
905 31 1
913 31 1
915 31 1
918 31 3
919 31 1
927 31 1
932 31 2
934 31 2
936 31 2
938 31 2
944 31 1
951 31 3
952 31 3
955 31 3
957 31 3
958 31 1
964 31 3
965 31 2
971 31 3
977 31 1
978 31 2
983 31 3
985 31 2
991 31 3
994 31 3
999 31 1
18 32 1
22 32 1
23 32 2
26 32 1
28 32 2
29 32 3
33 32 3
37 32 1
40 32 2
42 32 2
45 32 1
48 32 1
50 32 1
51 32 3
52 32 3
59 32 3
62 32 3
63 32 3
65 32 1
69 32 1
72 32 2
76 32 2
77 32 3
79 32 3
80 32 3
82 32 1
84 32 2
85 32 3
87 32 2
89 32 2
95 32 2
101 32 1
105 32 2
110 32 1
125 32 2
128 32 3
134 32 3
139 32 1
142 32 1
145 32 1
146 32 1
149 32 1
153 32 3
156 32 3
162 32 3
163 32 3
166 32 3
168 32 2
169 32 1
172 32 1
176 32 2
179 32 2
187 32 2
189 32 3
195 32 1
200 32 3
206 32 2
207 32 3
209 32 2
212 32 2
220 32 2
221 32 1
222 32 1
227 32 3
229 32 3
233 32 1
234 32 2
237 32 2
243 32 2
245 32 2
246 32 1
247 32 2
249 32 3
256 32 3
264 32 2
265 32 1
268 32 2
269 32 3
280 32 2
283 32 2
288 32 2
291 32 3
298 32 2
300 32 2
301 32 2
307 32 1
311 32 2
314 32 2
320 32 1
332 32 2
334 32 1
339 32 1
340 32 2
343 32 2
345 32 1
350 32 3
351 32 1
354 32 2
355 32 1
357 32 1
358 32 2
359 32 2
361 32 2
362 32 3
365 32 3
372 32 1
373 32 3
376 32 2
377 32 3
382 32 1
384 32 2
387 32 2
388 32 1
394 32 1
396 32 3
399 32 1
401 32 3
409 32 1
410 32 1
414 32 1
