484 193 3
485 193 3
491 193 3
497 193 2
499 193 2
502 193 2
504 193 2
513 193 3
515 193 3
517 193 2
523 193 2
524 193 1
525 193 1
530 193 1
533 193 1
534 193 3
537 193 2
538 193 1
539 193 3
542 193 2
544 193 2
551 193 3
553 193 2
557 193 2
564 193 3
570 193 2
571 193 3
580 193 1
583 193 3
585 193 2
586 193 3
588 193 3
589 193 2
594 193 3
599 193 1
603 193 1
604 193 3
605 193 2
607 193 2
608 193 3
611 193 3
615 193 1
616 193 2
619 193 2
621 193 2
625 193 1
626 193 1
630 193 1
631 193 3
634 193 3
637 193 3
641 193 1
645 193 3
646 193 3
647 193 2
648 193 1
649 193 2
652 193 2
655 193 1
663 193 1
668 193 2
670 193 3
674 193 2
676 193 2
683 193 1
684 193 2
689 193 1
695 193 2
696 193 2
698 193 1
702 193 2
707 193 3
717 193 2
719 193 1
722 193 3
723 193 3
724 193 1
726 193 1
728 193 3
736 193 3
737 193 1
738 193 2
741 193 3
744 193 2
749 193 2
750 193 1
752 193 2
756 193 1
757 193 2
759 193 3
760 193 2
763 193 1
771 193 2
777 193 2
778 193 1
780 193 1
782 193 1
784 193 2
785 193 1
786 193 1
788 193 3
789 193 1
790 193 2
791 193 3
794 193 2
798 193 2
800 193 3
805 193 3
806 193 3
811 193 3
812 193 1
816 193 1
819 193 2
825 193 3
830 193 1
831 193 2
834 193 1
842 193 2
845 193 1
846 193 2
850 193 3
853 193 1
860 193 1
862 193 3
863 193 3
865 193 1
866 193 3
867 193 3
872 193 2
873 193 3
875 193 1
877 193 3
881 193 3
884 193 3
885 193 1
887 193 1
896 193 3
898 193 2
903 193 1
905 193 2
911 193 3
914 193 1
918 193 3
919 193 1
923 193 1
926 193 2
927 193 1
932 193 3
936 193 2
940 193 3
942 193 2
948 193 3
954 193 1
958 193 2
960 193 1
961 193 2
966 193 1
968 193 3
971 193 3
972 193 2
973 193 2
974 193 1
975 193 2
976 193 3
980 193 1
991 193 1
992 193 1
993 193 2
994 193 2
995 193 2
997 193 3
998 193 3
0 194 2
1 194 1
5 194 2
8 194 2
11 194 1
13 194 2
14 194 3
15 194 1
16 194 2
21 194 3
22 194 2
23 194 3
24 194 1
25 194 3
27 194 3
34 194 1
37 194 2
41 194 3
42 194 2
44 194 1
45 194 1
47 194 2
48 194 1
49 194 2
51 194 3
52 194 1
54 194 1
55 194 3
56 194 1
58 194 2
60 194 2
61 194 1
63 194 1
64 194 2
65 194 2
66 194 2
68 194 2
70 194 2
72 194 3
77 194 1
78 194 2
79 194 3
81 194 3
86 194 3
87 194 1
90 194 2
92 194 3
99 194 1
104 194 1
115 194 3
120 194 2
126 194 1
128 194 2
129 194 2
130 194 3
132 194 3
141 194 3
142 194 3
148 194 2
149 194 3
151 194 1
152 194 3
158 194 2
165 194 1
166 194 1
167 194 2
170 194 3
181 194 2
186 194 1
194 194 1
198 194 1
200 194 1
205 194 2
206 194 1
212 194 1
215 194 1
217 194 1
223 194 3
224 194 3
227 194 3
228 194 2
231 194 1
232 194 1
235 194 1
239 194 3
240 194 1
243 194 1
251 194 3
252 194 3
253 194 1
256 194 2
257 194 2
258 194 2
261 194 1
264 194 1
269 194 2
271 194 2
273 194 3
275 194 1
276 194 1
277 194 1
278 194 1
283 194 1
289 194 3
290 194 1
291 194 3
292 194 3
295 194 1
303 194 2
306 194 1
307 194 1
311 194 2
314 194 2
320 194 3
323 194 2
325 194 2
327 194 2
328 194 2
332 194 3
337 194 3
339 194 2
342 194 2
343 194 1
345 194 1
346 194 1
358 194 2
360 194 2
362 194 2
373 194 2
374 194 3
375 194 1
377 194 3
380 194 2
382 194 1
384 194 1
387 194 3
389 194 1
390 194 3
395 194 2
396 194 1
402 194 1
411 194 2
413 194 1
415 194 3
418 194 1
420 194 1
423 194 3
424 194 2
427 194 3
428 194 2
429 194 1
433 194 2
436 194 3
442 194 1
444 194 1
446 194 3
447 194 1
451 194 2
455 194 3
457 194 3
461 194 2
462 194 1
468 194 3
471 194 3
475 194 1
478 194 1
484 194 2
486 194 3
487 194 2
494 194 1
496 194 3
510 194 3
514 194 2
519 194 1
521 194 2
526 194 2
533 194 1
534 194 1
536 194 1
538 194 1
540 194 2
541 194 2
542 194 2
544 194 3
545 194 2
551 194 2
553 194 2
555 194 1
570 194 3
571 194 3
575 194 2
583 194 3
585 194 2
586 194 2
589 194 2
592 194 2
594 194 1
596 194 3
597 194 3
601 194 1
603 194 1
604 194 3
605 194 1
607 194 1
612 194 3
615 194 2
617 194 2
622 194 2
623 194 3
624 194 1
627 194 3
629 194 3
630 194 1
631 194 2
632 194 1
634 194 3
636 194 3
641 194 3
643 194 3
644 194 1
649 194 3
650 194 3
652 194 2
655 194 1
660 194 1
661 194 3
662 194 3
665 194 1
667 194 2
668 194 3
676 194 2
682 194 2
683 194 2
686 194 1
693 194 3
694 194 1
697 194 1
699 194 1
700 194 1
703 194 2
705 194 2
711 194 3
713 194 2
715 194 1
716 194 2
719 194 2
725 194 3
727 194 1
733 194 3
738 194 3
739 194 3
744 194 3
745 194 2
747 194 2
753 194 1
754 194 2
758 194 1
762 194 3
765 194 2
767 194 2
771 194 3
775 194 3
776 194 3
779 194 1
784 194 3
785 194 1
787 194 2
788 194 2
789 194 3
790 194 2
791 194 1
796 194 2
797 194 2
810 194 2
812 194 2
815 194 2
816 194 3
819 194 1
826 194 1
831 194 3
833 194 3
836 194 3
837 194 1
840 194 3
842 194 1
846 194 3
848 194 2
851 194 1
854 194 2
858 194 3
859 194 3
863 194 3
865 194 3
866 194 1
867 194 2
868 194 3
870 194 3
872 194 3
874 194 2
880 194 3
887 194 1
896 194 3
898 194 1
899 194 1
900 194 3
902 194 1
904 194 1
908 194 1
909 194 3
911 194 1
915 194 2
918 194 2
921 194 2
924 194 1
927 194 3
928 194 1
935 194 1
938 194 2
939 194 2
940 194 2
942 194 1
944 194 3
951 194 3
952 194 2
956 194 3
962 194 1
965 194 3
966 194 3
974 194 1
977 194 1
981 194 1
986 194 1
991 194 2
998 194 3
6 195 3
7 195 3
8 195 2
10 195 1
12 195 3
13 195 2
15 195 1
16 195 1
18 195 1
20 195 1
21 195 2
23 195 2
25 195 1
28 195 2
29 195 2
30 195 3
34 195 2
35 195 3
36 195 2
39 195 1
44 195 1
47 195 1
50 195 1
53 195 2
54 195 1
55 195 2
56 195 1
57 195 1
59 195 2
63 195 1
65 195 1
68 195 1
69 195 1
70 195 1
74 195 1
76 195 3
77 195 2
82 195 2
87 195 1
100 195 2
103 195 3
105 195 3
106 195 3
110 195 2
111 195 1
112 195 2
113 195 3
114 195 2
115 195 3
117 195 2
118 195 1
121 195 2
128 195 1
134 195 3
138 195 1
142 195 3
146 195 2
148 195 2
153 195 3
156 195 2
158 195 1
161 195 3
162 195 3
167 195 1
168 195 3
169 195 3
172 195 3
174 195 2
175 195 2
176 195 3
185 195 3
190 195 1
191 195 1
193 195 3
196 195 1
197 195 3
200 195 2
202 195 1
204 195 3
208 195 3
210 195 1
212 195 1
218 195 1
221 195 1
225 195 3
226 195 2
227 195 1
228 195 1
234 195 3
236 195 3
237 195 3
238 195 2
239 195 2
241 195 1
242 195 1
243 195 1
244 195 3
245 195 1
246 195 1
253 195 1
262 195 3
265 195 3
266 195 1
267 195 2
269 195 1
271 195 3
272 195 3
275 195 3
279 195 1
280 195 3
282 195 2
284 195 1
286 195 3
288 195 3
292 195 3
299 195 2
305 195 2
306 195 3
307 195 1
308 195 3
310 195 3
312 195 2
316 195 2
326 195 2
328 195 2
329 195 2
332 195 3
333 195 2
334 195 1
341 195 2
345 195 2
347 195 1
348 195 3
352 195 3
355 195 3
357 195 1
358 195 2
366 195 2
370 195 2
371 195 2
373 195 2
375 195 2
376 195 3
377 195 1
378 195 3
386 195 2
389 195 3
393 195 3
395 195 2
396 195 2
399 195 1
401 195 2
402 195 3
405 195 1
408 195 3
411 195 3
412 195 2
414 195 1
416 195 2
422 195 1
