191 223 2
198 223 3
199 223 1
200 223 2
207 223 2
209 223 1
212 223 2
223 223 1
225 223 2
228 223 2
230 223 1
231 223 3
239 223 3
244 223 3
247 223 2
249 223 3
253 223 1
254 223 1
255 223 1
259 223 3
260 223 2
262 223 2
263 223 1
269 223 1
271 223 3
273 223 3
276 223 3
277 223 2
280 223 3
286 223 3
288 223 2
289 223 3
290 223 1
295 223 1
296 223 3
297 223 2
305 223 3
306 223 3
311 223 3
316 223 1
323 223 2
328 223 3
331 223 3
333 223 3
338 223 2
340 223 3
343 223 3
347 223 1
349 223 2
352 223 3
354 223 3
356 223 1
360 223 3
364 223 3
367 223 3
368 223 1
377 223 2
380 223 2
383 223 3
387 223 2
397 223 2
403 223 1
405 223 2
413 223 2
415 223 3
416 223 3
417 223 3
421 223 1
424 223 2
426 223 1
428 223 2
430 223 2
435 223 3
444 223 3
450 223 1
454 223 2
456 223 1
457 223 3
463 223 2
465 223 1
467 223 2
469 223 3
470 223 2
471 223 3
472 223 3
476 223 1
477 223 3
484 223 2
486 223 1
490 223 3
498 223 1
500 223 2
505 223 1
506 223 3
509 223 1
513 223 3
519 223 2
521 223 3
527 223 1
533 223 1
534 223 3
535 223 3
536 223 3
537 223 1
540 223 1
542 223 1
544 223 2
550 223 1
560 223 1
564 223 1
567 223 2
568 223 2
572 223 1
577 223 1
580 223 1
582 223 3
594 223 2
596 223 2
598 223 3
601 223 1
602 223 3
606 223 1
609 223 2
612 223 2
618 223 1
622 223 2
624 223 1
631 223 3
642 223 3
643 223 1
651 223 3
653 223 2
657 223 1
669 223 3
670 223 2
671 223 3
672 223 1
674 223 3
678 223 3
679 223 2
680 223 3
683 223 2
684 223 1
688 223 1
692 223 1
695 223 2
699 223 2
700 223 2
701 223 2
702 223 3
704 223 3
705 223 1
709 223 3
710 223 1
712 223 1
713 223 3
714 223 1
716 223 2
720 223 2
723 223 3
724 223 3
732 223 2
733 223 3
737 223 2
738 223 3
740 223 1
744 223 1
753 223 1
755 223 3
759 223 1
761 223 2
762 223 3
765 223 3
767 223 2
769 223 3
770 223 1
772 223 1
776 223 2
778 223 3
780 223 3
795 223 3
796 223 3
798 223 3
799 223 2
800 223 3
803 223 1
817 223 2
819 223 2
820 223 3
821 223 1
822 223 3
823 223 2
829 223 3
833 223 3
841 223 2
846 223 1
848 223 3
850 223 2
856 223 1
864 223 2
870 223 1
871 223 1
872 223 2
873 223 3
874 223 1
875 223 3
881 223 3
886 223 2
891 223 2
892 223 2
895 223 2
897 223 3
898 223 3
899 223 3
901 223 2
902 223 2
905 223 3
906 223 2
907 223 1
908 223 1
913 223 3
914 223 1
917 223 2
920 223 2
921 223 1
924 223 3
927 223 1
928 223 2
929 223 2
930 223 1
931 223 2
933 223 3
934 223 3
937 223 1
939 223 2
942 223 3
945 223 1
948 223 3
949 223 1
951 223 3
953 223 2
955 223 3
956 223 1
957 223 1
963 223 1
965 223 3
966 223 1
967 223 3
968 223 2
971 223 3
973 223 1
974 223 1
975 223 3
976 223 3
978 223 3
981 223 1
987 223 2
988 223 2
990 223 1
997 223 2
2 224 2
3 224 2
4 224 2
10 224 3
14 224 2
16 224 2
18 224 1
23 224 3
26 224 3
32 224 2
39 224 3
40 224 3
46 224 3
47 224 2
52 224 1
59 224 3
62 224 2
63 224 1
64 224 2
65 224 3
70 224 2
82 224 1
89 224 1
94 224 1
96 224 1
98 224 3
99 224 1
100 224 3
101 224 2
102 224 3
109 224 1
119 224 1
124 224 1
127 224 3
133 224 2
137 224 2
153 224 2
154 224 1
164 224 3
165 224 1
166 224 2
167 224 3
169 224 2
172 224 2
176 224 1
180 224 1
184 224 1
185 224 2
191 224 1
193 224 1
195 224 1
197 224 1
198 224 2
199 224 1
201 224 2
206 224 1
207 224 3
219 224 3
226 224 2
228 224 2
233 224 2
239 224 2
240 224 1
243 224 1
247 224 2
248 224 3
251 224 3
253 224 3
254 224 3
257 224 1
258 224 2
265 224 1
266 224 2
267 224 3
277 224 2
278 224 1
281 224 1
284 224 1
287 224 2
291 224 2
292 224 1
306 224 3
312 224 1
314 224 2
318 224 2
320 224 3
322 224 1
325 224 2
326 224 2
328 224 1
330 224 3
332 224 1
333 224 1
338 224 1
341 224 2
342 224 1
346 224 2
356 224 2
357 224 1
360 224 1
361 224 1
362 224 2
363 224 1
364 224 1
370 224 1
375 224 2
377 224 3
380 224 1
382 224 1
390 224 1
396 224 2
397 224 3
399 224 2
401 224 2
402 224 2
403 224 2
405 224 1
408 224 3
414 224 1
415 224 3
418 224 1
421 224 1
424 224 3
428 224 2
429 224 3
430 224 2
431 224 3
432 224 2
436 224 1
441 224 2
442 224 3
447 224 3
448 224 2
454 224 1
460 224 2
461 224 3
462 224 3
463 224 3
467 224 2
468 224 2
470 224 2
471 224 3
472 224 1
473 224 2
475 224 2
479 224 1
487 224 3
492 224 1
498 224 2
499 224 1
500 224 3
501 224 3
506 224 1
508 224 3
511 224 1
519 224 1
520 224 2
523 224 3
529 224 2
532 224 3
536 224 1
541 224 3
556 224 2
557 224 1
559 224 1
565 224 1
572 224 1
576 224 1
577 224 3
585 224 1
586 224 2
590 224 3
594 224 3
598 224 2
599 224 2
600 224 3
604 224 2
606 224 2
607 224 2
611 224 2
613 224 3
615 224 1
616 224 1
617 224 3
620 224 3
621 224 1
622 224 2
632 224 2
638 224 2
640 224 1
642 224 3
643 224 2
644 224 3
645 224 1
647 224 2
649 224 3
650 224 1
652 224 3
653 224 3
654 224 1
655 224 2
657 224 1
659 224 1
660 224 3
661 224 2
666 224 2
667 224 1
673 224 3
674 224 1
677 224 3
678 224 3
679 224 1
698 224 3
708 224 1
711 224 3
713 224 2
714 224 2
716 224 2
717 224 1
718 224 3
731 224 3
734 224 1
739 224 3
741 224 1
742 224 2
744 224 2
745 224 2
750 224 1
753 224 3
754 224 3
755 224 1
756 224 2
758 224 2
760 224 3
764 224 1
772 224 3
775 224 3
776 224 1
781 224 3
782 224 1
786 224 3
787 224 2
788 224 2
791 224 3
792 224 3
793 224 1
795 224 1
798 224 3
800 224 2
801 224 1
804 224 2
806 224 3
808 224 2
809 224 2
816 224 2
820 224 3
821 224 3
824 224 1
825 224 3
831 224 1
832 224 2
835 224 2
843 224 1
845 224 3
846 224 1
847 224 2
853 224 1
856 224 1
862 224 3
866 224 3
867 224 3
869 224 3
875 224 2
881 224 3
882 224 1
886 224 3
887 224 3
889 224 2
891 224 3
892 224 1
894 224 3
895 224 1
896 224 1
898 224 3
900 224 2
904 224 3
906 224 3
907 224 2
908 224 3
909 224 3
911 224 1
917 224 3
920 224 1
927 224 2
928 224 2
929 224 3
931 224 1
938 224 3
941 224 2
943 224 3
949 224 3
950 224 2
953 224 2
959 224 3
962 224 1
970 224 3
972 224 1
973 224 3
980 224 3
983 224 2
988 224 3
990 224 2
998 224 3
0 225 2
8 225 3
10 225 2
13 225 3
14 225 2
15 225 2
16 225 2
18 225 2
19 225 3
21 225 3
22 225 2
23 225 2
24 225 1
25 225 3
28 225 1
31 225 3
32 225 3
34 225 3
35 225 2
36 225 1
40 225 2
42 225 2
43 225 3
45 225 3
51 225 3
52 225 3
53 225 1
54 225 1
57 225 2
58 225 1
59 225 2
60 225 1
62 225 2
63 225 3
65 225 3
67 225 1
77 225 1
86 225 2
87 225 2
88 225 3
89 225 3
92 225 3
95 225 3
97 225 3
103 225 1
108 225 1
109 225 1
114 225 3
118 225 1
119 225 2
120 225 3
121 225 3
128 225 1
130 225 2
132 225 3
134 225 3
135 225 3
136 225 2
137 225 2
138 225 1
139 225 1
144 225 2
146 225 3
150 225 3
151 225 3
155 225 3
156 225 2
158 225 3
173 225 2
174 225 3
176 225 1
178 225 2
179 225 2
181 225 3
183 225 3
186 225 3
187 225 1
189 225 3
194 225 3
195 225 3
196 225 1
198 225 1
199 225 1
200 225 2
208 225 3
209 225 3
211 225 3
214 225 3
218 225 1
220 225 2
223 225 2
227 225 3
228 225 2
