724 318 1
726 318 1
728 318 2
732 318 2
735 318 1
737 318 2
743 318 3
746 318 2
750 318 3
753 318 2
754 318 2
755 318 1
758 318 2
759 318 1
762 318 3
766 318 3
768 318 2
771 318 2
774 318 1
777 318 3
782 318 3
783 318 3
787 318 1
800 318 3
801 318 3
806 318 1
807 318 3
808 318 3
811 318 2
813 318 3
824 318 3
828 318 3
831 318 2
833 318 2
835 318 3
836 318 3
837 318 3
839 318 3
840 318 2
849 318 3
850 318 2
851 318 1
852 318 3
855 318 2
858 318 3
859 318 3
860 318 2
862 318 2
868 318 2
872 318 2
875 318 2
876 318 2
878 318 1
883 318 1
885 318 1
891 318 3
893 318 3
894 318 2
897 318 1
900 318 3
905 318 3
906 318 1
908 318 3
912 318 1
916 318 3
921 318 2
922 318 1
923 318 3
928 318 2
933 318 1
934 318 2
935 318 1
941 318 2
943 318 2
950 318 1
955 318 1
957 318 2
971 318 3
972 318 3
974 318 3
975 318 1
980 318 3
986 318 2
988 318 3
989 318 2
994 318 3
997 318 3
998 318 3
1 319 1
4 319 1
5 319 3
6 319 3
7 319 1
8 319 2
9 319 3
12 319 3
13 319 3
15 319 1
21 319 1
29 319 3
31 319 1
33 319 2
41 319 2
42 319 3
46 319 3
49 319 3
56 319 3
57 319 1
61 319 2
62 319 2
67 319 3
69 319 1
70 319 3
71 319 3
74 319 1
81 319 1
82 319 2
84 319 3
86 319 2
95 319 1
96 319 1
97 319 2
99 319 2
103 319 1
106 319 2
110 319 1
123 319 2
125 319 2
126 319 2
127 319 3
129 319 3
134 319 3
135 319 2
137 319 3
139 319 3
140 319 1
141 319 1
142 319 3
143 319 3
147 319 2
149 319 1
150 319 3
155 319 1
160 319 3
166 319 1
167 319 3
170 319 2
175 319 1
176 319 1
177 319 1
178 319 2
182 319 1
185 319 3
186 319 2
187 319 3
188 319 3
198 319 2
200 319 3
202 319 2
205 319 1
209 319 2
210 319 1
212 319 3
218 319 3
220 319 3
221 319 1
222 319 2
223 319 1
226 319 1
227 319 3
230 319 1
232 319 3
233 319 1
235 319 1
241 319 2
247 319 3
248 319 1
252 319 1
253 319 2
254 319 1
257 319 1
262 319 1
265 319 3
266 319 1
267 319 1
268 319 1
269 319 1
270 319 2
272 319 1
274 319 2
275 319 2
278 319 1
281 319 2
287 319 2
288 319 2
290 319 1
294 319 2
298 319 1
299 319 2
300 319 3
301 319 1
306 319 2
307 319 1
309 319 3
310 319 1
312 319 3
313 319 1
314 319 1
322 319 1
326 319 3
328 319 3
329 319 3
331 319 3
334 319 1
335 319 1
338 319 2
339 319 3
340 319 2
341 319 2
344 319 3
345 319 2
349 319 2
350 319 3
354 319 2
355 319 3
358 319 3
361 319 2
362 319 1
371 319 3
374 319 1
375 319 1
377 319 1
378 319 2
379 319 1
380 319 1
384 319 1
385 319 1
391 319 1
393 319 1
398 319 3
408 319 2
409 319 2
410 319 3
411 319 2
413 319 2
417 319 1
420 319 1
421 319 3
422 319 1
426 319 3
429 319 1
430 319 3
435 319 3
438 319 2
440 319 3
443 319 1
445 319 2
446 319 2
454 319 1
461 319 1
462 319 1
477 319 1
489 319 3
490 319 3
491 319 2
495 319 3
498 319 3
502 319 2
505 319 1
506 319 2
510 319 3
512 319 1
514 319 3
521 319 1
524 319 3
529 319 3
530 319 3
531 319 2
536 319 2
537 319 1
540 319 1
543 319 1
548 319 3
550 319 1
552 319 3
555 319 3
559 319 2
561 319 2
563 319 1
565 319 2
571 319 3
573 319 2
578 319 2
580 319 1
588 319 3
595 319 1
600 319 1
601 319 2
609 319 1
610 319 3
616 319 2
617 319 3
618 319 2
620 319 2
624 319 1
625 319 3
627 319 2
631 319 2
632 319 1
635 319 1
640 319 2
642 319 3
643 319 2
648 319 2
653 319 1
660 319 1
666 319 1
670 319 2
671 319 3
674 319 2
679 319 3
682 319 2
686 319 3
690 319 3
691 319 3
692 319 2
696 319 3
700 319 2
701 319 1
710 319 3
711 319 1
715 319 3
716 319 3
719 319 2
726 319 1
728 319 3
734 319 2
735 319 1
736 319 1
737 319 2
745 319 2
747 319 2
750 319 2
752 319 2
753 319 2
755 319 3
758 319 1
759 319 2
765 319 1
771 319 2
772 319 2
779 319 1
785 319 1
794 319 2
796 319 3
805 319 3
807 319 3
814 319 1
816 319 3
817 319 1
818 319 2
828 319 1
829 319 3
830 319 3
833 319 1
835 319 1
836 319 1
837 319 2
838 319 2
839 319 3
840 319 1
841 319 1
845 319 3
846 319 2
847 319 3
849 319 2
850 319 1
852 319 2
853 319 1
856 319 1
857 319 3
859 319 1
860 319 3
864 319 3
871 319 1
875 319 2
880 319 3
881 319 3
882 319 3
884 319 1
885 319 1
886 319 1
888 319 1
890 319 1
892 319 2
893 319 3
897 319 1
898 319 3
899 319 2
903 319 1
904 319 1
905 319 2
908 319 2
909 319 1
920 319 2
921 319 2
922 319 2
923 319 1
927 319 1
929 319 2
931 319 2
932 319 2
933 319 3
934 319 2
936 319 2
941 319 1
943 319 3
949 319 3
950 319 3
951 319 2
959 319 2
960 319 2
963 319 2
965 319 1
971 319 2
979 319 1
980 319 1
981 319 1
982 319 1
988 319 2
991 319 3
993 319 2
998 319 3
6 320 1
7 320 3
8 320 1
9 320 2
11 320 3
14 320 1
19 320 2
20 320 3
22 320 3
29 320 2
32 320 2
33 320 1
38 320 2
44 320 2
49 320 2
55 320 1
62 320 3
63 320 3
64 320 3
68 320 3
69 320 2
71 320 2
72 320 2
73 320 2
78 320 3
79 320 2
85 320 2
90 320 2
91 320 3
96 320 1
97 320 2
98 320 2
99 320 3
100 320 1
101 320 2
104 320 3
107 320 2
108 320 3
113 320 1
114 320 1
116 320 3
117 320 1
121 320 3
122 320 2
124 320 1
133 320 3
135 320 3
139 320 2
140 320 1
145 320 2
149 320 2
153 320 1
155 320 3
164 320 3
166 320 2
168 320 2
169 320 2
175 320 3
176 320 2
177 320 2
179 320 2
180 320 2
185 320 2
187 320 1
191 320 3
192 320 2
193 320 3
197 320 3
198 320 1
199 320 3
201 320 1
205 320 1
210 320 1
213 320 1
217 320 2
223 320 2
225 320 1
226 320 2
230 320 2
233 320 3
235 320 2
238 320 3
240 320 1
242 320 1
247 320 3
252 320 3
255 320 3
256 320 3
261 320 1
265 320 2
266 320 2
267 320 1
269 320 2
270 320 1
272 320 3
273 320 1
275 320 3
276 320 3
283 320 2
286 320 3
288 320 3
289 320 1
292 320 2
296 320 2
297 320 2
300 320 3
309 320 3
311 320 1
312 320 1
313 320 3
315 320 2
317 320 3
318 320 3
322 320 2
324 320 3
326 320 3
330 320 3
331 320 1
333 320 3
337 320 3
341 320 2
344 320 2
347 320 1
350 320 1
352 320 1
354 320 2
362 320 1
372 320 3
373 320 1
376 320 2
377 320 2
379 320 3
381 320 2
383 320 1
384 320 1
385 320 3
387 320 2
390 320 3
391 320 2
393 320 3
397 320 3
403 320 2
404 320 3
405 320 2
406 320 3
407 320 3
413 320 3
418 320 2
419 320 2
420 320 3
421 320 1
423 320 1
425 320 3
438 320 1
440 320 2
450 320 1
456 320 1
458 320 1
459 320 2
463 320 2
468 320 3
471 320 2
475 320 2
476 320 1
478 320 1
481 320 2
482 320 3
488 320 2
489 320 1
491 320 1
492 320 3
493 320 3
501 320 1
502 320 3
506 320 2
509 320 1
512 320 1
513 320 1
516 320 3
521 320 3
522 320 1
524 320 1
531 320 1
532 320 1
539 320 2
541 320 2
543 320 1
550 320 2
554 320 1
556 320 3
557 320 3
559 320 2
562 320 1
563 320 2
569 320 2
572 320 2
573 320 3
579 320 1
580 320 3
582 320 3
583 320 2
589 320 3
591 320 3
592 320 1
598 320 1
599 320 3
601 320 3
602 320 3
604 320 3
608 320 2
609 320 1
611 320 1
614 320 3
620 320 1
635 320 1
638 320 3
640 320 3
641 320 1
643 320 3
651 320 3
652 320 2
663 320 2
666 320 1
667 320 2
669 320 2
681 320 1
682 320 3
684 320 3
688 320 3
692 320 1
694 320 1
696 320 2
699 320 1
