792 310 2
798 310 1
799 310 3
800 310 1
801 310 1
806 310 1
809 310 3
811 310 1
814 310 3
817 310 1
818 310 1
820 310 2
821 310 2
826 310 2
827 310 2
828 310 3
833 310 2
834 310 3
835 310 1
837 310 2
841 310 2
846 310 2
849 310 1
850 310 2
851 310 3
852 310 2
854 310 2
856 310 3
858 310 2
859 310 1
860 310 3
867 310 3
868 310 1
871 310 1
874 310 3
875 310 2
876 310 2
882 310 3
888 310 3
890 310 1
892 310 1
899 310 2
907 310 3
908 310 1
911 310 2
912 310 3
915 310 2
918 310 3
920 310 1
928 310 2
929 310 3
931 310 2
933 310 1
935 310 3
938 310 2
939 310 3
942 310 1
945 310 1
948 310 1
951 310 1
955 310 1
957 310 2
961 310 3
969 310 2
972 310 1
974 310 1
975 310 3
977 310 3
981 310 3
986 310 1
993 310 1
996 310 2
999 310 1
0 311 3
3 311 3
4 311 1
5 311 2
6 311 1
7 311 3
9 311 1
12 311 3
13 311 3
14 311 3
19 311 2
20 311 2
21 311 2
22 311 3
24 311 1
27 311 1
28 311 1
30 311 2
35 311 1
38 311 1
40 311 1
47 311 3
51 311 1
55 311 1
57 311 1
59 311 3
62 311 2
64 311 3
70 311 1
71 311 1
74 311 3
76 311 3
79 311 2
80 311 1
83 311 2
87 311 3
90 311 3
92 311 3
97 311 1
99 311 3
101 311 2
102 311 2
105 311 1
107 311 3
108 311 1
116 311 1
119 311 1
120 311 3
126 311 3
127 311 2
134 311 2
136 311 2
137 311 1
139 311 3
140 311 3
141 311 3
143 311 3
144 311 2
145 311 1
146 311 2
147 311 1
151 311 3
155 311 1
158 311 3
159 311 1
162 311 1
171 311 1
172 311 3
173 311 1
176 311 1
177 311 2
178 311 3
180 311 1
181 311 1
189 311 1
193 311 3
198 311 3
204 311 2
205 311 1
213 311 2
215 311 1
219 311 2
221 311 1
225 311 2
228 311 1
231 311 2
236 311 1
242 311 3
249 311 1
251 311 1
254 311 2
258 311 1
259 311 2
260 311 2
262 311 3
264 311 3
265 311 1
269 311 3
271 311 2
272 311 3
274 311 1
275 311 2
279 311 2
280 311 3
285 311 1
290 311 1
291 311 1
292 311 1
293 311 3
295 311 1
299 311 2
303 311 1
304 311 1
305 311 3
306 311 1
307 311 3
313 311 3
316 311 3
318 311 2
319 311 2
321 311 2
326 311 1
327 311 3
328 311 3
330 311 2
331 311 3
333 311 1
334 311 1
335 311 3
338 311 1
339 311 1
340 311 3
345 311 1
348 311 3
350 311 2
360 311 2
364 311 3
369 311 1
371 311 3
372 311 2
376 311 3
379 311 3
381 311 1
383 311 3
384 311 1
386 311 2
388 311 1
389 311 1
391 311 2
392 311 3
393 311 1
394 311 3
398 311 2
401 311 3
402 311 2
412 311 2
413 311 1
415 311 1
418 311 1
419 311 2
425 311 3
433 311 2
434 311 2
435 311 2
437 311 3
445 311 3
446 311 1
448 311 2
452 311 3
453 311 3
454 311 1
457 311 2
461 311 2
462 311 1
475 311 3
477 311 3
481 311 3
482 311 1
485 311 3
489 311 2
495 311 1
496 311 2
501 311 1
502 311 1
504 311 3
505 311 2
507 311 1
512 311 1
514 311 3
515 311 2
519 311 2
520 311 3
523 311 1
537 311 3
539 311 1
541 311 3
544 311 1
545 311 1
547 311 3
548 311 3
550 311 3
551 311 3
552 311 3
553 311 1
555 311 1
556 311 3
562 311 2
567 311 3
569 311 2
571 311 1
572 311 3
576 311 1
578 311 1
579 311 3
582 311 3
587 311 1
589 311 1
591 311 2
600 311 3
603 311 1
605 311 1
606 311 3
608 311 1
609 311 2
610 311 2
611 311 1
612 311 1
613 311 1
615 311 2
620 311 3
621 311 3
625 311 1
626 311 2
633 311 2
637 311 1
638 311 2
639 311 3
642 311 1
643 311 3
645 311 3
648 311 2
649 311 3
650 311 1
652 311 3
653 311 1
661 311 2
662 311 2
666 311 3
668 311 3
672 311 3
677 311 3
679 311 1
680 311 3
683 311 1
685 311 1
690 311 1
693 311 3
694 311 2
704 311 3
708 311 3
713 311 2
714 311 1
720 311 1
721 311 2
725 311 3
730 311 2
734 311 1
739 311 3
744 311 3
747 311 2
748 311 3
751 311 2
759 311 1
763 311 1
765 311 1
770 311 3
772 311 2
774 311 2
777 311 2
783 311 3
785 311 2
789 311 1
790 311 3
793 311 2
794 311 1
796 311 1
800 311 3
801 311 2
806 311 1
809 311 3
810 311 3
812 311 2
813 311 3
819 311 2
822 311 2
824 311 1
829 311 1
830 311 2
831 311 3
833 311 3
837 311 3
840 311 1
844 311 3
845 311 2
848 311 1
851 311 3
853 311 1
855 311 1
859 311 3
863 311 1
869 311 3
872 311 2
873 311 3
876 311 1
879 311 2
880 311 2
883 311 1
885 311 1
889 311 2
890 311 1
893 311 1
898 311 1
900 311 3
901 311 2
906 311 1
907 311 2
910 311 1
911 311 2
912 311 1
917 311 2
919 311 2
922 311 3
927 311 3
930 311 2
931 311 2
933 311 1
935 311 1
936 311 1
939 311 1
945 311 1
953 311 3
960 311 3
962 311 1
965 311 2
967 311 1
968 311 2
969 311 1
973 311 3
974 311 1
975 311 1
977 311 2
979 311 3
983 311 3
987 311 1
993 311 2
996 311 2
997 311 3
999 311 3
1 312 2
6 312 3
10 312 2
14 312 1
15 312 1
21 312 3
28 312 2
30 312 2
31 312 1
34 312 3
35 312 1
39 312 2
41 312 2
47 312 2
55 312 3
58 312 2
59 312 1
62 312 1
65 312 3
66 312 1
67 312 3
71 312 3
72 312 3
74 312 3
77 312 3
82 312 1
83 312 3
87 312 1
97 312 1
100 312 3
101 312 3
111 312 1
113 312 3
116 312 2
118 312 3
119 312 2
122 312 1
125 312 1
127 312 1
130 312 1
131 312 1
132 312 3
134 312 1
137 312 3
138 312 2
139 312 1
140 312 2
141 312 2
142 312 1
145 312 3
148 312 1
153 312 2
156 312 3
158 312 1
160 312 3
163 312 1
165 312 1
167 312 3
171 312 3
174 312 3
176 312 2
178 312 2
180 312 1
181 312 3
188 312 2
194 312 1
196 312 3
197 312 2
201 312 3
202 312 3
204 312 3
206 312 2
217 312 1
220 312 3
222 312 1
224 312 2
226 312 2
228 312 3
229 312 1
231 312 1
232 312 1
234 312 3
235 312 1
245 312 2
249 312 3
251 312 1
253 312 3
257 312 3
263 312 1
265 312 2
270 312 3
278 312 2
279 312 2
282 312 2
284 312 1
286 312 1
289 312 3
291 312 3
293 312 3
294 312 2
295 312 3
297 312 3
298 312 2
299 312 1
307 312 1
316 312 2
318 312 3
319 312 1
320 312 2
322 312 3
323 312 1
326 312 3
329 312 3
330 312 3
331 312 2
342 312 2
345 312 1
346 312 2
351 312 2
355 312 1
356 312 3
361 312 2
363 312 3
364 312 3
365 312 2
366 312 3
367 312 3
369 312 2
375 312 3
383 312 2
384 312 3
388 312 1
391 312 1
394 312 3
397 312 3
404 312 3
410 312 3
411 312 3
412 312 3
413 312 2
414 312 3
415 312 1
417 312 1
418 312 1
419 312 2
421 312 3
423 312 2
428 312 3
438 312 2
439 312 2
441 312 2
442 312 2
443 312 2
450 312 3
453 312 1
454 312 1
467 312 3
471 312 2
472 312 2
473 312 1
476 312 2
482 312 2
487 312 2
489 312 3
490 312 2
491 312 1
492 312 2
495 312 1
496 312 2
498 312 3
499 312 1
504 312 3
507 312 1
511 312 1
514 312 1
524 312 3
535 312 2
536 312 1
540 312 1
541 312 3
542 312 1
544 312 2
547 312 3
553 312 3
558 312 2
559 312 3
565 312 3
569 312 3
570 312 1
571 312 2
576 312 3
577 312 2
578 312 1
579 312 2
580 312 3
583 312 1
586 312 3
589 312 1
591 312 1
593 312 1
594 312 2
598 312 1
602 312 3
604 312 1
605 312 1
606 312 1
614 312 3
618 312 1
620 312 3
621 312 3
624 312 1
629 312 3
640 312 3
641 312 2
642 312 2
645 312 3
647 312 3
649 312 1
652 312 3
661 312 1
662 312 1
669 312 1
674 312 1
676 312 2
677 312 3
679 312 3
687 312 1
689 312 3
695 312 1
707 312 2
716 312 3
719 312 2
722 312 2
727 312 1
729 312 3
