13 10 2
24 10 1
25 10 1
26 10 1
30 10 2
31 10 2
32 10 3
36 10 2
37 10 3
40 10 3
46 10 1
47 10 3
48 10 1
49 10 2
51 10 3
54 10 1
59 10 1
62 10 1
67 10 1
70 10 1
72 10 2
75 10 2
83 10 3
85 10 1
86 10 1
88 10 1
89 10 3
91 10 3
97 10 3
100 10 1
103 10 1
109 10 1
111 10 3
113 10 3
115 10 1
120 10 3
124 10 2
126 10 2
127 10 2
134 10 2
135 10 1
138 10 1
143 10 2
144 10 3
146 10 3
147 10 2
153 10 2
156 10 2
161 10 2
162 10 1
164 10 3
165 10 1
176 10 3
177 10 1
178 10 1
180 10 3
186 10 2
188 10 1
189 10 2
192 10 3
196 10 2
202 10 3
211 10 3
212 10 3
219 10 2
224 10 1
226 10 2
228 10 1
230 10 3
233 10 2
235 10 3
236 10 2
244 10 2
245 10 1
251 10 3
255 10 1
256 10 2
257 10 2
259 10 2
262 10 3
267 10 2
268 10 3
269 10 1
272 10 3
273 10 3
276 10 1
277 10 1
278 10 1
287 10 3
292 10 2
294 10 2
300 10 1
304 10 3
306 10 1
308 10 1
310 10 1
311 10 1
312 10 3
313 10 1
314 10 1
319 10 3
322 10 1
323 10 1
324 10 2
331 10 2
337 10 1
343 10 1
345 10 1
346 10 1
347 10 1
349 10 3
354 10 3
357 10 3
358 10 3
359 10 3
360 10 1
362 10 2
365 10 3
366 10 1
369 10 3
373 10 3
375 10 1
378 10 1
389 10 2
391 10 3
392 10 1
393 10 3
399 10 1
400 10 2
401 10 1
406 10 3
413 10 3
418 10 3
420 10 3
421 10 1
431 10 1
433 10 3
435 10 3
437 10 2
438 10 1
443 10 1
446 10 2
447 10 3
450 10 2
454 10 2
455 10 1
458 10 2
461 10 2
463 10 2
464 10 3
466 10 2
469 10 1
470 10 1
471 10 1
474 10 3
475 10 3
477 10 2
481 10 1
482 10 1
484 10 3
488 10 1
489 10 1
497 10 3
502 10 2
503 10 1
505 10 3
506 10 2
507 10 1
509 10 2
510 10 1
511 10 3
515 10 2
522 10 1
531 10 3
532 10 1
534 10 3
541 10 2
543 10 3
545 10 3
547 10 2
549 10 1
555 10 3
556 10 2
557 10 3
560 10 1
561 10 2
562 10 3
566 10 3
570 10 3
571 10 1
584 10 3
586 10 3
587 10 2
588 10 3
593 10 1
600 10 3
601 10 1
602 10 3
604 10 1
607 10 3
616 10 1
617 10 1
618 10 1
621 10 3
626 10 2
629 10 1
630 10 1
633 10 1
635 10 2
643 10 3
646 10 3
652 10 2
653 10 1
654 10 2
655 10 3
659 10 3
660 10 1
662 10 1
664 10 2
667 10 3
671 10 1
676 10 1
677 10 3
680 10 1
681 10 3
684 10 3
686 10 2
688 10 3
691 10 3
698 10 2
700 10 3
705 10 3
708 10 2
710 10 3
711 10 1
715 10 2
718 10 3
721 10 2
725 10 2
727 10 1
730 10 2
731 10 2
736 10 1
739 10 2
740 10 3
742 10 2
743 10 3
744 10 1
747 10 2
753 10 1
756 10 3
760 10 2
761 10 3
764 10 2
765 10 3
766 10 2
768 10 3
769 10 2
770 10 3
773 10 2
777 10 3
782 10 2
788 10 2
789 10 1
791 10 1
793 10 2
800 10 2
807 10 2
808 10 2
809 10 2
812 10 1
814 10 3
822 10 2
827 10 2
830 10 3
831 10 3
833 10 2
835 10 2
836 10 3
837 10 1
845 10 2
848 10 3
850 10 1
854 10 2
856 10 3
857 10 3
859 10 1
862 10 3
864 10 2
867 10 1
872 10 1
877 10 2
881 10 1
882 10 3
884 10 1
885 10 1
887 10 1
892 10 2
893 10 3
897 10 3
899 10 3
901 10 3
904 10 1
915 10 2
918 10 1
921 10 3
923 10 2
924 10 3
925 10 2
930 10 2
937 10 1
941 10 1
942 10 3
945 10 1
946 10 3
948 10 1
949 10 2
951 10 1
956 10 3
958 10 1
961 10 3
962 10 2
963 10 3
965 10 1
972 10 1
973 10 3
974 10 1
975 10 3
976 10 3
980 10 1
981 10 3
996 10 1
998 10 3
0 11 3
1 11 3
3 11 3
5 11 2
10 11 2
13 11 2
15 11 1
18 11 3
20 11 3
21 11 2
23 11 1
25 11 1
28 11 3
29 11 2
30 11 1
32 11 1
33 11 2
37 11 2
38 11 1
48 11 1
51 11 1
52 11 2
54 11 1
57 11 1
59 11 3
61 11 1
63 11 3
65 11 2
68 11 1
70 11 3
73 11 3
74 11 2
75 11 2
81 11 3
82 11 3
83 11 3
87 11 3
90 11 3
92 11 2
97 11 1
98 11 2
100 11 1
107 11 1
114 11 2
115 11 1
128 11 1
129 11 2
134 11 3
135 11 2
136 11 3
143 11 2
150 11 2
154 11 2
157 11 2
160 11 1
165 11 1
171 11 2
177 11 2
181 11 1
182 11 1
184 11 3
189 11 3
193 11 3
199 11 3
200 11 2
201 11 1
202 11 2
203 11 3
214 11 1
215 11 2
223 11 3
225 11 1
232 11 1
236 11 1
238 11 1
240 11 1
244 11 3
252 11 1
260 11 3
261 11 3
262 11 2
263 11 2
264 11 3
265 11 1
270 11 2
271 11 1
272 11 2
279 11 1
293 11 1
303 11 3
304 11 3
309 11 3
310 11 1
312 11 3
314 11 2
315 11 3
322 11 2
323 11 1
329 11 1
331 11 1
332 11 3
333 11 3
334 11 3
338 11 3
344 11 3
345 11 1
347 11 1
349 11 2
352 11 3
356 11 3
359 11 2
362 11 3
363 11 2
365 11 2
366 11 3
372 11 3
374 11 1
377 11 1
379 11 2
380 11 2
393 11 1
394 11 3
398 11 1
399 11 2
404 11 2
406 11 2
407 11 2
409 11 1
410 11 3
413 11 2
414 11 1
419 11 2
420 11 2
421 11 2
422 11 3
424 11 2
426 11 1
428 11 3
430 11 2
434 11 3
435 11 3
437 11 1
438 11 1
447 11 3
448 11 3
449 11 3
451 11 1
452 11 1
454 11 3
460 11 2
461 11 3
465 11 1
466 11 2
467 11 3
470 11 2
476 11 2
480 11 1
484 11 3
485 11 2
486 11 3
488 11 3
492 11 1
494 11 3
497 11 3
500 11 1
506 11 2
510 11 2
513 11 2
519 11 1
521 11 3
522 11 3
526 11 3
527 11 1
530 11 3
531 11 3
535 11 3
539 11 1
541 11 2
542 11 3
543 11 3
544 11 1
554 11 3
557 11 3
558 11 2
559 11 2
560 11 2
561 11 2
563 11 3
565 11 3
570 11 3
573 11 2
574 11 3
580 11 2
581 11 3
585 11 2
586 11 3
588 11 2
594 11 2
595 11 3
599 11 2
601 11 2
609 11 3
619 11 2
620 11 3
622 11 2
625 11 2
626 11 3
631 11 2
632 11 1
635 11 3
637 11 3
638 11 1
641 11 2
650 11 3
653 11 1
655 11 1
658 11 1
659 11 2
662 11 2
663 11 3
666 11 2
667 11 3
671 11 1
673 11 2
677 11 3
684 11 1
687 11 1
689 11 3
691 11 1
694 11 2
696 11 2
700 11 3
702 11 1
706 11 3
714 11 1
717 11 2
719 11 1
726 11 2
730 11 3
733 11 1
738 11 3
739 11 3
741 11 2
743 11 1
745 11 1
747 11 3
749 11 1
750 11 2
753 11 3
754 11 3
762 11 1
766 11 2
767 11 3
773 11 2
774 11 1
775 11 3
778 11 1
783 11 1
784 11 3
786 11 1
790 11 2
795 11 3
809 11 1
813 11 3
816 11 2
820 11 1
823 11 1
828 11 3
831 11 1
837 11 2
841 11 1
843 11 3
857 11 2
858 11 3
859 11 1
862 11 1
863 11 1
870 11 3
872 11 3
874 11 3
877 11 2
879 11 2
883 11 2
887 11 3
888 11 3
889 11 1
893 11 3
894 11 1
896 11 3
897 11 2
898 11 2
900 11 3
903 11 2
905 11 1
906 11 1
911 11 1
915 11 1
922 11 1
924 11 3
925 11 1
930 11 2
935 11 1
937 11 2
938 11 2
939 11 2
949 11 1
950 11 3
957 11 1
963 11 1
964 11 3
969 11 2
971 11 2
974 11 2
978 11 2
981 11 2
984 11 2
985 11 1
991 11 3
993 11 2
994 11 3
998 11 1
999 11 2
5 12 3
10 12 3
20 12 1
22 12 1
26 12 3
27 12 1
29 12 1
30 12 1
44 12 3
47 12 2
50 12 1
