615 191 2
617 191 2
618 191 2
622 191 3
623 191 2
624 191 2
626 191 3
629 191 3
631 191 1
632 191 2
634 191 1
637 191 3
638 191 3
640 191 3
644 191 2
646 191 2
652 191 3
653 191 3
657 191 2
658 191 3
661 191 1
664 191 3
665 191 2
666 191 3
667 191 2
669 191 2
672 191 2
674 191 2
677 191 3
678 191 3
682 191 1
683 191 2
684 191 3
685 191 2
689 191 1
692 191 3
693 191 3
701 191 1
702 191 2
706 191 3
707 191 2
709 191 3
714 191 2
715 191 1
718 191 3
719 191 2
720 191 3
722 191 1
724 191 3
726 191 1
731 191 2
732 191 1
735 191 2
738 191 2
739 191 2
743 191 3
748 191 2
753 191 3
759 191 3
761 191 2
768 191 3
771 191 3
774 191 3
777 191 1
780 191 1
781 191 3
782 191 2
784 191 1
785 191 2
793 191 2
795 191 1
800 191 2
804 191 2
810 191 1
815 191 3
816 191 2
819 191 2
822 191 3
823 191 2
827 191 1
829 191 1
830 191 2
834 191 3
835 191 2
836 191 2
838 191 2
839 191 1
841 191 3
845 191 3
848 191 2
849 191 1
850 191 3
852 191 3
857 191 2
861 191 2
864 191 3
868 191 2
869 191 1
870 191 2
871 191 2
872 191 1
873 191 1
874 191 1
875 191 3
877 191 2
878 191 1
888 191 2
891 191 3
895 191 3
899 191 2
900 191 1
902 191 2
903 191 3
908 191 3
913 191 3
918 191 3
921 191 3
924 191 2
925 191 2
926 191 1
927 191 1
930 191 1
941 191 3
945 191 2
948 191 3
951 191 3
962 191 3
969 191 1
972 191 2
975 191 3
976 191 3
981 191 1
984 191 3
985 191 2
987 191 1
989 191 3
993 191 1
995 191 1
998 191 1
2 192 3
10 192 1
11 192 2
17 192 1
26 192 3
28 192 1
33 192 1
36 192 2
38 192 3
46 192 3
52 192 3
53 192 2
54 192 1
56 192 3
57 192 3
63 192 3
64 192 1
66 192 1
71 192 3
72 192 3
79 192 1
85 192 2
86 192 1
97 192 3
98 192 2
99 192 3
100 192 2
101 192 2
104 192 1
105 192 1
106 192 1
112 192 1
113 192 2
118 192 3
121 192 1
122 192 3
124 192 3
131 192 3
132 192 2
133 192 2
140 192 2
142 192 3
143 192 3
148 192 3
150 192 1
151 192 2
154 192 2
159 192 3
161 192 3
162 192 1
164 192 1
165 192 2
169 192 2
174 192 2
177 192 2
178 192 2
180 192 2
183 192 2
185 192 1
186 192 1
189 192 1
190 192 2
191 192 2
197 192 3
198 192 1
208 192 1
209 192 3
210 192 1
213 192 3
215 192 1
219 192 1
220 192 3
224 192 2
227 192 1
231 192 1
234 192 1
236 192 1
237 192 1
240 192 3
241 192 2
242 192 1
246 192 2
249 192 1
253 192 1
255 192 3
256 192 2
258 192 2
260 192 2
266 192 3
267 192 3
270 192 1
272 192 1
273 192 3
279 192 2
280 192 2
282 192 1
284 192 3
285 192 3
287 192 1
295 192 2
297 192 3
299 192 3
302 192 2
305 192 1
310 192 2
311 192 2
317 192 3
319 192 3
323 192 3
324 192 1
328 192 3
329 192 1
333 192 3
338 192 2
341 192 3
343 192 1
344 192 1
346 192 1
349 192 1
351 192 3
352 192 3
360 192 3
363 192 3
364 192 1
365 192 2
366 192 3
369 192 2
371 192 1
375 192 1
376 192 2
378 192 2
382 192 1
385 192 1
387 192 1
388 192 3
390 192 1
395 192 3
396 192 3
397 192 1
399 192 2
400 192 3
401 192 1
403 192 3
411 192 1
413 192 3
414 192 3
417 192 2
418 192 3
422 192 2
424 192 2
427 192 1
430 192 1
431 192 1
434 192 1
435 192 3
437 192 3
440 192 3
442 192 3
443 192 1
446 192 1
449 192 2
450 192 1
452 192 2
453 192 1
455 192 3
457 192 3
458 192 1
460 192 2
461 192 3
462 192 2
464 192 1
466 192 2
468 192 3
470 192 1
472 192 3
473 192 1
485 192 3
488 192 2
493 192 1
495 192 1
496 192 2
499 192 2
500 192 1
503 192 1
506 192 3
507 192 1
512 192 1
514 192 2
520 192 2
521 192 2
523 192 2
526 192 3
527 192 1
529 192 2
531 192 1
532 192 3
533 192 1
536 192 3
540 192 2
541 192 2
543 192 3
549 192 3
550 192 3
555 192 3
560 192 1
561 192 1
563 192 3
567 192 2
568 192 3
570 192 1
571 192 1
574 192 3
575 192 2
579 192 3
580 192 2
583 192 3
584 192 2
585 192 1
589 192 3
591 192 2
592 192 3
593 192 3
598 192 1
603 192 1
605 192 2
611 192 2
613 192 2
614 192 3
616 192 3
618 192 2
621 192 2
624 192 3
626 192 2
629 192 2
630 192 3
638 192 3
640 192 1
644 192 1
649 192 3
654 192 1
655 192 3
656 192 3
659 192 2
663 192 2
665 192 1
669 192 1
671 192 1
672 192 2
674 192 3
675 192 2
676 192 1
679 192 2
681 192 1
688 192 3
692 192 2
693 192 1
695 192 3
697 192 2
698 192 3
700 192 2
701 192 1
708 192 1
712 192 2
714 192 3
717 192 1
723 192 2
726 192 2
728 192 3
736 192 2
743 192 3
746 192 1
750 192 2
751 192 1
752 192 1
755 192 3
757 192 1
758 192 3
764 192 2
765 192 1
768 192 3
773 192 1
774 192 2
778 192 2
780 192 3
781 192 2
784 192 3
786 192 2
787 192 2
788 192 1
790 192 3
791 192 3
792 192 1
794 192 2
795 192 1
804 192 3
805 192 2
809 192 1
814 192 2
815 192 1
818 192 1
819 192 1
822 192 3
824 192 1
826 192 2
829 192 1
830 192 3
831 192 1
837 192 2
838 192 1
843 192 1
844 192 2
845 192 1
846 192 1
848 192 2
852 192 2
853 192 1
854 192 2
855 192 1
857 192 1
861 192 1
862 192 3
863 192 2
865 192 1
866 192 3
867 192 3
874 192 1
876 192 2
877 192 1
880 192 1
883 192 2
885 192 2
891 192 2
895 192 3
904 192 1
906 192 3
909 192 1
910 192 3
911 192 1
923 192 3
924 192 3
931 192 3
935 192 2
937 192 2
939 192 3
940 192 2
941 192 2
943 192 1
955 192 2
957 192 3
960 192 3
962 192 1
966 192 2
967 192 2
970 192 1
975 192 1
976 192 3
977 192 1
979 192 2
981 192 3
985 192 3
987 192 1
990 192 2
992 192 3
999 192 2
9 193 3
11 193 2
12 193 1
14 193 1
17 193 3
20 193 1
22 193 1
23 193 3
24 193 3
27 193 3
31 193 3
32 193 3
36 193 1
37 193 3
39 193 1
40 193 3
45 193 1
48 193 1
49 193 2
58 193 2
60 193 3
63 193 1
66 193 1
68 193 2
72 193 1
76 193 2
85 193 2
87 193 3
91 193 2
96 193 3
99 193 1
102 193 2
107 193 1
109 193 1
110 193 2
111 193 2
113 193 1
118 193 3
119 193 1
120 193 1
123 193 3
127 193 1
130 193 3
132 193 2
136 193 1
139 193 1
141 193 3
143 193 1
145 193 2
147 193 3
149 193 1
156 193 1
158 193 1
165 193 1
166 193 1
167 193 2
168 193 1
173 193 1
174 193 1
186 193 2
187 193 1
189 193 3
193 193 1
194 193 2
196 193 2
197 193 2
206 193 1
208 193 1
212 193 1
216 193 1
218 193 1
219 193 3
220 193 2
222 193 1
223 193 1
224 193 1
228 193 2
234 193 2
236 193 2
238 193 3
239 193 2
244 193 3
245 193 2
247 193 2
250 193 3
257 193 3
263 193 2
266 193 2
275 193 3
276 193 1
280 193 3
282 193 1
285 193 2
288 193 3
289 193 3
300 193 1
301 193 1
304 193 1
305 193 3
306 193 3
309 193 1
310 193 2
312 193 3
313 193 3
319 193 2
322 193 1
323 193 2
325 193 2
330 193 1
333 193 2
336 193 1
337 193 2
339 193 3
340 193 2
341 193 1
342 193 1
345 193 1
349 193 3
352 193 3
355 193 3
362 193 1
364 193 1
365 193 3
368 193 2
369 193 1
375 193 3
377 193 2
380 193 1
381 193 3
383 193 1
386 193 3
388 193 2
390 193 2
392 193 1
396 193 1
403 193 3
404 193 3
407 193 1
415 193 1
416 193 2
417 193 3
425 193 1
429 193 3
431 193 1
432 193 3
434 193 3
435 193 1
436 193 2
437 193 2
441 193 2
447 193 3
452 193 1
456 193 3
459 193 2
460 193 1
467 193 2
469 193 1
470 193 1
472 193 3
475 193 2
477 193 2
482 193 2
483 193 3
