812 348 1
813 348 1
814 348 3
816 348 1
819 348 3
822 348 2
824 348 1
830 348 3
836 348 3
838 348 3
845 348 2
847 348 2
848 348 3
852 348 1
854 348 1
858 348 2
862 348 3
868 348 3
869 348 3
872 348 3
874 348 3
876 348 1
884 348 3
887 348 1
889 348 3
892 348 2
897 348 1
902 348 3
910 348 1
912 348 3
915 348 2
917 348 3
918 348 1
924 348 3
928 348 2
932 348 2
934 348 2
942 348 2
944 348 2
948 348 3
953 348 2
954 348 1
963 348 1
967 348 1
968 348 2
970 348 3
972 348 3
974 348 3
979 348 1
980 348 3
984 348 1
989 348 3
992 348 1
993 348 1
994 348 2
996 348 1
998 348 2
1 349 2
3 349 3
5 349 3
13 349 3
23 349 3
25 349 1
44 349 2
59 349 2
62 349 1
65 349 1
66 349 2
67 349 2
80 349 2
84 349 2
87 349 1
90 349 3
91 349 3
94 349 3
95 349 1
101 349 2
105 349 2
109 349 3
115 349 3
119 349 3
122 349 3
124 349 1
126 349 3
127 349 1
130 349 2
131 349 2
135 349 2
136 349 1
137 349 2
141 349 3
149 349 2
152 349 2
158 349 1
165 349 2
166 349 3
173 349 2
174 349 2
175 349 2
176 349 3
179 349 3
180 349 3
184 349 3
188 349 1
189 349 1
190 349 3
191 349 2
195 349 2
201 349 1
208 349 1
209 349 1
210 349 1
219 349 3
228 349 1
237 349 2
238 349 3
240 349 3
241 349 1
243 349 3
249 349 2
258 349 2
259 349 3
260 349 3
263 349 3
264 349 3
273 349 1
274 349 2
277 349 1
278 349 3
280 349 1
281 349 3
287 349 3
299 349 3
301 349 2
304 349 3
305 349 1
308 349 2
309 349 1
312 349 2
314 349 2
315 349 1
318 349 1
332 349 1
333 349 2
337 349 2
339 349 1
344 349 1
345 349 1
346 349 2
354 349 2
358 349 1
359 349 3
364 349 1
370 349 3
375 349 3
377 349 2
378 349 2
379 349 2
381 349 1
385 349 2
386 349 3
389 349 2
392 349 3
399 349 3
411 349 3
412 349 1
416 349 2
420 349 2
424 349 2
427 349 2
429 349 1
430 349 2
431 349 3
434 349 2
435 349 1
436 349 1
441 349 3
445 349 2
447 349 1
449 349 3
456 349 1
459 349 3
462 349 1
465 349 2
472 349 2
473 349 2
474 349 2
477 349 1
480 349 2
482 349 1
492 349 1
495 349 3
497 349 2
500 349 1
506 349 2
507 349 2
514 349 3
517 349 3
518 349 1
523 349 3
524 349 1
525 349 2
527 349 3
535 349 3
538 349 3
541 349 1
543 349 1
544 349 2
545 349 2
547 349 3
548 349 3
549 349 1
551 349 2
555 349 3
558 349 3
562 349 2
564 349 3
567 349 3
571 349 2
575 349 1
577 349 1
579 349 3
581 349 3
591 349 1
592 349 1
595 349 3
602 349 2
603 349 2
612 349 1
618 349 1
619 349 1
623 349 1
625 349 2
629 349 2
630 349 2
636 349 3
641 349 1
645 349 1
650 349 2
656 349 2
659 349 3
664 349 3
666 349 3
669 349 2
672 349 1
675 349 1
676 349 1
678 349 3
683 349 3
690 349 2
691 349 1
696 349 1
701 349 2
702 349 2
705 349 3
708 349 3
713 349 1
718 349 2
720 349 3
721 349 2
722 349 1
729 349 1
730 349 3
734 349 1
735 349 1
742 349 3
746 349 1
750 349 1
751 349 2
753 349 3
755 349 2
767 349 2
770 349 2
772 349 2
773 349 3
786 349 1
795 349 1
798 349 3
801 349 1
803 349 2
806 349 3
807 349 3
808 349 1
816 349 1
820 349 3
825 349 3
826 349 2
831 349 1
833 349 1
835 349 3
838 349 1
839 349 3
840 349 1
845 349 3
847 349 2
848 349 3
854 349 1
857 349 3
858 349 2
860 349 2
866 349 3
870 349 2
873 349 3
874 349 1
875 349 1
876 349 3
878 349 1
879 349 1
880 349 1
885 349 3
886 349 3
905 349 1
907 349 3
908 349 3
910 349 3
912 349 3
914 349 2
916 349 3
919 349 1
920 349 2
922 349 1
923 349 1
925 349 1
929 349 1
931 349 1
932 349 1
933 349 3
937 349 1
939 349 3
940 349 3
941 349 2
953 349 3
956 349 3
957 349 3
959 349 1
960 349 1
962 349 1
971 349 3
973 349 1
977 349 2
979 349 3
985 349 2
986 349 1
989 349 2
990 349 3
991 349 2
995 349 2
997 349 3
2 350 3
3 350 1
8 350 1
11 350 1
12 350 2
16 350 1
22 350 3
26 350 2
33 350 3
35 350 3
36 350 2
39 350 1
40 350 3
43 350 2
46 350 3
49 350 2
50 350 2
51 350 1
52 350 3
54 350 2
56 350 2
57 350 3
59 350 2
60 350 1
64 350 2
66 350 2
67 350 1
68 350 2
70 350 1
74 350 1
76 350 3
82 350 2
86 350 3
87 350 3
90 350 2
92 350 1
97 350 2
102 350 1
105 350 2
106 350 3
110 350 3
113 350 1
115 350 3
119 350 1
127 350 1
128 350 1
129 350 2
132 350 3
134 350 2
135 350 2
136 350 3
137 350 3
138 350 2
139 350 2
142 350 1
146 350 1
147 350 3
148 350 1
154 350 1
155 350 1
156 350 1
157 350 2
159 350 1
164 350 1
165 350 2
166 350 3
167 350 3
168 350 3
172 350 3
175 350 3
176 350 1
178 350 2
179 350 2
180 350 3
182 350 1
183 350 2
185 350 3
198 350 1
199 350 2
209 350 2
211 350 3
215 350 1
219 350 2
220 350 2
223 350 1
230 350 2
233 350 3
234 350 1
235 350 1
236 350 1
237 350 3
238 350 2
239 350 2
240 350 3
246 350 3
249 350 3
250 350 1
252 350 1
255 350 3
258 350 2
259 350 3
260 350 1
263 350 1
267 350 1
269 350 1
270 350 3
271 350 1
274 350 1
279 350 1
280 350 3
281 350 2
283 350 3
285 350 2
289 350 2
292 350 1
293 350 3
300 350 3
301 350 3
304 350 3
310 350 2
314 350 2
320 350 2
322 350 1
324 350 2
326 350 2
331 350 3
334 350 3
337 350 1
340 350 3
341 350 1
353 350 2
356 350 2
367 350 1
369 350 2
372 350 1
374 350 3
375 350 3
376 350 3
381 350 1
384 350 3
385 350 2
388 350 3
389 350 2
391 350 3
397 350 3
403 350 3
409 350 3
412 350 1
414 350 1
415 350 1
416 350 2
418 350 3
419 350 2
423 350 1
425 350 2
427 350 2
431 350 1
433 350 2
434 350 3
436 350 3
437 350 1
439 350 1
440 350 2
444 350 1
450 350 3
452 350 3
457 350 1
466 350 3
467 350 2
470 350 1
471 350 3
481 350 1
482 350 3
488 350 3
493 350 1
494 350 2
495 350 2
496 350 2
498 350 2
499 350 3
502 350 1
503 350 1
507 350 1
508 350 2
509 350 1
514 350 1
515 350 3
518 350 1
519 350 3
521 350 1
523 350 3
527 350 2
530 350 2
531 350 1
532 350 1
533 350 2
534 350 1
538 350 1
539 350 2
544 350 3
551 350 1
552 350 1
554 350 3
555 350 3
559 350 3
564 350 1
566 350 3
568 350 2
570 350 3
573 350 1
575 350 3
577 350 3
579 350 3
581 350 3
583 350 2
586 350 1
589 350 1
599 350 2
600 350 3
602 350 3
603 350 2
604 350 1
610 350 1
612 350 3
613 350 2
615 350 2
617 350 1
620 350 2
621 350 2
624 350 2
625 350 2
628 350 2
629 350 3
631 350 3
635 350 3
636 350 2
643 350 1
644 350 1
646 350 3
647 350 2
648 350 2
652 350 3
653 350 1
655 350 1
657 350 2
658 350 3
662 350 3
672 350 1
673 350 2
674 350 2
678 350 1
680 350 3
681 350 2
683 350 3
689 350 3
691 350 2
693 350 3
695 350 1
696 350 2
697 350 1
698 350 1
704 350 2
708 350 2
709 350 3
711 350 2
715 350 1
716 350 2
718 350 2
720 350 1
721 350 3
722 350 1
723 350 2
726 350 1
729 350 1
735 350 3
736 350 1
740 350 2
743 350 2
746 350 2
747 350 1
751 350 1
755 350 3
756 350 1
763 350 3
765 350 2
768 350 2
770 350 3
771 350 2
774 350 2
776 350 1
779 350 2
781 350 1
782 350 1
785 350 3
787 350 3
789 350 2
791 350 1
794 350 2
795 350 1
796 350 2
799 350 2
800 350 2
801 350 3
802 350 2
805 350 3
806 350 2
807 350 2
810 350 3
811 350 1
817 350 1
820 350 3
823 350 2
824 350 3
829 350 1
835 350 1
836 350 3
840 350 2
841 350 1
