418 408 1
419 408 1
426 408 2
427 408 2
431 408 3
432 408 2
434 408 1
435 408 1
437 408 1
438 408 2
439 408 1
441 408 1
443 408 1
444 408 2
445 408 2
450 408 2
453 408 3
456 408 1
457 408 3
461 408 3
468 408 2
469 408 3
470 408 1
471 408 2
472 408 1
474 408 2
475 408 2
482 408 2
483 408 1
486 408 3
488 408 1
489 408 2
490 408 3
497 408 3
498 408 3
499 408 3
503 408 1
504 408 3
505 408 3
510 408 2
511 408 2
517 408 3
520 408 1
521 408 1
522 408 2
525 408 2
527 408 1
529 408 1
532 408 3
535 408 3
538 408 1
541 408 3
545 408 2
546 408 1
547 408 2
549 408 1
551 408 1
553 408 1
554 408 1
555 408 1
557 408 2
567 408 3
570 408 3
577 408 1
579 408 2
584 408 1
596 408 1
597 408 2
606 408 1
610 408 3
611 408 2
612 408 2
614 408 1
617 408 3
618 408 2
619 408 3
620 408 1
622 408 1
623 408 2
624 408 1
626 408 1
628 408 1
631 408 3
639 408 1
640 408 3
642 408 1
646 408 1
649 408 3
650 408 1
653 408 3
658 408 3
663 408 1
664 408 3
671 408 2
680 408 1
681 408 1
682 408 3
686 408 3
693 408 3
694 408 3
697 408 2
698 408 1
702 408 2
705 408 1
706 408 3
708 408 1
710 408 2
714 408 1
721 408 2
727 408 1
728 408 1
729 408 3
730 408 1
732 408 1
736 408 1
737 408 3
743 408 3
749 408 3
751 408 1
752 408 3
762 408 2
763 408 2
764 408 3
765 408 2
766 408 1
776 408 2
783 408 3
785 408 3
789 408 3
793 408 2
796 408 2
798 408 1
799 408 1
801 408 2
804 408 2
807 408 2
808 408 3
811 408 3
812 408 2
813 408 2
814 408 2
824 408 1
825 408 3
826 408 1
830 408 3
832 408 2
841 408 2
842 408 3
843 408 3
848 408 3
853 408 2
855 408 3
857 408 3
864 408 3
866 408 1
867 408 2
871 408 1
876 408 3
877 408 1
882 408 1
887 408 3
888 408 1
892 408 3
894 408 3
895 408 3
896 408 1
897 408 2
898 408 3
905 408 1
906 408 1
909 408 1
922 408 1
923 408 1
930 408 1
931 408 1
932 408 1
938 408 2
942 408 2
944 408 2
946 408 3
951 408 2
957 408 1
958 408 3
960 408 3
961 408 1
963 408 2
966 408 2
969 408 2
974 408 1
977 408 1
980 408 3
981 408 3
982 408 3
984 408 3
988 408 3
989 408 1
991 408 3
1 409 3
3 409 1
7 409 3
8 409 1
16 409 2
17 409 2
22 409 3
23 409 3
24 409 3
25 409 1
33 409 2
40 409 2
45 409 2
48 409 2
49 409 2
51 409 1
53 409 3
54 409 1
55 409 2
57 409 2
58 409 3
64 409 2
69 409 2
73 409 1
74 409 3
77 409 3
78 409 3
85 409 3
88 409 3
89 409 2
90 409 3
91 409 3
94 409 1
98 409 1
100 409 2
102 409 1
103 409 1
104 409 3
105 409 3
106 409 1
108 409 3
121 409 1
123 409 3
129 409 1
130 409 2
137 409 3
139 409 3
148 409 1
149 409 3
155 409 2
163 409 2
167 409 1
168 409 3
173 409 2
179 409 2
180 409 3
181 409 3
182 409 2
189 409 2
197 409 1
199 409 2
203 409 2
209 409 3
211 409 1
212 409 1
214 409 2
215 409 1
222 409 3
229 409 2
230 409 2
231 409 3
232 409 1
234 409 2
236 409 2
239 409 1
240 409 3
242 409 2
245 409 3
253 409 2
255 409 1
260 409 3
264 409 1
265 409 2
267 409 3
270 409 2
271 409 1
279 409 3
283 409 3
287 409 3
294 409 2
300 409 3
307 409 3
308 409 3
309 409 2
311 409 2
316 409 3
317 409 2
326 409 3
337 409 1
339 409 3
347 409 2
352 409 3
353 409 3
357 409 3
365 409 1
366 409 3
367 409 3
370 409 3
373 409 1
375 409 2
377 409 1
380 409 1
383 409 2
384 409 3
385 409 3
386 409 2
392 409 1
395 409 3
402 409 3
406 409 1
410 409 2
411 409 1
412 409 3
413 409 3
418 409 2
420 409 1
422 409 3
424 409 1
427 409 1
429 409 3
430 409 2
431 409 3
432 409 2
438 409 2
439 409 2
440 409 3
442 409 3
444 409 3
445 409 2
451 409 2
452 409 3
455 409 1
460 409 2
462 409 3
465 409 3
469 409 2
473 409 1
474 409 3
475 409 3
476 409 3
477 409 3
481 409 2
482 409 2
483 409 1
484 409 1
486 409 1
490 409 2
496 409 3
498 409 3
503 409 2
504 409 1
507 409 3
508 409 2
511 409 2
514 409 2
516 409 1
517 409 1
521 409 2
524 409 2
525 409 1
528 409 1
530 409 1
533 409 1
538 409 1
539 409 3
542 409 3
544 409 3
546 409 3
551 409 3
552 409 1
556 409 1
560 409 3
563 409 1
568 409 3
579 409 3
585 409 3
586 409 3
587 409 3
591 409 2
598 409 3
600 409 1
602 409 1
604 409 2
606 409 3
610 409 1
611 409 1
612 409 2
616 409 3
621 409 1
623 409 3
628 409 2
632 409 3
635 409 1
639 409 2
640 409 2
645 409 2
647 409 2
648 409 2
652 409 2
653 409 1
657 409 1
659 409 3
660 409 1
662 409 3
666 409 1
669 409 1
672 409 3
674 409 3
675 409 3
677 409 1
679 409 2
687 409 1
690 409 2
691 409 1
692 409 2
697 409 3
699 409 1
702 409 2
705 409 3
709 409 2
712 409 2
714 409 1
721 409 3
722 409 1
723 409 1
726 409 1
729 409 3
732 409 3
734 409 1
735 409 1
736 409 2
738 409 3
740 409 2
741 409 3
743 409 3
745 409 2
749 409 2
752 409 3
753 409 2
760 409 2
764 409 2
766 409 3
767 409 1
776 409 3
778 409 1
780 409 2
786 409 2
793 409 3
794 409 3
795 409 2
801 409 1
804 409 2
805 409 1
806 409 1
808 409 1
809 409 2
810 409 1
811 409 2
814 409 3
816 409 3
817 409 2
818 409 2
819 409 2
825 409 1
830 409 1
835 409 2
838 409 2
842 409 3
843 409 1
845 409 1
847 409 1
849 409 1
852 409 2
858 409 3
861 409 2
862 409 1
863 409 1
872 409 3
873 409 3
876 409 3
877 409 1
879 409 1
880 409 1
881 409 3
882 409 3
883 409 1
894 409 1
895 409 2
896 409 3
897 409 2
898 409 3
904 409 3
906 409 1
911 409 1
916 409 2
917 409 2
918 409 2
919 409 3
921 409 3
922 409 1
926 409 2
932 409 1
934 409 2
935 409 2
938 409 2
939 409 2
943 409 2
944 409 3
946 409 1
947 409 3
949 409 3
950 409 3
951 409 1
952 409 3
954 409 3
962 409 1
963 409 3
964 409 3
965 409 1
966 409 1
973 409 2
976 409 2
981 409 2
983 409 3
984 409 3
986 409 3
988 409 2
991 409 1
992 409 2
993 409 3
997 409 2
0 410 2
3 410 3
4 410 3
15 410 2
17 410 2
19 410 2
23 410 2
24 410 1
25 410 1
26 410 3
28 410 2
31 410 2
34 410 3
39 410 3
41 410 3
42 410 2
43 410 3
44 410 1
47 410 2
48 410 2
49 410 2
50 410 2
51 410 2
52 410 3
56 410 1
59 410 1
60 410 1
64 410 3
66 410 1
69 410 1
70 410 3
76 410 3
79 410 2
80 410 2
87 410 1
92 410 3
94 410 3
103 410 2
104 410 2
105 410 1
111 410 1
113 410 2
115 410 1
117 410 3
118 410 2
119 410 2
123 410 1
126 410 3
127 410 2
129 410 1
131 410 1
140 410 2
143 410 3
146 410 2
148 410 2
149 410 3
154 410 2
155 410 3
156 410 3
158 410 1
160 410 1
162 410 2
170 410 3
171 410 3
174 410 1
179 410 3
180 410 3
182 410 3
184 410 1
185 410 3
186 410 1
188 410 3
189 410 2
194 410 2
209 410 2
215 410 3
221 410 1
223 410 2
224 410 2
226 410 1
232 410 3
235 410 2
238 410 1
239 410 3
243 410 3
244 410 2
245 410 3
247 410 3
248 410 2
257 410 1
259 410 1
261 410 1
264 410 2
269 410 2
272 410 3
276 410 2
278 410 2
279 410 1
280 410 1
283 410 1
290 410 1
293 410 2
298 410 3
299 410 3
303 410 3
304 410 2
307 410 3
308 410 3
315 410 1
320 410 2
322 410 1
324 410 3
325 410 1
326 410 2
327 410 2
332 410 2
335 410 3
340 410 3
341 410 2
342 410 2
343 410 3
344 410 2
346 410 1
351 410 3
361 410 1
367 410 1
368 410 2
370 410 3
