263 24 1
271 24 3
272 24 2
273 24 3
276 24 3
278 24 1
279 24 3
281 24 1
282 24 3
285 24 3
288 24 1
289 24 1
290 24 1
291 24 1
294 24 2
297 24 3
300 24 3
303 24 2
305 24 3
308 24 1
310 24 3
312 24 1
314 24 3
319 24 2
329 24 1
330 24 3
334 24 1
344 24 1
348 24 1
350 24 2
351 24 2
356 24 3
358 24 1
359 24 1
360 24 3
361 24 3
363 24 2
366 24 2
369 24 2
371 24 2
373 24 1
374 24 2
377 24 2
378 24 3
380 24 3
381 24 1
395 24 3
397 24 2
402 24 3
403 24 3
412 24 3
414 24 1
422 24 3
424 24 2
428 24 2
430 24 1
433 24 2
435 24 3
437 24 2
441 24 2
444 24 3
448 24 1
452 24 1
457 24 1
463 24 2
465 24 3
466 24 2
468 24 1
472 24 2
474 24 2
475 24 3
477 24 3
478 24 2
480 24 1
481 24 3
485 24 2
488 24 2
494 24 1
497 24 1
500 24 1
501 24 3
507 24 2
513 24 2
520 24 3
524 24 3
531 24 2
534 24 1
538 24 2
540 24 3
542 24 3
546 24 3
548 24 2
549 24 1
551 24 1
557 24 2
559 24 1
561 24 3
563 24 1
564 24 3
569 24 2
570 24 3
574 24 1
575 24 1
576 24 2
587 24 3
588 24 1
591 24 3
598 24 2
602 24 1
604 24 1
606 24 2
608 24 2
612 24 1
613 24 1
615 24 3
618 24 2
620 24 3
621 24 3
625 24 2
627 24 3
630 24 3
632 24 2
635 24 1
636 24 2
637 24 1
639 24 3
642 24 2
644 24 1
645 24 3
648 24 1
654 24 2
655 24 1
656 24 1
658 24 3
661 24 3
663 24 3
669 24 2
670 24 1
673 24 2
681 24 3
682 24 3
684 24 1
686 24 2
687 24 2
691 24 3
692 24 3
696 24 1
697 24 3
701 24 1
702 24 1
704 24 3
705 24 3
708 24 2
714 24 2
720 24 3
721 24 1
724 24 1
725 24 2
727 24 1
730 24 3
737 24 2
739 24 3
743 24 1
749 24 2
750 24 3
751 24 1
753 24 1
755 24 2
758 24 1
759 24 2
761 24 1
762 24 2
763 24 2
765 24 2
767 24 2
768 24 1
771 24 3
773 24 1
776 24 2
777 24 3
778 24 2
779 24 3
781 24 3
783 24 1
788 24 3
789 24 1
790 24 3
791 24 1
797 24 1
801 24 3
802 24 3
807 24 2
810 24 1
812 24 2
813 24 2
814 24 1
816 24 1
817 24 2
819 24 2
821 24 2
822 24 3
824 24 2
826 24 3
833 24 2
839 24 1
840 24 2
841 24 2
849 24 1
850 24 1
855 24 2
857 24 2
858 24 2
861 24 2
863 24 3
864 24 2
871 24 1
873 24 3
875 24 3
882 24 2
883 24 1
893 24 3
894 24 2
897 24 2
905 24 1
908 24 3
909 24 1
910 24 3
911 24 1
913 24 2
916 24 1
917 24 3
929 24 1
930 24 1
933 24 2
936 24 1
946 24 1
959 24 2
962 24 3
966 24 2
977 24 3
979 24 3
981 24 3
982 24 3
985 24 2
986 24 2
989 24 1
992 24 2
993 24 3
997 24 3
2 25 2
3 25 1
7 25 1
11 25 1
12 25 1
19 25 2
22 25 1
23 25 3
28 25 2
32 25 2
42 25 3
44 25 3
45 25 3
46 25 1
49 25 2
50 25 2
51 25 3
52 25 1
54 25 2
57 25 3
59 25 1
61 25 1
62 25 3
64 25 1
67 25 2
73 25 3
77 25 1
79 25 1
81 25 2
82 25 3
83 25 3
84 25 1
85 25 1
87 25 2
90 25 2
92 25 1
94 25 1
98 25 3
103 25 1
104 25 3
109 25 3
116 25 3
118 25 3
119 25 3
123 25 1
124 25 1
127 25 1
128 25 3
133 25 1
136 25 2
138 25 3
143 25 3
145 25 1
149 25 2
150 25 1
152 25 1
157 25 2
160 25 1
162 25 3
165 25 3
170 25 2
173 25 2
174 25 1
175 25 1
176 25 3
181 25 1
182 25 1
184 25 1
188 25 3
190 25 2
198 25 2
200 25 2
201 25 3
203 25 2
204 25 1
209 25 2
213 25 1
216 25 2
222 25 2
226 25 2
230 25 3
232 25 2
234 25 2
235 25 3
242 25 2
243 25 2
246 25 3
250 25 3
251 25 2
253 25 2
255 25 1
259 25 3
260 25 3
261 25 2
263 25 1
264 25 2
269 25 3
272 25 1
274 25 3
276 25 1
280 25 3
282 25 3
283 25 3
286 25 3
290 25 2
294 25 3
297 25 1
299 25 1
306 25 3
308 25 3
311 25 2
314 25 2
316 25 1
317 25 1
318 25 3
321 25 3
324 25 2
326 25 1
328 25 1
330 25 3
344 25 1
345 25 3
348 25 3
349 25 3
354 25 3
355 25 2
359 25 3
361 25 1
362 25 2
369 25 3
373 25 1
381 25 1
383 25 1
384 25 1
385 25 3
386 25 1
387 25 1
389 25 1
392 25 3
393 25 2
399 25 1
400 25 1
401 25 3
402 25 1
404 25 1
406 25 2
407 25 2
411 25 3
412 25 2
413 25 1
415 25 3
416 25 1
417 25 3
419 25 1
420 25 3
426 25 1
432 25 2
437 25 2
438 25 3
441 25 3
444 25 1
448 25 1
461 25 2
463 25 1
469 25 2
470 25 1
471 25 3
476 25 2
479 25 2
483 25 2
487 25 3
489 25 1
490 25 1
491 25 3
496 25 3
499 25 1
505 25 1
507 25 3
508 25 2
509 25 2
512 25 2
518 25 2
521 25 2
522 25 2
524 25 1
525 25 3
526 25 2
527 25 1
529 25 3
530 25 2
537 25 3
546 25 3
549 25 1
550 25 2
552 25 2
553 25 1
556 25 1
557 25 1
559 25 2
561 25 3
565 25 3
566 25 2
567 25 1
570 25 1
572 25 2
574 25 3
575 25 3
579 25 1
581 25 2
583 25 1
584 25 2
592 25 3
594 25 1
600 25 2
602 25 1
608 25 2
609 25 1
612 25 3
616 25 1
618 25 2
619 25 3
625 25 1
629 25 3
631 25 2
632 25 1
634 25 1
635 25 1
638 25 1
641 25 1
642 25 1
646 25 2
650 25 2
651 25 3
652 25 2
653 25 1
658 25 2
664 25 1
669 25 1
675 25 3
677 25 3
683 25 1
687 25 2
688 25 1
698 25 3
702 25 3
705 25 3
706 25 2
708 25 2
710 25 1
714 25 2
717 25 3
720 25 1
722 25 1
723 25 2
724 25 3
726 25 1
729 25 1
730 25 1
735 25 1
739 25 3
740 25 3
745 25 1
746 25 3
749 25 2
753 25 2
767 25 2
768 25 3
769 25 3
773 25 1
778 25 2
780 25 1
781 25 1
784 25 2
786 25 3
788 25 3
790 25 1
796 25 2
797 25 3
798 25 2
800 25 1
801 25 3
802 25 3
803 25 3
805 25 2
806 25 1
812 25 3
816 25 1
817 25 3
821 25 3
825 25 3
832 25 1
834 25 3
839 25 2
843 25 3
844 25 1
845 25 2
849 25 1
851 25 1
854 25 1
857 25 2
861 25 1
864 25 2
867 25 2
870 25 1
871 25 2
877 25 1
880 25 1
881 25 1
882 25 1
886 25 1
888 25 1
892 25 2
895 25 1
898 25 1
901 25 1
903 25 1
909 25 2
913 25 3
915 25 1
916 25 3
922 25 1
929 25 3
932 25 2
935 25 3
938 25 2
949 25 3
951 25 1
953 25 3
955 25 2
956 25 1
960 25 2
962 25 2
966 25 1
970 25 2
979 25 1
980 25 3
981 25 2
984 25 2
990 25 2
994 25 3
998 25 3
1 26 2
8 26 3
14 26 1
15 26 3
18 26 2
26 26 1
30 26 1
32 26 2
34 26 2
37 26 1
38 26 3
39 26 2
41 26 1
43 26 1
45 26 3
46 26 1
50 26 1
51 26 1
53 26 2
54 26 1
62 26 1
64 26 2
66 26 1
68 26 3
69 26 3
70 26 3
82 26 2
89 26 1
91 26 3
93 26 3
94 26 2
96 26 3
100 26 2
104 26 3
114 26 3
133 26 2
134 26 2
148 26 2
149 26 1
153 26 1
154 26 3
156 26 2
159 26 1
161 26 2
162 26 1
164 26 1
169 26 1
170 26 2
172 26 2
174 26 1
175 26 3
177 26 3
179 26 2
181 26 3
184 26 3
185 26 1
188 26 1
189 26 2
191 26 1
192 26 2
193 26 3
194 26 3
199 26 2
202 26 1
207 26 3
210 26 2
211 26 3
212 26 2
214 26 3
218 26 2
219 26 2
221 26 3
223 26 3
231 26 2
232 26 2
235 26 2
