400 780 3
402 780 1
410 780 3
412 780 2
415 780 1
416 780 1
419 780 3
420 780 1
423 780 1
426 780 3
427 780 3
428 780 3
430 780 2
431 780 1
434 780 2
436 780 1
439 780 3
442 780 1
445 780 2
447 780 1
448 780 1
451 780 3
453 780 3
456 780 1
457 780 2
461 780 2
463 780 2
465 780 3
468 780 3
471 780 2
472 780 3
474 780 3
476 780 2
477 780 3
480 780 1
483 780 2
489 780 3
490 780 3
491 780 1
493 780 3
502 780 2
504 780 3
508 780 1
512 780 2
515 780 2
519 780 2
521 780 1
524 780 3
529 780 1
532 780 2
534 780 1
536 780 3
538 780 2
542 780 3
544 780 3
555 780 3
556 780 2
558 780 1
561 780 1
567 780 2
570 780 3
574 780 2
575 780 1
582 780 1
583 780 1
585 780 1
589 780 1
595 780 2
596 780 1
597 780 1
599 780 3
612 780 3
613 780 2
622 780 1
627 780 3
628 780 3
640 780 2
641 780 3
642 780 1
643 780 2
644 780 2
647 780 1
649 780 2
652 780 1
653 780 2
655 780 3
658 780 2
660 780 2
661 780 1
662 780 2
667 780 1
668 780 2
669 780 2
670 780 1
673 780 3
674 780 2
675 780 2
682 780 1
683 780 1
687 780 3
688 780 2
689 780 1
694 780 3
696 780 1
698 780 2
699 780 1
702 780 1
706 780 3
707 780 1
718 780 3
721 780 3
722 780 3
724 780 3
725 780 3
732 780 3
737 780 3
739 780 1
740 780 3
743 780 1
744 780 1
746 780 3
749 780 1
754 780 2
756 780 1
757 780 2
759 780 3
761 780 3
764 780 3
767 780 1
768 780 2
777 780 3
778 780 1
779 780 3
781 780 2
784 780 2
785 780 1
788 780 1
789 780 3
791 780 3
792 780 3
795 780 2
796 780 3
798 780 3
799 780 3
800 780 1
801 780 2
803 780 1
804 780 2
809 780 1
810 780 1
820 780 1
824 780 1
826 780 2
830 780 2
831 780 1
846 780 1
848 780 1
849 780 1
850 780 1
852 780 1
863 780 3
871 780 2
879 780 3
883 780 3
884 780 2
887 780 2
888 780 2
893 780 3
900 780 2
904 780 1
908 780 1
910 780 2
912 780 1
916 780 1
917 780 2
919 780 2
921 780 3
929 780 2
932 780 1
938 780 1
940 780 2
941 780 1
942 780 1
948 780 2
955 780 2
958 780 2
959 780 2
960 780 1
963 780 1
965 780 2
967 780 2
969 780 2
972 780 1
978 780 1
983 780 1
986 780 1
991 780 2
992 780 3
995 780 1
996 780 1
3 781 1
7 781 2
10 781 1
15 781 1
16 781 1
20 781 2
21 781 2
22 781 1
27 781 2
28 781 1
32 781 2
36 781 3
37 781 3
39 781 3
40 781 2
46 781 3
48 781 3
51 781 3
53 781 3
54 781 1
55 781 3
57 781 3
59 781 1
67 781 1
70 781 1
71 781 1
75 781 1
76 781 3
77 781 1
78 781 3
84 781 3
88 781 1
97 781 2
99 781 1
104 781 1
106 781 3
108 781 3
110 781 2
113 781 2
115 781 3
118 781 2
119 781 1
121 781 2
122 781 3
125 781 1
127 781 2
129 781 1
130 781 3
131 781 2
133 781 1
134 781 1
135 781 2
138 781 1
141 781 2
147 781 2
154 781 1
155 781 2
156 781 2
161 781 2
165 781 2
168 781 3
169 781 2
173 781 1
174 781 2
175 781 3
176 781 2
184 781 1
187 781 3
192 781 1
193 781 1
194 781 1
203 781 2
204 781 2
213 781 2
214 781 3
218 781 2
220 781 1
221 781 1
223 781 2
225 781 3
228 781 1
233 781 3
237 781 3
239 781 2
240 781 3
245 781 2
248 781 2
249 781 2
252 781 1
254 781 2
256 781 2
259 781 3
261 781 3
265 781 2
266 781 2
269 781 3
270 781 2
274 781 1
275 781 1
279 781 2
285 781 1
286 781 3
287 781 3
290 781 2
294 781 3
295 781 2
306 781 2
309 781 1
314 781 2
315 781 1
317 781 2
318 781 3
319 781 3
321 781 1
324 781 3
325 781 1
333 781 2
334 781 1
336 781 3
337 781 1
345 781 1
348 781 1
349 781 2
356 781 3
364 781 2
368 781 1
372 781 3
373 781 3
374 781 1
378 781 1
379 781 2
382 781 2
386 781 1
388 781 1
389 781 1
391 781 1
396 781 3
398 781 2
402 781 3
403 781 3
408 781 1
409 781 3
411 781 2
413 781 1
415 781 1
416 781 2
423 781 2
427 781 1
430 781 3
434 781 2
435 781 1
437 781 2
441 781 2
445 781 1
447 781 3
450 781 3
451 781 1
458 781 2
462 781 1
470 781 3
472 781 3
477 781 1
484 781 3
485 781 1
487 781 1
491 781 1
498 781 3
499 781 3
503 781 1
505 781 1
510 781 3
512 781 2
514 781 2
516 781 2
520 781 1
527 781 1
529 781 3
532 781 2
533 781 2
534 781 2
539 781 2
544 781 3
546 781 2
547 781 2
550 781 1
551 781 3
558 781 1
561 781 3
562 781 3
570 781 3
576 781 2
583 781 2
587 781 2
588 781 1
589 781 3
590 781 1
597 781 2
598 781 3
600 781 1
602 781 2
604 781 1
606 781 3
610 781 2
613 781 3
616 781 1
618 781 3
620 781 1
623 781 3
624 781 1
632 781 1
634 781 1
635 781 2
636 781 2
638 781 1
639 781 2
640 781 1
643 781 2
646 781 3
650 781 3
651 781 3
653 781 1
656 781 2
658 781 1
659 781 3
660 781 1
662 781 1
664 781 2
665 781 2
668 781 2
671 781 2
673 781 2
677 781 1
685 781 1
687 781 1
692 781 1
698 781 2
699 781 1
706 781 1
708 781 1
714 781 2
718 781 1
719 781 1
721 781 1
722 781 3
724 781 3
725 781 3
729 781 1
735 781 3
744 781 1
745 781 1
746 781 3
748 781 3
751 781 3
755 781 2
766 781 2
769 781 3
770 781 3
774 781 1
776 781 1
777 781 3
779 781 2
781 781 2
782 781 1
786 781 2
787 781 1
788 781 3
792 781 2
793 781 2
794 781 2
795 781 3
796 781 3
798 781 1
799 781 2
808 781 1
810 781 2
811 781 2
814 781 3
816 781 1
818 781 2
819 781 2
826 781 2
828 781 1
831 781 3
833 781 3
838 781 2
839 781 2
841 781 3
856 781 2
857 781 3
858 781 3
862 781 3
865 781 1
867 781 1
871 781 2
872 781 2
873 781 1
879 781 1
880 781 1
885 781 1
892 781 1
893 781 1
897 781 2
898 781 3
901 781 3
902 781 1
910 781 2
912 781 2
915 781 3
917 781 3
919 781 2
921 781 3
922 781 2
926 781 2
927 781 3
930 781 1
935 781 3
936 781 2
940 781 3
941 781 2
945 781 3
946 781 3
949 781 2
950 781 2
952 781 3
953 781 2
955 781 3
960 781 3
979 781 3
982 781 2
986 781 3
987 781 3
992 781 2
993 781 2
996 781 1
3 782 3
9 782 1
12 782 1
13 782 2
14 782 3
15 782 2
19 782 2
20 782 3
24 782 2
30 782 3
31 782 2
34 782 2
46 782 3
49 782 2
52 782 3
53 782 3
56 782 3
58 782 3
59 782 3
63 782 3
64 782 2
69 782 2
82 782 2
85 782 2
90 782 2
92 782 3
95 782 2
96 782 3
98 782 1
99 782 3
101 782 1
102 782 1
103 782 2
108 782 1
110 782 2
119 782 1
121 782 3
124 782 1
127 782 2
128 782 1
133 782 2
135 782 1
140 782 1
145 782 1
147 782 3
148 782 2
152 782 3
156 782 3
169 782 3
170 782 2
175 782 2
176 782 3
178 782 3
179 782 2
183 782 3
184 782 1
185 782 2
193 782 1
194 782 1
197 782 1
200 782 2
201 782 3
202 782 1
205 782 2
207 782 1
210 782 1
212 782 2
215 782 2
220 782 2
221 782 3
225 782 3
228 782 1
231 782 1
232 782 2
233 782 1
234 782 2
235 782 3
237 782 2
240 782 2
242 782 1
245 782 2
247 782 3
251 782 2
252 782 2
254 782 3
255 782 2
256 782 3
259 782 2
260 782 1
261 782 1
264 782 1
265 782 3
270 782 1
271 782 1
273 782 2
274 782 3
275 782 2
276 782 2
277 782 2
278 782 3
282 782 1
283 782 2
286 782 1
293 782 3
294 782 1
295 782 1
298 782 2
302 782 1
305 782 3
308 782 3
312 782 2
313 782 3
315 782 2
316 782 2
319 782 3
322 782 2
324 782 1
325 782 2
327 782 3
329 782 2
336 782 2
337 782 3
342 782 2
344 782 3
347 782 2
350 782 1
351 782 1
357 782 1
359 782 1
362 782 2
369 782 2
370 782 1
