195 416 3
196 416 1
203 416 3
204 416 3
205 416 1
207 416 1
208 416 3
210 416 3
211 416 1
214 416 1
215 416 1
216 416 3
219 416 3
222 416 1
223 416 2
230 416 3
231 416 3
232 416 3
233 416 2
235 416 1
237 416 1
241 416 3
242 416 3
245 416 3
246 416 3
252 416 3
255 416 3
257 416 2
258 416 1
259 416 2
263 416 3
267 416 1
268 416 1
271 416 1
278 416 3
280 416 2
281 416 2
282 416 3
285 416 2
286 416 1
287 416 3
289 416 1
296 416 3
299 416 2
300 416 3
301 416 3
302 416 1
304 416 3
305 416 1
307 416 1
308 416 1
309 416 1
310 416 2
311 416 1
313 416 1
314 416 1
316 416 3
317 416 3
320 416 1
322 416 3
323 416 1
326 416 1
330 416 1
333 416 3
334 416 3
335 416 3
339 416 1
344 416 1
348 416 3
352 416 2
359 416 1
360 416 3
361 416 2
362 416 2
363 416 3
365 416 3
366 416 1
372 416 2
378 416 1
379 416 1
384 416 2
387 416 3
388 416 3
392 416 2
399 416 1
400 416 2
401 416 3
402 416 1
404 416 1
406 416 3
408 416 2
411 416 2
414 416 3
419 416 1
433 416 1
434 416 3
435 416 3
437 416 2
439 416 2
443 416 2
444 416 3
445 416 3
447 416 2
448 416 2
451 416 1
455 416 3
458 416 3
467 416 2
469 416 2
479 416 2
480 416 2
488 416 3
496 416 2
504 416 2
509 416 1
511 416 2
513 416 2
520 416 1
522 416 3
524 416 1
525 416 2
527 416 1
530 416 1
531 416 3
534 416 1
536 416 3
538 416 1
539 416 2
546 416 2
548 416 2
549 416 2
555 416 2
559 416 3
560 416 1
565 416 1
566 416 3
567 416 2
568 416 1
572 416 2
573 416 2
579 416 2
582 416 2
584 416 2
589 416 1
592 416 1
597 416 1
598 416 2
599 416 1
612 416 2
617 416 3
622 416 2
623 416 3
624 416 1
629 416 2
630 416 1
632 416 2
636 416 1
639 416 1
648 416 3
651 416 2
653 416 2
655 416 2
656 416 2
661 416 3
662 416 1
667 416 2
670 416 3
677 416 3
680 416 1
682 416 3
685 416 2
688 416 3
690 416 2
692 416 3
695 416 1
700 416 1
703 416 3
704 416 1
707 416 1
710 416 3
711 416 1
714 416 1
717 416 3
729 416 3
735 416 1
736 416 2
741 416 3
742 416 3
744 416 1
747 416 1
748 416 2
749 416 1
751 416 1
754 416 1
755 416 2
757 416 3
762 416 2
768 416 2
771 416 3
773 416 1
775 416 3
778 416 2
779 416 1
783 416 3
786 416 3
789 416 1
797 416 2
800 416 2
804 416 3
808 416 1
815 416 3
824 416 1
827 416 2
828 416 2
829 416 3
836 416 3
841 416 1
842 416 2
845 416 2
859 416 1
862 416 3
863 416 3
869 416 3
871 416 3
877 416 3
885 416 3
886 416 1
891 416 3
895 416 3
898 416 3
899 416 1
907 416 3
909 416 1
914 416 2
916 416 1
920 416 1
929 416 1
931 416 2
934 416 2
938 416 2
942 416 3
948 416 3
950 416 1
952 416 2
954 416 2
957 416 2
960 416 2
964 416 2
969 416 1
983 416 2
988 416 1
991 416 1
992 416 1
993 416 3
994 416 2
995 416 3
997 416 2
999 416 1
1 417 2
5 417 3
7 417 1
8 417 3
11 417 3
16 417 1
20 417 2
22 417 2
24 417 1
25 417 2
27 417 2
29 417 3
33 417 1
34 417 2
35 417 1
36 417 3
39 417 1
41 417 2
45 417 1
48 417 2
52 417 1
53 417 3
56 417 1
59 417 3
63 417 2
64 417 2
70 417 3
77 417 2
81 417 1
84 417 3
86 417 2
87 417 3
92 417 3
97 417 3
98 417 1
99 417 2
101 417 1
105 417 2
106 417 2
108 417 2
114 417 3
119 417 1
125 417 2
132 417 1
133 417 2
137 417 1
138 417 3
142 417 1
143 417 2
146 417 1
149 417 3
151 417 3
153 417 1
156 417 3
158 417 2
160 417 2
163 417 1
167 417 3
170 417 3
172 417 1
175 417 1
179 417 2
183 417 3
185 417 1
191 417 3
192 417 3
196 417 2
198 417 2
203 417 3
206 417 3
210 417 2
217 417 1
224 417 2
225 417 3
237 417 3
240 417 3
241 417 2
246 417 2
247 417 2
250 417 3
258 417 3
259 417 2
261 417 3
264 417 1
266 417 1
269 417 1
270 417 1
273 417 3
279 417 1
282 417 2
284 417 3
285 417 3
286 417 1
291 417 2
294 417 3
295 417 1
302 417 3
306 417 2
313 417 2
316 417 3
320 417 1
323 417 3
326 417 2
328 417 1
329 417 3
330 417 1
332 417 1
338 417 2
339 417 3
340 417 2
341 417 3
343 417 2
346 417 2
349 417 3
350 417 1
353 417 1
356 417 2
357 417 2
359 417 2
360 417 1
363 417 1
366 417 1
367 417 1
373 417 1
376 417 1
377 417 2
379 417 3
382 417 1
385 417 3
395 417 3
400 417 3
408 417 1
409 417 1
410 417 2
412 417 2
418 417 1
423 417 2
424 417 2
425 417 3
434 417 3
436 417 2
437 417 1
438 417 1
440 417 2
441 417 3
443 417 2
446 417 1
449 417 1
451 417 3
455 417 2
460 417 3
461 417 3
465 417 2
473 417 2
475 417 3
477 417 3
478 417 2
484 417 1
492 417 2
494 417 2
496 417 3
498 417 2
499 417 2
500 417 2
504 417 3
506 417 3
509 417 2
510 417 3
512 417 1
519 417 3
522 417 3
523 417 2
530 417 3
531 417 1
537 417 2
540 417 2
543 417 3
546 417 2
557 417 3
558 417 3
561 417 3
562 417 2
565 417 1
567 417 2
569 417 3
570 417 2
575 417 3
578 417 1
579 417 3
580 417 3
584 417 1
585 417 3
594 417 3
596 417 3
601 417 3
602 417 2
617 417 1
619 417 1
620 417 1
622 417 3
623 417 1
626 417 2
627 417 1
638 417 1
639 417 2
647 417 2
650 417 1
653 417 3
656 417 1
657 417 3
660 417 1
663 417 2
666 417 3
669 417 2
670 417 3
675 417 3
677 417 2
679 417 2
680 417 2
681 417 3
687 417 3
688 417 2
689 417 1
695 417 3
696 417 2
699 417 2
700 417 2
705 417 1
707 417 2
710 417 3
711 417 3
717 417 2
721 417 2
725 417 2
728 417 1
734 417 3
736 417 1
739 417 2
742 417 2
746 417 3
747 417 3
749 417 2
752 417 2
757 417 3
760 417 3
769 417 1
775 417 3
777 417 1
780 417 1
783 417 2
785 417 1
789 417 1
791 417 1
794 417 1
796 417 2
797 417 2
798 417 1
799 417 2
800 417 3
806 417 3
814 417 3
817 417 1
818 417 1
825 417 3
826 417 1
827 417 1
831 417 2
832 417 1
833 417 1
835 417 2
840 417 2
841 417 1
842 417 2
846 417 2
847 417 3
849 417 2
850 417 3
852 417 1
853 417 3
854 417 3
857 417 1
858 417 2
866 417 3
867 417 3
879 417 2
883 417 3
884 417 1
885 417 1
886 417 1
888 417 2
892 417 3
893 417 3
894 417 3
897 417 3
899 417 1
901 417 1
903 417 2
905 417 2
908 417 2
911 417 2
916 417 1
919 417 2
922 417 1
927 417 1
931 417 3
936 417 1
938 417 1
940 417 1
942 417 2
945 417 2
948 417 1
952 417 1
953 417 1
954 417 3
955 417 3
958 417 1
959 417 2
960 417 2
965 417 1
968 417 3
976 417 3
977 417 3
984 417 1
985 417 2
994 417 1
996 417 3
2 418 1
3 418 2
8 418 3
11 418 1
15 418 2
17 418 1
19 418 3
24 418 1
26 418 1
27 418 2
28 418 2
29 418 1
30 418 1
32 418 3
36 418 2
46 418 1
49 418 2
51 418 2
52 418 2
56 418 1
67 418 3
68 418 1
70 418 2
71 418 2
72 418 1
73 418 2
75 418 3
77 418 3
79 418 2
82 418 1
83 418 3
87 418 3
89 418 1
92 418 1
93 418 1
110 418 1
114 418 1
118 418 3
119 418 1
123 418 3
124 418 1
126 418 1
127 418 1
137 418 2
143 418 2
144 418 2
148 418 1
149 418 3
153 418 3
157 418 2
160 418 2
167 418 1
169 418 2
171 418 1
172 418 2
174 418 1
175 418 3
180 418 2
185 418 1
189 418 2
192 418 1
196 418 3
197 418 3
200 418 3
201 418 3
204 418 2
205 418 1
212 418 2
213 418 1
215 418 3
219 418 3
220 418 3
222 418 2
223 418 3
228 418 1
231 418 2
232 418 1
233 418 1
237 418 2
238 418 3
241 418 3
243 418 3
