382 968 3
383 968 1
385 968 3
387 968 3
394 968 1
395 968 3
396 968 3
401 968 3
405 968 3
412 968 2
417 968 3
418 968 1
426 968 3
427 968 3
430 968 3
431 968 3
433 968 3
434 968 2
435 968 2
456 968 3
457 968 2
462 968 3
463 968 3
467 968 3
470 968 2
471 968 3
474 968 3
481 968 1
485 968 3
489 968 3
493 968 1
495 968 3
499 968 3
500 968 3
505 968 2
507 968 2
508 968 3
510 968 2
517 968 2
518 968 1
521 968 3
532 968 2
539 968 3
541 968 2
544 968 2
545 968 1
554 968 2
555 968 3
556 968 1
561 968 2
562 968 2
566 968 1
570 968 3
572 968 1
579 968 2
587 968 3
589 968 3
593 968 3
595 968 2
597 968 1
598 968 1
599 968 2
601 968 2
602 968 2
605 968 3
607 968 3
613 968 3
616 968 1
618 968 1
620 968 1
622 968 3
625 968 3
626 968 3
627 968 2
630 968 1
631 968 3
633 968 1
634 968 1
637 968 2
644 968 1
646 968 2
648 968 1
650 968 2
652 968 3
655 968 1
661 968 1
670 968 2
672 968 2
684 968 2
688 968 3
690 968 1
691 968 2
692 968 1
695 968 3
701 968 1
707 968 1
708 968 3
720 968 2
723 968 3
724 968 2
733 968 1
735 968 2
741 968 1
742 968 2
745 968 2
751 968 3
756 968 3
757 968 3
760 968 1
767 968 3
770 968 2
773 968 3
775 968 1
779 968 3
785 968 1
789 968 2
792 968 3
794 968 2
796 968 1
798 968 2
800 968 2
802 968 3
804 968 3
809 968 1
811 968 2
812 968 1
814 968 2
815 968 1
828 968 2
831 968 1
834 968 2
839 968 2
840 968 3
841 968 2
843 968 1
845 968 3
849 968 2
854 968 3
856 968 3
857 968 2
862 968 3
866 968 3
869 968 1
875 968 2
882 968 2
884 968 2
893 968 2
894 968 1
896 968 3
901 968 3
904 968 1
912 968 1
914 968 2
919 968 2
923 968 3
928 968 1
929 968 1
930 968 3
938 968 3
939 968 1
944 968 3
950 968 3
951 968 2
952 968 1
963 968 3
967 968 1
970 968 2
972 968 2
975 968 3
981 968 1
984 968 1
992 968 1
993 968 1
1 969 1
2 969 3
7 969 1
13 969 1
15 969 3
17 969 2
18 969 2
19 969 3
21 969 3
25 969 1
27 969 3
29 969 2
31 969 1
32 969 3
34 969 3
36 969 1
37 969 3
44 969 3
45 969 2
56 969 2
57 969 1
59 969 2
64 969 1
71 969 3
76 969 2
79 969 1
82 969 3
84 969 2
86 969 3
89 969 3
93 969 2
95 969 1
97 969 3
98 969 3
102 969 1
104 969 2
110 969 3
114 969 1
117 969 1
118 969 3
128 969 1
132 969 2
135 969 3
138 969 3
143 969 1
146 969 1
148 969 2
150 969 3
151 969 3
154 969 2
156 969 1
157 969 1
161 969 2
164 969 2
171 969 2
175 969 1
179 969 3
184 969 2
195 969 1
196 969 2
197 969 2
198 969 2
201 969 2
203 969 1
218 969 3
220 969 1
227 969 2
228 969 1
230 969 2
236 969 3
245 969 1
248 969 1
251 969 2
252 969 3
259 969 1
262 969 3
263 969 2
264 969 3
265 969 1
271 969 1
274 969 2
277 969 3
279 969 1
280 969 2
281 969 1
284 969 2
287 969 3
288 969 3
303 969 1
307 969 2
308 969 1
309 969 2
310 969 3
313 969 1
314 969 1
318 969 1
319 969 3
324 969 1
329 969 2
331 969 1
332 969 3
335 969 1
337 969 3
340 969 1
344 969 2
348 969 2
352 969 1
362 969 1
363 969 2
368 969 2
371 969 2
374 969 1
375 969 1
377 969 3
382 969 1
383 969 2
387 969 2
390 969 2
391 969 2
396 969 2
400 969 1
404 969 3
407 969 2
408 969 1
410 969 2
413 969 1
414 969 3
417 969 2
423 969 3
427 969 2
432 969 1
433 969 3
434 969 3
437 969 3
441 969 3
442 969 3
446 969 2
448 969 2
449 969 1
452 969 2
455 969 2
457 969 1
462 969 1
467 969 1
468 969 2
471 969 2
474 969 1
478 969 3
479 969 2
481 969 1
482 969 1
483 969 2
484 969 3
486 969 2
487 969 2
489 969 1
490 969 3
494 969 1
497 969 3
499 969 2
502 969 2
508 969 1
509 969 1
511 969 3
514 969 3
515 969 1
516 969 2
527 969 2
530 969 1
536 969 3
537 969 3
539 969 1
541 969 3
542 969 3
545 969 3
547 969 3
548 969 1
550 969 3
551 969 1
555 969 1
558 969 3
563 969 3
566 969 2
571 969 2
580 969 2
581 969 1
582 969 3
583 969 3
586 969 3
594 969 2
595 969 1
596 969 1
600 969 3
603 969 2
611 969 3
613 969 3
615 969 3
616 969 1
617 969 1
622 969 2
623 969 2
624 969 3
626 969 3
628 969 1
636 969 2
640 969 3
641 969 3
644 969 2
646 969 1
647 969 3
650 969 3
653 969 3
655 969 2
658 969 2
662 969 2
664 969 3
667 969 3
668 969 3
670 969 3
671 969 1
672 969 2
674 969 1
681 969 1
682 969 2
685 969 1
688 969 1
690 969 3
691 969 1
692 969 2
694 969 1
704 969 1
705 969 3
706 969 3
707 969 1
708 969 2
710 969 2
714 969 3
715 969 3
718 969 1
719 969 2
720 969 3
722 969 3
731 969 1
732 969 1
735 969 2
737 969 2
738 969 3
742 969 1
745 969 3
746 969 3
750 969 3
759 969 3
760 969 1
762 969 2
763 969 2
765 969 2
770 969 3
772 969 2
773 969 2
775 969 2
778 969 1
782 969 1
785 969 3
787 969 1
791 969 2
793 969 3
794 969 2
795 969 1
802 969 1
803 969 1
809 969 1
810 969 2
812 969 3
815 969 3
817 969 1
820 969 2
824 969 2
827 969 1
831 969 1
835 969 2
836 969 2
840 969 1
843 969 2
846 969 1
850 969 1
854 969 1
855 969 2
856 969 1
859 969 3
862 969 1
865 969 3
869 969 3
872 969 2
880 969 1
881 969 2
884 969 2
886 969 2
887 969 2
890 969 3
892 969 1
895 969 1
897 969 2
901 969 2
911 969 3
913 969 2
914 969 3
917 969 1
921 969 2
922 969 2
927 969 3
928 969 3
931 969 3
932 969 3
942 969 2
943 969 1
949 969 2
952 969 1
954 969 1
956 969 2
957 969 1
958 969 2
962 969 1
964 969 1
966 969 2
968 969 1
971 969 3
973 969 1
978 969 3
981 969 2
984 969 2
985 969 2
996 969 2
997 969 1
999 969 3
0 970 1
1 970 3
2 970 1
14 970 2
15 970 3
21 970 2
22 970 2
23 970 1
26 970 3
29 970 2
32 970 3
34 970 3
35 970 2
37 970 2
38 970 1
40 970 1
47 970 1
52 970 1
55 970 2
61 970 1
62 970 1
63 970 3
66 970 1
69 970 3
70 970 3
71 970 1
73 970 2
75 970 2
76 970 2
77 970 3
82 970 3
87 970 3
88 970 3
92 970 2
94 970 2
96 970 2
97 970 3
99 970 3
102 970 1
105 970 1
108 970 2
109 970 1
111 970 3
113 970 1
115 970 2
119 970 3
124 970 2
126 970 1
129 970 2
132 970 3
134 970 1
137 970 2
138 970 2
139 970 1
140 970 1
141 970 1
142 970 3
145 970 2
148 970 1
152 970 2
156 970 3
159 970 2
162 970 1
163 970 3
167 970 2
172 970 3
175 970 1
176 970 1
183 970 3
187 970 2
189 970 1
191 970 2
192 970 2
194 970 2
197 970 2
198 970 1
202 970 2
203 970 1
204 970 3
206 970 1
207 970 1
210 970 2
211 970 2
214 970 2
215 970 2
216 970 1
218 970 1
219 970 3
221 970 3
223 970 3
226 970 3
227 970 3
234 970 2
237 970 3
239 970 1
241 970 3
242 970 3
247 970 2
249 970 2
251 970 2
252 970 2
256 970 2
258 970 2
259 970 3
265 970 1
271 970 3
272 970 3
273 970 3
275 970 2
276 970 3
281 970 3
284 970 2
286 970 2
287 970 1
289 970 1
290 970 1
292 970 1
296 970 2
297 970 1
300 970 3
301 970 1
302 970 1
309 970 2
312 970 1
313 970 2
316 970 3
318 970 2
324 970 1
327 970 1
328 970 2
331 970 3
335 970 3
341 970 3
352 970 1
359 970 2
361 970 1
371 970 3
375 970 3
380 970 1
383 970 3
384 970 2
386 970 1
395 970 3
397 970 3
401 970 2
408 970 1
409 970 2
410 970 2
412 970 2
413 970 1
417 970 3
420 970 2
421 970 1
423 970 1
433 970 2
436 970 3
439 970 3
441 970 1
442 970 3
