589 824 2
591 824 3
592 824 3
597 824 1
598 824 3
604 824 1
606 824 2
611 824 1
612 824 3
613 824 2
614 824 2
616 824 2
617 824 1
619 824 2
623 824 2
625 824 2
627 824 3
629 824 3
636 824 3
639 824 2
642 824 2
648 824 3
651 824 3
652 824 1
657 824 2
658 824 1
662 824 1
667 824 1
668 824 2
675 824 1
676 824 1
677 824 3
688 824 3
690 824 1
692 824 3
696 824 1
697 824 1
701 824 3
702 824 2
706 824 2
708 824 2
710 824 2
711 824 1
713 824 2
714 824 3
716 824 2
718 824 3
721 824 1
722 824 1
728 824 3
729 824 3
736 824 2
737 824 3
742 824 2
743 824 1
748 824 3
749 824 2
750 824 1
752 824 1
758 824 1
759 824 3
761 824 2
762 824 2
766 824 1
767 824 2
768 824 2
771 824 2
774 824 3
776 824 3
780 824 3
785 824 2
788 824 3
792 824 3
796 824 2
806 824 2
812 824 2
814 824 2
816 824 2
823 824 1
827 824 3
831 824 3
833 824 2
838 824 3
840 824 2
842 824 2
843 824 1
844 824 2
848 824 2
850 824 1
852 824 1
859 824 2
864 824 1
865 824 3
868 824 3
870 824 3
872 824 3
873 824 3
880 824 3
881 824 3
883 824 3
884 824 2
887 824 3
888 824 3
889 824 3
891 824 2
893 824 3
895 824 3
902 824 2
904 824 1
905 824 1
906 824 3
908 824 3
913 824 2
916 824 2
917 824 3
918 824 1
919 824 1
921 824 2
923 824 1
924 824 2
927 824 3
935 824 2
937 824 2
938 824 3
939 824 1
940 824 2
942 824 3
943 824 1
947 824 3
949 824 2
950 824 3
951 824 1
953 824 2
954 824 2
955 824 2
959 824 2
963 824 3
964 824 3
965 824 1
966 824 3
967 824 3
971 824 1
973 824 3
974 824 3
975 824 3
980 824 3
981 824 3
985 824 1
990 824 2
995 824 1
996 824 3
998 824 1
1 825 2
4 825 3
5 825 1
6 825 2
7 825 1
11 825 1
16 825 3
18 825 3
20 825 2
21 825 1
28 825 3
29 825 1
30 825 3
31 825 2
34 825 1
35 825 3
36 825 2
45 825 3
46 825 1
54 825 1
55 825 3
56 825 3
57 825 1
60 825 2
66 825 1
67 825 1
68 825 2
72 825 2
75 825 3
77 825 2
78 825 1
82 825 3
87 825 2
88 825 2
95 825 2
98 825 1
101 825 2
102 825 1
103 825 3
104 825 2
106 825 1
108 825 1
109 825 2
112 825 1
113 825 2
117 825 2
123 825 2
124 825 1
131 825 1
132 825 3
133 825 1
134 825 1
135 825 1
147 825 1
150 825 3
151 825 2
152 825 3
154 825 3
155 825 1
157 825 1
160 825 1
162 825 1
165 825 3
166 825 1
171 825 1
174 825 2
179 825 1
180 825 2
187 825 1
188 825 3
193 825 3
194 825 3
196 825 2
200 825 3
203 825 2
205 825 3
206 825 2
210 825 2
212 825 1
221 825 1
222 825 2
225 825 2
235 825 1
240 825 1
241 825 2
242 825 1
244 825 2
245 825 3
248 825 2
249 825 1
250 825 1
253 825 3
256 825 1
262 825 2
265 825 3
267 825 3
268 825 3
270 825 3
272 825 2
273 825 2
275 825 2
276 825 3
283 825 1
286 825 3
288 825 2
289 825 2
291 825 3
293 825 3
296 825 2
300 825 2
304 825 3
305 825 2
306 825 1
307 825 2
308 825 1
310 825 1
313 825 1
314 825 3
319 825 3
323 825 2
331 825 1
333 825 1
338 825 1
339 825 1
347 825 2
349 825 3
352 825 3
353 825 1
361 825 1
362 825 1
364 825 1
370 825 1
375 825 2
378 825 3
382 825 3
388 825 3
389 825 2
390 825 1
394 825 2
396 825 1
398 825 1
399 825 2
402 825 2
404 825 3
426 825 3
429 825 3
431 825 3
434 825 3
439 825 1
441 825 1
448 825 3
449 825 1
450 825 3
458 825 1
462 825 3
465 825 3
466 825 3
468 825 3
477 825 1
478 825 2
484 825 1
489 825 1
491 825 3
493 825 2
500 825 3
501 825 1
503 825 2
504 825 3
505 825 3
506 825 1
507 825 1
508 825 2
513 825 2
515 825 2
518 825 1
527 825 1
528 825 3
532 825 1
535 825 1
539 825 2
540 825 2
541 825 1
542 825 3
553 825 3
561 825 1
562 825 2
566 825 1
567 825 2
568 825 1
572 825 3
573 825 2
574 825 2
585 825 2
589 825 2
590 825 1
591 825 3
592 825 3
599 825 3
600 825 2
605 825 2
609 825 3
612 825 3
614 825 1
615 825 3
621 825 3
622 825 1
623 825 2
625 825 2
629 825 1
631 825 2
635 825 1
636 825 1
638 825 3
642 825 1
643 825 3
645 825 2
646 825 3
654 825 2
657 825 3
662 825 3
666 825 2
668 825 1
671 825 3
672 825 2
678 825 1
683 825 2
685 825 2
687 825 3
688 825 3
693 825 1
695 825 2
699 825 1
700 825 3
709 825 3
710 825 2
713 825 3
714 825 2
715 825 3
724 825 3
731 825 1
732 825 1
735 825 1
738 825 1
742 825 1
752 825 1
756 825 3
758 825 2
763 825 1
765 825 2
769 825 1
774 825 1
776 825 3
778 825 3
779 825 3
785 825 1
788 825 2
790 825 2
793 825 2
795 825 3
798 825 1
805 825 1
806 825 2
807 825 3
809 825 1
812 825 3
814 825 3
818 825 3
822 825 2
827 825 3
828 825 3
833 825 3
835 825 2
843 825 3
844 825 3
847 825 2
854 825 1
855 825 2
867 825 3
868 825 3
871 825 3
875 825 1
878 825 3
879 825 1
884 825 2
886 825 2
887 825 1
889 825 3
892 825 1
894 825 3
896 825 2
903 825 3
904 825 1
905 825 3
909 825 3
911 825 2
912 825 1
917 825 3
918 825 2
920 825 2
931 825 1
934 825 2
935 825 3
942 825 3
946 825 2
947 825 2
953 825 2
957 825 1
959 825 1
960 825 3
966 825 3
967 825 3
969 825 3
970 825 3
974 825 1
975 825 3
978 825 2
982 825 2
992 825 3
995 825 2
996 825 3
1 826 1
2 826 2
3 826 3
10 826 2
13 826 3
14 826 2
18 826 2
23 826 3
25 826 2
29 826 3
38 826 2
39 826 2
42 826 1
49 826 3
50 826 2
53 826 2
57 826 1
63 826 3
67 826 3
71 826 1
72 826 1
73 826 2
76 826 3
77 826 2
80 826 2
83 826 2
85 826 3
87 826 2
88 826 2
96 826 2
98 826 2
104 826 2
105 826 3
108 826 2
109 826 1
118 826 1
119 826 1
121 826 2
125 826 1
127 826 1
128 826 2
129 826 1
137 826 3
139 826 1
143 826 3
144 826 2
149 826 1
151 826 1
155 826 2
159 826 3
161 826 3
165 826 3
166 826 2
171 826 1
173 826 1
175 826 3
180 826 3
183 826 1
184 826 3
189 826 2
193 826 2
194 826 1
195 826 2
196 826 1
201 826 1
204 826 2
207 826 3
210 826 3
214 826 3
217 826 3
218 826 3
219 826 2
221 826 2
222 826 1
230 826 3
233 826 1
235 826 3
238 826 1
245 826 2
248 826 2
259 826 2
261 826 2
262 826 3
263 826 3
265 826 3
267 826 1
269 826 1
273 826 3
275 826 3
276 826 3
277 826 1
279 826 2
280 826 3
282 826 3
285 826 2
298 826 2
299 826 1
302 826 3
303 826 2
308 826 3
309 826 2
311 826 1
313 826 3
316 826 2
320 826 2
323 826 2
324 826 1
332 826 2
335 826 3
336 826 1
337 826 2
338 826 3
341 826 3
348 826 1
349 826 3
353 826 2
356 826 1
357 826 1
362 826 2
364 826 2
369 826 2
375 826 3
377 826 1
378 826 2
379 826 3
382 826 1
388 826 1
389 826 1
390 826 1
393 826 1
394 826 1
395 826 3
396 826 1
397 826 3
398 826 1
400 826 2
403 826 2
404 826 1
405 826 2
408 826 3
414 826 1
415 826 1
421 826 1
422 826 1
424 826 3
425 826 3
429 826 3
433 826 3
434 826 2
440 826 1
441 826 2
447 826 2
449 826 2
450 826 1
453 826 1
461 826 2
462 826 2
467 826 3
473 826 2
474 826 1
475 826 3
477 826 2
481 826 3
482 826 2
483 826 2
487 826 1
491 826 3
501 826 1
504 826 3
508 826 3
510 826 3
512 826 1
513 826 3
519 826 2
527 826 2
533 826 1
535 826 2
545 826 1
546 826 2
548 826 3
549 826 2
557 826 2
560 826 1
561 826 3
563 826 3
570 826 1
577 826 2
584 826 1
588 826 1
589 826 1
592 826 1
595 826 2
597 826 2
600 826 1
