87 231 3
88 231 2
89 231 2
90 231 1
100 231 3
102 231 2
106 231 3
110 231 3
113 231 2
126 231 2
128 231 3
129 231 2
138 231 2
143 231 3
144 231 1
149 231 1
153 231 3
155 231 1
156 231 1
159 231 2
161 231 3
162 231 2
163 231 1
165 231 2
173 231 1
178 231 3
180 231 1
185 231 1
186 231 3
188 231 1
190 231 3
191 231 2
194 231 1
195 231 2
203 231 3
207 231 2
208 231 3
210 231 1
212 231 2
213 231 1
215 231 3
223 231 2
224 231 1
227 231 1
229 231 3
236 231 3
238 231 1
239 231 3
243 231 2
244 231 1
246 231 2
248 231 3
249 231 1
251 231 2
253 231 1
256 231 3
268 231 1
270 231 3
272 231 1
278 231 3
280 231 1
283 231 3
284 231 3
289 231 1
290 231 3
293 231 2
300 231 3
306 231 2
307 231 1
315 231 3
316 231 3
320 231 2
324 231 1
326 231 3
327 231 3
328 231 3
330 231 2
332 231 3
337 231 2
339 231 2
342 231 1
348 231 3
349 231 3
350 231 2
354 231 1
356 231 2
358 231 3
359 231 2
360 231 1
363 231 2
365 231 1
366 231 3
371 231 2
373 231 1
374 231 1
375 231 1
376 231 2
378 231 3
379 231 3
380 231 3
382 231 1
384 231 2
385 231 2
386 231 1
387 231 2
394 231 2
396 231 2
399 231 1
401 231 3
402 231 1
407 231 3
409 231 3
412 231 3
415 231 2
418 231 2
429 231 2
436 231 2
440 231 2
441 231 1
451 231 2
456 231 3
458 231 2
459 231 3
461 231 1
465 231 2
466 231 2
475 231 2
479 231 2
480 231 3
482 231 3
485 231 1
495 231 2
497 231 3
500 231 2
501 231 1
503 231 1
508 231 1
513 231 2
514 231 3
515 231 2
516 231 1
522 231 2
528 231 1
531 231 2
532 231 1
533 231 1
534 231 2
538 231 2
541 231 3
542 231 1
544 231 2
549 231 2
552 231 3
561 231 3
563 231 3
574 231 2
585 231 1
587 231 2
591 231 2
592 231 3
596 231 2
604 231 1
605 231 3
609 231 2
611 231 2
614 231 3
618 231 2
620 231 1
624 231 2
628 231 2
631 231 2
632 231 3
634 231 1
639 231 3
645 231 3
646 231 3
649 231 1
650 231 1
651 231 3
653 231 2
656 231 3
657 231 2
662 231 3
663 231 3
664 231 3
668 231 2
670 231 1
672 231 1
673 231 1
675 231 3
677 231 1
679 231 2
680 231 2
681 231 2
684 231 3
685 231 3
687 231 2
688 231 1
690 231 1
701 231 3
702 231 1
703 231 3
704 231 2
705 231 1
706 231 2
708 231 2
709 231 3
711 231 1
714 231 1
720 231 3
721 231 1
723 231 3
725 231 1
731 231 1
735 231 1
741 231 1
743 231 2
745 231 3
746 231 3
748 231 2
754 231 3
760 231 3
761 231 1
763 231 1
765 231 2
775 231 2
776 231 3
777 231 3
779 231 3
783 231 3
787 231 2
791 231 2
797 231 1
800 231 3
801 231 3
802 231 3
803 231 3
807 231 1
810 231 3
812 231 1
813 231 2
816 231 1
823 231 3
827 231 1
829 231 3
834 231 2
837 231 2
840 231 2
844 231 1
845 231 3
848 231 3
856 231 3
857 231 1
858 231 1
866 231 3
868 231 1
870 231 1
881 231 2
883 231 2
889 231 1
891 231 1
900 231 3
901 231 1
902 231 2
903 231 3
906 231 2
907 231 2
910 231 2
912 231 3
916 231 2
918 231 3
923 231 1
930 231 2
932 231 3
934 231 2
935 231 1
942 231 1
943 231 1
944 231 2
949 231 2
951 231 2
953 231 1
955 231 1
956 231 2
958 231 2
962 231 1
965 231 3
967 231 1
969 231 3
971 231 3
973 231 2
974 231 2
983 231 2
988 231 2
993 231 2
994 231 1
997 231 3
999 231 1
5 232 2
10 232 1
16 232 2
18 232 3
19 232 1
20 232 2
26 232 3
28 232 1
39 232 3
43 232 1
44 232 2
46 232 3
48 232 3
55 232 2
63 232 2
64 232 1
68 232 3
73 232 1
80 232 2
82 232 2
84 232 2
86 232 1
87 232 2
93 232 1
95 232 1
100 232 1
105 232 1
110 232 2
112 232 3
113 232 1
116 232 1
120 232 1
131 232 2
137 232 1
139 232 1
140 232 3
141 232 2
142 232 3
152 232 3
153 232 3
155 232 2
156 232 2
161 232 2
162 232 1
165 232 3
167 232 1
170 232 3
172 232 2
179 232 1
183 232 1
189 232 1
190 232 3
194 232 2
195 232 2
202 232 3
212 232 3
215 232 3
217 232 1
218 232 1
222 232 1
233 232 3
234 232 1
235 232 1
236 232 3
242 232 1
245 232 1
248 232 1
259 232 2
265 232 2
274 232 1
279 232 2
287 232 2
290 232 1
303 232 2
305 232 3
306 232 3
307 232 3
328 232 1
334 232 1
335 232 1
336 232 2
338 232 2
346 232 3
348 232 3
354 232 3
355 232 3
358 232 2
361 232 1
365 232 1
366 232 1
368 232 2
369 232 1
374 232 2
377 232 1
381 232 1
384 232 2
390 232 3
397 232 3
398 232 1
403 232 2
404 232 3
406 232 1
408 232 1
411 232 1
413 232 1
418 232 2
419 232 2
421 232 1
422 232 2
428 232 2
430 232 3
434 232 1
437 232 2
443 232 1
447 232 3
452 232 1
453 232 1
456 232 1
460 232 3
462 232 1
465 232 2
466 232 3
470 232 3
471 232 1
474 232 1
475 232 2
476 232 2
477 232 3
478 232 1
479 232 3
482 232 2
488 232 1
491 232 2
493 232 3
496 232 1
497 232 2
506 232 3
510 232 2
512 232 2
513 232 2
515 232 2
516 232 2
517 232 1
522 232 3
523 232 3
525 232 3
526 232 2
528 232 2
529 232 2
531 232 3
533 232 1
534 232 2
539 232 2
542 232 2
547 232 3
549 232 1
551 232 2
552 232 2
554 232 1
555 232 1
558 232 1
564 232 1
565 232 2
568 232 1
572 232 2
574 232 3
575 232 2
576 232 3
577 232 2
579 232 2
581 232 2
586 232 1
587 232 1
588 232 2
595 232 2
597 232 1
600 232 3
604 232 2
605 232 3
607 232 3
612 232 3
614 232 2
616 232 2
618 232 1
619 232 3
625 232 2
626 232 1
627 232 1
628 232 2
629 232 2
630 232 1
631 232 2
632 232 1
635 232 1
636 232 1
638 232 2
640 232 2
642 232 1
652 232 2
657 232 3
660 232 3
661 232 1
664 232 3
666 232 2
668 232 2
669 232 2
675 232 1
681 232 2
682 232 3
685 232 3
687 232 1
695 232 2
698 232 1
699 232 3
700 232 3
701 232 3
702 232 1
704 232 1
705 232 2
706 232 2
709 232 1
710 232 3
711 232 2
715 232 2
717 232 3
718 232 2
722 232 2
723 232 2
725 232 1
726 232 3
728 232 3
730 232 3
733 232 3
735 232 3
741 232 2
744 232 2
752 232 1
758 232 2
759 232 1
764 232 1
766 232 2
769 232 3
771 232 1
776 232 1
782 232 3
794 232 3
797 232 3
804 232 2
805 232 3
808 232 1
812 232 3
818 232 3
825 232 1
830 232 3
844 232 1
846 232 3
851 232 1
853 232 3
857 232 1
861 232 1
864 232 2
865 232 2
867 232 2
869 232 3
872 232 1
875 232 2
877 232 2
878 232 3
879 232 1
886 232 3
887 232 1
889 232 2
893 232 3
894 232 2
902 232 1
905 232 1
906 232 3
909 232 3
912 232 1
917 232 1
919 232 2
920 232 3
927 232 3
928 232 2
932 232 1
933 232 3
936 232 1
937 232 1
941 232 2
943 232 3
946 232 3
952 232 3
953 232 3
957 232 2
961 232 3
964 232 2
966 232 1
967 232 1
970 232 3
974 232 1
978 232 2
981 232 1
984 232 2
985 232 2
986 232 3
989 232 2
990 232 1
993 232 1
998 232 3
1 233 3
6 233 2
8 233 3
11 233 3
12 233 1
20 233 2
22 233 2
23 233 3
26 233 2
27 233 1
30 233 1
33 233 2
38 233 2
52 233 1
53 233 3
57 233 2
58 233 2
64 233 2
65 233 2
67 233 1
68 233 1
69 233 1
70 233 3
77 233 2
79 233 2
80 233 1
82 233 2
83 233 1
86 233 1
89 233 1
95 233 2
98 233 2
104 233 1
107 233 3
108 233 1
111 233 2
113 233 3
114 233 1
115 233 3
118 233 3
120 233 1
129 233 2
133 233 2
135 233 2
140 233 2
142 233 3
147 233 3
151 233 3
153 233 1
156 233 2
160 233 1
174 233 2
175 233 3
177 233 2
180 233 2
182 233 3
186 233 1
192 233 1
198 233 2
