306 558 2
309 558 3
314 558 3
317 558 3
319 558 2
325 558 3
328 558 3
330 558 2
331 558 3
333 558 1
335 558 2
336 558 1
338 558 2
346 558 1
361 558 1
368 558 3
370 558 2
374 558 3
378 558 2
379 558 3
381 558 3
385 558 2
386 558 1
388 558 2
391 558 2
393 558 2
395 558 2
397 558 2
401 558 1
404 558 2
407 558 3
408 558 1
413 558 2
415 558 1
420 558 1
428 558 3
440 558 1
443 558 1
445 558 1
447 558 3
448 558 2
450 558 2
454 558 2
455 558 1
460 558 2
461 558 1
462 558 2
464 558 3
465 558 3
467 558 2
468 558 3
469 558 2
473 558 2
482 558 2
483 558 1
484 558 1
488 558 1
492 558 1
493 558 3
494 558 1
495 558 2
499 558 1
512 558 2
513 558 2
514 558 1
518 558 1
520 558 3
521 558 1
525 558 1
526 558 2
528 558 1
531 558 3
537 558 3
539 558 3
550 558 2
559 558 1
561 558 1
563 558 1
565 558 2
567 558 2
577 558 1
579 558 2
587 558 1
590 558 3
592 558 2
593 558 2
602 558 3
607 558 2
608 558 2
613 558 1
614 558 1
619 558 3
620 558 2
626 558 1
629 558 1
632 558 2
633 558 1
635 558 3
636 558 2
642 558 1
649 558 1
650 558 1
651 558 3
653 558 1
657 558 1
666 558 2
668 558 1
669 558 3
671 558 2
673 558 3
674 558 2
675 558 3
676 558 1
686 558 1
687 558 1
700 558 1
701 558 2
702 558 2
706 558 3
711 558 3
714 558 3
718 558 1
719 558 1
720 558 3
721 558 2
722 558 2
723 558 2
726 558 3
730 558 2
733 558 2
735 558 1
740 558 1
741 558 2
743 558 3
744 558 1
751 558 2
757 558 1
761 558 3
762 558 1
767 558 1
768 558 2
775 558 3
785 558 2
786 558 2
787 558 1
788 558 3
793 558 2
805 558 2
807 558 2
808 558 1
809 558 1
812 558 3
814 558 2
815 558 2
817 558 1
818 558 3
824 558 2
825 558 3
833 558 1
841 558 3
847 558 1
849 558 1
850 558 1
852 558 1
856 558 1
857 558 2
858 558 2
864 558 3
866 558 2
867 558 3
868 558 2
873 558 3
881 558 1
889 558 1
895 558 2
897 558 1
901 558 1
903 558 2
904 558 2
911 558 1
917 558 2
919 558 2
920 558 2
928 558 2
929 558 3
934 558 1
936 558 3
941 558 2
948 558 3
949 558 3
952 558 3
958 558 2
963 558 3
965 558 1
966 558 3
968 558 1
970 558 1
972 558 3
973 558 1
974 558 3
976 558 1
977 558 2
980 558 3
981 558 2
987 558 2
988 558 1
991 558 2
993 558 2
998 558 3
999 558 2
5 559 2
8 559 1
10 559 3
11 559 2
12 559 1
13 559 2
14 559 1
16 559 1
18 559 2
19 559 1
26 559 2
29 559 2
31 559 2
33 559 1
34 559 2
36 559 1
37 559 3
38 559 2
39 559 1
40 559 2
45 559 1
49 559 3
52 559 2
53 559 3
57 559 1
58 559 3
59 559 2
60 559 3
61 559 1
65 559 3
73 559 3
77 559 3
80 559 3
81 559 3
84 559 1
85 559 3
93 559 2
95 559 3
101 559 3
102 559 3
103 559 2
106 559 2
107 559 1
111 559 1
120 559 3
129 559 1
131 559 2
140 559 2
143 559 2
148 559 3
150 559 3
151 559 3
153 559 2
155 559 2
163 559 1
167 559 2
171 559 1
173 559 2
175 559 3
176 559 3
181 559 2
188 559 1
190 559 3
191 559 2
192 559 3
193 559 1
194 559 3
196 559 1
198 559 2
200 559 2
202 559 2
205 559 3
206 559 1
207 559 2
208 559 2
209 559 3
212 559 3
215 559 1
226 559 1
228 559 3
238 559 1
241 559 3
245 559 2
246 559 3
247 559 2
248 559 1
253 559 3
255 559 1
256 559 2
258 559 3
261 559 2
263 559 1
267 559 2
272 559 2
275 559 3
277 559 2
278 559 1
280 559 1
281 559 1
283 559 3
289 559 1
293 559 1
300 559 2
303 559 3
304 559 2
305 559 1
307 559 2
309 559 2
313 559 3
315 559 1
318 559 1
325 559 3
326 559 3
328 559 1
329 559 1
333 559 1
334 559 1
337 559 3
338 559 2
340 559 3
342 559 1
344 559 1
347 559 3
349 559 3
352 559 3
354 559 3
357 559 1
361 559 1
362 559 1
371 559 1
377 559 2
389 559 3
396 559 2
397 559 2
399 559 2
404 559 1
412 559 2
414 559 1
417 559 3
418 559 2
421 559 2
424 559 1
428 559 2
431 559 2
440 559 3
441 559 1
442 559 3
449 559 2
454 559 3
457 559 2
461 559 2
465 559 3
469 559 2
471 559 3
472 559 2
475 559 1
476 559 3
478 559 3
479 559 2
480 559 2
488 559 1
489 559 2
491 559 1
495 559 1
499 559 3
500 559 1
504 559 1
509 559 1
511 559 3
513 559 1
514 559 1
519 559 1
520 559 1
521 559 3
524 559 2
528 559 3
535 559 3
540 559 2
541 559 2
542 559 1
543 559 1
545 559 2
548 559 2
552 559 2
553 559 2
558 559 1
561 559 3
563 559 1
567 559 3
570 559 2
571 559 2
573 559 2
574 559 2
580 559 2
582 559 3
586 559 1
588 559 1
589 559 1
590 559 2
591 559 2
592 559 3
593 559 3
603 559 2
604 559 1
610 559 3
612 559 3
613 559 2
615 559 1
618 559 2
619 559 3
621 559 2
623 559 2
629 559 2
631 559 2
635 559 2
639 559 1
648 559 1
659 559 2
662 559 1
671 559 3
680 559 3
687 559 1
690 559 2
691 559 2
694 559 2
700 559 3
703 559 2
704 559 3
705 559 3
709 559 2
713 559 2
719 559 1
720 559 1
723 559 2
724 559 1
730 559 2
733 559 3
734 559 2
738 559 1
740 559 3
743 559 3
749 559 3
751 559 1
753 559 2
757 559 1
758 559 1
763 559 3
765 559 3
766 559 3
774 559 2
777 559 3
780 559 3
791 559 1
792 559 3
795 559 1
796 559 2
799 559 1
800 559 1
801 559 2
802 559 1
815 559 1
817 559 1
818 559 3
819 559 2
821 559 2
827 559 1
828 559 1
829 559 2
831 559 2
835 559 1
838 559 2
840 559 1
841 559 2
852 559 3
854 559 2
855 559 2
856 559 2
860 559 3
863 559 3
866 559 1
868 559 3
871 559 2
872 559 2
873 559 2
876 559 3
877 559 2
878 559 1
882 559 3
883 559 3
886 559 1
891 559 3
896 559 3
899 559 1
905 559 1
908 559 1
909 559 3
912 559 1
914 559 1
916 559 3
918 559 1
920 559 2
923 559 3
924 559 2
926 559 2
931 559 1
933 559 1
936 559 2
939 559 2
940 559 3
945 559 1
948 559 1
952 559 1
955 559 2
963 559 3
964 559 3
966 559 3
974 559 3
976 559 1
978 559 2
979 559 2
982 559 1
984 559 3
988 559 2
989 559 3
991 559 1
993 559 2
999 559 2
0 560 1
2 560 3
4 560 3
7 560 1
14 560 1
17 560 3
19 560 3
21 560 3
22 560 1
27 560 1
30 560 1
32 560 3
34 560 1
39 560 1
45 560 2
46 560 1
49 560 1
51 560 1
52 560 2
54 560 2
57 560 2
66 560 2
69 560 1
71 560 3
74 560 2
75 560 1
76 560 2
77 560 3
80 560 2
81 560 1
85 560 2
90 560 2
91 560 2
92 560 3
93 560 2
95 560 2
98 560 2
100 560 3
103 560 2
104 560 3
113 560 3
115 560 3
120 560 2
123 560 2
127 560 3
131 560 1
133 560 1
134 560 1
135 560 1
143 560 2
146 560 2
148 560 1
150 560 1
151 560 1
152 560 1
155 560 3
166 560 1
167 560 2
169 560 1
177 560 2
182 560 1
185 560 2
187 560 2
188 560 1
196 560 1
201 560 1
207 560 1
212 560 3
215 560 3
216 560 1
217 560 1
219 560 3
220 560 3
221 560 3
226 560 3
233 560 2
235 560 2
238 560 1
240 560 1
243 560 2
244 560 3
248 560 2
249 560 1
254 560 2
255 560 3
256 560 3
257 560 2
262 560 1
265 560 1
266 560 3
267 560 2
271 560 3
272 560 1
273 560 3
276 560 3
278 560 3
282 560 3
285 560 1
286 560 2
287 560 2
288 560 2
289 560 2
290 560 1
294 560 2
295 560 2
298 560 2
301 560 2
302 560 2
303 560 3
305 560 3
308 560 3
309 560 2
316 560 2
325 560 1
326 560 2
329 560 1
331 560 3
340 560 1
341 560 1
342 560 3
349 560 3
360 560 2
364 560 1
365 560 3
370 560 1
377 560 2
381 560 2
385 560 1
389 560 2
