677 89 3
682 89 3
683 89 1
684 89 1
685 89 2
686 89 3
689 89 1
693 89 2
694 89 2
696 89 2
700 89 1
704 89 1
714 89 1
715 89 3
716 89 1
718 89 3
720 89 3
721 89 2
723 89 3
730 89 3
733 89 1
734 89 2
739 89 3
741 89 1
742 89 1
744 89 2
745 89 3
747 89 1
752 89 1
753 89 3
754 89 2
755 89 3
758 89 3
759 89 3
767 89 3
768 89 2
772 89 3
774 89 3
778 89 3
786 89 1
792 89 1
794 89 2
798 89 1
801 89 1
807 89 2
808 89 3
811 89 1
814 89 1
821 89 1
822 89 2
826 89 2
827 89 1
833 89 2
839 89 2
844 89 2
846 89 1
847 89 2
848 89 1
851 89 3
852 89 1
857 89 3
863 89 2
866 89 3
869 89 2
877 89 2
881 89 2
883 89 1
886 89 1
887 89 2
889 89 2
890 89 3
892 89 3
895 89 2
897 89 2
901 89 2
911 89 2
912 89 3
916 89 1
917 89 1
919 89 3
921 89 2
923 89 1
925 89 3
928 89 3
930 89 2
931 89 3
932 89 1
933 89 2
945 89 2
947 89 1
948 89 3
949 89 2
950 89 2
956 89 3
957 89 1
969 89 2
972 89 1
975 89 2
982 89 1
984 89 1
987 89 2
991 89 1
994 89 2
996 89 3
0 90 2
1 90 2
3 90 2
8 90 3
15 90 1
23 90 2
24 90 2
32 90 1
33 90 2
35 90 2
38 90 1
40 90 1
42 90 1
45 90 3
48 90 2
50 90 3
55 90 1
57 90 3
58 90 3
59 90 2
60 90 2
61 90 1
64 90 1
68 90 2
69 90 2
71 90 2
74 90 2
76 90 3
77 90 3
79 90 3
80 90 2
82 90 3
84 90 1
89 90 3
90 90 3
91 90 3
93 90 1
95 90 3
96 90 2
97 90 1
98 90 1
99 90 3
103 90 2
109 90 1
114 90 3
119 90 1
120 90 2
123 90 1
127 90 1
133 90 1
134 90 3
140 90 1
141 90 1
142 90 3
143 90 3
146 90 3
150 90 2
156 90 1
157 90 3
160 90 3
162 90 1
163 90 2
165 90 1
168 90 2
170 90 3
171 90 1
172 90 1
174 90 3
175 90 1
177 90 1
178 90 2
179 90 1
180 90 3
181 90 2
182 90 1
188 90 2
189 90 2
197 90 2
198 90 2
199 90 1
200 90 2
210 90 2
212 90 1
215 90 3
216 90 2
220 90 3
230 90 2
233 90 2
234 90 3
237 90 3
240 90 1
245 90 1
247 90 2
248 90 3
249 90 2
250 90 2
251 90 3
252 90 2
255 90 3
256 90 2
263 90 2
265 90 3
273 90 3
274 90 1
278 90 3
279 90 2
281 90 3
284 90 2
286 90 3
293 90 2
295 90 2
296 90 3
299 90 2
303 90 3
305 90 3
308 90 1
313 90 1
314 90 1
315 90 1
320 90 1
321 90 2
323 90 3
326 90 2
327 90 2
329 90 2
338 90 1
341 90 3
342 90 1
345 90 2
348 90 1
351 90 2
352 90 1
353 90 1
354 90 2
356 90 2
358 90 3
360 90 2
368 90 1
370 90 1
371 90 1
376 90 2
384 90 2
389 90 3
391 90 3
392 90 3
399 90 3
402 90 2
403 90 3
404 90 1
406 90 2
409 90 2
411 90 1
415 90 3
417 90 3
420 90 1
423 90 1
425 90 3
426 90 1
429 90 1
430 90 3
433 90 2
437 90 3
438 90 2
444 90 2
447 90 1
452 90 1
453 90 1
454 90 3
456 90 1
457 90 2
458 90 2
460 90 1
462 90 2
463 90 3
465 90 2
469 90 1
470 90 2
473 90 2
474 90 2
480 90 2
482 90 2
491 90 2
492 90 3
495 90 3
496 90 1
501 90 1
503 90 2
505 90 3
507 90 2
512 90 2
520 90 2
523 90 1
526 90 2
527 90 1
531 90 3
534 90 1
537 90 1
544 90 2
545 90 2
548 90 3
551 90 3
552 90 1
553 90 3
558 90 2
559 90 3
561 90 1
562 90 2
563 90 1
564 90 3
566 90 1
569 90 1
583 90 2
588 90 2
591 90 2
593 90 2
595 90 1
596 90 2
603 90 1
605 90 1
606 90 2
610 90 3
611 90 2
614 90 1
616 90 2
617 90 1
620 90 3
622 90 2
627 90 1
630 90 3
635 90 3
640 90 3
644 90 3
647 90 3
649 90 1
651 90 1
654 90 2
657 90 1
659 90 2
664 90 1
667 90 1
670 90 1
671 90 3
684 90 2
686 90 3
691 90 3
696 90 1
700 90 1
702 90 1
708 90 3
711 90 1
713 90 3
714 90 1
717 90 2
720 90 1
721 90 2
727 90 1
728 90 2
729 90 2
733 90 2
734 90 1
735 90 1
736 90 1
739 90 3
740 90 1
744 90 3
745 90 1
746 90 1
747 90 2
749 90 1
750 90 1
751 90 1
753 90 1
757 90 1
759 90 3
760 90 2
765 90 1
766 90 2
768 90 1
773 90 2
775 90 3
784 90 2
787 90 1
792 90 2
796 90 2
798 90 3
799 90 2
801 90 3
807 90 3
810 90 1
815 90 3
818 90 2
819 90 3
822 90 2
832 90 2
835 90 1
838 90 2
839 90 2
840 90 1
844 90 2
846 90 3
847 90 2
849 90 2
852 90 1
856 90 2
857 90 1
858 90 2
862 90 3
865 90 2
871 90 1
872 90 3
873 90 2
875 90 1
881 90 3
882 90 1
884 90 1
886 90 1
888 90 2
892 90 1
893 90 1
895 90 3
896 90 3
901 90 3
905 90 1
906 90 2
909 90 2
912 90 2
914 90 3
915 90 1
919 90 1
920 90 2
926 90 2
927 90 2
929 90 1
934 90 3
935 90 2
940 90 2
941 90 2
943 90 2
946 90 1
947 90 2
950 90 1
952 90 2
954 90 3
966 90 3
968 90 3
969 90 1
970 90 1
972 90 3
976 90 2
977 90 1
981 90 1
982 90 1
989 90 3
990 90 3
994 90 1
995 90 2
997 90 3
998 90 3
999 90 1
1 91 3
5 91 3
6 91 1
12 91 1
13 91 1
19 91 3
20 91 2
28 91 1
31 91 2
32 91 1
34 91 1
35 91 2
37 91 1
38 91 2
42 91 1
45 91 2
51 91 1
53 91 1
57 91 2
58 91 2
66 91 2
68 91 3
74 91 1
81 91 2
82 91 1
84 91 2
87 91 2
90 91 3
91 91 3
96 91 1
105 91 3
110 91 3
120 91 3
124 91 2
126 91 1
128 91 2
131 91 2
140 91 1
141 91 1
147 91 3
150 91 2
151 91 1
152 91 1
155 91 1
156 91 1
160 91 1
164 91 1
166 91 1
168 91 2
177 91 1
181 91 3
193 91 2
194 91 3
195 91 3
196 91 1
200 91 3
202 91 3
205 91 2
208 91 3
210 91 3
211 91 3
214 91 3
217 91 2
218 91 1
219 91 1
220 91 2
228 91 1
229 91 2
233 91 2
243 91 3
244 91 3
245 91 3
250 91 2
253 91 1
256 91 1
258 91 2
260 91 1
262 91 2
267 91 2
270 91 1
275 91 2
279 91 3
285 91 3
288 91 3
290 91 2
293 91 2
294 91 3
298 91 1
303 91 3
306 91 3
309 91 2
313 91 1
315 91 2
317 91 1
323 91 2
326 91 2
330 91 3
333 91 2
334 91 1
335 91 3
338 91 3
339 91 3
343 91 1
345 91 3
347 91 2
348 91 2
352 91 2
360 91 3
363 91 3
364 91 3
368 91 2
369 91 2
374 91 1
377 91 1
379 91 2
383 91 3
387 91 1
388 91 3
389 91 1
401 91 2
403 91 2
404 91 3
408 91 1
409 91 1
410 91 2
415 91 1
416 91 3
420 91 2
422 91 1
425 91 2
429 91 1
430 91 1
433 91 1
434 91 3
438 91 3
441 91 1
442 91 1
443 91 2
447 91 1
450 91 3
456 91 3
457 91 1
459 91 3
460 91 1
464 91 1
465 91 2
466 91 2
471 91 3
475 91 1
480 91 1
486 91 1
488 91 1
490 91 1
492 91 2
493 91 1
496 91 2
498 91 3
501 91 1
502 91 1
505 91 1
506 91 1
512 91 2
518 91 2
519 91 2
520 91 2
528 91 2
532 91 3
535 91 3
536 91 1
541 91 1
542 91 1
543 91 2
546 91 2
549 91 1
550 91 1
552 91 2
554 91 3
555 91 2
557 91 2
560 91 1
562 91 1
563 91 3
564 91 1
566 91 3
567 91 1
568 91 3
575 91 2
580 91 1
583 91 3
584 91 2
585 91 1
593 91 2
595 91 2
597 91 1
599 91 3
604 91 3
605 91 1
607 91 3
609 91 1
616 91 1
619 91 3
624 91 3
626 91 3
