641 394 3
645 394 2
646 394 3
647 394 1
649 394 1
653 394 2
674 394 1
678 394 1
679 394 2
682 394 3
683 394 3
684 394 3
688 394 2
690 394 1
691 394 1
692 394 3
693 394 3
694 394 3
697 394 2
702 394 3
703 394 3
707 394 2
710 394 1
712 394 2
714 394 1
717 394 3
719 394 2
720 394 2
726 394 3
727 394 3
728 394 2
731 394 2
732 394 1
736 394 1
742 394 3
744 394 1
746 394 2
747 394 3
748 394 3
753 394 2
757 394 1
758 394 1
763 394 3
765 394 3
768 394 2
775 394 1
783 394 2
784 394 2
786 394 2
787 394 1
788 394 1
790 394 1
794 394 1
796 394 2
797 394 3
798 394 1
799 394 1
801 394 1
810 394 2
814 394 1
816 394 1
823 394 2
827 394 3
830 394 2
832 394 2
835 394 3
839 394 1
840 394 3
841 394 2
843 394 3
846 394 3
850 394 2
852 394 2
856 394 1
858 394 2
860 394 2
861 394 2
870 394 3
875 394 1
877 394 1
879 394 1
889 394 1
892 394 2
896 394 1
898 394 1
902 394 3
904 394 2
910 394 2
912 394 3
915 394 1
925 394 2
927 394 3
929 394 1
930 394 3
932 394 2
934 394 3
935 394 1
936 394 3
941 394 2
942 394 1
943 394 3
944 394 1
946 394 2
948 394 3
950 394 2
952 394 2
953 394 3
957 394 1
959 394 1
962 394 1
967 394 2
976 394 3
985 394 2
988 394 2
995 394 1
0 395 3
3 395 3
5 395 2
10 395 2
11 395 3
12 395 1
15 395 1
24 395 3
26 395 1
30 395 1
31 395 3
37 395 2
41 395 2
43 395 3
44 395 2
46 395 1
47 395 2
49 395 2
51 395 3
54 395 1
63 395 1
68 395 1
70 395 3
75 395 1
76 395 1
78 395 1
82 395 3
86 395 1
92 395 2
93 395 1
95 395 1
98 395 3
99 395 1
102 395 1
108 395 3
109 395 3
111 395 2
114 395 2
115 395 2
117 395 3
122 395 2
126 395 3
127 395 2
129 395 1
130 395 1
134 395 1
138 395 2
140 395 1
141 395 3
147 395 3
148 395 3
152 395 3
157 395 1
158 395 3
159 395 3
160 395 3
161 395 1
170 395 1
171 395 3
175 395 2
177 395 3
179 395 3
183 395 2
188 395 2
191 395 2
197 395 1
201 395 3
203 395 2
206 395 1
209 395 3
213 395 3
218 395 1
219 395 3
222 395 1
224 395 1
227 395 1
228 395 2
236 395 2
238 395 3
244 395 2
247 395 3
249 395 2
251 395 1
260 395 2
261 395 1
264 395 2
265 395 1
270 395 3
281 395 1
282 395 3
287 395 2
288 395 1
292 395 3
293 395 2
294 395 2
295 395 2
296 395 2
297 395 1
298 395 1
312 395 2
315 395 3
316 395 1
317 395 1
320 395 3
321 395 3
322 395 1
323 395 1
325 395 1
328 395 3
331 395 2
332 395 3
333 395 2
334 395 2
340 395 2
344 395 1
349 395 2
354 395 3
361 395 1
363 395 2
365 395 3
369 395 3
373 395 3
374 395 3
375 395 3
378 395 1
379 395 1
380 395 3
381 395 2
392 395 3
402 395 2
404 395 3
416 395 1
421 395 3
423 395 3
426 395 1
427 395 3
431 395 2
432 395 3
439 395 3
441 395 2
444 395 3
445 395 3
449 395 3
453 395 3
455 395 3
459 395 1
461 395 2
470 395 3
472 395 3
473 395 1
475 395 1
483 395 2
498 395 2
501 395 1
504 395 3
506 395 2
508 395 2
511 395 1
512 395 2
514 395 2
517 395 3
520 395 1
531 395 2
532 395 2
541 395 2
542 395 1
545 395 2
552 395 3
560 395 1
564 395 3
565 395 3
568 395 3
572 395 2
574 395 3
576 395 1
578 395 3
579 395 3
581 395 2
582 395 2
583 395 3
585 395 3
586 395 2
590 395 2
593 395 2
596 395 2
601 395 2
603 395 2
604 395 2
605 395 1
609 395 1
613 395 3
614 395 1
615 395 2
618 395 2
619 395 3
622 395 1
623 395 2
627 395 3
628 395 3
637 395 1
638 395 3
639 395 3
640 395 1
643 395 2
646 395 3
647 395 3
650 395 2
651 395 2
652 395 2
653 395 1
654 395 2
658 395 3
659 395 2
660 395 1
669 395 3
674 395 2
678 395 1
681 395 1
684 395 2
685 395 2
697 395 1
698 395 3
702 395 1
709 395 2
713 395 3
714 395 2
718 395 1
719 395 1
722 395 1
728 395 3
735 395 3
737 395 1
738 395 3
747 395 1
750 395 2
751 395 3
753 395 1
755 395 1
756 395 2
757 395 1
758 395 3
760 395 3
761 395 3
763 395 1
767 395 1
768 395 3
775 395 3
777 395 3
785 395 3
786 395 3
788 395 1
791 395 2
795 395 2
797 395 3
802 395 3
805 395 2
806 395 3
810 395 2
814 395 1
816 395 1
819 395 3
822 395 2
828 395 1
832 395 1
833 395 3
834 395 1
835 395 1
837 395 1
839 395 1
840 395 1
850 395 2
854 395 1
855 395 1
856 395 3
858 395 3
860 395 2
864 395 2
865 395 2
872 395 2
876 395 3
879 395 1
880 395 3
881 395 2
888 395 1
891 395 3
895 395 2
898 395 2
899 395 2
900 395 2
904 395 3
905 395 3
906 395 3
909 395 3
911 395 2
912 395 2
917 395 1
926 395 3
927 395 1
928 395 2
929 395 3
930 395 3
933 395 2
936 395 1
937 395 3
938 395 1
941 395 2
942 395 3
944 395 2
945 395 2
946 395 1
948 395 2
959 395 1
963 395 2
965 395 2
971 395 3
972 395 2
973 395 1
974 395 2
975 395 2
976 395 3
984 395 2
986 395 2
988 395 3
993 395 1
995 395 2
998 395 1
999 395 3
1 396 2
11 396 1
15 396 2
17 396 3
19 396 2
25 396 2
32 396 2
35 396 1
36 396 2
38 396 3
40 396 3
41 396 3
46 396 2
49 396 1
52 396 1
55 396 2
56 396 1
59 396 1
60 396 1
63 396 2
71 396 3
72 396 2
73 396 1
74 396 1
78 396 1
79 396 2
80 396 1
81 396 2
84 396 1
86 396 1
87 396 2
98 396 1
99 396 3
100 396 1
101 396 2
103 396 2
104 396 2
112 396 2
114 396 3
119 396 3
120 396 2
121 396 1
123 396 3
124 396 2
131 396 1
132 396 1
134 396 1
135 396 1
136 396 3
139 396 3
141 396 3
144 396 2
151 396 3
152 396 2
153 396 2
155 396 3
162 396 3
165 396 2
168 396 1
171 396 3
173 396 2
179 396 1
184 396 1
185 396 3
192 396 2
199 396 1
200 396 2
202 396 2
205 396 2
207 396 2
219 396 2
220 396 1
225 396 2
236 396 1
239 396 2
240 396 2
245 396 2
249 396 2
251 396 1
252 396 2
254 396 3
261 396 3
262 396 3
264 396 2
265 396 1
266 396 3
267 396 3
269 396 1
270 396 2
275 396 1
277 396 2
283 396 2
285 396 3
295 396 2
299 396 2
300 396 2
302 396 3
311 396 2
314 396 3
316 396 1
318 396 1
319 396 2
323 396 1
327 396 2
334 396 2
335 396 3
336 396 2
339 396 3
340 396 3
347 396 3
350 396 1
357 396 1
360 396 2
361 396 2
362 396 2
364 396 3
366 396 2
369 396 2
373 396 3
378 396 3
379 396 3
380 396 3
384 396 2
387 396 3
397 396 3
398 396 1
405 396 3
406 396 1
408 396 3
409 396 1
411 396 1
412 396 1
416 396 1
421 396 3
426 396 2
430 396 2
438 396 1
441 396 3
442 396 3
443 396 1
445 396 1
447 396 1
448 396 2
451 396 2
452 396 2
456 396 3
457 396 2
461 396 1
462 396 2
464 396 1
465 396 1
471 396 3
474 396 3
476 396 3
478 396 3
480 396 1
487 396 2
489 396 3
491 396 1
493 396 2
501 396 2
504 396 1
506 396 1
508 396 1
511 396 2
518 396 3
521 396 1
522 396 2
523 396 3
527 396 3
530 396 2
531 396 3
533 396 1
534 396 1
536 396 1
540 396 3
541 396 1
545 396 3
546 396 2
550 396 2
559 396 1
563 396 2
567 396 2
569 396 2
572 396 3
575 396 3
577 396 2
578 396 1
579 396 1
580 396 2
581 396 3
582 396 2
584 396 3
589 396 3
590 396 3
592 396 1
594 396 2
595 396 1
598 396 2
600 396 3
604 396 2
605 396 3
609 396 3
612 396 2
615 396 3
621 396 2
627 396 3
628 396 3
639 396 3
644 396 3
648 396 1
650 396 1
652 396 2
653 396 2
661 396 2
662 396 2
664 396 3
670 396 2
671 396 2
672 396 2
673 396 1
675 396 1
676 396 1
678 396 3
