427 942 1
429 942 2
434 942 3
436 942 2
439 942 1
443 942 2
448 942 1
450 942 3
454 942 3
455 942 2
459 942 3
461 942 3
463 942 1
465 942 2
468 942 3
469 942 2
470 942 3
471 942 1
477 942 2
479 942 1
481 942 3
485 942 1
490 942 2
494 942 3
497 942 3
499 942 1
501 942 1
504 942 1
509 942 3
510 942 2
515 942 3
522 942 1
524 942 3
525 942 2
526 942 1
527 942 2
528 942 1
532 942 3
533 942 1
534 942 3
542 942 3
544 942 2
547 942 2
550 942 2
551 942 3
553 942 3
559 942 3
562 942 3
572 942 1
578 942 2
580 942 3
582 942 1
583 942 1
585 942 1
590 942 1
591 942 1
595 942 2
599 942 2
601 942 1
605 942 2
607 942 2
609 942 1
611 942 2
614 942 2
617 942 1
618 942 1
629 942 3
635 942 3
636 942 3
637 942 3
641 942 1
644 942 2
648 942 2
651 942 1
652 942 2
659 942 1
661 942 3
662 942 3
663 942 3
664 942 2
665 942 1
669 942 3
670 942 1
672 942 1
673 942 1
675 942 3
683 942 1
690 942 3
692 942 1
693 942 1
696 942 2
697 942 1
701 942 2
703 942 1
705 942 2
716 942 2
721 942 3
726 942 3
727 942 3
729 942 3
734 942 3
737 942 1
738 942 2
744 942 3
748 942 2
750 942 3
751 942 2
754 942 2
756 942 1
758 942 2
760 942 2
764 942 1
767 942 2
770 942 3
771 942 3
780 942 3
782 942 2
783 942 2
786 942 1
788 942 1
789 942 3
794 942 2
796 942 1
797 942 2
798 942 3
799 942 3
800 942 2
801 942 1
805 942 3
816 942 2
824 942 1
832 942 1
833 942 3
836 942 3
846 942 3
847 942 1
855 942 1
857 942 3
859 942 3
862 942 3
864 942 2
865 942 2
866 942 1
876 942 1
883 942 2
885 942 2
888 942 1
893 942 1
896 942 3
903 942 2
904 942 3
905 942 2
907 942 1
911 942 2
914 942 3
915 942 2
919 942 2
921 942 3
923 942 2
924 942 1
929 942 3
930 942 2
932 942 1
934 942 1
937 942 2
943 942 2
950 942 2
951 942 1
952 942 3
953 942 2
954 942 3
957 942 2
960 942 1
962 942 1
966 942 1
967 942 1
968 942 1
971 942 3
975 942 3
976 942 2
977 942 3
978 942 3
981 942 2
986 942 3
988 942 2
989 942 3
992 942 2
993 942 3
996 942 3
6 943 2
8 943 3
10 943 2
11 943 3
12 943 2
16 943 2
18 943 3
20 943 2
22 943 1
28 943 1
30 943 1
34 943 1
35 943 2
40 943 3
41 943 1
46 943 1
62 943 2
69 943 1
74 943 3
75 943 2
87 943 1
91 943 2
92 943 3
93 943 1
94 943 1
95 943 3
97 943 3
98 943 2
102 943 2
103 943 2
107 943 1
108 943 3
110 943 1
120 943 2
122 943 3
123 943 3
132 943 2
136 943 2
143 943 1
144 943 3
148 943 3
149 943 1
154 943 1
156 943 1
158 943 1
160 943 3
164 943 1
165 943 1
167 943 3
168 943 3
171 943 2
176 943 2
179 943 3
184 943 2
188 943 2
189 943 2
190 943 2
195 943 2
202 943 1
203 943 1
204 943 2
205 943 2
206 943 3
210 943 1
211 943 3
216 943 3
219 943 3
226 943 1
228 943 1
229 943 2
231 943 1
233 943 3
234 943 1
235 943 3
236 943 2
238 943 3
239 943 3
240 943 2
242 943 2
252 943 1
257 943 1
260 943 3
261 943 3
262 943 2
271 943 3
276 943 1
277 943 3
279 943 3
281 943 3
282 943 3
285 943 3
287 943 2
288 943 1
295 943 1
297 943 3
300 943 3
303 943 2
305 943 1
306 943 2
310 943 1
313 943 2
316 943 2
318 943 2
321 943 3
322 943 3
327 943 2
328 943 3
331 943 3
333 943 3
335 943 1
337 943 2
338 943 3
339 943 3
343 943 3
344 943 1
345 943 1
353 943 1
358 943 2
362 943 3
364 943 1
366 943 3
368 943 2
369 943 2
370 943 2
371 943 3
374 943 1
375 943 3
377 943 1
380 943 1
384 943 3
386 943 1
387 943 1
394 943 2
399 943 3
403 943 3
404 943 3
405 943 3
408 943 2
410 943 2
412 943 1
413 943 1
415 943 3
416 943 1
417 943 2
420 943 2
421 943 1
423 943 2
424 943 1
434 943 1
435 943 3
437 943 1
439 943 2
442 943 3
444 943 1
457 943 2
464 943 3
466 943 3
471 943 3
476 943 3
480 943 3
483 943 1
485 943 3
487 943 1
492 943 2
496 943 1
497 943 3
498 943 2
499 943 3
500 943 3
508 943 1
511 943 2
518 943 1
525 943 1
526 943 3
529 943 3
531 943 3
535 943 3
536 943 3
539 943 2
545 943 2
546 943 1
547 943 1
550 943 3
556 943 2
561 943 1
565 943 2
569 943 1
574 943 1
576 943 2
579 943 1
580 943 2
586 943 1
589 943 1
601 943 3
605 943 1
606 943 2
613 943 3
622 943 1
625 943 1
626 943 1
629 943 3
631 943 2
634 943 1
637 943 3
639 943 2
652 943 3
657 943 3
658 943 2
667 943 2
674 943 2
675 943 1
677 943 1
680 943 3
682 943 2
683 943 3
687 943 1
689 943 1
691 943 1
697 943 2
698 943 1
702 943 3
703 943 2
704 943 2
705 943 1
707 943 2
710 943 3
719 943 3
720 943 2
722 943 1
724 943 2
725 943 1
728 943 1
745 943 3
747 943 3
748 943 3
751 943 3
758 943 1
760 943 3
767 943 2
770 943 1
771 943 1
774 943 3
777 943 3
781 943 3
782 943 2
791 943 2
793 943 1
795 943 1
796 943 2
798 943 3
801 943 1
802 943 2
809 943 2
811 943 3
814 943 3
815 943 2
819 943 1
822 943 3
824 943 3
825 943 1
827 943 1
832 943 2
833 943 1
835 943 1
847 943 3
850 943 3
853 943 2
856 943 1
859 943 2
860 943 1
861 943 2
865 943 1
866 943 1
869 943 3
871 943 1
873 943 3
874 943 3
877 943 2
878 943 2
879 943 2
885 943 1
887 943 1
898 943 2
899 943 2
902 943 3
910 943 2
913 943 3
916 943 2
919 943 1
920 943 3
931 943 3
932 943 2
934 943 3
938 943 2
942 943 1
944 943 1
946 943 1
950 943 1
952 943 3
956 943 3
957 943 3
959 943 1
961 943 1
963 943 2
965 943 2
969 943 1
972 943 1
973 943 3
974 943 3
980 943 3
981 943 1
985 943 3
992 943 3
996 943 2
3 944 3
4 944 2
6 944 1
7 944 1
20 944 1
24 944 2
27 944 2
30 944 3
31 944 2
32 944 1
34 944 2
36 944 3
42 944 3
44 944 1
45 944 1
46 944 3
47 944 2
51 944 2
52 944 2
56 944 3
59 944 1
62 944 2
63 944 2
65 944 2
69 944 1
71 944 3
74 944 2
75 944 3
76 944 1
77 944 1
82 944 3
85 944 1
89 944 2
91 944 2
92 944 1
93 944 1
96 944 2
105 944 3
110 944 1
111 944 3
112 944 3
114 944 3
116 944 2
117 944 2
119 944 3
122 944 3
130 944 3
131 944 3
132 944 1
138 944 1
140 944 3
141 944 2
143 944 1
144 944 1
149 944 3
154 944 3
155 944 3
156 944 2
157 944 1
159 944 2
161 944 2
163 944 1
166 944 2
167 944 3
168 944 1
169 944 2
179 944 3
180 944 2
182 944 1
187 944 3
190 944 3
197 944 3
198 944 1
205 944 2
206 944 2
207 944 3
209 944 3
210 944 2
213 944 2
215 944 1
216 944 3
223 944 2
225 944 3
226 944 1
227 944 2
232 944 3
233 944 3
235 944 3
236 944 1
237 944 3
244 944 1
246 944 3
247 944 3
249 944 2
250 944 2
251 944 2
265 944 3
272 944 2
274 944 3
276 944 2
280 944 2
283 944 2
284 944 2
286 944 1
288 944 2
291 944 1
292 944 1
295 944 1
300 944 2
303 944 3
309 944 1
310 944 2
311 944 2
313 944 3
315 944 1
320 944 1
322 944 1
323 944 3
330 944 1
332 944 1
333 944 2
334 944 2
340 944 1
341 944 3
346 944 3
349 944 2
350 944 1
355 944 2
357 944 1
370 944 1
372 944 1
373 944 1
374 944 1
377 944 3
378 944 1
380 944 2
381 944 3
382 944 1
384 944 1
388 944 2
391 944 1
397 944 1
403 944 1
404 944 3
406 944 1
408 944 3
411 944 2
416 944 2
421 944 1
422 944 1
425 944 3
427 944 3
430 944 2
431 944 1
432 944 2
433 944 3
435 944 2
436 944 3
437 944 2
439 944 2
441 944 2
443 944 2
444 944 1
