624 121 3
628 121 3
630 121 3
633 121 1
634 121 1
647 121 1
648 121 2
655 121 2
656 121 2
657 121 3
665 121 1
666 121 3
668 121 1
669 121 3
673 121 3
677 121 1
678 121 2
680 121 2
682 121 3
683 121 2
690 121 3
692 121 3
698 121 2
701 121 1
703 121 2
704 121 1
707 121 1
709 121 1
710 121 3
713 121 3
714 121 1
715 121 1
717 121 3
724 121 2
729 121 2
734 121 1
735 121 2
738 121 2
740 121 3
743 121 3
746 121 3
751 121 3
752 121 1
753 121 1
754 121 3
756 121 2
758 121 3
761 121 2
763 121 3
769 121 3
771 121 2
773 121 3
774 121 2
775 121 3
776 121 2
777 121 2
781 121 2
783 121 3
790 121 2
793 121 1
795 121 2
796 121 3
797 121 3
799 121 2
800 121 3
801 121 2
806 121 2
809 121 1
810 121 3
813 121 2
814 121 3
815 121 2
816 121 3
819 121 3
822 121 1
829 121 3
831 121 2
835 121 1
840 121 1
844 121 1
856 121 1
857 121 2
865 121 3
872 121 2
874 121 1
878 121 3
880 121 2
884 121 1
885 121 2
888 121 1
893 121 1
896 121 3
897 121 2
900 121 3
905 121 1
906 121 1
907 121 1
909 121 3
911 121 3
916 121 3
918 121 2
922 121 1
925 121 3
928 121 2
930 121 2
931 121 2
935 121 1
937 121 2
938 121 2
939 121 3
943 121 3
951 121 1
956 121 2
957 121 2
960 121 1
961 121 2
965 121 1
966 121 1
967 121 3
969 121 1
972 121 3
974 121 3
976 121 3
978 121 1
986 121 3
987 121 1
988 121 1
989 121 2
998 121 2
0 122 2
1 122 2
3 122 1
9 122 2
10 122 3
13 122 3
14 122 1
16 122 1
17 122 1
18 122 1
22 122 1
27 122 2
29 122 2
30 122 2
33 122 3
34 122 1
36 122 3
43 122 1
46 122 3
50 122 2
51 122 1
53 122 2
57 122 3
61 122 1
66 122 2
74 122 3
76 122 3
78 122 2
86 122 3
90 122 2
91 122 2
92 122 1
94 122 1
96 122 3
97 122 1
99 122 2
104 122 1
105 122 2
106 122 2
108 122 2
111 122 1
115 122 3
120 122 3
124 122 2
127 122 1
131 122 2
134 122 1
137 122 1
145 122 2
147 122 2
148 122 2
149 122 3
150 122 1
151 122 1
154 122 3
156 122 2
158 122 1
166 122 3
172 122 1
176 122 1
180 122 1
181 122 1
182 122 1
183 122 1
184 122 3
185 122 2
187 122 1
191 122 3
193 122 1
195 122 2
200 122 3
205 122 2
207 122 2
210 122 1
215 122 2
217 122 3
219 122 1
223 122 2
224 122 1
225 122 2
226 122 2
233 122 3
236 122 3
238 122 3
239 122 1
240 122 2
241 122 1
244 122 3
246 122 2
249 122 2
250 122 2
258 122 1
261 122 3
264 122 1
268 122 1
269 122 1
271 122 1
272 122 1
274 122 2
281 122 2
284 122 1
287 122 3
293 122 3
294 122 3
297 122 2
301 122 1
303 122 1
310 122 3
316 122 3
317 122 3
319 122 2
321 122 1
328 122 2
329 122 2
330 122 1
331 122 3
334 122 2
336 122 1
340 122 2
347 122 2
348 122 1
354 122 2
360 122 3
364 122 1
365 122 3
368 122 3
369 122 2
371 122 3
375 122 3
377 122 3
380 122 3
386 122 3
388 122 3
389 122 1
398 122 2
401 122 2
402 122 3
407 122 2
408 122 2
409 122 2
411 122 1
413 122 2
414 122 2
416 122 3
420 122 2
426 122 2
427 122 1
431 122 3
433 122 1
434 122 1
437 122 3
438 122 2
439 122 1
440 122 1
441 122 3
442 122 3
445 122 3
446 122 3
449 122 2
452 122 2
460 122 3
462 122 2
468 122 2
470 122 1
471 122 1
474 122 3
476 122 2
480 122 3
481 122 1
482 122 1
483 122 1
486 122 2
491 122 1
493 122 3
495 122 1
496 122 2
497 122 1
498 122 1
499 122 1
502 122 2
510 122 2
511 122 3
515 122 3
524 122 1
525 122 1
526 122 2
530 122 3
532 122 2
538 122 1
539 122 1
542 122 1
543 122 3
544 122 2
547 122 1
551 122 1
553 122 3
556 122 2
557 122 3
562 122 3
566 122 2
568 122 1
572 122 1
576 122 2
580 122 1
582 122 3
587 122 2
591 122 3
595 122 3
596 122 3
597 122 1
602 122 2
604 122 1
607 122 2
608 122 3
612 122 2
614 122 2
618 122 3
621 122 1
624 122 2
625 122 3
626 122 1
630 122 1
631 122 1
632 122 3
633 122 1
635 122 3
637 122 2
638 122 3
639 122 3
644 122 3
645 122 3
648 122 2
650 122 1
652 122 1
655 122 2
657 122 3
663 122 3
665 122 1
673 122 3
674 122 3
678 122 1
681 122 1
685 122 2
688 122 3
691 122 1
696 122 2
701 122 3
710 122 1
712 122 3
715 122 2
717 122 3
718 122 1
726 122 1
728 122 3
731 122 3
742 122 3
744 122 2
746 122 1
749 122 1
750 122 3
751 122 3
752 122 3
759 122 1
761 122 1
762 122 3
763 122 2
765 122 2
766 122 1
767 122 1
772 122 2
774 122 1
782 122 1
783 122 1
784 122 3
788 122 3
789 122 2
793 122 2
795 122 2
796 122 1
797 122 1
800 122 1
803 122 2
807 122 3
811 122 2
816 122 3
821 122 2
825 122 1
833 122 1
835 122 2
836 122 1
837 122 2
840 122 2
843 122 2
845 122 2
852 122 1
855 122 3
857 122 2
859 122 3
860 122 2
861 122 3
862 122 2
864 122 1
866 122 3
870 122 2
880 122 3
883 122 1
884 122 1
885 122 1
889 122 2
891 122 1
895 122 2
897 122 3
899 122 1
902 122 3
903 122 1
905 122 3
906 122 3
908 122 2
911 122 1
914 122 1
918 122 2
919 122 1
924 122 1
927 122 2
928 122 3
930 122 1
934 122 2
937 122 3
938 122 1
940 122 3
942 122 3
943 122 3
945 122 1
948 122 3
954 122 3
955 122 1
957 122 1
961 122 1
963 122 3
976 122 1
977 122 3
978 122 3
986 122 3
995 122 1
996 122 3
997 122 3
0 123 3
3 123 2
8 123 2
11 123 1
16 123 2
21 123 2
22 123 2
26 123 3
28 123 2
30 123 3
36 123 2
37 123 2
38 123 2
40 123 3
42 123 1
48 123 3
50 123 3
58 123 2
59 123 1
63 123 3
71 123 2
72 123 1
74 123 1
75 123 2
78 123 1
79 123 1
81 123 1
83 123 1
85 123 1
86 123 2
90 123 1
91 123 1
92 123 1
93 123 3
96 123 3
99 123 2
103 123 3
105 123 2
109 123 1
110 123 2
115 123 1
117 123 2
118 123 1
120 123 3
123 123 2
125 123 1
126 123 1
128 123 2
129 123 3
130 123 3
131 123 3
136 123 3
138 123 3
142 123 3
143 123 3
146 123 2
151 123 1
152 123 1
157 123 1
158 123 1
160 123 3
162 123 3
164 123 1
172 123 2
174 123 2
175 123 3
176 123 1
178 123 3
180 123 1
182 123 3
183 123 1
184 123 3
187 123 1
188 123 3
191 123 1
193 123 1
194 123 3
198 123 3
204 123 2
210 123 2
211 123 3
213 123 1
216 123 3
217 123 1
218 123 2
224 123 1
225 123 3
226 123 3
228 123 3
230 123 2
232 123 2
236 123 2
241 123 2
242 123 3
243 123 1
250 123 3
251 123 1
253 123 1
254 123 3
257 123 1
262 123 1
264 123 3
268 123 1
270 123 2
271 123 2
274 123 1
276 123 3
280 123 3
281 123 2
283 123 2
286 123 2
287 123 2
288 123 1
289 123 1
292 123 3
295 123 1
298 123 1
299 123 1
300 123 3
302 123 3
303 123 1
308 123 1
314 123 3
316 123 3
325 123 3
327 123 2
329 123 2
334 123 2
337 123 2
339 123 1
340 123 1
344 123 2
353 123 3
354 123 2
360 123 2
361 123 1
367 123 2
368 123 1
370 123 3
372 123 2
377 123 3
380 123 2
383 123 1
384 123 3
387 123 3
390 123 1
393 123 2
394 123 2
396 123 1
397 123 3
404 123 2
407 123 2
411 123 3
415 123 1
416 123 2
417 123 3
419 123 2
420 123 1
422 123 3
433 123 1
435 123 3
438 123 3
450 123 1
451 123 1
458 123 2
461 123 2
468 123 3
469 123 1
474 123 3
477 123 2
478 123 1
479 123 1
487 123 1
489 123 1
491 123 3
493 123 2
495 123 1
496 123 3
499 123 1
502 123 3
503 123 2
511 123 2
525 123 3
529 123 1
532 123 1
535 123 2
536 123 2
537 123 2
538 123 1
539 123 3
540 123 1
