608 986 1
610 986 3
612 986 1
613 986 1
617 986 1
622 986 2
625 986 2
626 986 2
629 986 3
631 986 2
633 986 1
637 986 2
640 986 2
641 986 2
642 986 3
643 986 1
644 986 1
645 986 2
646 986 3
648 986 1
660 986 2
668 986 2
669 986 2
672 986 2
673 986 1
683 986 1
686 986 3
687 986 1
690 986 1
692 986 2
696 986 2
697 986 1
698 986 2
701 986 3
705 986 2
708 986 1
718 986 3
721 986 2
725 986 3
727 986 1
729 986 1
731 986 2
734 986 2
738 986 1
741 986 1
751 986 2
753 986 2
756 986 1
757 986 1
758 986 3
762 986 3
763 986 2
765 986 1
767 986 3
771 986 2
783 986 1
784 986 2
788 986 1
801 986 3
810 986 2
811 986 2
813 986 2
821 986 1
823 986 1
825 986 2
826 986 2
827 986 1
828 986 3
830 986 1
833 986 3
837 986 3
838 986 1
840 986 3
842 986 2
843 986 3
848 986 3
850 986 2
853 986 3
858 986 3
859 986 1
860 986 3
861 986 1
862 986 2
863 986 2
869 986 3
871 986 2
874 986 3
883 986 2
889 986 3
891 986 3
893 986 3
898 986 1
899 986 2
901 986 3
905 986 1
908 986 1
909 986 3
910 986 3
911 986 2
921 986 2
922 986 2
940 986 1
944 986 3
945 986 1
949 986 2
951 986 3
952 986 3
953 986 3
956 986 3
957 986 2
959 986 3
960 986 1
961 986 1
962 986 2
963 986 3
964 986 1
967 986 1
968 986 2
970 986 3
971 986 3
972 986 3
973 986 1
974 986 3
976 986 2
977 986 3
980 986 1
989 986 3
990 986 3
992 986 1
993 986 3
996 986 2
0 987 1
4 987 1
6 987 1
9 987 3
17 987 1
20 987 2
23 987 2
26 987 3
29 987 1
36 987 1
39 987 2
44 987 1
46 987 2
47 987 3
50 987 3
51 987 2
54 987 3
55 987 2
56 987 3
58 987 1
62 987 3
67 987 3
77 987 1
86 987 3
87 987 3
88 987 1
89 987 3
90 987 3
96 987 1
98 987 1
101 987 3
102 987 2
106 987 3
107 987 2
109 987 1
113 987 1
118 987 2
119 987 3
123 987 2
124 987 3
125 987 3
129 987 3
131 987 1
135 987 3
137 987 3
139 987 3
144 987 3
148 987 2
151 987 2
153 987 3
156 987 1
157 987 2
160 987 3
161 987 1
162 987 3
164 987 1
165 987 3
174 987 1
176 987 3
177 987 1
178 987 2
184 987 3
190 987 3
196 987 1
199 987 1
209 987 2
214 987 2
215 987 3
217 987 3
218 987 1
219 987 1
220 987 2
222 987 3
223 987 1
224 987 2
227 987 2
231 987 1
233 987 1
234 987 1
236 987 2
237 987 1
238 987 3
243 987 3
244 987 1
245 987 3
250 987 1
252 987 2
253 987 3
257 987 2
258 987 1
266 987 3
268 987 2
270 987 2
271 987 3
272 987 3
274 987 2
275 987 3
277 987 1
278 987 2
280 987 1
282 987 1
285 987 2
288 987 2
291 987 2
292 987 1
294 987 3
297 987 3
298 987 3
299 987 3
300 987 1
310 987 2
312 987 3
314 987 2
322 987 2
333 987 3
335 987 3
338 987 2
339 987 2
346 987 1
347 987 3
349 987 1
354 987 2
363 987 3
374 987 2
376 987 3
377 987 2
381 987 2
388 987 1
391 987 2
394 987 2
399 987 3
401 987 2
405 987 1
408 987 2
411 987 3
413 987 2
420 987 2
424 987 2
425 987 3
426 987 1
427 987 1
428 987 3
430 987 3
435 987 1
436 987 1
442 987 3
450 987 2
451 987 2
452 987 1
456 987 1
459 987 1
465 987 3
467 987 1
477 987 3
479 987 2
481 987 1
486 987 2
489 987 2
490 987 3
493 987 1
494 987 2
497 987 1
498 987 2
502 987 3
507 987 2
512 987 1
513 987 3
514 987 2
520 987 2
523 987 2
526 987 2
529 987 1
533 987 2
534 987 3
536 987 3
537 987 3
539 987 2
540 987 1
543 987 2
546 987 1
548 987 1
562 987 3
567 987 3
575 987 1
577 987 3
579 987 2
585 987 3
588 987 3
592 987 3
595 987 1
604 987 3
619 987 1
622 987 2
623 987 3
638 987 3
642 987 3
644 987 2
645 987 3
649 987 1
650 987 3
655 987 1
657 987 2
670 987 3
671 987 3
676 987 1
677 987 2
678 987 3
681 987 3
684 987 3
685 987 1
686 987 2
691 987 2
694 987 3
696 987 2
699 987 2
700 987 3
704 987 2
705 987 3
706 987 2
707 987 2
710 987 1
713 987 1
720 987 1
725 987 3
728 987 2
733 987 1
737 987 3
742 987 3
743 987 3
744 987 2
746 987 1
748 987 3
750 987 1
757 987 1
765 987 1
775 987 2
776 987 1
779 987 3
780 987 1
781 987 1
785 987 1
790 987 2
794 987 3
797 987 2
802 987 2
803 987 3
807 987 3
811 987 1
812 987 2
813 987 3
817 987 2
821 987 1
823 987 2
825 987 1
829 987 2
831 987 2
834 987 1
836 987 2
838 987 1
842 987 2
843 987 2
844 987 3
846 987 2
849 987 2
853 987 1
854 987 1
856 987 1
858 987 2
860 987 2
864 987 2
875 987 3
878 987 1
879 987 3
880 987 1
887 987 3
888 987 3
889 987 2
890 987 2
891 987 1
894 987 1
895 987 3
898 987 3
899 987 3
901 987 2
903 987 2
904 987 3
909 987 2
913 987 1
915 987 1
920 987 2
921 987 3
922 987 3
924 987 2
925 987 2
926 987 3
928 987 3
935 987 2
937 987 1
939 987 1
940 987 2
944 987 3
946 987 2
948 987 3
952 987 1
955 987 1
956 987 1
960 987 1
962 987 3
964 987 3
967 987 1
968 987 3
971 987 1
972 987 2
973 987 3
985 987 1
987 987 3
990 987 3
996 987 2
999 987 2
1 988 3
3 988 2
4 988 1
16 988 3
17 988 1
21 988 2
24 988 3
25 988 2
26 988 3
27 988 1
29 988 2
30 988 2
33 988 2
37 988 3
38 988 1
39 988 1
42 988 3
43 988 3
49 988 3
54 988 2
55 988 1
58 988 2
60 988 1
61 988 2
63 988 1
64 988 1
66 988 2
68 988 1
69 988 3
73 988 3
74 988 3
75 988 3
85 988 3
87 988 2
93 988 3
94 988 3
95 988 3
110 988 2
111 988 3
112 988 1
114 988 3
118 988 3
119 988 1
120 988 1
121 988 3
126 988 1
128 988 3
129 988 1
130 988 1
131 988 3
132 988 1
133 988 1
138 988 1
139 988 1
140 988 1
142 988 2
153 988 2
157 988 2
162 988 1
163 988 1
170 988 1
188 988 2
189 988 1
190 988 1
191 988 3
192 988 3
193 988 2
196 988 2
197 988 3
199 988 3
203 988 2
206 988 3
207 988 1
212 988 3
213 988 3
214 988 1
215 988 1
217 988 3
220 988 3
222 988 3
231 988 1
232 988 2
234 988 3
235 988 1
240 988 1
243 988 2
244 988 3
251 988 2
253 988 1
254 988 2
255 988 3
256 988 2
261 988 2
264 988 1
268 988 2
270 988 1
271 988 3
272 988 1
275 988 2
277 988 1
285 988 1
286 988 1
287 988 3
289 988 3
290 988 1
294 988 1
295 988 3
298 988 3
303 988 2
311 988 1
315 988 3
317 988 3
318 988 1
319 988 1
322 988 1
324 988 1
327 988 1
329 988 1
330 988 2
333 988 2
336 988 1
340 988 3
348 988 2
350 988 2
353 988 2
355 988 2
357 988 3
361 988 3
371 988 2
372 988 3
373 988 3
384 988 2
386 988 2
391 988 1
392 988 1
394 988 3
395 988 1
396 988 3
398 988 1
405 988 3
412 988 1
414 988 2
416 988 3
418 988 3
419 988 3
420 988 3
421 988 1
422 988 1
427 988 2
430 988 2
432 988 2
433 988 2
435 988 1
441 988 1
446 988 3
447 988 2
449 988 3
450 988 2
452 988 2
453 988 3
454 988 1
458 988 1
464 988 3
466 988 2
477 988 3
479 988 1
481 988 3
488 988 1
492 988 3
493 988 2
495 988 3
497 988 2
500 988 3
503 988 1
514 988 3
522 988 1
523 988 2
528 988 3
533 988 1
539 988 3
547 988 3
548 988 1
549 988 1
552 988 1
555 988 3
556 988 1
558 988 1
561 988 2
566 988 3
571 988 1
572 988 1
573 988 3
574 988 2
576 988 1
577 988 3
582 988 1
586 988 2
589 988 1
598 988 1
599 988 1
601 988 2
605 988 2
606 988 1
607 988 1
611 988 3
612 988 2
613 988 3
614 988 1
616 988 1
623 988 3
625 988 3
630 988 2
631 988 2
632 988 3
633 988 2
641 988 1
