105 898 1
111 898 1
112 898 1
116 898 3
123 898 1
124 898 1
127 898 2
129 898 3
130 898 3
133 898 1
136 898 1
138 898 2
141 898 1
142 898 2
145 898 1
149 898 1
152 898 3
158 898 3
171 898 3
174 898 3
180 898 2
182 898 2
184 898 1
186 898 1
187 898 1
191 898 2
198 898 2
202 898 2
203 898 3
205 898 1
206 898 3
210 898 3
213 898 1
215 898 3
216 898 2
219 898 1
220 898 3
223 898 3
224 898 3
227 898 3
232 898 2
235 898 2
236 898 3
239 898 3
242 898 3
243 898 3
246 898 1
255 898 1
256 898 3
258 898 1
259 898 1
278 898 3
284 898 2
288 898 2
290 898 1
291 898 3
296 898 3
298 898 3
299 898 3
301 898 2
302 898 1
304 898 1
313 898 2
319 898 2
321 898 2
323 898 3
324 898 1
325 898 3
332 898 2
335 898 2
336 898 1
338 898 3
339 898 2
340 898 1
341 898 3
346 898 2
348 898 1
350 898 2
351 898 3
352 898 1
356 898 2
358 898 3
359 898 1
360 898 1
362 898 2
363 898 2
366 898 3
373 898 2
374 898 1
375 898 1
378 898 3
379 898 3
380 898 3
382 898 1
384 898 1
385 898 1
392 898 1
399 898 3
402 898 1
404 898 3
407 898 3
411 898 3
419 898 2
421 898 1
424 898 3
425 898 3
427 898 1
428 898 3
432 898 2
436 898 3
437 898 3
438 898 1
440 898 3
442 898 2
443 898 3
444 898 3
445 898 1
450 898 1
453 898 3
457 898 1
458 898 3
461 898 2
475 898 3
477 898 3
478 898 2
480 898 3
483 898 1
488 898 3
492 898 3
497 898 3
502 898 2
504 898 3
506 898 3
507 898 2
511 898 3
514 898 1
520 898 3
526 898 1
527 898 2
529 898 3
530 898 2
531 898 3
533 898 2
534 898 3
539 898 2
546 898 2
549 898 2
551 898 3
559 898 3
561 898 2
562 898 3
569 898 1
570 898 2
571 898 1
572 898 2
578 898 2
579 898 1
582 898 2
583 898 2
584 898 1
591 898 2
592 898 3
595 898 1
601 898 2
603 898 3
604 898 2
605 898 1
612 898 1
615 898 3
624 898 1
625 898 1
626 898 3
631 898 2
634 898 2
635 898 1
638 898 2
639 898 1
641 898 2
643 898 1
646 898 1
651 898 3
652 898 3
653 898 2
654 898 1
658 898 3
659 898 2
664 898 2
667 898 2
668 898 3
677 898 2
679 898 2
682 898 1
685 898 3
686 898 2
694 898 2
695 898 1
702 898 2
703 898 3
708 898 1
711 898 2
712 898 3
720 898 3
722 898 3
724 898 1
727 898 2
734 898 1
735 898 1
740 898 2
742 898 3
743 898 1
745 898 1
747 898 1
748 898 2
750 898 2
755 898 1
756 898 2
763 898 1
764 898 2
770 898 1
771 898 1
774 898 2
781 898 2
785 898 3
789 898 2
790 898 3
792 898 3
800 898 1
802 898 3
805 898 1
809 898 2
814 898 3
816 898 3
820 898 2
822 898 2
833 898 1
837 898 3
843 898 1
846 898 3
847 898 3
848 898 1
853 898 1
861 898 3
866 898 1
869 898 3
873 898 1
874 898 3
876 898 2
878 898 3
879 898 1
880 898 2
881 898 2
882 898 3
883 898 1
885 898 3
894 898 2
903 898 1
904 898 3
906 898 1
908 898 2
910 898 3
916 898 1
917 898 2
919 898 2
925 898 2
927 898 2
929 898 2
931 898 2
932 898 2
939 898 3
948 898 1
950 898 3
956 898 1
964 898 3
966 898 1
967 898 1
970 898 1
971 898 2
975 898 2
978 898 3
979 898 1
981 898 3
982 898 3
983 898 3
986 898 1
988 898 2
989 898 1
992 898 3
994 898 2
998 898 1
1 899 1
3 899 3
8 899 2
10 899 3
14 899 1
17 899 1
19 899 3
21 899 2
22 899 2
31 899 3
32 899 2
33 899 3
35 899 1
37 899 3
43 899 2
47 899 2
48 899 1
51 899 3
52 899 2
53 899 1
55 899 1
59 899 2
61 899 3
65 899 1
69 899 3
73 899 3
76 899 3
80 899 1
85 899 1
88 899 2
89 899 1
95 899 3
96 899 1
97 899 1
102 899 2
103 899 2
106 899 3
109 899 2
110 899 3
111 899 1
112 899 1
116 899 1
122 899 2
127 899 2
128 899 2
129 899 3
131 899 3
133 899 1
136 899 2
137 899 2
138 899 3
145 899 2
146 899 1
149 899 2
154 899 1
155 899 2
156 899 2
157 899 1
160 899 2
165 899 3
172 899 2
175 899 3
178 899 2
183 899 3
192 899 2
193 899 1
197 899 2
204 899 2
206 899 1
214 899 3
218 899 1
219 899 2
224 899 3
232 899 2
233 899 2
234 899 2
236 899 2
237 899 1
238 899 3
240 899 1
241 899 1
242 899 1
243 899 1
257 899 1
260 899 1
261 899 3
269 899 2
270 899 3
278 899 2
280 899 2
283 899 2
285 899 3
288 899 2
292 899 2
299 899 2
300 899 3
301 899 2
312 899 3
316 899 2
318 899 2
331 899 3
337 899 2
345 899 1
346 899 3
348 899 3
350 899 2
351 899 3
353 899 2
354 899 2
357 899 3
359 899 1
360 899 2
362 899 2
363 899 3
366 899 3
369 899 2
370 899 2
376 899 1
377 899 1
380 899 3
383 899 3
387 899 3
392 899 2
398 899 1
405 899 1
411 899 2
412 899 2
417 899 3
418 899 1
419 899 3
420 899 3
421 899 1
425 899 1
428 899 1
430 899 2
436 899 2
438 899 2
444 899 1
451 899 2
454 899 2
455 899 1
457 899 2
459 899 2
461 899 2
465 899 1
469 899 1
470 899 3
474 899 1
478 899 1
479 899 1
480 899 1
481 899 2
483 899 2
486 899 2
487 899 3
494 899 2
497 899 3
501 899 3
502 899 1
510 899 2
521 899 3
525 899 3
527 899 3
531 899 2
535 899 1
539 899 2
544 899 3
546 899 2
548 899 2
550 899 3
553 899 2
554 899 3
559 899 1
562 899 2
566 899 2
567 899 1
568 899 1
571 899 1
573 899 2
576 899 1
578 899 3
579 899 1
580 899 2
593 899 3
597 899 3
599 899 1
604 899 2
613 899 2
615 899 1
617 899 2
624 899 2
627 899 1
628 899 1
629 899 2
631 899 3
632 899 3
633 899 1
634 899 3
638 899 2
643 899 3
644 899 2
650 899 1
653 899 2
656 899 3
657 899 3
666 899 2
668 899 3
674 899 1
678 899 3
684 899 2
685 899 2
689 899 1
696 899 2
698 899 3
699 899 1
702 899 1
703 899 1
705 899 3
706 899 1
708 899 2
711 899 2
720 899 3
722 899 2
724 899 3
726 899 2
727 899 1
729 899 2
734 899 1
735 899 1
738 899 3
739 899 2
741 899 1
743 899 2
744 899 1
747 899 2
750 899 1
753 899 2
755 899 2
756 899 1
760 899 3
761 899 3
773 899 3
775 899 3
776 899 3
790 899 2
794 899 3
799 899 3
801 899 2
809 899 1
810 899 3
816 899 1
818 899 1
820 899 1
821 899 1
824 899 1
825 899 2
826 899 2
829 899 1
830 899 2
831 899 1
837 899 2
840 899 2
842 899 3
846 899 3
848 899 1
854 899 3
857 899 3
858 899 3
859 899 3
860 899 1
870 899 2
873 899 2
876 899 3
878 899 2
882 899 2
884 899 3
895 899 3
896 899 3
898 899 2
905 899 1
908 899 1
909 899 3
910 899 3
911 899 1
913 899 2
918 899 2
919 899 3
923 899 2
924 899 1
926 899 2
927 899 3
929 899 2
941 899 2
945 899 2
946 899 2
951 899 1
955 899 1
956 899 1
960 899 3
967 899 2
968 899 1
970 899 1
974 899 2
976 899 1
977 899 1
978 899 3
980 899 3
983 899 2
985 899 3
988 899 3
989 899 1
994 899 2
995 899 1
996 899 1
999 899 1
3 900 1
5 900 3
8 900 3
12 900 1
13 900 2
19 900 2
20 900 3
22 900 3
23 900 1
30 900 2
31 900 2
32 900 3
33 900 2
36 900 1
37 900 2
38 900 2
50 900 2
57 900 2
58 900 2
65 900 3
69 900 3
72 900 1
76 900 3
79 900 1
84 900 3
88 900 1
102 900 2
106 900 3
108 900 2
110 900 2
111 900 3
118 900 1
122 900 1
125 900 2
130 900 3
136 900 1
137 900 1
139 900 1
140 900 3
148 900 3
149 900 2
150 900 1
152 900 2
155 900 1
157 900 1
159 900 1
165 900 1
168 900 3
170 900 2
186 900 2
187 900 2
188 900 2
193 900 2
197 900 2
199 900 2
202 900 1
204 900 1
205 900 1
209 900 3
210 900 3
213 900 2
215 900 1
