748 836 2
750 836 3
754 836 1
755 836 2
762 836 3
763 836 2
766 836 2
767 836 2
771 836 3
775 836 3
777 836 1
778 836 1
783 836 2
784 836 3
787 836 2
788 836 1
789 836 3
792 836 2
794 836 2
799 836 2
803 836 3
804 836 3
805 836 3
806 836 1
807 836 1
808 836 2
809 836 2
814 836 2
815 836 3
816 836 3
818 836 1
820 836 2
823 836 1
827 836 1
828 836 1
835 836 2
837 836 1
840 836 2
843 836 3
848 836 3
853 836 3
855 836 3
856 836 1
857 836 1
859 836 1
863 836 3
864 836 3
867 836 3
870 836 2
876 836 2
878 836 3
881 836 2
888 836 1
889 836 1
891 836 3
894 836 2
895 836 1
897 836 3
898 836 2
904 836 1
909 836 1
913 836 1
914 836 3
915 836 2
919 836 3
923 836 1
924 836 3
926 836 1
927 836 2
935 836 2
938 836 3
946 836 3
947 836 3
952 836 1
953 836 1
956 836 3
958 836 3
960 836 1
962 836 3
963 836 1
964 836 1
965 836 1
966 836 3
969 836 1
972 836 1
975 836 3
976 836 1
977 836 2
979 836 1
982 836 2
984 836 1
985 836 2
989 836 3
990 836 1
995 836 3
997 836 2
998 836 1
999 836 1
0 837 3
2 837 1
5 837 1
12 837 3
13 837 1
21 837 3
25 837 1
26 837 3
27 837 2
29 837 1
30 837 2
32 837 2
33 837 2
36 837 2
39 837 1
41 837 1
56 837 1
59 837 2
62 837 2
64 837 1
67 837 3
71 837 3
72 837 1
73 837 3
74 837 1
76 837 3
79 837 1
80 837 1
85 837 1
87 837 2
94 837 1
95 837 2
96 837 1
98 837 1
103 837 2
107 837 2
110 837 3
119 837 2
121 837 1
124 837 1
125 837 1
131 837 3
132 837 1
133 837 1
138 837 2
141 837 3
143 837 2
147 837 3
150 837 1
154 837 3
155 837 1
160 837 1
161 837 3
167 837 3
170 837 3
171 837 3
174 837 3
177 837 3
178 837 3
185 837 3
186 837 2
190 837 2
201 837 2
206 837 2
207 837 1
208 837 1
223 837 2
224 837 1
227 837 1
228 837 2
230 837 3
231 837 3
232 837 2
233 837 2
238 837 1
240 837 3
241 837 3
249 837 2
252 837 1
253 837 1
258 837 2
259 837 2
265 837 2
266 837 2
267 837 3
268 837 1
269 837 2
270 837 3
272 837 1
275 837 2
279 837 2
280 837 2
287 837 1
288 837 1
291 837 1
292 837 2
296 837 3
297 837 1
298 837 1
299 837 3
305 837 1
306 837 1
307 837 1
314 837 2
319 837 3
322 837 3
332 837 3
335 837 2
337 837 2
339 837 1
340 837 3
342 837 3
343 837 1
346 837 1
349 837 3
351 837 3
354 837 2
358 837 1
359 837 3
360 837 2
361 837 3
368 837 2
369 837 1
371 837 3
374 837 2
376 837 1
378 837 3
380 837 3
382 837 3
386 837 2
388 837 2
390 837 3
395 837 2
399 837 1
407 837 1
409 837 3
411 837 3
412 837 3
416 837 1
417 837 3
418 837 3
423 837 2
427 837 1
431 837 1
435 837 3
436 837 2
437 837 3
441 837 3
443 837 2
445 837 3
449 837 2
453 837 3
454 837 1
457 837 1
458 837 3
470 837 2
471 837 2
474 837 1
478 837 3
487 837 3
491 837 2
492 837 2
493 837 3
495 837 1
496 837 1
500 837 3
501 837 2
507 837 3
508 837 1
510 837 2
514 837 3
516 837 1
518 837 3
520 837 2
521 837 1
530 837 2
531 837 3
535 837 3
544 837 2
547 837 1
548 837 3
551 837 1
557 837 1
562 837 2
565 837 3
566 837 3
569 837 3
575 837 3
577 837 3
578 837 1
585 837 3
587 837 1
588 837 2
590 837 2
592 837 2
603 837 3
606 837 3
608 837 2
616 837 1
624 837 1
626 837 2
630 837 1
633 837 2
634 837 1
641 837 2
648 837 2
650 837 1
661 837 1
673 837 3
676 837 3
677 837 2
678 837 1
681 837 1
684 837 2
690 837 2
692 837 1
693 837 1
694 837 3
698 837 1
699 837 3
700 837 3
703 837 2
711 837 2
712 837 3
716 837 3
717 837 2
726 837 3
729 837 3
731 837 1
733 837 1
736 837 3
737 837 3
739 837 2
740 837 1
742 837 2
743 837 1
748 837 3
749 837 3
756 837 2
758 837 3
763 837 2
764 837 1
767 837 2
769 837 2
771 837 3
772 837 1
777 837 1
787 837 1
792 837 1
793 837 3
799 837 3
803 837 3
808 837 1
810 837 3
812 837 3
815 837 2
823 837 3
824 837 1
825 837 3
829 837 1
835 837 2
837 837 1
838 837 3
844 837 2
846 837 3
848 837 3
849 837 1
850 837 2
854 837 3
855 837 2
857 837 1
858 837 2
860 837 2
867 837 1
868 837 1
870 837 3
873 837 2
874 837 2
878 837 2
884 837 2
890 837 2
891 837 3
895 837 3
900 837 3
901 837 1
903 837 1
904 837 2
905 837 2
909 837 1
913 837 3
914 837 2
919 837 1
923 837 1
927 837 1
930 837 2
931 837 2
935 837 1
941 837 2
942 837 1
944 837 1
945 837 1
946 837 1
947 837 1
949 837 1
951 837 2
953 837 2
954 837 3
962 837 1
965 837 3
968 837 1
970 837 1
971 837 3
974 837 3
979 837 2
982 837 3
988 837 3
989 837 3
991 837 2
995 837 1
996 837 2
0 838 2
3 838 2
5 838 1
6 838 3
9 838 3
11 838 1
14 838 2
17 838 2
21 838 3
22 838 2
25 838 3
26 838 1
28 838 2
30 838 1
32 838 2
34 838 3
36 838 3
38 838 3
39 838 1
40 838 1
41 838 1
44 838 3
45 838 3
46 838 2
50 838 3
54 838 2
58 838 1
59 838 2
64 838 2
68 838 1
72 838 3
74 838 3
75 838 2
81 838 1
83 838 1
87 838 2
88 838 1
90 838 1
91 838 1
98 838 1
102 838 3
104 838 2
107 838 3
108 838 2
110 838 3
111 838 3
112 838 2
113 838 3
114 838 3
116 838 3
117 838 2
119 838 3
124 838 2
125 838 2
132 838 2
133 838 3
134 838 2
139 838 1
140 838 3
143 838 2
144 838 1
145 838 2
150 838 1
156 838 3
162 838 2
165 838 2
176 838 1
177 838 2
179 838 1
181 838 2
183 838 3
187 838 2
188 838 1
192 838 3
197 838 1
202 838 2
204 838 1
206 838 2
212 838 1
215 838 1
217 838 3
218 838 3
221 838 3
223 838 3
224 838 1
227 838 3
228 838 3
230 838 3
231 838 1
236 838 3
237 838 1
248 838 2
250 838 3
252 838 2
253 838 2
256 838 2
260 838 1
261 838 1
262 838 2
266 838 3
267 838 1
269 838 2
274 838 2
275 838 2
277 838 2
280 838 1
286 838 3
290 838 1
292 838 3
294 838 2
299 838 1
300 838 2
304 838 1
305 838 2
307 838 1
309 838 3
317 838 1
318 838 1
319 838 3
324 838 1
325 838 1
329 838 1
330 838 1
332 838 2
334 838 3
338 838 3
343 838 2
347 838 3
349 838 1
353 838 1
358 838 1
364 838 2
367 838 2
370 838 3
372 838 3
375 838 2
376 838 2
377 838 2
379 838 1
381 838 2
382 838 1
383 838 3
384 838 2
394 838 2
399 838 2
400 838 1
401 838 2
403 838 2
405 838 2
409 838 3
411 838 2
413 838 2
416 838 1
418 838 3
419 838 1
420 838 3
421 838 2
425 838 3
427 838 2
428 838 2
429 838 1
430 838 3
431 838 2
432 838 1
434 838 1
436 838 1
438 838 1
445 838 2
448 838 1
454 838 2
458 838 1
461 838 2
462 838 1
467 838 2
471 838 3
472 838 3
475 838 2
478 838 3
480 838 2
483 838 2
486 838 1
487 838 2
488 838 1
489 838 3
490 838 1
495 838 3
497 838 1
498 838 2
499 838 2
501 838 1
503 838 2
508 838 1
510 838 3
511 838 1
513 838 1
521 838 1
522 838 3
525 838 3
534 838 3
536 838 3
541 838 2
546 838 1
549 838 3
550 838 3
551 838 3
562 838 1
563 838 3
565 838 1
572 838 2
574 838 2
575 838 3
576 838 1
582 838 2
583 838 2
590 838 2
594 838 2
596 838 1
601 838 1
603 838 2
604 838 3
609 838 3
614 838 1
615 838 3
616 838 3
618 838 3
620 838 1
622 838 2
625 838 1
627 838 3
631 838 1
637 838 2
651 838 2
653 838 2
657 838 2
663 838 1
666 838 2
671 838 2
672 838 2
675 838 3
685 838 1
688 838 2
690 838 2
692 838 2
695 838 3
696 838 1
698 838 2
699 838 3
701 838 1
