682 396 2
683 396 3
684 396 2
686 396 1
687 396 1
698 396 1
702 396 3
707 396 2
715 396 3
717 396 1
724 396 1
727 396 1
731 396 2
733 396 3
738 396 2
739 396 3
743 396 2
744 396 2
745 396 3
746 396 1
747 396 3
749 396 3
753 396 2
754 396 1
757 396 3
758 396 2
762 396 3
766 396 1
768 396 3
773 396 2
778 396 1
779 396 1
781 396 3
782 396 1
783 396 3
786 396 3
787 396 3
791 396 2
792 396 2
793 396 3
794 396 2
795 396 3
798 396 2
799 396 3
801 396 1
803 396 3
809 396 3
813 396 1
817 396 1
819 396 3
827 396 1
829 396 3
832 396 2
835 396 2
837 396 2
840 396 3
842 396 2
850 396 2
856 396 1
857 396 3
863 396 3
865 396 2
867 396 1
870 396 2
871 396 2
872 396 3
873 396 1
875 396 2
876 396 2
883 396 1
886 396 1
893 396 2
896 396 2
899 396 3
901 396 3
902 396 1
903 396 1
907 396 1
908 396 1
909 396 1
910 396 1
911 396 2
912 396 2
913 396 3
914 396 2
919 396 1
921 396 1
923 396 3
925 396 1
928 396 2
933 396 2
934 396 1
935 396 3
942 396 2
946 396 3
950 396 2
951 396 1
952 396 3
953 396 2
954 396 1
959 396 3
964 396 2
966 396 3
967 396 1
970 396 3
971 396 1
973 396 2
975 396 2
990 396 2
2 397 1
5 397 1
8 397 3
11 397 2
12 397 3
16 397 1
17 397 2
18 397 3
21 397 1
24 397 1
27 397 2
33 397 1
35 397 3
36 397 2
39 397 2
41 397 1
43 397 1
45 397 1
52 397 3
54 397 2
63 397 1
64 397 3
67 397 1
68 397 2
69 397 1
72 397 1
73 397 1
74 397 1
76 397 3
78 397 1
84 397 2
85 397 1
89 397 2
92 397 1
96 397 2
97 397 3
101 397 3
105 397 3
109 397 3
110 397 3
111 397 3
115 397 3
117 397 3
125 397 2
141 397 2
142 397 1
147 397 1
148 397 2
149 397 2
151 397 2
152 397 3
156 397 1
161 397 3
162 397 1
163 397 2
164 397 1
165 397 2
166 397 2
167 397 1
168 397 3
171 397 2
178 397 3
183 397 2
184 397 1
185 397 1
187 397 3
188 397 1
191 397 1
192 397 3
194 397 3
195 397 3
198 397 1
199 397 2
200 397 1
204 397 3
209 397 2
210 397 3
212 397 1
220 397 3
235 397 3
241 397 3
243 397 2
244 397 1
246 397 1
250 397 1
252 397 3
253 397 1
254 397 1
256 397 3
258 397 3
261 397 2
265 397 2
270 397 1
275 397 1
276 397 1
279 397 3
280 397 2
284 397 1
288 397 3
289 397 2
290 397 1
292 397 2
294 397 2
297 397 3
302 397 3
304 397 3
305 397 2
307 397 3
311 397 2
312 397 1
317 397 2
318 397 3
321 397 2
325 397 2
326 397 2
335 397 3
338 397 2
343 397 1
347 397 2
348 397 2
349 397 1
350 397 2
351 397 1
352 397 3
354 397 3
358 397 3
360 397 2
361 397 1
363 397 2
366 397 2
367 397 1
368 397 2
373 397 2
374 397 3
385 397 3
389 397 3
390 397 2
391 397 1
394 397 2
397 397 2
402 397 3
404 397 2
407 397 2
417 397 1
424 397 2
427 397 2
428 397 3
431 397 3
432 397 1
436 397 3
437 397 2
438 397 3
440 397 3
443 397 3
444 397 2
445 397 3
448 397 1
449 397 2
457 397 1
458 397 1
467 397 1
470 397 3
471 397 3
474 397 3
475 397 2
478 397 3
479 397 1
480 397 2
484 397 1
491 397 1
493 397 3
497 397 1
500 397 1
504 397 3
506 397 3
507 397 3
511 397 1
512 397 3
513 397 1
514 397 3
516 397 2
519 397 1
520 397 1
521 397 3
524 397 1
527 397 2
533 397 2
534 397 3
538 397 3
539 397 3
553 397 2
558 397 1
561 397 3
563 397 2
565 397 3
568 397 1
575 397 2
578 397 3
581 397 3
584 397 2
586 397 1
587 397 1
588 397 3
596 397 1
597 397 3
598 397 3
602 397 3
603 397 2
608 397 3
611 397 1
614 397 2
615 397 3
616 397 1
617 397 2
619 397 2
621 397 1
630 397 1
632 397 1
636 397 2
637 397 1
639 397 2
640 397 3
641 397 1
646 397 3
647 397 3
652 397 3
654 397 3
658 397 2
667 397 1
671 397 3
672 397 3
673 397 2
676 397 3
679 397 1
680 397 2
685 397 2
691 397 3
703 397 1
707 397 1
708 397 2
710 397 1
715 397 2
716 397 1
717 397 3
718 397 1
720 397 1
721 397 1
726 397 2
732 397 1
733 397 3
737 397 1
739 397 2
745 397 2
747 397 2
748 397 3
749 397 2
750 397 3
755 397 1
758 397 2
760 397 3
764 397 1
765 397 1
766 397 3
776 397 2
777 397 2
781 397 2
782 397 3
783 397 1
789 397 2
792 397 3
797 397 3
798 397 2
799 397 3
802 397 1
804 397 1
808 397 1
809 397 3
810 397 2
811 397 1
819 397 2
827 397 2
832 397 3
834 397 3
837 397 2
842 397 3
843 397 3
844 397 2
845 397 2
847 397 2
849 397 1
850 397 2
854 397 1
856 397 3
861 397 1
867 397 3
869 397 2
873 397 3
878 397 2
882 397 3
883 397 2
888 397 3
892 397 1
893 397 2
898 397 3
900 397 2
901 397 1
903 397 3
905 397 1
906 397 2
913 397 3
916 397 1
917 397 2
922 397 2
925 397 2
926 397 3
927 397 2
934 397 2
935 397 1
938 397 2
940 397 2
943 397 1
946 397 2
948 397 1
952 397 1
960 397 1
962 397 1
964 397 1
965 397 1
969 397 3
970 397 3
971 397 2
975 397 2
976 397 2
981 397 1
982 397 2
984 397 3
989 397 1
992 397 1
993 397 1
994 397 1
997 397 3
3 398 3
4 398 3
6 398 3
8 398 2
9 398 2
13 398 1
23 398 1
24 398 2
25 398 1
26 398 2
28 398 1
33 398 3
38 398 2
40 398 3
43 398 3
47 398 3
51 398 1
53 398 3
56 398 1
58 398 1
63 398 1
66 398 2
68 398 3
69 398 1
70 398 3
71 398 1
72 398 3
73 398 2
77 398 2
80 398 3
82 398 2
83 398 1
85 398 2
87 398 3
88 398 2
89 398 3
90 398 2
91 398 3
96 398 2
97 398 2
99 398 1
106 398 1
109 398 1
110 398 3
111 398 1
116 398 3
117 398 3
119 398 3
121 398 3
123 398 2
130 398 1
131 398 1
132 398 1
145 398 2
147 398 2
148 398 2
151 398 1
155 398 2
158 398 3
160 398 2
161 398 3
163 398 2
164 398 3
165 398 2
174 398 3
176 398 1
179 398 2
181 398 2
183 398 2
185 398 3
188 398 3
195 398 1
202 398 2
207 398 3
208 398 2
214 398 1
217 398 3
221 398 2
225 398 3
241 398 3
242 398 1
245 398 3
252 398 1
254 398 2
256 398 3
263 398 3
272 398 1
273 398 3
275 398 3
276 398 1
277 398 1
279 398 2
280 398 2
284 398 3
286 398 2
288 398 2
290 398 1
292 398 2
293 398 2
295 398 1
297 398 3
298 398 1
301 398 3
305 398 2
306 398 2
307 398 1
308 398 1
315 398 1
316 398 3
325 398 2
327 398 1
329 398 3
331 398 1
334 398 1
336 398 1
343 398 3
344 398 1
348 398 3
352 398 3
353 398 3
355 398 3
356 398 3
363 398 3
364 398 1
365 398 1
366 398 1
378 398 1
380 398 3
382 398 1
385 398 2
386 398 1
388 398 1
391 398 3
395 398 2
409 398 1
412 398 1
415 398 2
421 398 2
422 398 2
423 398 3
431 398 3
434 398 2
435 398 3
438 398 1
439 398 3
440 398 1
443 398 3
444 398 2
450 398 2
452 398 2
456 398 1
457 398 2
458 398 3
459 398 2
460 398 3
461 398 1
463 398 3
464 398 3
466 398 1
467 398 3
468 398 1
469 398 2
473 398 2
476 398 3
479 398 1
480 398 1
481 398 3
484 398 3
487 398 2
494 398 1
495 398 2
496 398 3
498 398 3
500 398 1
502 398 2
505 398 3
506 398 2
510 398 2
511 398 2
517 398 1
519 398 2
521 398 3
523 398 3
524 398 3
526 398 1
528 398 1
532 398 2
533 398 3
534 398 1
535 398 3
536 398 2
537 398 1
540 398 3
541 398 3
549 398 3
550 398 2
551 398 1
554 398 2
558 398 2
559 398 1
567 398 3
568 398 2
569 398 2
573 398 2
577 398 3
591 398 3
593 398 1
594 398 1
597 398 1
598 398 1
599 398 2
604 398 1
613 398 3
617 398 2
618 398 3
620 398 1
