367 650 3
374 650 2
376 650 2
377 650 2
380 650 2
381 650 1
384 650 1
392 650 1
394 650 3
396 650 2
399 650 2
401 650 3
404 650 1
406 650 1
407 650 1
414 650 2
420 650 2
421 650 1
422 650 3
423 650 2
429 650 1
430 650 1
431 650 2
433 650 1
438 650 3
440 650 2
444 650 1
452 650 1
453 650 1
455 650 3
457 650 1
458 650 1
459 650 1
460 650 2
463 650 1
466 650 1
468 650 1
472 650 3
473 650 3
474 650 3
479 650 2
481 650 3
488 650 1
491 650 2
493 650 3
495 650 3
509 650 2
510 650 3
511 650 2
512 650 3
513 650 3
514 650 2
522 650 3
523 650 2
525 650 2
526 650 2
527 650 1
530 650 2
534 650 3
535 650 1
539 650 3
540 650 1
548 650 3
552 650 1
556 650 3
565 650 3
566 650 3
569 650 1
570 650 1
571 650 3
573 650 1
576 650 3
577 650 3
580 650 1
581 650 3
583 650 1
585 650 2
588 650 3
590 650 1
591 650 1
592 650 1
594 650 3
595 650 3
596 650 3
597 650 1
606 650 3
609 650 2
611 650 2
619 650 2
621 650 2
622 650 3
626 650 3
630 650 2
632 650 2
633 650 1
638 650 3
640 650 1
646 650 3
647 650 1
649 650 3
652 650 2
657 650 1
663 650 2
664 650 2
667 650 3
669 650 2
673 650 3
686 650 1
687 650 3
690 650 3
696 650 3
697 650 2
700 650 2
702 650 1
704 650 3
707 650 3
709 650 2
713 650 1
714 650 1
717 650 2
720 650 1
722 650 1
726 650 2
727 650 2
728 650 2
729 650 3
734 650 2
739 650 1
750 650 1
754 650 3
756 650 3
757 650 1
759 650 1
760 650 1
762 650 2
765 650 1
767 650 1
770 650 2
773 650 1
774 650 3
777 650 1
781 650 2
784 650 3
786 650 2
792 650 2
794 650 3
797 650 1
799 650 3
800 650 2
801 650 1
804 650 3
807 650 2
809 650 2
815 650 3
821 650 1
823 650 3
824 650 1
826 650 1
828 650 1
831 650 2
832 650 2
836 650 1
840 650 1
843 650 2
847 650 1
853 650 1
856 650 2
862 650 2
863 650 1
870 650 1
871 650 1
877 650 2
881 650 1
887 650 1
888 650 2
894 650 3
895 650 1
899 650 1
901 650 2
905 650 2
911 650 2
912 650 1
917 650 3
921 650 3
922 650 2
924 650 1
928 650 3
930 650 2
933 650 1
934 650 1
936 650 3
937 650 2
939 650 3
941 650 2
942 650 3
953 650 1
954 650 1
961 650 1
967 650 2
968 650 1
970 650 1
971 650 1
972 650 1
973 650 3
976 650 2
978 650 2
979 650 3
981 650 1
991 650 2
993 650 2
8 651 3
12 651 2
14 651 2
15 651 1
16 651 3
18 651 3
22 651 2
27 651 3
40 651 1
42 651 3
48 651 3
52 651 2
55 651 1
56 651 1
57 651 3
58 651 3
59 651 2
60 651 2
66 651 3
67 651 1
74 651 1
79 651 3
83 651 3
86 651 3
93 651 2
96 651 2
99 651 1
100 651 1
101 651 1
102 651 1
103 651 3
108 651 3
109 651 2
110 651 3
125 651 2
127 651 3
128 651 1
130 651 1
131 651 1
132 651 3
133 651 3
134 651 2
135 651 1
136 651 3
139 651 1
142 651 2
147 651 2
150 651 2
153 651 1
167 651 3
173 651 3
178 651 2
179 651 1
180 651 3
186 651 2
187 651 1
192 651 3
193 651 3
194 651 3
195 651 3
197 651 3
199 651 2
202 651 3
205 651 1
207 651 2
216 651 2
217 651 1
218 651 1
219 651 1
220 651 3
221 651 2
225 651 1
226 651 1
228 651 2
229 651 3
230 651 1
231 651 1
234 651 1
243 651 3
246 651 3
252 651 3
253 651 2
254 651 3
256 651 2
257 651 2
259 651 1
270 651 2
274 651 3
276 651 2
279 651 2
290 651 2
292 651 2
294 651 3
298 651 1
300 651 3
305 651 1
306 651 2
308 651 2
310 651 1
314 651 3
315 651 3
320 651 1
321 651 2
323 651 3
326 651 1
329 651 1
330 651 3
331 651 3
335 651 1
338 651 3
340 651 2
346 651 3
348 651 1
351 651 2
352 651 2
354 651 3
357 651 1
358 651 1
363 651 2
365 651 2
366 651 3
370 651 1
374 651 3
376 651 3
378 651 1
386 651 3
387 651 3
389 651 2
391 651 3
393 651 2
400 651 2
403 651 3
404 651 1
412 651 3
414 651 3
416 651 1
422 651 2
426 651 2
427 651 2
428 651 2
435 651 3
436 651 1
441 651 3
443 651 2
444 651 3
446 651 1
449 651 3
455 651 3
456 651 2
457 651 2
458 651 1
460 651 2
462 651 2
463 651 2
464 651 1
467 651 1
470 651 1
471 651 3
482 651 2
484 651 3
485 651 2
488 651 2
489 651 2
493 651 2
503 651 2
505 651 3
506 651 1
509 651 3
512 651 3
516 651 3
519 651 1
521 651 3
522 651 1
530 651 3
534 651 3
540 651 2
541 651 3
542 651 3
543 651 1
545 651 2
557 651 1
561 651 3
563 651 2
564 651 2
567 651 1
571 651 3
575 651 2
578 651 3
579 651 1
582 651 3
583 651 1
584 651 1
588 651 3
590 651 3
592 651 1
594 651 2
595 651 2
599 651 2
602 651 3
603 651 3
605 651 1
606 651 1
610 651 3
612 651 2
614 651 1
617 651 3
619 651 3
620 651 3
623 651 2
624 651 2
625 651 3
628 651 3
629 651 2
631 651 2
636 651 1
637 651 1
641 651 1
644 651 3
645 651 2
657 651 1
662 651 3
666 651 1
668 651 2
669 651 2
673 651 1
675 651 3
680 651 2
681 651 3
683 651 3
684 651 2
685 651 2
687 651 3
688 651 2
693 651 3
697 651 3
698 651 3
701 651 2
703 651 1
706 651 3
707 651 1
708 651 3
711 651 3
715 651 1
717 651 3
729 651 2
732 651 3
736 651 2
740 651 3
743 651 3
745 651 3
751 651 3
752 651 3
753 651 1
754 651 3
757 651 2
760 651 2
763 651 1
766 651 3
773 651 2
774 651 2
784 651 2
785 651 1
789 651 1
792 651 2
798 651 1
801 651 2
803 651 2
805 651 1
806 651 3
808 651 1
812 651 2
813 651 2
814 651 3
815 651 2
817 651 3
818 651 2
821 651 3
825 651 3
835 651 2
838 651 2
843 651 3
844 651 3
846 651 3
847 651 2
850 651 1
855 651 1
860 651 2
861 651 2
863 651 1
864 651 3
870 651 3
872 651 2
873 651 3
875 651 1
876 651 1
879 651 2
882 651 2
886 651 2
887 651 1
889 651 2
890 651 1
895 651 1
896 651 2
898 651 2
899 651 2
904 651 1
908 651 1
909 651 3
914 651 2
918 651 3
919 651 3
923 651 3
926 651 1
929 651 1
935 651 2
937 651 1
943 651 3
946 651 3
950 651 3
953 651 1
955 651 1
957 651 3
959 651 1
969 651 3
972 651 2
973 651 2
974 651 2
976 651 3
980 651 1
983 651 2
984 651 3
994 651 1
999 651 1
3 652 1
4 652 3
5 652 1
19 652 2
22 652 2
23 652 3
26 652 3
27 652 1
30 652 3
36 652 2
37 652 1
39 652 2
40 652 2
47 652 1
50 652 1
52 652 2
54 652 2
56 652 1
60 652 3
65 652 1
80 652 3
81 652 3
84 652 1
90 652 3
92 652 3
93 652 3
95 652 1
96 652 1
104 652 1
109 652 1
120 652 1
121 652 2
122 652 1
123 652 2
125 652 2
132 652 2
133 652 1
158 652 1
161 652 2
165 652 1
166 652 3
169 652 3
170 652 3
176 652 2
177 652 1
183 652 2
188 652 1
192 652 1
196 652 2
200 652 3
201 652 1
203 652 1
207 652 2
208 652 1
209 652 3
210 652 1
212 652 1
213 652 1
217 652 1
219 652 1
220 652 2
221 652 2
222 652 1
223 652 2
227 652 3
228 652 3
229 652 1
234 652 2
235 652 2
236 652 3
238 652 2
239 652 2
240 652 1
244 652 2
245 652 1
249 652 3
251 652 3
252 652 2
255 652 1
257 652 2
262 652 3
263 652 1
265 652 2
267 652 3
271 652 1
274 652 1
277 652 1
281 652 3
282 652 1
283 652 2
284 652 3
285 652 2
297 652 2
298 652 3
312 652 2
313 652 2
318 652 1
321 652 2
330 652 1
333 652 3
336 652 2
341 652 1
344 652 2
350 652 3
354 652 1
358 652 1
365 652 3
367 652 2
368 652 1
372 652 1
377 652 1
379 652 1
381 652 3
383 652 1
392 652 3
396 652 1
399 652 1
402 652 1
403 652 1
409 652 1
417 652 2
422 652 2
432 652 3
