306 243 2
307 243 3
309 243 1
314 243 3
317 243 3
327 243 2
332 243 1
333 243 2
338 243 1
339 243 3
342 243 1
350 243 3
354 243 3
358 243 1
360 243 1
362 243 3
365 243 3
366 243 2
369 243 3
371 243 1
372 243 2
375 243 2
376 243 1
381 243 1
382 243 3
383 243 2
384 243 1
386 243 1
387 243 2
388 243 1
392 243 1
394 243 1
397 243 3
398 243 3
402 243 2
404 243 2
408 243 1
411 243 1
412 243 1
413 243 1
419 243 3
421 243 1
423 243 1
424 243 1
430 243 3
431 243 1
433 243 3
434 243 2
437 243 1
446 243 3
447 243 2
450 243 1
453 243 3
456 243 1
458 243 3
462 243 1
469 243 3
473 243 1
475 243 3
476 243 1
478 243 2
480 243 2
481 243 3
482 243 1
493 243 3
495 243 1
502 243 2
505 243 2
508 243 1
509 243 3
512 243 3
516 243 1
521 243 1
523 243 2
524 243 3
525 243 2
526 243 3
527 243 2
532 243 2
534 243 1
540 243 1
550 243 2
552 243 1
555 243 1
557 243 2
558 243 3
560 243 3
561 243 2
568 243 2
570 243 3
572 243 3
573 243 3
576 243 1
584 243 3
585 243 2
586 243 2
587 243 2
590 243 3
592 243 1
593 243 2
594 243 2
598 243 2
599 243 2
603 243 1
615 243 3
625 243 2
628 243 3
634 243 3
637 243 2
651 243 2
656 243 1
658 243 2
659 243 3
679 243 3
680 243 1
681 243 2
684 243 1
686 243 2
687 243 3
689 243 1
694 243 3
696 243 3
697 243 3
698 243 2
699 243 3
704 243 2
707 243 1
708 243 3
709 243 1
712 243 1
714 243 1
719 243 2
722 243 3
723 243 2
727 243 1
728 243 2
730 243 2
743 243 2
744 243 2
745 243 3
748 243 1
750 243 2
754 243 2
756 243 2
758 243 2
760 243 1
764 243 1
766 243 3
767 243 1
768 243 3
769 243 1
774 243 1
775 243 2
778 243 1
779 243 2
784 243 2
785 243 2
787 243 2
792 243 1
798 243 3
801 243 1
804 243 2
805 243 1
807 243 2
808 243 2
809 243 3
813 243 1
814 243 2
818 243 3
820 243 3
821 243 3
823 243 2
824 243 2
826 243 2
827 243 3
829 243 3
831 243 2
836 243 2
840 243 1
843 243 2
845 243 1
846 243 2
857 243 2
862 243 2
865 243 3
867 243 1
871 243 2
872 243 1
874 243 3
877 243 2
878 243 3
884 243 2
889 243 1
891 243 2
897 243 1
901 243 2
903 243 1
906 243 3
907 243 2
909 243 1
921 243 3
926 243 3
930 243 1
932 243 2
934 243 1
937 243 2
939 243 2
941 243 2
942 243 3
945 243 1
947 243 2
949 243 1
953 243 2
954 243 1
955 243 2
956 243 1
957 243 3
958 243 1
960 243 1
963 243 3
964 243 3
972 243 2
973 243 1
979 243 2
980 243 3
985 243 2
990 243 2
998 243 3
999 243 3
0 244 1
1 244 3
2 244 2
4 244 3
6 244 3
7 244 2
10 244 3
11 244 3
12 244 2
14 244 1
15 244 2
16 244 1
19 244 2
21 244 2
22 244 2
31 244 3
32 244 2
35 244 2
43 244 1
44 244 2
45 244 2
49 244 3
52 244 1
57 244 3
59 244 3
66 244 3
67 244 2
70 244 2
71 244 1
75 244 2
76 244 2
77 244 2
78 244 1
80 244 2
81 244 2
84 244 2
89 244 2
91 244 1
92 244 3
93 244 3
98 244 1
101 244 3
105 244 3
106 244 3
109 244 1
116 244 3
117 244 2
120 244 1
124 244 1
125 244 2
134 244 3
135 244 2
137 244 3
142 244 3
145 244 2
146 244 3
149 244 1
150 244 1
152 244 3
153 244 2
165 244 1
169 244 3
173 244 2
177 244 3
178 244 1
180 244 2
182 244 1
187 244 1
193 244 2
194 244 3
195 244 3
196 244 2
198 244 2
202 244 3
203 244 1
204 244 1
207 244 2
209 244 1
210 244 3
211 244 1
212 244 3
213 244 2
219 244 2
227 244 1
238 244 2
240 244 2
241 244 3
243 244 3
244 244 2
251 244 2
255 244 3
256 244 1
257 244 1
261 244 3
263 244 2
265 244 2
266 244 2
267 244 3
269 244 2
274 244 1
277 244 2
278 244 2
281 244 3
285 244 2
290 244 2
295 244 2
296 244 2
297 244 3
301 244 2
302 244 2
303 244 3
307 244 1
312 244 1
317 244 1
318 244 3
319 244 2
320 244 1
323 244 1
328 244 2
329 244 3
332 244 2
333 244 3
334 244 3
335 244 2
337 244 2
339 244 1
341 244 1
342 244 1
345 244 2
346 244 3
352 244 1
354 244 1
357 244 1
361 244 1
362 244 3
367 244 2
369 244 3
371 244 2
374 244 3
377 244 1
380 244 3
381 244 3
393 244 3
396 244 3
397 244 3
398 244 1
399 244 3
407 244 2
408 244 1
410 244 2
413 244 3
421 244 2
428 244 2
430 244 1
435 244 1
436 244 2
440 244 3
441 244 2
443 244 2
453 244 3
456 244 2
459 244 3
460 244 3
463 244 2
465 244 1
466 244 2
467 244 3
469 244 1
471 244 2
474 244 3
480 244 2
482 244 2
485 244 1
486 244 3
487 244 3
489 244 3
491 244 1
494 244 1
499 244 2
500 244 2
506 244 1
509 244 1
510 244 3
518 244 1
523 244 1
528 244 1
530 244 3
532 244 2
533 244 1
537 244 1
538 244 1
541 244 2
542 244 2
543 244 3
546 244 1
547 244 2
548 244 2
549 244 2
555 244 2
558 244 1
563 244 2
565 244 3
567 244 2
570 244 3
573 244 1
574 244 1
576 244 2
577 244 2
584 244 3
590 244 1
594 244 3
596 244 2
598 244 2
599 244 3
608 244 2
609 244 3
612 244 2
614 244 1
616 244 3
617 244 1
621 244 1
623 244 3
625 244 3
629 244 1
630 244 3
635 244 3
641 244 2
644 244 1
646 244 1
647 244 1
648 244 3
650 244 3
655 244 2
659 244 2
666 244 1
667 244 1
670 244 1
672 244 2
674 244 3
681 244 1
693 244 3
694 244 1
696 244 2
698 244 3
699 244 3
710 244 1
713 244 2
716 244 1
722 244 3
732 244 3
733 244 1
741 244 2
742 244 1
745 244 2
747 244 3
749 244 2
751 244 1
753 244 3
758 244 3
759 244 3
760 244 3
761 244 2
771 244 3
772 244 1
774 244 2
779 244 1
785 244 3
788 244 3
793 244 2
796 244 2
797 244 1
799 244 1
802 244 1
804 244 3
805 244 3
807 244 2
809 244 1
815 244 1
817 244 2
819 244 1
820 244 3
824 244 3
830 244 2
833 244 2
837 244 2
840 244 2
843 244 3
844 244 2
847 244 1
848 244 1
849 244 2
850 244 2
851 244 2
855 244 3
861 244 2
862 244 1
866 244 2
867 244 3
868 244 1
869 244 3
870 244 3
871 244 1
879 244 2
880 244 2
890 244 3
891 244 3
893 244 1
895 244 2
900 244 1
905 244 2
906 244 3
910 244 1
912 244 3
918 244 3
921 244 2
922 244 1
923 244 2
924 244 1
927 244 1
928 244 3
929 244 3
930 244 3
931 244 2
933 244 1
935 244 3
938 244 3
943 244 3
947 244 2
949 244 1
950 244 3
954 244 1
958 244 3
965 244 1
966 244 1
972 244 2
975 244 1
976 244 3
977 244 1
979 244 2
981 244 2
985 244 1
990 244 2
992 244 3
993 244 1
997 244 3
1 245 3
3 245 2
4 245 3
6 245 1
8 245 2
10 245 2
18 245 2
19 245 3
26 245 1
27 245 1
28 245 3
30 245 2
33 245 3
38 245 1
40 245 3
41 245 1
44 245 3
46 245 2
47 245 1
48 245 2
52 245 3
58 245 2
64 245 3
72 245 1
73 245 1
74 245 2
75 245 3
76 245 2
77 245 2
78 245 3
82 245 1
84 245 1
86 245 2
87 245 2
89 245 3
91 245 3
92 245 1
93 245 2
94 245 2
95 245 2
98 245 3
103 245 3
105 245 3
106 245 1
108 245 1
110 245 1
112 245 1
115 245 2
116 245 2
121 245 2
122 245 3
124 245 1
125 245 1
127 245 3
132 245 2
134 245 1
141 245 3
143 245 1
148 245 1
152 245 2
154 245 3
159 245 2
162 245 1
163 245 2
164 245 3
166 245 2
172 245 2
177 245 1
188 245 2
189 245 2
198 245 2
199 245 1
200 245 1
201 245 2
205 245 2
207 245 1
208 245 1
210 245 1
213 245 2
215 245 3
222 245 1
223 245 2
227 245 2
236 245 3
238 245 2
240 245 3
246 245 1
248 245 1
249 245 1
256 245 1
260 245 2
261 245 2
