414 796 1
417 796 3
422 796 1
428 796 1
429 796 3
432 796 3
433 796 1
435 796 2
436 796 2
443 796 1
444 796 2
445 796 3
447 796 3
451 796 2
452 796 1
453 796 1
455 796 1
458 796 3
459 796 3
461 796 3
462 796 3
468 796 3
470 796 3
478 796 1
479 796 3
481 796 1
486 796 2
487 796 3
488 796 3
490 796 1
491 796 3
492 796 1
493 796 3
496 796 2
499 796 3
503 796 3
504 796 2
505 796 1
506 796 1
507 796 1
509 796 1
510 796 1
512 796 3
515 796 1
522 796 3
523 796 3
525 796 3
526 796 1
527 796 3
528 796 3
529 796 2
532 796 3
533 796 2
540 796 3
541 796 1
542 796 1
543 796 1
548 796 1
549 796 3
550 796 1
554 796 1
555 796 3
558 796 1
564 796 1
569 796 3
570 796 1
574 796 1
576 796 3
578 796 2
584 796 3
588 796 3
594 796 2
598 796 3
601 796 2
604 796 2
605 796 1
611 796 2
615 796 3
622 796 2
629 796 2
632 796 2
633 796 2
637 796 1
649 796 1
650 796 1
651 796 2
653 796 2
657 796 3
660 796 2
662 796 2
664 796 2
673 796 3
674 796 1
676 796 3
677 796 1
678 796 1
679 796 3
680 796 1
681 796 3
686 796 3
690 796 2
691 796 2
695 796 3
697 796 2
701 796 2
702 796 1
703 796 3
707 796 1
713 796 1
715 796 3
717 796 3
720 796 2
724 796 1
725 796 2
726 796 2
732 796 1
738 796 3
739 796 1
745 796 2
747 796 3
751 796 3
758 796 2
761 796 3
764 796 2
769 796 1
770 796 3
771 796 3
779 796 1
791 796 3
798 796 1
803 796 1
804 796 2
805 796 2
806 796 2
810 796 3
814 796 2
819 796 1
821 796 3
824 796 2
826 796 2
827 796 2
837 796 3
840 796 3
841 796 3
843 796 2
847 796 3
848 796 3
849 796 3
850 796 3
851 796 3
852 796 1
857 796 3
859 796 1
860 796 2
861 796 3
866 796 3
872 796 2
875 796 2
876 796 1
880 796 3
883 796 2
884 796 1
890 796 2
893 796 1
895 796 3
896 796 2
897 796 1
899 796 3
901 796 2
903 796 1
904 796 3
905 796 3
906 796 3
910 796 2
912 796 1
923 796 2
925 796 1
926 796 3
928 796 1
930 796 1
932 796 1
937 796 3
947 796 2
949 796 1
950 796 2
954 796 3
955 796 3
963 796 1
966 796 2
970 796 3
973 796 1
978 796 3
979 796 1
984 796 2
990 796 1
996 796 1
997 796 1
0 797 3
1 797 1
2 797 3
6 797 1
8 797 1
10 797 2
11 797 1
12 797 2
15 797 3
26 797 3
34 797 2
36 797 1
42 797 1
45 797 3
46 797 1
48 797 2
50 797 2
53 797 1
54 797 2
56 797 3
57 797 1
58 797 3
60 797 1
63 797 3
64 797 1
65 797 2
67 797 2
75 797 2
77 797 1
79 797 3
82 797 3
84 797 3
86 797 3
87 797 1
88 797 1
94 797 1
95 797 2
98 797 3
102 797 2
114 797 2
116 797 3
119 797 2
120 797 3
122 797 1
123 797 2
126 797 1
129 797 2
130 797 3
131 797 1
132 797 3
133 797 2
134 797 2
135 797 1
140 797 1
148 797 1
149 797 3
151 797 1
159 797 1
162 797 1
166 797 3
167 797 2
172 797 1
175 797 3
177 797 3
178 797 3
179 797 1
181 797 3
183 797 3
185 797 2
188 797 1
189 797 2
193 797 3
194 797 1
195 797 1
198 797 1
200 797 2
206 797 3
208 797 3
210 797 3
217 797 1
225 797 3
226 797 3
228 797 2
230 797 1
232 797 1
234 797 1
237 797 1
243 797 1
245 797 2
248 797 3
250 797 1
251 797 3
256 797 3
258 797 3
266 797 2
267 797 1
270 797 1
272 797 3
273 797 3
274 797 3
275 797 3
276 797 2
279 797 2
283 797 1
286 797 2
287 797 1
288 797 1
293 797 3
297 797 3
301 797 3
302 797 1
309 797 3
311 797 3
321 797 2
324 797 3
327 797 3
333 797 2
337 797 2
339 797 3
343 797 3
350 797 3
355 797 3
356 797 2
358 797 1
360 797 1
361 797 3
366 797 3
367 797 2
376 797 3
383 797 2
390 797 2
391 797 1
394 797 2
395 797 1
400 797 1
402 797 1
405 797 2
408 797 3
410 797 2
416 797 1
417 797 2
418 797 1
421 797 2
424 797 2
425 797 3
432 797 2
433 797 2
435 797 1
436 797 3
439 797 2
442 797 2
443 797 3
445 797 3
449 797 2
450 797 2
457 797 1
459 797 3
473 797 2
480 797 2
481 797 3
484 797 2
491 797 2
500 797 3
501 797 2
502 797 1
503 797 1
504 797 2
505 797 3
508 797 2
510 797 1
511 797 2
517 797 3
519 797 3
522 797 1
523 797 3
526 797 1
532 797 3
534 797 3
535 797 1
537 797 1
543 797 1
547 797 3
549 797 2
551 797 2
556 797 3
557 797 2
559 797 2
563 797 1
569 797 3
571 797 1
572 797 2
575 797 3
576 797 2
577 797 1
578 797 1
582 797 1
586 797 3
591 797 2
592 797 3
594 797 3
597 797 3
598 797 2
599 797 2
600 797 3
610 797 1
611 797 2
614 797 1
615 797 3
618 797 1
621 797 3
624 797 3
627 797 1
628 797 2
629 797 3
634 797 2
637 797 1
639 797 3
640 797 1
641 797 1
642 797 2
646 797 2
650 797 3
652 797 3
653 797 2
658 797 1
665 797 2
670 797 1
678 797 3
682 797 3
684 797 1
685 797 3
689 797 2
690 797 1
692 797 2
695 797 3
698 797 2
699 797 3
700 797 1
710 797 3
711 797 1
713 797 2
714 797 2
717 797 2
720 797 1
722 797 1
725 797 3
728 797 3
732 797 1
734 797 2
735 797 1
737 797 1
743 797 1
744 797 3
746 797 3
753 797 1
756 797 1
772 797 1
775 797 1
776 797 1
777 797 3
780 797 1
781 797 2
785 797 3
787 797 1
789 797 1
790 797 1
795 797 2
797 797 2
800 797 2
805 797 2
806 797 1
807 797 1
811 797 1
813 797 2
820 797 1
823 797 2
828 797 1
830 797 1
833 797 3
834 797 3
840 797 1
843 797 2
848 797 3
850 797 3
851 797 2
852 797 2
854 797 2
857 797 3
858 797 1
859 797 2
861 797 1
864 797 2
866 797 2
869 797 2
871 797 3
872 797 2
873 797 1
882 797 2
883 797 1
885 797 2
890 797 2
893 797 3
896 797 1
901 797 2
908 797 3
912 797 1
916 797 2
919 797 1
926 797 1
927 797 2
931 797 3
934 797 1
937 797 2
940 797 3
942 797 2
944 797 2
949 797 2
951 797 1
953 797 3
954 797 3
957 797 3
965 797 2
967 797 1
970 797 3
971 797 2
972 797 2
975 797 2
976 797 1
977 797 3
986 797 2
988 797 3
990 797 1
994 797 1
997 797 1
1 798 1
2 798 3
3 798 1
5 798 2
7 798 1
8 798 3
15 798 2
18 798 2
22 798 1
23 798 3
30 798 1
39 798 1
40 798 3
43 798 2
44 798 3
45 798 2
46 798 3
47 798 3
49 798 3
51 798 3
52 798 2
54 798 1
58 798 3
60 798 1
62 798 1
64 798 1
66 798 2
67 798 1
69 798 2
70 798 3
71 798 3
72 798 1
73 798 1
75 798 2
81 798 3
82 798 1
86 798 2
87 798 3
89 798 1
91 798 1
94 798 3
99 798 1
103 798 1
106 798 2
108 798 3
111 798 1
112 798 2
113 798 1
117 798 2
118 798 2
119 798 3
120 798 3
121 798 2
122 798 2
123 798 2
127 798 3
133 798 1
137 798 1
140 798 2
141 798 2
145 798 1
146 798 1
147 798 3
148 798 2
149 798 1
158 798 3
160 798 1
161 798 1
169 798 2
173 798 2
178 798 3
179 798 3
184 798 1
187 798 2
188 798 1
194 798 3
197 798 3
198 798 3
203 798 1
204 798 3
205 798 2
206 798 2
208 798 2
211 798 1
212 798 3
216 798 1
218 798 2
222 798 3
224 798 2
225 798 3
228 798 1
229 798 3
231 798 2
234 798 3
241 798 2
244 798 3
245 798 3
246 798 1
248 798 3
249 798 2
250 798 1
252 798 2
255 798 2
256 798 2
257 798 2
259 798 3
263 798 1
266 798 2
273 798 1
276 798 3
278 798 2
279 798 2
283 798 1
285 798 1
287 798 2
288 798 2
292 798 2
302 798 3
304 798 2
314 798 1
315 798 2
318 798 3
325 798 3
329 798 3
330 798 2
334 798 3
335 798 2
336 798 3
342 798 1
351 798 1
353 798 1
354 798 1
358 798 2
359 798 3
364 798 3
