317 908 2
320 908 1
321 908 3
331 908 3
333 908 3
340 908 1
343 908 3
344 908 2
346 908 3
348 908 3
349 908 1
350 908 1
358 908 3
359 908 3
365 908 1
368 908 3
371 908 1
378 908 2
385 908 1
386 908 2
390 908 2
392 908 2
395 908 2
405 908 2
407 908 2
410 908 3
413 908 2
417 908 2
431 908 1
432 908 2
435 908 1
440 908 2
444 908 2
460 908 1
463 908 1
464 908 3
468 908 3
469 908 3
471 908 1
473 908 3
475 908 2
481 908 1
487 908 2
495 908 1
498 908 3
501 908 2
502 908 1
504 908 2
508 908 3
513 908 3
515 908 3
517 908 1
520 908 3
524 908 1
526 908 2
529 908 2
532 908 2
535 908 3
536 908 2
539 908 3
540 908 3
545 908 1
546 908 1
551 908 1
552 908 2
553 908 3
554 908 1
556 908 3
560 908 2
564 908 2
570 908 2
574 908 3
581 908 3
586 908 1
591 908 3
599 908 2
602 908 2
607 908 2
609 908 2
618 908 2
622 908 2
625 908 3
632 908 1
636 908 2
637 908 3
638 908 1
643 908 1
645 908 1
651 908 3
656 908 1
657 908 2
673 908 1
674 908 2
675 908 2
678 908 3
680 908 1
686 908 1
690 908 2
700 908 2
701 908 2
708 908 2
709 908 1
713 908 1
714 908 1
716 908 1
717 908 1
721 908 3
722 908 2
729 908 2
731 908 2
732 908 2
735 908 3
739 908 1
744 908 3
754 908 1
759 908 3
761 908 3
765 908 2
766 908 2
775 908 2
783 908 3
788 908 2
795 908 1
801 908 2
803 908 2
805 908 2
806 908 3
809 908 1
812 908 3
816 908 2
818 908 2
819 908 3
823 908 1
828 908 2
833 908 1
834 908 2
839 908 2
841 908 2
844 908 3
851 908 1
855 908 2
857 908 3
860 908 3
861 908 1
862 908 2
864 908 3
865 908 1
866 908 2
868 908 2
869 908 3
870 908 1
876 908 2
877 908 3
878 908 1
882 908 1
886 908 3
888 908 2
889 908 2
892 908 3
894 908 3
900 908 2
902 908 3
904 908 3
908 908 3
910 908 3
911 908 1
915 908 3
916 908 2
920 908 2
927 908 2
929 908 1
934 908 3
946 908 2
947 908 1
949 908 1
951 908 3
952 908 2
956 908 1
964 908 1
967 908 1
970 908 1
971 908 1
975 908 2
978 908 3
979 908 3
981 908 3
983 908 1
985 908 3
995 908 2
996 908 2
998 908 3
999 908 1
0 909 3
1 909 1
3 909 1
4 909 1
5 909 3
6 909 3
8 909 2
14 909 1
16 909 1
19 909 2
22 909 1
25 909 1
26 909 3
29 909 1
32 909 2
33 909 1
34 909 1
35 909 2
36 909 1
43 909 1
44 909 3
46 909 2
48 909 2
49 909 2
50 909 1
53 909 2
54 909 1
58 909 1
67 909 2
68 909 3
70 909 1
74 909 3
77 909 3
78 909 2
80 909 1
82 909 1
88 909 2
89 909 2
91 909 3
102 909 3
107 909 2
112 909 2
114 909 1
116 909 3
117 909 1
123 909 2
129 909 1
132 909 3
134 909 1
136 909 3
137 909 2
140 909 3
141 909 2
142 909 1
143 909 2
146 909 3
153 909 2
160 909 1
161 909 2
163 909 2
165 909 1
169 909 2
179 909 2
182 909 3
184 909 2
190 909 1
191 909 1
192 909 2
193 909 2
195 909 3
197 909 2
212 909 2
214 909 3
217 909 3
220 909 3
222 909 1
229 909 1
230 909 2
232 909 2
233 909 1
236 909 2
237 909 2
241 909 2
244 909 3
246 909 2
249 909 2
250 909 1
254 909 3
257 909 1
259 909 2
273 909 3
274 909 2
275 909 1
276 909 3
277 909 2
278 909 2
281 909 2
286 909 3
288 909 3
293 909 3
299 909 3
303 909 2
304 909 3
307 909 2
309 909 2
312 909 2
313 909 1
314 909 2
319 909 1
320 909 2
322 909 3
323 909 2
325 909 1
327 909 2
329 909 3
330 909 3
335 909 1
340 909 3
344 909 1
345 909 2
346 909 2
349 909 3
352 909 1
354 909 2
355 909 3
360 909 3
363 909 1
371 909 1
373 909 3
375 909 3
379 909 1
383 909 2
388 909 2
389 909 1
390 909 1
395 909 2
397 909 3
398 909 3
400 909 2
406 909 2
407 909 2
409 909 1
413 909 1
418 909 3
419 909 3
420 909 3
421 909 1
422 909 1
423 909 1
430 909 3
432 909 2
435 909 1
438 909 2
442 909 2
444 909 1
448 909 1
451 909 1
452 909 1
457 909 2
458 909 3
461 909 2
463 909 3
464 909 3
465 909 2
466 909 1
467 909 3
472 909 3
474 909 2
475 909 3
479 909 1
483 909 2
484 909 1
485 909 1
489 909 2
495 909 3
496 909 1
499 909 1
500 909 2
504 909 1
509 909 3
513 909 1
515 909 1
517 909 3
518 909 3
520 909 1
521 909 3
527 909 2
531 909 3
534 909 1
535 909 3
539 909 1
542 909 2
543 909 1
544 909 3
545 909 3
547 909 2
549 909 1
553 909 1
555 909 2
556 909 2
559 909 2
561 909 1
565 909 2
566 909 3
569 909 1
570 909 1
572 909 1
573 909 3
574 909 3
578 909 2
580 909 3
584 909 2
587 909 1
590 909 3
593 909 1
594 909 2
599 909 3
601 909 3
606 909 2
607 909 3
609 909 2
612 909 1
614 909 3
617 909 2
619 909 3
620 909 2
622 909 2
625 909 2
627 909 3
628 909 1
634 909 1
636 909 2
638 909 3
641 909 3
650 909 1
652 909 2
654 909 1
657 909 1
660 909 1
666 909 3
667 909 1
677 909 3
679 909 3
681 909 3
687 909 2
697 909 3
699 909 1
701 909 3
702 909 3
703 909 2
704 909 3
706 909 1
709 909 2
710 909 2
711 909 1
717 909 3
719 909 1
721 909 3
724 909 3
727 909 1
728 909 1
730 909 1
732 909 3
733 909 2
734 909 3
736 909 3
739 909 2
745 909 3
747 909 1
750 909 3
751 909 3
753 909 1
755 909 1
759 909 1
760 909 2
762 909 2
763 909 3
766 909 3
767 909 3
771 909 2
773 909 3
778 909 3
780 909 3
783 909 3
785 909 1
788 909 2
800 909 3
802 909 1
808 909 3
809 909 2
814 909 1
816 909 3
820 909 2
821 909 1
822 909 3
823 909 1
824 909 2
825 909 3
826 909 2
828 909 3
830 909 2
831 909 3
834 909 3
836 909 1
837 909 1
844 909 1
845 909 1
846 909 1
849 909 2
850 909 1
857 909 3
858 909 3
864 909 2
865 909 2
868 909 2
870 909 3
872 909 2
874 909 3
883 909 2
884 909 1
886 909 2
889 909 1
890 909 2
891 909 1
898 909 1
901 909 2
903 909 3
904 909 2
907 909 3
908 909 3
909 909 3
912 909 1
913 909 1
914 909 1
915 909 1
917 909 3
920 909 1
923 909 1
930 909 1
931 909 1
933 909 2
941 909 2
943 909 2
948 909 3
954 909 1
959 909 2
962 909 1
963 909 2
964 909 3
966 909 2
967 909 2
969 909 1
970 909 2
974 909 1
976 909 2
977 909 3
981 909 3
987 909 2
988 909 2
989 909 1
990 909 2
992 909 1
996 909 1
999 909 3
0 910 2
6 910 1
10 910 2
11 910 2
15 910 1
20 910 3
24 910 2
27 910 1
29 910 1
30 910 2
32 910 3
39 910 1
40 910 1
43 910 2
44 910 2
50 910 1
58 910 3
59 910 2
62 910 1
65 910 1
67 910 1
69 910 1
72 910 2
76 910 2
79 910 1
82 910 1
83 910 1
85 910 3
90 910 2
95 910 2
100 910 1
102 910 2
103 910 1
105 910 3
107 910 1
111 910 2
112 910 3
119 910 3
121 910 2
127 910 1
128 910 1
130 910 3
131 910 3
136 910 1
140 910 1
145 910 2
148 910 1
150 910 2
152 910 3
155 910 3
162 910 3
169 910 2
172 910 1
173 910 1
177 910 2
182 910 2
185 910 2
186 910 1
188 910 1
189 910 2
193 910 2
195 910 3
202 910 3
203 910 2
211 910 1
212 910 2
213 910 2
216 910 2
218 910 2
219 910 1
222 910 3
223 910 2
230 910 2
233 910 2
237 910 3
239 910 2
242 910 1
244 910 2
247 910 3
248 910 2
255 910 2
258 910 1
262 910 3
265 910 2
268 910 1
269 910 3
271 910 1
272 910 3
273 910 1
275 910 2
276 910 3
278 910 2
281 910 3
282 910 1
283 910 3
285 910 2
287 910 1
288 910 3
292 910 2
295 910 3
299 910 1
301 910 2
304 910 1
312 910 1
318 910 1
319 910 1
321 910 3
323 910 3
329 910 3
330 910 1
