683 598 1
687 598 2
691 598 1
700 598 2
701 598 2
707 598 3
709 598 3
710 598 3
711 598 1
712 598 3
714 598 1
720 598 3
721 598 1
724 598 1
725 598 3
726 598 1
728 598 3
731 598 1
737 598 3
738 598 2
739 598 3
744 598 2
749 598 2
755 598 1
757 598 3
760 598 3
762 598 1
765 598 2
773 598 1
776 598 3
778 598 3
780 598 3
782 598 3
785 598 3
786 598 2
787 598 3
791 598 2
796 598 2
798 598 3
799 598 1
802 598 2
803 598 3
809 598 2
811 598 3
812 598 1
815 598 3
817 598 3
821 598 1
823 598 1
825 598 2
834 598 2
837 598 3
840 598 3
842 598 1
844 598 3
845 598 3
849 598 3
853 598 2
857 598 3
860 598 2
866 598 1
867 598 2
868 598 1
871 598 1
872 598 2
875 598 1
879 598 2
881 598 2
882 598 1
883 598 1
887 598 1
888 598 2
889 598 3
890 598 2
892 598 1
898 598 3
899 598 1
906 598 1
907 598 1
914 598 1
915 598 2
919 598 3
924 598 3
925 598 3
926 598 2
927 598 3
931 598 3
936 598 1
937 598 1
940 598 1
945 598 3
946 598 2
948 598 1
951 598 2
952 598 1
954 598 1
961 598 2
962 598 2
963 598 2
965 598 2
966 598 1
967 598 3
969 598 2
971 598 2
972 598 2
977 598 1
979 598 1
980 598 1
982 598 1
983 598 2
984 598 3
988 598 2
990 598 2
996 598 1
0 599 1
5 599 3
9 599 3
10 599 1
20 599 1
21 599 1
24 599 3
27 599 3
28 599 2
33 599 1
34 599 3
36 599 2
40 599 3
46 599 1
47 599 2
51 599 2
53 599 3
57 599 3
60 599 1
67 599 2
75 599 3
76 599 2
86 599 1
90 599 2
91 599 1
92 599 2
95 599 3
100 599 2
102 599 3
104 599 3
109 599 1
112 599 3
113 599 2
114 599 2
117 599 2
121 599 1
128 599 3
131 599 2
133 599 2
134 599 3
140 599 2
153 599 3
156 599 2
157 599 1
168 599 3
171 599 1
172 599 3
175 599 2
176 599 1
178 599 3
179 599 3
183 599 2
190 599 1
191 599 1
195 599 1
198 599 2
201 599 2
203 599 1
204 599 3
205 599 2
211 599 3
214 599 3
223 599 3
230 599 2
238 599 1
239 599 3
244 599 3
245 599 2
246 599 2
250 599 3
253 599 3
254 599 1
257 599 1
260 599 1
261 599 2
268 599 1
274 599 1
275 599 1
282 599 1
286 599 3
287 599 1
290 599 3
291 599 1
295 599 3
297 599 3
304 599 3
308 599 2
309 599 2
313 599 1
317 599 1
320 599 1
321 599 3
324 599 2
325 599 3
328 599 2
329 599 2
342 599 3
345 599 3
347 599 3
349 599 3
351 599 1
357 599 1
376 599 1
377 599 2
379 599 1
380 599 2
384 599 2
385 599 3
386 599 2
389 599 2
390 599 1
394 599 1
397 599 1
398 599 2
399 599 2
400 599 1
401 599 1
408 599 2
414 599 1
417 599 1
425 599 3
428 599 1
430 599 3
432 599 1
433 599 2
434 599 1
435 599 2
437 599 1
442 599 3
447 599 1
448 599 1
456 599 2
458 599 2
461 599 3
462 599 3
463 599 2
467 599 2
468 599 1
469 599 1
475 599 1
476 599 2
477 599 1
480 599 2
481 599 1
491 599 1
494 599 3
497 599 3
498 599 2
499 599 1
500 599 3
504 599 3
510 599 3
513 599 3
516 599 2
519 599 2
520 599 1
524 599 2
525 599 3
530 599 2
531 599 2
533 599 3
539 599 1
541 599 3
543 599 3
544 599 3
547 599 2
551 599 2
559 599 2
560 599 1
565 599 2
568 599 2
574 599 1
583 599 1
584 599 1
585 599 3
587 599 2
591 599 3
596 599 3
597 599 3
599 599 1
600 599 1
604 599 3
608 599 3
612 599 1
614 599 2
615 599 1
616 599 3
617 599 3
621 599 1
623 599 3
624 599 2
636 599 1
642 599 3
646 599 2
647 599 3
651 599 3
652 599 1
653 599 2
654 599 3
657 599 2
659 599 1
660 599 1
661 599 2
662 599 1
685 599 2
687 599 1
689 599 1
691 599 2
693 599 2
697 599 1
700 599 3
702 599 2
704 599 2
707 599 2
716 599 2
717 599 1
718 599 3
719 599 2
725 599 1
730 599 3
735 599 3
736 599 2
741 599 1
745 599 2
746 599 3
747 599 1
748 599 2
749 599 1
752 599 2
756 599 2
761 599 2
766 599 3
769 599 2
770 599 3
771 599 2
778 599 3
781 599 2
785 599 2
786 599 1
787 599 2
789 599 1
790 599 3
797 599 3
798 599 1
811 599 2
812 599 1
815 599 2
817 599 1
823 599 2
825 599 1
826 599 2
832 599 1
836 599 2
838 599 1
842 599 1
845 599 3
847 599 3
848 599 3
849 599 3
850 599 1
852 599 3
853 599 2
860 599 1
862 599 2
868 599 3
871 599 1
877 599 2
878 599 2
879 599 3
882 599 1
884 599 2
888 599 1
889 599 2
892 599 3
895 599 1
901 599 2
904 599 2
906 599 3
912 599 3
913 599 1
917 599 3
922 599 1
923 599 1
925 599 1
926 599 3
927 599 2
931 599 3
935 599 2
936 599 2
938 599 3
939 599 3
941 599 2
948 599 3
951 599 2
952 599 1
958 599 1
959 599 1
960 599 2
964 599 2
966 599 1
968 599 3
973 599 1
976 599 2
984 599 3
985 599 1
987 599 1
988 599 3
991 599 1
993 599 2
994 599 2
997 599 3
998 599 1
999 599 1
3 600 1
5 600 2
8 600 3
10 600 1
12 600 1
15 600 3
16 600 1
19 600 1
20 600 2
24 600 3
32 600 3
35 600 1
39 600 3
41 600 2
43 600 2
46 600 3
49 600 1
54 600 2
59 600 3
61 600 1
62 600 1
63 600 2
69 600 3
72 600 2
73 600 3
74 600 2
77 600 1
78 600 2
81 600 1
83 600 1
88 600 3
92 600 2
94 600 2
97 600 2
100 600 1
101 600 3
102 600 1
104 600 1
105 600 3
111 600 1
115 600 3
117 600 1
118 600 3
119 600 1
120 600 3
121 600 2
123 600 3
124 600 3
130 600 2
132 600 3
133 600 3
137 600 3
138 600 3
141 600 1
142 600 3
145 600 2
146 600 3
147 600 3
148 600 1
149 600 1
150 600 1
157 600 2
160 600 2
165 600 2
169 600 3
172 600 3
176 600 1
192 600 2
193 600 2
194 600 3
195 600 3
200 600 3
203 600 1
206 600 2
212 600 3
215 600 3
222 600 2
224 600 1
227 600 2
228 600 3
232 600 2
235 600 1
240 600 2
241 600 1
245 600 1
249 600 1
255 600 3
257 600 2
258 600 1
259 600 1
261 600 3
262 600 1
263 600 1
267 600 1
268 600 1
270 600 3
271 600 3
273 600 1
274 600 3
276 600 2
277 600 1
278 600 2
282 600 1
287 600 3
288 600 3
291 600 1
295 600 3
296 600 1
298 600 1
299 600 2
305 600 2
306 600 1
307 600 2
317 600 3
318 600 3
321 600 1
322 600 3
323 600 2
324 600 2
325 600 2
327 600 3
328 600 1
334 600 2
336 600 3
337 600 1
342 600 2
349 600 2
354 600 1
355 600 3
368 600 2
373 600 3
376 600 3
382 600 2
386 600 2
387 600 1
391 600 3
393 600 3
397 600 1
400 600 1
407 600 2
408 600 3
409 600 3
413 600 2
423 600 1
430 600 1
432 600 1
434 600 3
447 600 1
450 600 3
452 600 3
455 600 2
458 600 3
459 600 1
462 600 1
463 600 2
469 600 1
470 600 3
472 600 3
474 600 3
475 600 1
479 600 3
480 600 1
490 600 2
492 600 1
503 600 1
506 600 2
508 600 1
512 600 3
519 600 2
520 600 1
524 600 2
531 600 3
532 600 1
536 600 1
538 600 1
539 600 1
543 600 1
544 600 2
545 600 2
546 600 3
548 600 1
554 600 1
556 600 3
565 600 3
567 600 2
573 600 3
574 600 3
578 600 1
581 600 1
583 600 3
584 600 1
587 600 3
591 600 2
594 600 1
596 600 3
601 600 1
603 600 2
604 600 1
609 600 3
611 600 1
615 600 3
617 600 3
618 600 1
621 600 3
622 600 3
627 600 2
629 600 1
631 600 1
634 600 1
640 600 3
641 600 2
644 600 3
646 600 2
649 600 1
650 600 1
654 600 1
656 600 3
667 600 2
668 600 2
671 600 3
674 600 3
677 600 1
678 600 3
682 600 2
683 600 1
684 600 3
686 600 3
689 600 1
690 600 3
694 600 2
705 600 1
708 600 1
710 600 2
712 600 2
718 600 3
719 600 1
720 600 3
721 600 1
723 600 1
