744 87 1
746 87 3
758 87 3
761 87 1
762 87 1
766 87 2
770 87 2
774 87 2
777 87 3
781 87 3
783 87 3
784 87 2
786 87 1
790 87 2
792 87 3
793 87 3
794 87 3
796 87 1
797 87 1
798 87 2
799 87 1
801 87 1
805 87 2
806 87 2
820 87 3
825 87 3
827 87 1
831 87 3
834 87 1
841 87 1
842 87 2
843 87 1
847 87 1
850 87 1
852 87 1
856 87 2
857 87 3
859 87 1
872 87 2
873 87 2
878 87 1
880 87 1
881 87 3
888 87 2
889 87 1
894 87 3
896 87 2
897 87 2
899 87 1
901 87 1
908 87 1
909 87 3
910 87 2
911 87 1
913 87 3
914 87 1
918 87 2
929 87 3
930 87 2
932 87 1
934 87 3
939 87 3
941 87 3
945 87 1
949 87 2
950 87 2
955 87 3
960 87 1
962 87 2
966 87 3
967 87 3
969 87 3
977 87 1
979 87 3
980 87 2
983 87 3
985 87 1
988 87 3
991 87 2
994 87 1
997 87 1
998 87 2
999 87 2
1 88 3
2 88 3
8 88 1
18 88 3
22 88 1
25 88 2
35 88 2
43 88 3
47 88 2
49 88 3
51 88 2
52 88 2
54 88 2
55 88 2
56 88 2
59 88 3
63 88 3
68 88 2
79 88 2
81 88 1
84 88 2
85 88 2
86 88 3
89 88 3
97 88 2
99 88 3
100 88 3
101 88 3
102 88 2
107 88 1
109 88 2
120 88 1
124 88 2
125 88 1
126 88 3
128 88 3
129 88 1
133 88 1
135 88 2
136 88 3
138 88 1
140 88 1
141 88 2
150 88 1
154 88 1
156 88 3
159 88 1
160 88 1
162 88 1
165 88 1
166 88 2
167 88 3
168 88 3
170 88 2
171 88 2
173 88 3
174 88 3
175 88 1
181 88 1
184 88 3
187 88 2
191 88 1
195 88 3
196 88 3
202 88 3
210 88 3
211 88 2
215 88 2
220 88 3
222 88 3
228 88 2
229 88 2
232 88 1
234 88 2
236 88 2
239 88 1
241 88 3
243 88 1
249 88 2
251 88 1
252 88 3
255 88 3
257 88 3
260 88 2
261 88 2
263 88 3
270 88 3
275 88 2
277 88 1
279 88 2
280 88 2
281 88 3
282 88 2
286 88 3
287 88 2
289 88 2
291 88 1
295 88 3
297 88 1
300 88 2
302 88 2
305 88 2
307 88 3
310 88 2
311 88 1
312 88 1
315 88 1
318 88 1
325 88 2
327 88 3
329 88 1
330 88 3
331 88 3
334 88 1
336 88 2
341 88 3
342 88 1
345 88 2
352 88 2
354 88 3
356 88 1
361 88 1
364 88 1
365 88 3
366 88 2
370 88 1
374 88 3
376 88 1
377 88 3
378 88 3
379 88 2
385 88 1
387 88 1
389 88 2
390 88 3
391 88 3
399 88 2
401 88 3
403 88 2
406 88 1
408 88 1
409 88 1
412 88 3
413 88 2
416 88 1
417 88 1
419 88 3
421 88 3
427 88 3
431 88 2
432 88 2
436 88 3
439 88 3
440 88 3
442 88 1
443 88 2
444 88 2
452 88 1
460 88 3
461 88 1
463 88 3
476 88 2
479 88 2
484 88 1
493 88 3
496 88 2
498 88 1
500 88 2
504 88 2
507 88 2
509 88 3
516 88 1
519 88 2
520 88 1
523 88 3
525 88 3
533 88 3
537 88 1
539 88 1
542 88 1
544 88 1
545 88 3
546 88 1
549 88 2
551 88 2
554 88 3
556 88 2
557 88 1
560 88 1
562 88 1
565 88 1
571 88 2
572 88 3
573 88 2
574 88 1
576 88 1
578 88 3
579 88 3
580 88 3
584 88 1
585 88 1
586 88 1
587 88 3
596 88 2
597 88 1
599 88 1
600 88 1
601 88 3
603 88 1
604 88 1
606 88 2
607 88 3
608 88 2
616 88 3
621 88 1
629 88 3
633 88 2
634 88 3
635 88 2
640 88 1
648 88 3
650 88 1
653 88 3
654 88 2
656 88 1
665 88 2
666 88 2
669 88 2
670 88 2
675 88 1
677 88 3
680 88 3
684 88 1
689 88 2
690 88 2
693 88 3
697 88 3
698 88 2
705 88 2
706 88 1
707 88 3
708 88 3
710 88 3
712 88 2
713 88 1
722 88 3
723 88 2
724 88 2
726 88 2
727 88 1
730 88 2
736 88 3
742 88 2
743 88 2
744 88 1
747 88 3
751 88 3
756 88 2
758 88 1
761 88 1
763 88 3
765 88 3
766 88 1
768 88 1
771 88 1
775 88 3
776 88 2
778 88 2
789 88 2
793 88 1
794 88 2
795 88 1
802 88 3
805 88 3
810 88 2
812 88 3
813 88 3
814 88 3
818 88 3
819 88 2
821 88 3
825 88 2
829 88 1
831 88 1
837 88 1
844 88 1
845 88 3
847 88 1
848 88 1
852 88 2
855 88 1
862 88 1
863 88 1
867 88 2
869 88 2
871 88 3
872 88 2
878 88 3
882 88 1
883 88 3
895 88 2
896 88 3
900 88 2
901 88 1
903 88 1
904 88 2
910 88 3
912 88 2
914 88 3
918 88 2
924 88 2
925 88 3
926 88 2
927 88 2
929 88 2
931 88 1
932 88 2
947 88 3
949 88 3
951 88 3
954 88 3
958 88 3
960 88 1
962 88 3
967 88 3
972 88 2
975 88 1
977 88 2
978 88 2
979 88 1
980 88 1
981 88 2
982 88 3
985 88 3
987 88 2
994 88 2
995 88 2
996 88 3
999 88 2
0 89 2
3 89 3
4 89 2
6 89 3
9 89 2
11 89 1
12 89 1
13 89 2
16 89 3
17 89 1
19 89 2
24 89 3
27 89 2
33 89 2
35 89 2
37 89 2
43 89 3
48 89 1
55 89 3
59 89 2
60 89 1
62 89 3
64 89 1
65 89 3
68 89 2
73 89 1
78 89 3
80 89 2
82 89 1
87 89 2
89 89 2
90 89 1
91 89 1
92 89 2
94 89 2
96 89 3
101 89 3
102 89 3
103 89 3
106 89 3
107 89 3
108 89 2
110 89 3
111 89 3
112 89 1
115 89 1
119 89 1
121 89 3
122 89 2
127 89 3
134 89 1
137 89 3
139 89 3
140 89 2
142 89 2
144 89 3
145 89 2
146 89 1
152 89 1
155 89 1
159 89 3
162 89 1
165 89 3
171 89 1
172 89 2
173 89 1
174 89 3
175 89 1
176 89 1
183 89 3
184 89 3
187 89 3
188 89 1
189 89 2
197 89 2
200 89 1
201 89 2
202 89 2
205 89 1
206 89 3
208 89 3
213 89 2
216 89 1
220 89 1
222 89 3
224 89 2
233 89 1
234 89 2
235 89 1
240 89 3
244 89 1
250 89 1
261 89 3
262 89 2
267 89 1
269 89 1
270 89 3
272 89 2
277 89 3
278 89 1
286 89 2
289 89 3
291 89 3
292 89 2
294 89 3
297 89 2
300 89 3
303 89 3
304 89 1
306 89 3
317 89 1
322 89 1
323 89 1
324 89 1
326 89 3
327 89 2
328 89 2
329 89 2
331 89 1
333 89 2
334 89 2
335 89 1
338 89 3
339 89 2
340 89 1
343 89 3
346 89 2
347 89 3
349 89 3
353 89 2
354 89 2
358 89 2
365 89 1
367 89 1
368 89 1
371 89 2
375 89 3
391 89 3
393 89 2
396 89 1
398 89 1
399 89 1
405 89 1
407 89 1
417 89 1
425 89 3
427 89 1
428 89 2
430 89 3
433 89 1
435 89 1
436 89 3
437 89 3
438 89 3
441 89 3
442 89 3
446 89 2
452 89 3
455 89 2
459 89 1
461 89 3
467 89 1
469 89 3
470 89 1
471 89 3
473 89 2
475 89 2
478 89 1
479 89 2
480 89 3
481 89 3
484 89 2
487 89 3
492 89 2
494 89 2
497 89 2
503 89 3
505 89 2
508 89 1
510 89 1
513 89 3
515 89 2
519 89 3
521 89 1
523 89 2
524 89 3
528 89 1
529 89 2
530 89 3
533 89 2
535 89 2
536 89 3
537 89 2
539 89 3
540 89 2
541 89 2
545 89 2
550 89 2
551 89 3
556 89 1
557 89 1
558 89 1
560 89 1
561 89 1
562 89 3
567 89 1
569 89 3
570 89 1
572 89 2
576 89 1
577 89 3
579 89 3
587 89 2
590 89 2
593 89 2
596 89 2
598 89 2
602 89 2
605 89 2
606 89 2
608 89 1
613 89 2
616 89 1
617 89 1
623 89 3
624 89 2
626 89 1
627 89 1
629 89 2
633 89 3
634 89 2
635 89 2
637 89 2
643 89 2
644 89 3
647 89 1
649 89 2
650 89 1
651 89 1
652 89 1
659 89 3
669 89 3
673 89 2
674 89 1
