237 283 2
239 283 2
240 283 3
241 283 3
242 283 1
246 283 3
247 283 3
249 283 1
251 283 1
252 283 3
254 283 2
255 283 1
260 283 3
261 283 2
264 283 2
267 283 1
278 283 3
279 283 2
280 283 1
283 283 1
289 283 1
291 283 3
294 283 2
295 283 2
296 283 1
300 283 1
302 283 1
303 283 1
311 283 2
312 283 1
315 283 1
318 283 2
325 283 3
328 283 2
332 283 1
335 283 1
336 283 2
337 283 2
339 283 2
349 283 3
352 283 2
353 283 2
354 283 3
356 283 3
358 283 2
361 283 3
365 283 2
367 283 2
373 283 1
377 283 1
379 283 3
382 283 2
386 283 1
387 283 2
390 283 2
397 283 3
399 283 2
401 283 2
402 283 3
403 283 1
405 283 2
406 283 2
407 283 2
411 283 1
412 283 3
414 283 1
415 283 1
417 283 2
418 283 2
423 283 3
424 283 2
427 283 3
432 283 1
437 283 2
440 283 2
446 283 1
453 283 2
454 283 2
456 283 3
458 283 2
470 283 3
473 283 1
475 283 2
479 283 1
480 283 2
482 283 2
487 283 3
488 283 1
491 283 1
496 283 2
497 283 3
498 283 1
500 283 1
501 283 3
503 283 1
508 283 2
510 283 1
511 283 2
518 283 1
521 283 3
527 283 3
528 283 1
530 283 2
531 283 2
532 283 2
533 283 1
535 283 1
539 283 2
548 283 2
552 283 2
554 283 3
556 283 2
559 283 2
566 283 2
569 283 1
573 283 1
576 283 3
577 283 2
578 283 1
579 283 1
584 283 3
588 283 3
589 283 3
593 283 3
594 283 1
597 283 1
601 283 1
602 283 1
609 283 3
615 283 3
618 283 3
621 283 3
626 283 3
631 283 3
632 283 1
635 283 1
644 283 3
646 283 3
651 283 3
655 283 3
662 283 1
670 283 3
671 283 2
672 283 1
674 283 1
676 283 3
677 283 3
681 283 2
685 283 3
689 283 1
692 283 1
694 283 3
695 283 3
697 283 3
699 283 2
701 283 1
703 283 1
704 283 3
705 283 1
706 283 1
711 283 3
712 283 1
716 283 1
720 283 3
721 283 3
724 283 1
735 283 1
736 283 3
738 283 2
739 283 1
742 283 1
748 283 3
749 283 3
752 283 3
756 283 3
757 283 1
759 283 2
768 283 1
770 283 1
775 283 1
778 283 3
783 283 2
786 283 1
792 283 3
793 283 1
794 283 1
797 283 2
798 283 2
800 283 1
801 283 1
802 283 2
804 283 3
806 283 3
808 283 2
809 283 2
810 283 3
811 283 2
817 283 3
820 283 3
823 283 3
824 283 2
826 283 2
828 283 1
829 283 1
835 283 1
840 283 3
841 283 1
843 283 3
844 283 2
848 283 1
851 283 2
853 283 2
857 283 3
859 283 1
865 283 3
868 283 3
879 283 2
885 283 1
886 283 1
888 283 3
891 283 2
893 283 1
899 283 2
901 283 1
903 283 2
907 283 2
909 283 3
912 283 2
916 283 3
918 283 1
926 283 3
927 283 2
929 283 1
936 283 1
941 283 3
942 283 3
944 283 2
946 283 2
949 283 2
953 283 3
962 283 2
966 283 1
967 283 1
968 283 2
973 283 1
978 283 1
985 283 1
988 283 1
990 283 3
992 283 1
993 283 2
994 283 3
996 283 3
997 283 3
2 284 3
3 284 1
7 284 2
13 284 1
20 284 2
21 284 2
23 284 1
24 284 2
25 284 3
26 284 3
27 284 1
29 284 1
31 284 3
32 284 3
33 284 1
34 284 3
42 284 3
45 284 2
48 284 1
51 284 2
57 284 2
58 284 2
64 284 1
66 284 3
68 284 3
74 284 1
77 284 3
78 284 1
79 284 2
81 284 3
82 284 1
88 284 2
90 284 2
92 284 1
94 284 2
95 284 3
96 284 1
100 284 2
101 284 2
102 284 1
103 284 2
105 284 2
111 284 2
113 284 2
118 284 1
121 284 2
123 284 2
125 284 1
127 284 3
130 284 3
131 284 2
132 284 3
136 284 1
138 284 3
145 284 2
151 284 2
156 284 3
159 284 3
160 284 2
162 284 3
166 284 3
173 284 3
174 284 2
177 284 2
178 284 2
180 284 1
185 284 3
189 284 2
192 284 1
193 284 1
194 284 1
195 284 3
196 284 2
198 284 1
199 284 1
200 284 2
202 284 3
203 284 3
206 284 1
207 284 2
208 284 2
210 284 1
211 284 3
212 284 3
217 284 3
223 284 1
224 284 2
226 284 3
227 284 1
231 284 1
238 284 3
240 284 2
244 284 3
245 284 2
250 284 2
253 284 2
256 284 1
257 284 3
259 284 2
263 284 3
266 284 3
270 284 2
271 284 3
274 284 2
280 284 2
281 284 3
282 284 1
286 284 3
287 284 1
288 284 3
290 284 1
294 284 2
296 284 3
299 284 3
311 284 1
321 284 1
324 284 2
332 284 2
336 284 2
337 284 2
338 284 1
340 284 3
345 284 2
347 284 2
351 284 2
373 284 2
378 284 3
379 284 1
380 284 1
381 284 1
382 284 2
384 284 3
394 284 3
396 284 2
399 284 1
401 284 1
406 284 2
408 284 1
409 284 1
413 284 1
421 284 1
423 284 2
425 284 2
426 284 3
428 284 3
432 284 3
435 284 3
441 284 3
442 284 1
448 284 1
461 284 2
465 284 2
467 284 2
470 284 1
471 284 2
473 284 1
474 284 3
479 284 3
489 284 2
490 284 3
491 284 1
501 284 1
502 284 3
505 284 1
507 284 3
508 284 3
511 284 3
513 284 3
514 284 2
515 284 3
516 284 3
517 284 2
518 284 3
520 284 3
521 284 3
523 284 2
528 284 2
529 284 2
531 284 1
532 284 2
534 284 2
541 284 1
543 284 3
544 284 1
546 284 1
548 284 1
550 284 3
552 284 2
554 284 1
555 284 3
557 284 2
558 284 2
559 284 3
560 284 2
561 284 3
565 284 2
566 284 1
570 284 2
571 284 3
573 284 2
574 284 3
575 284 2
579 284 2
580 284 1
581 284 3
582 284 3
583 284 3
584 284 1
586 284 2
587 284 2
588 284 2
589 284 3
590 284 2
591 284 2
592 284 1
593 284 3
596 284 3
597 284 3
599 284 3
601 284 2
602 284 3
603 284 2
608 284 1
612 284 1
613 284 3
614 284 2
619 284 1
624 284 1
625 284 1
626 284 3
628 284 3
633 284 3
634 284 3
635 284 3
636 284 1
637 284 2
639 284 3
642 284 1
645 284 3
653 284 2
656 284 3
657 284 1
658 284 3
659 284 2
662 284 3
663 284 2
664 284 1
668 284 1
671 284 1
675 284 3
677 284 3
678 284 1
681 284 1
685 284 1
687 284 1
688 284 3
689 284 3
690 284 2
691 284 1
695 284 1
696 284 1
701 284 1
708 284 2
709 284 2
713 284 3
718 284 2
721 284 1
722 284 1
724 284 1
725 284 3
726 284 2
727 284 2
730 284 1
738 284 3
739 284 3
744 284 2
745 284 3
747 284 1
749 284 3
751 284 1
752 284 3
756 284 1
759 284 1
760 284 1
762 284 1
766 284 1
768 284 2
769 284 3
773 284 1
774 284 1
783 284 2
788 284 3
789 284 1
791 284 3
798 284 1
804 284 3
806 284 3
812 284 1
817 284 3
820 284 3
825 284 1
826 284 2
828 284 3
830 284 3
835 284 2
841 284 1
843 284 1
845 284 2
846 284 3
851 284 2
855 284 1
859 284 2
860 284 2
861 284 1
862 284 3
866 284 1
870 284 3
871 284 2
874 284 1
878 284 1
879 284 1
880 284 3
893 284 2
894 284 2
902 284 3
905 284 3
906 284 2
911 284 1
913 284 2
914 284 2
922 284 2
923 284 2
927 284 3
928 284 3
931 284 1
936 284 2
937 284 1
942 284 3
949 284 3
952 284 1
954 284 2
956 284 3
957 284 1
968 284 1
971 284 1
972 284 2
974 284 3
978 284 3
980 284 2
981 284 1
984 284 3
987 284 1
990 284 3
992 284 1
994 284 3
995 284 3
997 284 3
4 285 1
9 285 3
10 285 1
11 285 1
13 285 1
14 285 3
30 285 2
41 285 3
49 285 3
51 285 1
55 285 2
56 285 1
62 285 3
63 285 2
65 285 1
66 285 3
67 285 3
69 285 1
70 285 2
72 285 1
74 285 3
75 285 1
76 285 2
78 285 1
80 285 2
81 285 3
82 285 1
88 285 3
89 285 3
90 285 2
102 285 3
109 285 2
115 285 3
117 285 2
121 285 3
129 285 2
130 285 1
133 285 3
143 285 3
144 285 2
146 285 2
147 285 3
148 285 2
154 285 2
156 285 3
164 285 2
165 285 2
167 285 3
174 285 3
175 285 3
181 285 3
182 285 3
195 285 2
196 285 1
197 285 3
