743 392 3
746 392 1
753 392 3
757 392 3
758 392 1
759 392 3
760 392 3
761 392 1
765 392 3
766 392 1
769 392 2
773 392 3
774 392 3
775 392 2
779 392 1
783 392 2
784 392 1
785 392 2
786 392 3
788 392 1
794 392 3
798 392 2
799 392 2
803 392 2
806 392 2
807 392 3
809 392 3
812 392 1
815 392 2
818 392 1
828 392 3
836 392 1
837 392 2
839 392 2
844 392 3
845 392 1
848 392 1
852 392 2
855 392 2
856 392 1
868 392 2
869 392 2
871 392 3
875 392 2
880 392 3
881 392 2
884 392 2
886 392 2
889 392 3
891 392 3
896 392 3
897 392 3
899 392 3
900 392 2
901 392 1
902 392 1
903 392 2
908 392 2
909 392 2
910 392 2
917 392 2
919 392 3
923 392 1
925 392 2
931 392 2
932 392 2
937 392 1
939 392 3
942 392 2
945 392 1
951 392 3
954 392 3
956 392 3
957 392 2
958 392 2
959 392 1
964 392 1
965 392 3
967 392 3
968 392 1
969 392 2
976 392 2
978 392 1
983 392 3
986 392 1
988 392 3
990 392 2
992 392 2
999 392 1
0 393 1
4 393 1
10 393 1
11 393 3
13 393 3
14 393 1
16 393 2
17 393 3
19 393 3
31 393 3
36 393 1
40 393 1
42 393 3
43 393 2
44 393 2
46 393 2
49 393 1
53 393 1
54 393 1
55 393 2
58 393 3
62 393 3
63 393 2
64 393 3
65 393 3
69 393 1
71 393 1
72 393 1
75 393 3
76 393 3
77 393 3
82 393 1
83 393 2
84 393 2
85 393 3
87 393 3
90 393 1
92 393 1
95 393 1
96 393 3
98 393 3
101 393 1
102 393 1
107 393 1
108 393 3
109 393 1
111 393 1
116 393 3
119 393 1
121 393 1
125 393 1
126 393 1
128 393 1
130 393 2
133 393 2
135 393 1
137 393 1
139 393 3
140 393 1
143 393 3
144 393 3
145 393 3
147 393 1
155 393 1
156 393 2
163 393 2
165 393 2
168 393 3
169 393 2
171 393 3
172 393 2
177 393 2
179 393 2
186 393 3
191 393 1
193 393 2
196 393 1
199 393 3
202 393 2
206 393 3
207 393 1
210 393 2
212 393 1
220 393 2
221 393 1
225 393 3
228 393 1
233 393 3
241 393 1
251 393 1
254 393 1
259 393 1
266 393 3
271 393 3
273 393 2
274 393 1
276 393 3
285 393 3
288 393 2
291 393 3
292 393 2
294 393 2
300 393 3
304 393 3
305 393 1
310 393 2
315 393 1
317 393 3
320 393 2
322 393 1
330 393 2
331 393 3
332 393 1
334 393 3
336 393 1
339 393 3
342 393 2
344 393 1
346 393 2
347 393 1
348 393 2
349 393 2
352 393 2
354 393 3
360 393 3
365 393 2
366 393 2
367 393 1
369 393 3
370 393 2
371 393 2
375 393 1
376 393 2
377 393 3
378 393 2
388 393 1
391 393 2
392 393 2
393 393 2
396 393 1
397 393 1
400 393 2
402 393 2
403 393 3
404 393 3
410 393 2
413 393 1
417 393 1
420 393 3
421 393 1
422 393 2
423 393 1
426 393 1
428 393 3
430 393 3
431 393 3
432 393 1
437 393 3
439 393 3
445 393 1
446 393 3
448 393 1
454 393 1
458 393 2
459 393 1
460 393 1
461 393 2
463 393 1
469 393 2
473 393 3
476 393 2
478 393 3
480 393 1
485 393 3
486 393 3
487 393 2
494 393 3
496 393 3
501 393 1
504 393 2
507 393 1
508 393 3
511 393 1
513 393 1
516 393 3
519 393 3
522 393 1
523 393 1
524 393 3
531 393 2
532 393 2
536 393 2
537 393 3
544 393 3
545 393 1
546 393 2
547 393 1
548 393 2
549 393 3
550 393 2
553 393 3
555 393 3
556 393 3
557 393 1
559 393 3
560 393 3
561 393 1
565 393 3
566 393 2
569 393 3
572 393 2
575 393 1
576 393 2
579 393 2
580 393 2
581 393 1
583 393 1
590 393 3
591 393 2
599 393 2
604 393 2
606 393 2
611 393 2
612 393 2
615 393 3
616 393 2
619 393 1
620 393 3
622 393 1
623 393 1
625 393 3
633 393 2
636 393 3
637 393 2
641 393 1
646 393 2
647 393 1
648 393 3
654 393 3
656 393 3
657 393 1
661 393 3
662 393 2
667 393 3
668 393 2
669 393 2
670 393 2
674 393 2
680 393 2
687 393 1
690 393 2
691 393 3
692 393 3
700 393 2
701 393 2
702 393 3
708 393 1
710 393 3
715 393 3
717 393 2
719 393 1
724 393 3
727 393 2
728 393 3
743 393 3
745 393 2
750 393 3
752 393 2
756 393 1
759 393 1
760 393 3
761 393 2
762 393 2
765 393 2
766 393 3
769 393 2
779 393 2
780 393 3
784 393 3
786 393 3
794 393 3
796 393 3
798 393 1
801 393 2
804 393 2
808 393 3
811 393 3
812 393 1
813 393 2
814 393 3
816 393 1
820 393 1
821 393 1
825 393 1
828 393 1
833 393 2
835 393 2
844 393 3
846 393 3
847 393 3
848 393 2
852 393 1
854 393 1
855 393 3
866 393 3
869 393 1
877 393 1
880 393 3
882 393 2
884 393 1
886 393 1
889 393 1
896 393 2
901 393 3
902 393 1
912 393 1
913 393 3
915 393 3
920 393 2
924 393 1
926 393 1
928 393 2
929 393 2
933 393 2
934 393 3
942 393 3
944 393 1
945 393 2
948 393 2
949 393 2
951 393 2
952 393 2
953 393 2
955 393 2
957 393 2
960 393 1
967 393 3
968 393 2
969 393 2
974 393 2
976 393 3
977 393 3
981 393 3
982 393 2
984 393 1
988 393 1
989 393 1
990 393 2
993 393 1
995 393 3
996 393 3
6 394 3
7 394 2
10 394 1
11 394 2
12 394 2
16 394 2
18 394 2
21 394 3
22 394 1
23 394 2
25 394 2
27 394 1
28 394 1
29 394 3
30 394 3
31 394 3
32 394 3
33 394 1
36 394 3
41 394 1
44 394 3
45 394 2
54 394 3
55 394 1
62 394 1
63 394 1
65 394 1
66 394 2
68 394 1
70 394 2
72 394 1
81 394 3
86 394 3
90 394 1
92 394 2
97 394 1
102 394 2
104 394 2
105 394 1
107 394 1
108 394 3
109 394 3
110 394 2
113 394 2
114 394 3
116 394 1
118 394 1
122 394 3
123 394 3
124 394 1
128 394 1
137 394 2
139 394 3
140 394 2
144 394 3
146 394 2
148 394 2
156 394 3
163 394 2
167 394 3
168 394 3
173 394 2
178 394 1
181 394 3
183 394 2
194 394 1
197 394 2
199 394 3
200 394 2
201 394 1
204 394 2
205 394 1
217 394 1
220 394 3
221 394 2
225 394 1
226 394 1
228 394 2
230 394 3
231 394 3
235 394 2
236 394 3
237 394 3
239 394 2
240 394 3
243 394 3
245 394 3
247 394 2
248 394 3
255 394 2
257 394 2
258 394 3
259 394 1
260 394 2
261 394 2
262 394 2
263 394 2
278 394 2
281 394 3
286 394 2
287 394 3
290 394 1
292 394 2
293 394 2
295 394 2
303 394 3
308 394 1
309 394 3
310 394 3
312 394 1
316 394 3
317 394 2
318 394 3
324 394 3
325 394 1
328 394 1
335 394 2
338 394 2
345 394 1
346 394 1
347 394 2
349 394 1
351 394 1
354 394 2
355 394 2
357 394 3
359 394 2
360 394 2
362 394 2
365 394 2
375 394 3
382 394 3
386 394 1
397 394 2
401 394 3
403 394 2
404 394 1
405 394 1
408 394 1
409 394 2
413 394 2
414 394 1
415 394 1
421 394 1
423 394 3
426 394 2
433 394 3
434 394 3
435 394 2
436 394 2
443 394 3
449 394 3
450 394 2
452 394 1
454 394 1
456 394 1
457 394 2
459 394 2
460 394 3
461 394 3
464 394 3
470 394 2
471 394 3
473 394 3
480 394 3
482 394 2
485 394 2
489 394 3
490 394 2
491 394 1
492 394 1
493 394 2
495 394 3
502 394 3
504 394 2
505 394 2
506 394 2
507 394 2
510 394 1
512 394 1
513 394 2
517 394 3
518 394 3
519 394 3
521 394 1
523 394 3
528 394 2
530 394 3
534 394 3
536 394 3
537 394 1
540 394 2
547 394 2
553 394 1
557 394 1
558 394 2
561 394 3
562 394 3
564 394 3
566 394 2
570 394 1
571 394 3
572 394 1
577 394 3
582 394 2
585 394 1
592 394 2
601 394 3
603 394 1
604 394 2
607 394 2
608 394 2
610 394 3
611 394 3
612 394 2
613 394 1
616 394 1
622 394 1
623 394 2
625 394 1
628 394 2
629 394 2
635 394 3
637 394 1
638 394 2
639 394 1
