703 990 1
704 990 1
707 990 2
714 990 1
715 990 3
719 990 1
720 990 3
732 990 2
735 990 3
751 990 1
755 990 3
762 990 3
764 990 2
765 990 3
767 990 3
768 990 1
775 990 1
776 990 3
781 990 3
786 990 1
787 990 3
788 990 1
789 990 3
790 990 2
792 990 3
793 990 3
794 990 2
795 990 3
796 990 1
802 990 1
805 990 3
810 990 3
813 990 3
814 990 2
818 990 1
821 990 3
822 990 3
823 990 1
825 990 2
830 990 3
847 990 3
850 990 3
851 990 2
856 990 2
857 990 3
858 990 3
860 990 3
861 990 3
869 990 2
873 990 1
875 990 1
879 990 1
883 990 2
885 990 3
890 990 3
895 990 3
896 990 3
898 990 1
899 990 2
901 990 3
904 990 3
906 990 1
909 990 3
911 990 1
916 990 3
917 990 3
919 990 1
920 990 3
923 990 3
927 990 1
928 990 2
931 990 1
938 990 3
942 990 3
945 990 1
948 990 2
950 990 1
952 990 1
953 990 3
955 990 3
956 990 3
968 990 1
973 990 3
976 990 2
978 990 2
980 990 2
986 990 1
988 990 2
991 990 2
993 990 1
996 990 2
997 990 3
1 991 1
2 991 2
7 991 3
15 991 3
17 991 3
20 991 2
22 991 2
25 991 1
26 991 1
36 991 3
38 991 3
40 991 3
41 991 1
44 991 2
45 991 3
52 991 2
56 991 1
57 991 3
61 991 1
64 991 1
66 991 2
67 991 3
70 991 3
71 991 2
75 991 2
83 991 2
84 991 1
85 991 3
86 991 3
88 991 1
90 991 3
92 991 2
95 991 2
96 991 3
100 991 1
101 991 3
102 991 2
105 991 2
106 991 3
111 991 3
115 991 2
118 991 2
126 991 2
127 991 1
128 991 2
130 991 2
131 991 3
139 991 3
145 991 1
148 991 1
155 991 2
163 991 2
165 991 1
169 991 1
171 991 1
175 991 2
176 991 3
181 991 1
183 991 3
192 991 1
193 991 2
194 991 2
197 991 3
199 991 1
203 991 1
208 991 3
220 991 3
228 991 2
229 991 2
230 991 3
231 991 1
236 991 1
237 991 3
238 991 1
239 991 3
241 991 2
242 991 3
246 991 1
248 991 3
256 991 2
257 991 2
258 991 3
264 991 2
266 991 1
267 991 2
268 991 2
271 991 1
276 991 1
281 991 2
285 991 2
286 991 3
293 991 1
294 991 2
295 991 1
302 991 3
305 991 2
307 991 3
308 991 2
311 991 1
316 991 2
319 991 1
322 991 2
323 991 3
328 991 2
330 991 3
332 991 2
333 991 1
336 991 2
340 991 1
344 991 3
348 991 2
349 991 2
352 991 1
355 991 1
356 991 2
362 991 1
367 991 2
368 991 3
369 991 1
370 991 3
371 991 3
372 991 1
373 991 3
378 991 2
379 991 1
380 991 1
381 991 2
383 991 3
389 991 1
391 991 1
394 991 3
398 991 2
400 991 3
403 991 2
404 991 1
408 991 1
409 991 3
412 991 1
415 991 3
420 991 3
427 991 2
432 991 3
433 991 1
434 991 3
443 991 3
447 991 1
449 991 2
454 991 3
458 991 2
459 991 2
462 991 3
466 991 1
468 991 2
473 991 1
484 991 1
485 991 3
489 991 1
498 991 1
503 991 2
505 991 1
506 991 3
511 991 1
512 991 2
514 991 3
518 991 3
527 991 1
529 991 3
530 991 1
532 991 3
533 991 1
536 991 3
538 991 3
539 991 3
540 991 2
542 991 1
550 991 2
551 991 2
552 991 1
556 991 3
557 991 1
559 991 2
563 991 1
566 991 1
567 991 3
573 991 3
579 991 2
583 991 2
586 991 1
587 991 3
597 991 2
600 991 3
606 991 1
611 991 3
614 991 1
620 991 2
622 991 2
638 991 3
639 991 2
640 991 3
644 991 2
648 991 3
649 991 2
650 991 2
653 991 2
655 991 3
656 991 1
657 991 3
663 991 3
667 991 1
670 991 1
671 991 2
672 991 1
675 991 1
680 991 1
693 991 1
697 991 1
701 991 1
703 991 3
707 991 2
710 991 1
712 991 2
715 991 1
718 991 1
720 991 1
722 991 2
725 991 3
728 991 3
729 991 3
733 991 3
735 991 3
736 991 3
749 991 2
750 991 2
754 991 3
756 991 3
757 991 1
758 991 1
762 991 3
763 991 3
765 991 2
766 991 1
776 991 2
780 991 2
781 991 3
792 991 2
796 991 1
797 991 2
808 991 3
809 991 3
811 991 3
814 991 2
819 991 3
824 991 2
825 991 2
836 991 3
839 991 2
840 991 3
842 991 3
843 991 1
858 991 1
859 991 2
861 991 2
865 991 1
871 991 3
881 991 2
884 991 1
889 991 1
892 991 2
893 991 1
894 991 1
896 991 3
899 991 2
905 991 2
909 991 3
912 991 2
914 991 1
920 991 1
921 991 1
924 991 3
927 991 1
930 991 3
931 991 1
932 991 2
937 991 2
944 991 2
947 991 3
948 991 1
953 991 2
954 991 2
960 991 1
962 991 2
964 991 3
966 991 2
970 991 2
971 991 2
975 991 2
978 991 2
980 991 2
985 991 1
988 991 1
992 991 3
996 991 1
998 991 1
999 991 3
3 992 1
5 992 1
7 992 1
10 992 1
12 992 1
13 992 1
15 992 3
16 992 2
18 992 1
19 992 1
25 992 2
37 992 1
39 992 3
40 992 1
59 992 3
61 992 3
65 992 1
66 992 2
69 992 1
73 992 2
76 992 1
78 992 1
79 992 3
82 992 2
85 992 3
92 992 1
101 992 3
107 992 2
112 992 3
115 992 2
116 992 3
117 992 1
119 992 2
128 992 3
130 992 2
133 992 1
135 992 3
136 992 1
139 992 3
140 992 1
143 992 1
145 992 1
149 992 1
153 992 3
155 992 1
157 992 3
159 992 2
162 992 2
163 992 3
164 992 3
165 992 3
166 992 3
167 992 2
168 992 1
169 992 2
171 992 2
172 992 2
174 992 3
178 992 3
180 992 3
187 992 3
188 992 1
190 992 3
193 992 2
195 992 3
197 992 3
200 992 3
202 992 3
208 992 1
213 992 2
218 992 1
220 992 1
225 992 2
227 992 1
228 992 2
232 992 3
233 992 2
234 992 2
235 992 3
236 992 2
237 992 3
239 992 2
244 992 2
252 992 3
261 992 2
262 992 2
264 992 3
266 992 2
270 992 1
275 992 2
280 992 2
281 992 2
283 992 2
285 992 1
286 992 3
287 992 3
296 992 3
297 992 2
298 992 1
300 992 1
303 992 2
310 992 3
311 992 1
314 992 2
315 992 3
316 992 3
317 992 3
318 992 1
322 992 3
328 992 2
335 992 3
337 992 2
338 992 3
339 992 2
340 992 2
348 992 2
359 992 2
362 992 3
365 992 1
368 992 3
371 992 1
375 992 3
378 992 1
384 992 2
385 992 1
388 992 1
389 992 3
390 992 1
392 992 2
393 992 1
401 992 3
408 992 3
412 992 1
413 992 1
417 992 1
418 992 2
432 992 1
435 992 3
440 992 3
442 992 3
443 992 1
444 992 3
447 992 1
448 992 1
454 992 2
455 992 2
462 992 1
464 992 1
471 992 3
474 992 2
479 992 2
482 992 2
485 992 3
488 992 2
489 992 3
491 992 2
494 992 1
495 992 1
496 992 3
499 992 1
500 992 2
502 992 2
507 992 3
509 992 3
512 992 2
513 992 3
514 992 1
515 992 2
519 992 2
522 992 3
529 992 1
531 992 1
539 992 2
541 992 1
542 992 1
553 992 3
555 992 3
557 992 3
560 992 2
564 992 1
565 992 2
566 992 1
568 992 1
569 992 3
570 992 1
574 992 2
577 992 3
578 992 1
579 992 3
580 992 3
588 992 3
590 992 3
591 992 1
594 992 1
595 992 3
598 992 3
599 992 1
603 992 2
605 992 1
607 992 1
615 992 1
618 992 2
619 992 3
625 992 3
632 992 2
635 992 3
642 992 3
645 992 2
648 992 2
650 992 1
655 992 2
656 992 1
659 992 2
661 992 1
668 992 3
675 992 3
683 992 3
684 992 2
691 992 3
692 992 3
697 992 1
702 992 1
710 992 1
711 992 2
715 992 1
716 992 2
718 992 1
719 992 2
720 992 3
722 992 3
725 992 2
730 992 1
731 992 3
732 992 3
735 992 1
742 992 1
743 992 2
749 992 1
760 992 3
771 992 3
772 992 3
775 992 2
777 992 1
779 992 2
780 992 1
781 992 3
782 992 3
787 992 3
790 992 3
791 992 3
794 992 3
797 992 1
798 992 2
801 992 3
812 992 3
820 992 3
822 992 2
826 992 2
827 992 3
835 992 2
837 992 2
848 992 1
849 992 3
852 992 1
853 992 2
856 992 1
858 992 2
860 992 3
863 992 2
865 992 1
