368 808 1
369 808 3
374 808 1
375 808 1
378 808 3
381 808 3
383 808 3
389 808 2
393 808 3
394 808 3
395 808 1
396 808 2
397 808 3
404 808 2
405 808 2
406 808 1
410 808 3
412 808 3
415 808 3
416 808 3
419 808 3
421 808 1
426 808 3
427 808 3
429 808 1
430 808 3
431 808 1
442 808 1
449 808 1
456 808 2
458 808 2
462 808 2
463 808 1
465 808 3
473 808 1
481 808 3
488 808 3
491 808 2
493 808 2
494 808 2
495 808 2
497 808 2
500 808 3
505 808 3
508 808 2
513 808 2
517 808 1
520 808 3
522 808 2
531 808 1
533 808 3
547 808 1
553 808 3
559 808 3
564 808 1
567 808 1
573 808 3
574 808 1
576 808 2
578 808 2
580 808 3
588 808 2
589 808 2
591 808 2
594 808 1
595 808 1
598 808 2
602 808 2
607 808 1
608 808 3
613 808 2
621 808 2
622 808 3
627 808 2
630 808 1
633 808 1
634 808 2
635 808 2
644 808 3
646 808 3
647 808 3
651 808 3
652 808 1
656 808 3
658 808 2
660 808 1
661 808 1
665 808 3
671 808 1
682 808 2
684 808 2
686 808 1
688 808 3
694 808 2
695 808 3
699 808 2
703 808 1
704 808 2
716 808 3
725 808 1
733 808 1
734 808 1
749 808 2
753 808 1
757 808 3
760 808 1
769 808 2
770 808 3
772 808 3
773 808 1
775 808 2
777 808 3
780 808 2
782 808 3
783 808 2
788 808 1
796 808 3
802 808 3
805 808 3
809 808 2
810 808 3
813 808 1
815 808 3
818 808 3
819 808 2
820 808 2
823 808 1
826 808 1
827 808 3
829 808 3
832 808 1
835 808 1
836 808 2
837 808 1
838 808 3
839 808 3
840 808 1
841 808 2
843 808 2
850 808 1
855 808 2
858 808 1
859 808 2
860 808 3
863 808 3
865 808 2
867 808 3
868 808 3
875 808 1
876 808 3
882 808 2
887 808 1
890 808 2
894 808 1
896 808 3
900 808 2
902 808 3
906 808 3
908 808 2
909 808 1
912 808 3
917 808 3
922 808 1
925 808 2
926 808 2
930 808 1
931 808 3
933 808 1
936 808 2
948 808 3
951 808 2
953 808 3
956 808 3
957 808 2
964 808 1
968 808 1
975 808 2
977 808 1
978 808 2
979 808 3
981 808 3
985 808 2
988 808 2
990 808 3
992 808 1
994 808 2
0 809 1
1 809 3
3 809 3
4 809 3
6 809 1
9 809 2
10 809 2
12 809 2
13 809 2
16 809 1
17 809 3
22 809 2
24 809 3
28 809 1
29 809 2
34 809 1
37 809 3
39 809 2
45 809 2
47 809 2
49 809 2
54 809 3
60 809 1
63 809 1
67 809 3
69 809 1
72 809 1
73 809 1
76 809 1
78 809 1
79 809 1
80 809 3
81 809 1
89 809 2
91 809 2
95 809 1
97 809 3
98 809 2
99 809 3
106 809 1
111 809 1
112 809 1
113 809 2
115 809 3
118 809 3
122 809 1
123 809 3
124 809 1
129 809 1
132 809 3
136 809 2
140 809 2
141 809 1
142 809 3
144 809 2
149 809 3
155 809 2
161 809 2
165 809 2
166 809 3
173 809 3
176 809 1
177 809 2
178 809 3
181 809 3
183 809 2
184 809 2
185 809 2
190 809 3
192 809 1
194 809 3
195 809 1
197 809 3
202 809 1
205 809 1
208 809 3
214 809 2
226 809 1
227 809 3
232 809 2
235 809 1
237 809 2
242 809 2
243 809 1
244 809 1
245 809 1
252 809 1
256 809 2
257 809 1
261 809 3
264 809 1
265 809 1
267 809 2
271 809 3
272 809 3
279 809 1
280 809 3
284 809 2
285 809 3
286 809 3
289 809 2
293 809 2
294 809 3
298 809 3
304 809 1
305 809 3
308 809 3
310 809 3
311 809 3
312 809 3
315 809 2
318 809 3
319 809 1
320 809 2
325 809 1
326 809 1
327 809 2
328 809 2
330 809 2
331 809 2
333 809 1
336 809 3
349 809 1
350 809 2
366 809 1
368 809 1
370 809 1
371 809 2
377 809 3
383 809 3
388 809 2
389 809 2
392 809 2
394 809 3
395 809 1
397 809 3
400 809 2
401 809 1
402 809 1
403 809 1
404 809 2
406 809 3
407 809 1
412 809 2
415 809 1
416 809 1
417 809 3
419 809 3
420 809 1
426 809 2
427 809 1
429 809 3
430 809 3
431 809 1
432 809 3
438 809 1
439 809 1
440 809 2
449 809 2
451 809 1
456 809 1
457 809 1
459 809 1
460 809 1
464 809 3
469 809 3
471 809 2
475 809 2
477 809 2
478 809 3
479 809 1
483 809 2
485 809 3
486 809 1
489 809 2
490 809 1
502 809 1
503 809 1
506 809 2
512 809 1
515 809 1
516 809 3
518 809 2
520 809 3
523 809 3
527 809 1
529 809 1
530 809 3
531 809 1
534 809 3
535 809 1
536 809 2
540 809 3
541 809 3
543 809 3
544 809 3
549 809 1
552 809 1
553 809 2
554 809 3
559 809 3
562 809 2
572 809 2
573 809 3
574 809 1
580 809 2
585 809 3
588 809 2
593 809 2
594 809 1
598 809 1
605 809 3
608 809 3
610 809 2
613 809 2
615 809 2
616 809 2
618 809 2
627 809 3
628 809 1
631 809 1
634 809 3
635 809 2
644 809 2
646 809 1
647 809 2
650 809 3
652 809 2
655 809 1
656 809 1
661 809 1
663 809 3
665 809 3
668 809 2
674 809 3
683 809 2
687 809 3
689 809 1
692 809 3
694 809 3
696 809 1
697 809 1
699 809 3
703 809 1
706 809 3
707 809 3
708 809 2
709 809 1
719 809 2
722 809 2
727 809 3
729 809 2
731 809 1
732 809 2
734 809 2
737 809 1
739 809 1
744 809 1
746 809 1
752 809 3
756 809 2
757 809 1
759 809 1
760 809 1
761 809 3
762 809 3
763 809 3
767 809 2
769 809 2
770 809 1
774 809 3
781 809 3
784 809 3
789 809 1
790 809 3
792 809 2
793 809 2
794 809 2
795 809 2
797 809 1
798 809 3
809 809 3
819 809 3
820 809 3
821 809 3
823 809 2
825 809 1
828 809 2
832 809 1
835 809 2
837 809 3
838 809 3
841 809 2
849 809 1
850 809 3
856 809 2
857 809 1
859 809 3
863 809 1
868 809 3
872 809 3
875 809 1
879 809 3
881 809 3
883 809 1
884 809 3
885 809 3
887 809 1
891 809 3
892 809 2
895 809 2
897 809 1
899 809 1
901 809 3
904 809 3
909 809 2
910 809 3
912 809 2
914 809 2
915 809 2
917 809 2
920 809 1
924 809 3
927 809 1
928 809 2
940 809 3
941 809 1
943 809 1
945 809 2
946 809 3
950 809 1
951 809 1
952 809 3
954 809 1
955 809 2
957 809 1
958 809 3
959 809 3
961 809 1
962 809 3
963 809 2
965 809 3
967 809 2
968 809 2
972 809 3
977 809 2
979 809 3
982 809 1
986 809 2
987 809 3
990 809 2
991 809 2
993 809 3
998 809 1
999 809 3
0 810 2
2 810 1
3 810 1
4 810 2
5 810 1
7 810 3
11 810 2
14 810 1
17 810 2
18 810 3
19 810 3
22 810 1
28 810 1
29 810 2
30 810 3
35 810 2
36 810 2
38 810 2
39 810 2
44 810 1
46 810 3
48 810 1
52 810 1
53 810 3
57 810 3
58 810 2
60 810 2
63 810 3
67 810 1
68 810 2
72 810 2
73 810 1
74 810 3
82 810 2
86 810 1
92 810 1
98 810 1
110 810 3
111 810 3
112 810 2
116 810 3
119 810 3
124 810 2
125 810 1
136 810 1
144 810 3
148 810 2
154 810 2
158 810 1
159 810 2
161 810 1
168 810 1
174 810 1
176 810 2
178 810 2
179 810 2
181 810 3
183 810 2
184 810 3
185 810 1
187 810 1
188 810 2
189 810 1
191 810 3
193 810 3
194 810 1
196 810 3
200 810 1
202 810 3
204 810 1
205 810 3
207 810 2
208 810 2
210 810 3
216 810 1
219 810 1
222 810 2
234 810 3
236 810 1
238 810 1
243 810 2
244 810 2
245 810 1
249 810 1
251 810 3
252 810 2
253 810 2
254 810 2
260 810 2
261 810 3
264 810 2
265 810 3
266 810 2
273 810 1
278 810 3
281 810 2
282 810 3
283 810 2
286 810 2
287 810 1
290 810 1
297 810 1
298 810 1
300 810 3
307 810 1
308 810 1
313 810 2
319 810 1
320 810 3
322 810 1
324 810 1
326 810 1
331 810 1
335 810 3
336 810 1
346 810 3
347 810 1
348 810 2
351 810 1
354 810 1
360 810 2
363 810 2
364 810 2
372 810 3
373 810 2
