473 674 2
474 674 2
475 674 1
482 674 2
483 674 1
484 674 3
485 674 1
487 674 3
488 674 3
489 674 2
490 674 1
493 674 2
497 674 3
503 674 1
508 674 1
512 674 2
519 674 1
524 674 1
525 674 1
526 674 1
527 674 1
536 674 3
537 674 2
543 674 2
549 674 1
555 674 1
557 674 1
558 674 2
561 674 1
569 674 3
577 674 2
578 674 3
583 674 3
587 674 3
588 674 3
602 674 2
609 674 2
612 674 2
614 674 1
617 674 3
618 674 1
625 674 2
634 674 3
635 674 1
636 674 1
646 674 3
651 674 3
658 674 3
660 674 1
661 674 1
662 674 3
666 674 3
667 674 2
669 674 2
676 674 2
678 674 3
680 674 1
684 674 3
687 674 3
689 674 2
690 674 1
691 674 3
693 674 1
699 674 1
700 674 1
701 674 3
702 674 1
710 674 1
712 674 3
723 674 3
727 674 2
734 674 1
736 674 3
738 674 3
739 674 1
741 674 2
754 674 1
757 674 3
760 674 2
761 674 3
764 674 1
765 674 3
769 674 2
771 674 3
774 674 1
781 674 3
785 674 1
789 674 1
792 674 2
793 674 1
794 674 1
795 674 2
796 674 1
797 674 2
804 674 2
805 674 1
813 674 1
819 674 1
820 674 2
825 674 3
826 674 2
827 674 2
831 674 3
832 674 3
834 674 2
835 674 1
836 674 1
837 674 1
843 674 3
847 674 1
853 674 3
857 674 2
863 674 1
874 674 2
876 674 2
879 674 1
884 674 2
885 674 2
887 674 3
888 674 3
893 674 3
898 674 1
905 674 1
908 674 2
909 674 3
911 674 1
913 674 3
914 674 1
915 674 1
916 674 3
917 674 3
918 674 1
919 674 1
920 674 2
924 674 1
931 674 1
932 674 1
937 674 2
940 674 3
941 674 2
942 674 3
944 674 2
945 674 3
946 674 1
952 674 2
953 674 1
954 674 2
956 674 2
961 674 2
964 674 2
967 674 2
968 674 3
971 674 2
973 674 3
975 674 3
978 674 3
979 674 3
980 674 1
983 674 1
984 674 3
986 674 1
989 674 1
991 674 3
992 674 2
993 674 3
0 675 3
9 675 2
12 675 3
14 675 2
19 675 1
20 675 2
21 675 1
22 675 3
27 675 3
28 675 2
29 675 3
31 675 1
34 675 2
37 675 2
39 675 2
40 675 2
41 675 3
43 675 2
44 675 3
46 675 2
54 675 3
57 675 3
58 675 2
59 675 2
61 675 1
63 675 2
64 675 2
65 675 2
68 675 1
69 675 1
70 675 1
71 675 2
72 675 3
73 675 2
77 675 3
78 675 3
80 675 1
81 675 2
83 675 3
84 675 3
88 675 1
89 675 2
90 675 1
109 675 1
111 675 3
112 675 2
118 675 3
120 675 3
122 675 1
133 675 2
136 675 1
139 675 3
143 675 1
144 675 3
151 675 2
152 675 3
166 675 3
167 675 2
171 675 3
176 675 2
179 675 1
186 675 1
189 675 1
190 675 2
198 675 2
200 675 1
206 675 3
212 675 2
217 675 3
220 675 2
222 675 2
223 675 3
226 675 2
227 675 1
228 675 1
231 675 2
232 675 1
234 675 1
238 675 2
242 675 3
243 675 3
244 675 2
250 675 3
257 675 2
258 675 3
259 675 2
261 675 3
265 675 2
266 675 3
276 675 2
288 675 3
292 675 3
293 675 2
296 675 3
298 675 2
301 675 3
306 675 2
308 675 1
312 675 2
313 675 3
316 675 3
317 675 1
320 675 1
325 675 3
334 675 3
339 675 1
342 675 1
349 675 3
359 675 3
361 675 1
362 675 1
366 675 1
372 675 3
373 675 1
374 675 3
383 675 1
385 675 2
386 675 2
392 675 1
393 675 2
398 675 1
400 675 2
403 675 3
404 675 1
405 675 1
406 675 1
407 675 3
408 675 1
413 675 1
417 675 3
418 675 1
423 675 2
424 675 2
429 675 2
434 675 2
438 675 1
441 675 1
446 675 1
447 675 3
449 675 3
451 675 1
452 675 2
459 675 3
460 675 2
461 675 2
462 675 3
472 675 2
477 675 1
478 675 3
479 675 2
481 675 1
483 675 1
484 675 3
485 675 3
491 675 2
493 675 1
501 675 2
503 675 2
508 675 2
509 675 3
510 675 3
511 675 2
512 675 1
518 675 2
519 675 3
520 675 2
523 675 3
525 675 3
526 675 3
532 675 3
534 675 3
538 675 3
549 675 1
554 675 3
555 675 2
557 675 2
558 675 2
559 675 2
560 675 2
562 675 1
565 675 2
566 675 2
569 675 3
572 675 3
574 675 1
578 675 3
579 675 3
582 675 2
583 675 3
591 675 3
594 675 2
597 675 2
604 675 3
607 675 1
610 675 1
612 675 1
617 675 1
621 675 3
622 675 2
626 675 3
627 675 1
628 675 1
629 675 3
631 675 2
634 675 1
636 675 3
639 675 1
640 675 2
642 675 3
643 675 3
648 675 3
657 675 1
658 675 1
660 675 3
663 675 1
665 675 2
666 675 3
668 675 3
673 675 3
675 675 1
680 675 1
685 675 2
691 675 1
696 675 3
697 675 3
704 675 3
708 675 3
709 675 3
711 675 3
715 675 3
717 675 3
718 675 2
723 675 1
729 675 1
732 675 1
733 675 1
734 675 3
739 675 2
742 675 1
744 675 1
752 675 1
753 675 1
756 675 3
757 675 3
766 675 1
768 675 1
775 675 1
779 675 2
785 675 1
787 675 3
789 675 2
791 675 2
792 675 2
793 675 3
796 675 3
799 675 3
800 675 1
807 675 1
808 675 1
809 675 1
810 675 1
815 675 1
816 675 1
823 675 2
825 675 3
827 675 3
829 675 1
835 675 1
837 675 1
838 675 3
841 675 1
842 675 2
844 675 3
846 675 3
848 675 1
849 675 3
850 675 3
851 675 1
855 675 3
856 675 2
864 675 2
871 675 3
873 675 1
876 675 2
881 675 1
882 675 1
883 675 3
884 675 3
887 675 3
889 675 3
897 675 1
901 675 1
912 675 1
915 675 3
916 675 2
924 675 3
928 675 1
930 675 2
932 675 2
936 675 1
937 675 2
939 675 3
941 675 3
953 675 2
958 675 1
962 675 2
965 675 2
967 675 1
975 675 2
979 675 3
980 675 3
981 675 2
985 675 3
986 675 3
990 675 2
991 675 1
2 676 1
4 676 2
5 676 2
14 676 1
16 676 3
23 676 3
28 676 1
29 676 2
30 676 2
31 676 3
34 676 1
38 676 2
42 676 2
44 676 2
57 676 2
58 676 1
63 676 1
68 676 1
71 676 2
73 676 1
75 676 2
76 676 3
79 676 2
80 676 2
84 676 1
85 676 2
88 676 3
95 676 3
99 676 3
101 676 2
103 676 3
104 676 1
106 676 3
110 676 2
111 676 1
116 676 2
118 676 3
129 676 2
132 676 3
133 676 2
134 676 1
136 676 2
145 676 3
147 676 2
151 676 1
154 676 1
157 676 1
159 676 3
167 676 3
168 676 2
170 676 1
172 676 1
181 676 2
182 676 1
183 676 1
185 676 2
186 676 2
187 676 2
190 676 1
193 676 2
200 676 2
203 676 3
210 676 2
215 676 1
217 676 2
219 676 1
220 676 2
223 676 1
224 676 1
235 676 2
237 676 2
241 676 3
242 676 3
245 676 3
246 676 3
247 676 3
251 676 1
255 676 1
257 676 1
258 676 2
267 676 2
272 676 1
274 676 2
277 676 2
278 676 2
285 676 1
289 676 1
296 676 2
297 676 3
299 676 3
304 676 2
306 676 3
307 676 1
310 676 2
311 676 1
314 676 2
318 676 2
319 676 2
320 676 3
321 676 3
324 676 2
326 676 1
327 676 1
328 676 3
330 676 2
331 676 3
332 676 1
333 676 2
337 676 2
340 676 3
341 676 2
342 676 2
353 676 3
355 676 2
356 676 3
359 676 1
360 676 2
363 676 1
365 676 1
367 676 1
375 676 1
376 676 1
387 676 2
392 676 1
393 676 3
398 676 2
399 676 3
408 676 2
411 676 1
415 676 3
421 676 3
424 676 2
429 676 1
436 676 3
437 676 2
441 676 1
442 676 1
443 676 1
446 676 3
448 676 3
449 676 2
450 676 2
452 676 2
454 676 2
457 676 3
458 676 3
461 676 2
464 676 1
465 676 3
470 676 2
475 676 3
477 676 3
479 676 2
481 676 3
483 676 1
486 676 3
490 676 1
491 676 2
494 676 1
496 676 1
497 676 1
499 676 3
506 676 2
511 676 1
512 676 1
521 676 2
522 676 2
524 676 2
526 676 3
537 676 2
539 676 2
544 676 3
545 676 2
554 676 1
556 676 2
558 676 2
559 676 1
561 676 1
563 676 1
570 676 2
573 676 1
578 676 1
582 676 1
584 676 3
592 676 3
