430 458 3
436 458 1
437 458 3
438 458 1
439 458 3
443 458 1
446 458 1
448 458 2
452 458 1
454 458 2
455 458 3
458 458 2
461 458 1
467 458 2
468 458 1
469 458 2
476 458 1
480 458 2
482 458 3
483 458 1
488 458 3
489 458 1
490 458 2
497 458 3
498 458 3
502 458 1
506 458 1
507 458 3
517 458 3
519 458 1
521 458 2
525 458 1
526 458 2
527 458 2
528 458 3
533 458 2
536 458 3
538 458 3
540 458 1
542 458 3
545 458 2
547 458 3
555 458 2
559 458 1
560 458 2
564 458 3
565 458 3
568 458 2
572 458 2
573 458 1
581 458 2
584 458 1
590 458 2
592 458 1
595 458 2
600 458 2
601 458 1
602 458 3
603 458 1
605 458 2
606 458 3
610 458 1
612 458 1
613 458 3
615 458 1
619 458 1
620 458 3
621 458 1
622 458 2
624 458 2
628 458 2
631 458 1
635 458 2
640 458 1
641 458 2
644 458 2
645 458 3
646 458 3
650 458 3
655 458 2
656 458 3
660 458 1
662 458 2
668 458 3
670 458 2
673 458 1
674 458 1
676 458 2
678 458 3
683 458 2
685 458 1
692 458 2
703 458 1
705 458 3
708 458 1
715 458 3
719 458 3
722 458 3
723 458 3
725 458 2
726 458 2
741 458 1
742 458 3
743 458 2
744 458 1
745 458 1
752 458 3
756 458 2
757 458 2
761 458 3
763 458 3
768 458 3
773 458 2
775 458 3
776 458 1
780 458 2
781 458 2
786 458 1
792 458 2
799 458 3
804 458 3
805 458 2
809 458 1
814 458 1
815 458 1
817 458 2
819 458 2
820 458 1
824 458 2
831 458 1
833 458 1
847 458 3
848 458 2
850 458 1
852 458 2
858 458 3
859 458 3
861 458 1
863 458 2
869 458 3
871 458 3
872 458 2
873 458 1
875 458 2
877 458 3
883 458 3
884 458 1
886 458 2
890 458 1
891 458 1
894 458 2
895 458 3
898 458 2
903 458 1
905 458 3
906 458 1
910 458 3
919 458 3
922 458 1
925 458 2
933 458 2
934 458 2
938 458 2
943 458 3
945 458 3
948 458 1
951 458 2
952 458 3
956 458 2
959 458 3
968 458 2
970 458 1
971 458 1
972 458 3
974 458 1
981 458 3
982 458 3
984 458 2
986 458 3
987 458 2
995 458 1
996 458 1
997 458 1
998 458 2
5 459 1
8 459 3
9 459 2
12 459 2
22 459 3
24 459 1
26 459 3
27 459 1
31 459 1
32 459 3
35 459 3
36 459 3
39 459 1
43 459 3
46 459 3
48 459 3
49 459 3
50 459 1
51 459 1
56 459 2
58 459 1
62 459 2
66 459 3
69 459 3
81 459 1
82 459 3
85 459 3
87 459 2
92 459 3
96 459 1
98 459 1
100 459 2
102 459 1
103 459 2
104 459 2
105 459 1
106 459 1
108 459 2
110 459 2
111 459 2
116 459 2
117 459 2
121 459 1
122 459 2
128 459 2
129 459 1
130 459 3
131 459 3
132 459 2
133 459 1
135 459 2
136 459 1
140 459 3
143 459 1
145 459 1
147 459 2
148 459 3
152 459 3
153 459 3
157 459 2
160 459 2
164 459 1
169 459 2
170 459 2
172 459 3
178 459 3
182 459 2
185 459 1
187 459 3
189 459 3
195 459 1
202 459 1
205 459 2
206 459 2
208 459 3
209 459 2
215 459 2
221 459 2
225 459 1
227 459 1
234 459 2
236 459 3
250 459 3
252 459 1
256 459 2
260 459 1
262 459 1
263 459 1
264 459 1
271 459 2
272 459 1
274 459 3
277 459 3
278 459 2
279 459 1
283 459 1
284 459 3
289 459 1
292 459 1
301 459 1
304 459 3
305 459 3
308 459 1
312 459 2
314 459 1
316 459 2
319 459 1
320 459 3
322 459 2
328 459 3
330 459 2
336 459 3
337 459 1
340 459 2
341 459 3
343 459 2
348 459 1
352 459 1
356 459 3
357 459 2
359 459 3
371 459 1
373 459 3
376 459 2
378 459 3
380 459 1
403 459 1
404 459 3
406 459 2
408 459 3
410 459 2
414 459 1
416 459 1
418 459 3
419 459 2
425 459 3
426 459 3
427 459 3
431 459 2
438 459 2
443 459 3
444 459 3
450 459 2
452 459 2
454 459 1
456 459 1
458 459 3
461 459 3
464 459 3
474 459 3
475 459 3
480 459 2
487 459 3
489 459 2
494 459 1
496 459 1
497 459 2
498 459 2
499 459 3
504 459 3
505 459 2
506 459 3
507 459 1
508 459 3
511 459 3
516 459 1
520 459 2
522 459 2
525 459 3
528 459 3
530 459 3
531 459 1
532 459 1
542 459 2
544 459 2
545 459 1
548 459 3
549 459 2
551 459 1
553 459 2
554 459 1
562 459 2
563 459 2
565 459 2
567 459 2
570 459 3
572 459 3
573 459 2
574 459 2
575 459 2
578 459 2
581 459 3
584 459 3
586 459 2
592 459 3
594 459 3
595 459 1
597 459 1
598 459 3
601 459 2
607 459 3
611 459 2
618 459 2
620 459 2
623 459 3
625 459 2
626 459 3
631 459 3
635 459 3
637 459 2
638 459 1
641 459 3
645 459 3
647 459 3
650 459 2
655 459 1
658 459 2
659 459 2
662 459 3
665 459 1
668 459 1
669 459 1
670 459 3
671 459 3
677 459 1
679 459 2
690 459 1
691 459 2
697 459 1
700 459 3
703 459 2
704 459 1
706 459 3
712 459 3
713 459 3
717 459 2
719 459 3
720 459 3
721 459 3
722 459 2
723 459 2
725 459 1
729 459 2
730 459 1
733 459 2
735 459 3
742 459 2
746 459 1
748 459 2
754 459 2
756 459 2
757 459 2
759 459 2
760 459 2
761 459 2
762 459 1
763 459 2
766 459 1
767 459 1
772 459 1
773 459 1
774 459 1
776 459 2
778 459 3
779 459 3
780 459 3
781 459 3
786 459 3
787 459 3
789 459 2
790 459 1
793 459 2
804 459 3
806 459 2
807 459 1
808 459 1
809 459 2
810 459 2
813 459 2
814 459 3
815 459 2
819 459 3
824 459 3
826 459 3
829 459 3
832 459 3
834 459 1
837 459 3
840 459 1
842 459 2
843 459 2
846 459 1
848 459 3
855 459 2
860 459 1
864 459 3
865 459 2
866 459 1
868 459 3
872 459 3
877 459 2
879 459 2
882 459 1
883 459 1
889 459 2
890 459 2
891 459 2
896 459 2
897 459 2
899 459 3
905 459 3
906 459 2
907 459 2
912 459 3
913 459 1
922 459 3
931 459 3
932 459 3
933 459 2
934 459 2
936 459 3
938 459 1
940 459 2
947 459 2
950 459 2
951 459 3
953 459 3
954 459 3
955 459 1
957 459 1
959 459 2
962 459 3
967 459 3
968 459 3
975 459 1
979 459 3
985 459 2
986 459 2
990 459 2
991 459 2
993 459 2
995 459 3
997 459 1
2 460 2
5 460 1
8 460 2
12 460 3
14 460 1
16 460 2
19 460 2
22 460 3
25 460 2
30 460 1
35 460 2
39 460 2
43 460 3
44 460 2
46 460 1
49 460 2
50 460 2
51 460 2
52 460 2
54 460 1
57 460 3
62 460 2
64 460 3
66 460 2
72 460 2
75 460 1
80 460 1
82 460 2
83 460 3
90 460 1
92 460 3
94 460 3
95 460 1
97 460 3
107 460 1
111 460 3
112 460 1
113 460 3
116 460 1
117 460 1
118 460 2
119 460 2
123 460 1
126 460 1
129 460 1
131 460 2
133 460 3
137 460 3
139 460 2
141 460 1
142 460 3
143 460 2
144 460 3
145 460 2
147 460 3
148 460 3
149 460 3
153 460 1
155 460 3
156 460 1
158 460 3
161 460 2
165 460 2
172 460 2
174 460 3
176 460 3
179 460 2
180 460 2
181 460 1
184 460 2
187 460 3
189 460 1
191 460 3
196 460 3
198 460 3
200 460 3
204 460 1
212 460 2
213 460 3
218 460 2
221 460 3
222 460 3
223 460 2
226 460 3
227 460 3
229 460 1
231 460 3
235 460 3
241 460 2
244 460 1
249 460 3
254 460 2
255 460 2
258 460 3
285 460 2
288 460 3
290 460 1
291 460 1
295 460 1
300 460 1
301 460 1
310 460 3
312 460 1
315 460 1
318 460 1
321 460 3
323 460 2
325 460 1
329 460 2
334 460 1
340 460 1
341 460 2
342 460 2
347 460 3
353 460 1
357 460 3
358 460 3
359 460 2
362 460 3
365 460 2
372 460 1
374 460 1
377 460 3
379 460 1
385 460 1
388 460 3
390 460 3
393 460 3
400 460 2
401 460 3
402 460 3
421 460 2
425 460 2
428 460 2
431 460 3
438 460 2
445 460 2
446 460 3
447 460 1
