360 638 1
361 638 1
363 638 2
367 638 1
369 638 3
370 638 3
373 638 2
374 638 1
376 638 3
377 638 1
379 638 3
380 638 3
381 638 3
382 638 1
384 638 1
388 638 1
392 638 2
394 638 1
395 638 1
398 638 3
400 638 2
401 638 2
410 638 2
414 638 3
415 638 2
418 638 2
424 638 3
426 638 2
429 638 1
439 638 1
448 638 3
449 638 1
450 638 3
454 638 3
456 638 1
460 638 2
463 638 2
474 638 2
476 638 3
477 638 2
478 638 3
484 638 2
487 638 1
490 638 3
493 638 3
495 638 3
499 638 2
506 638 1
507 638 3
513 638 1
519 638 2
527 638 2
530 638 2
535 638 3
536 638 3
539 638 2
544 638 1
545 638 3
546 638 3
547 638 3
556 638 3
566 638 1
567 638 3
568 638 1
578 638 2
579 638 2
582 638 3
584 638 2
585 638 3
586 638 2
588 638 3
589 638 2
590 638 3
596 638 2
598 638 3
601 638 1
602 638 3
604 638 1
605 638 2
613 638 1
621 638 3
622 638 1
624 638 3
626 638 3
630 638 3
632 638 3
635 638 2
640 638 1
642 638 1
644 638 3
646 638 3
648 638 1
654 638 1
655 638 1
658 638 3
661 638 3
662 638 3
668 638 2
672 638 1
677 638 3
678 638 1
680 638 1
682 638 3
683 638 2
684 638 1
686 638 1
692 638 1
693 638 1
695 638 2
698 638 1
704 638 1
705 638 3
706 638 1
709 638 3
711 638 2
712 638 3
714 638 1
722 638 1
725 638 3
727 638 2
728 638 3
735 638 1
736 638 2
738 638 1
744 638 3
748 638 3
749 638 1
751 638 1
753 638 3
758 638 3
759 638 3
760 638 2
762 638 2
765 638 2
770 638 3
775 638 3
777 638 1
781 638 3
782 638 3
784 638 3
785 638 1
786 638 1
789 638 3
790 638 3
796 638 1
798 638 2
800 638 3
801 638 3
809 638 2
810 638 2
811 638 1
812 638 1
816 638 2
822 638 1
825 638 3
826 638 2
828 638 1
831 638 3
833 638 3
834 638 2
838 638 2
841 638 1
845 638 3
846 638 3
847 638 2
848 638 2
851 638 1
853 638 2
855 638 3
857 638 1
858 638 2
861 638 1
862 638 3
863 638 2
873 638 3
881 638 2
883 638 2
885 638 1
886 638 3
891 638 3
895 638 3
896 638 1
899 638 3
909 638 2
912 638 2
914 638 1
915 638 1
919 638 1
922 638 1
927 638 2
931 638 1
934 638 1
935 638 1
936 638 3
937 638 1
938 638 2
939 638 2
940 638 1
942 638 3
948 638 2
952 638 3
955 638 2
959 638 1
961 638 1
965 638 3
972 638 2
979 638 1
983 638 3
992 638 3
996 638 3
997 638 3
998 638 3
999 638 1
0 639 3
2 639 2
6 639 3
7 639 3
8 639 2
17 639 3
21 639 1
24 639 3
27 639 3
28 639 2
31 639 1
34 639 3
38 639 3
40 639 3
44 639 3
45 639 2
46 639 3
52 639 3
54 639 1
56 639 2
58 639 3
59 639 3
60 639 2
61 639 1
62 639 3
63 639 3
67 639 2
73 639 2
83 639 3
84 639 3
85 639 3
86 639 2
89 639 3
91 639 1
99 639 3
104 639 3
106 639 2
109 639 1
110 639 1
111 639 3
114 639 3
115 639 2
127 639 3
141 639 3
145 639 2
154 639 3
159 639 2
160 639 3
162 639 2
163 639 3
164 639 1
166 639 1
171 639 3
172 639 1
174 639 3
178 639 3
182 639 1
183 639 2
185 639 2
192 639 2
193 639 3
195 639 2
198 639 2
202 639 1
209 639 2
211 639 1
214 639 1
215 639 1
219 639 3
222 639 2
224 639 1
227 639 3
229 639 2
234 639 3
242 639 1
246 639 3
249 639 3
251 639 2
256 639 1
267 639 3
268 639 2
269 639 2
275 639 2
279 639 2
283 639 3
284 639 1
286 639 1
291 639 3
292 639 2
298 639 1
300 639 1
307 639 1
314 639 2
318 639 1
321 639 3
327 639 3
328 639 2
330 639 2
339 639 3
348 639 1
361 639 1
365 639 1
367 639 3
377 639 3
382 639 2
383 639 2
384 639 2
386 639 1
390 639 2
391 639 3
393 639 3
398 639 2
416 639 1
417 639 1
419 639 1
423 639 3
424 639 3
428 639 2
431 639 2
432 639 2
433 639 3
434 639 1
438 639 1
446 639 1
448 639 3
450 639 3
453 639 2
455 639 3
456 639 1
457 639 1
458 639 1
461 639 2
466 639 1
470 639 2
472 639 1
477 639 1
478 639 1
479 639 1
496 639 3
499 639 3
501 639 2
506 639 1
507 639 3
510 639 2
516 639 3
517 639 3
519 639 2
520 639 1
521 639 1
524 639 1
527 639 3
529 639 1
535 639 3
538 639 2
542 639 3
543 639 1
545 639 3
546 639 1
547 639 3
551 639 2
552 639 2
555 639 1
556 639 1
557 639 1
558 639 2
559 639 1
567 639 1
569 639 1
570 639 2
574 639 1
575 639 1
579 639 1
581 639 1
582 639 1
584 639 3
586 639 2
587 639 2
588 639 2
589 639 1
590 639 3
591 639 3
594 639 2
598 639 3
600 639 3
605 639 3
607 639 1
608 639 2
609 639 1
610 639 1
614 639 3
617 639 2
618 639 1
619 639 1
620 639 2
624 639 3
625 639 2
629 639 1
632 639 3
635 639 2
643 639 1
649 639 3
652 639 2
654 639 3
655 639 2
656 639 1
658 639 1
660 639 2
663 639 3
672 639 1
673 639 2
674 639 1
687 639 2
689 639 2
692 639 2
694 639 1
697 639 2
698 639 3
699 639 3
703 639 2
707 639 3
710 639 2
712 639 3
714 639 3
715 639 3
719 639 1
720 639 1
723 639 1
725 639 2
726 639 1
727 639 3
729 639 1
731 639 1
734 639 1
737 639 1
742 639 1
745 639 3
751 639 2
757 639 2
759 639 2
760 639 3
762 639 3
772 639 3
773 639 2
786 639 3
789 639 2
792 639 2
795 639 2
796 639 3
797 639 3
799 639 2
800 639 2
801 639 3
803 639 1
804 639 3
813 639 1
814 639 3
821 639 2
822 639 1
823 639 2
824 639 2
825 639 2
829 639 2
839 639 3
844 639 3
847 639 3
851 639 2
852 639 2
862 639 3
863 639 1
870 639 1
872 639 3
873 639 3
874 639 3
875 639 2
876 639 2
878 639 1
880 639 2
882 639 3
888 639 1
889 639 1
892 639 2
893 639 2
894 639 3
897 639 1
898 639 1
900 639 2
901 639 1
902 639 1
908 639 1
909 639 1
910 639 2
917 639 3
919 639 1
921 639 3
922 639 2
923 639 1
924 639 1
926 639 3
928 639 3
929 639 1
930 639 1
934 639 1
935 639 3
937 639 2
943 639 2
947 639 2
948 639 1
951 639 3
957 639 1
958 639 1
959 639 2
963 639 2
965 639 2
968 639 1
971 639 1
972 639 2
975 639 3
977 639 1
978 639 1
979 639 1
985 639 2
986 639 3
987 639 3
997 639 3
998 639 3
999 639 2
0 640 1
1 640 3
6 640 3
7 640 1
10 640 2
12 640 3
16 640 3
17 640 1
18 640 2
19 640 1
21 640 1
23 640 3
24 640 3
28 640 3
38 640 2
39 640 1
41 640 3
45 640 2
47 640 1
48 640 1
49 640 3
55 640 2
57 640 3
58 640 1
63 640 3
64 640 2
68 640 1
70 640 3
75 640 3
77 640 1
78 640 2
80 640 2
82 640 3
87 640 1
90 640 2
92 640 3
101 640 3
102 640 3
104 640 2
108 640 3
109 640 3
111 640 3
117 640 3
120 640 1
123 640 2
124 640 1
125 640 1
127 640 3
131 640 1
133 640 2
136 640 3
139 640 2
145 640 2
147 640 2
152 640 2
153 640 3
160 640 1
162 640 3
165 640 3
177 640 3
187 640 3
189 640 1
208 640 1
211 640 1
214 640 2
219 640 3
224 640 2
226 640 1
227 640 2
229 640 1
236 640 3
238 640 1
240 640 2
243 640 2
245 640 3
246 640 2
250 640 1
252 640 2
254 640 1
255 640 3
257 640 1
259 640 1
261 640 3
267 640 1
269 640 1
270 640 3
271 640 1
274 640 2
286 640 2
291 640 3
293 640 1
294 640 3
299 640 3
302 640 2
304 640 2
305 640 3
308 640 2
310 640 2
314 640 2
319 640 3
321 640 3
324 640 3
326 640 1
328 640 3
329 640 2
334 640 3
336 640 2
339 640 2
341 640 2
343 640 2
347 640 1
351 640 3
353 640 2
355 640 2
360 640 1
364 640 2
373 640 3
376 640 1
379 640 3
381 640 1
383 640 3
385 640 2
391 640 1
392 640 2
396 640 3
397 640 2
400 640 2
