446 646 3
449 646 3
452 646 3
453 646 2
457 646 3
462 646 2
465 646 2
468 646 3
471 646 2
474 646 1
475 646 1
477 646 1
478 646 1
479 646 2
480 646 1
483 646 3
488 646 3
490 646 3
491 646 3
493 646 3
495 646 1
500 646 2
501 646 1
504 646 1
513 646 3
515 646 3
517 646 2
518 646 3
519 646 3
520 646 1
525 646 3
530 646 2
532 646 2
536 646 1
539 646 1
541 646 3
545 646 2
550 646 1
551 646 1
552 646 2
558 646 1
559 646 3
561 646 3
562 646 2
566 646 1
567 646 1
569 646 1
573 646 3
574 646 3
575 646 3
576 646 1
577 646 2
578 646 3
579 646 1
585 646 3
586 646 1
591 646 3
597 646 3
598 646 1
601 646 2
602 646 3
603 646 3
608 646 3
609 646 1
617 646 1
621 646 2
623 646 2
624 646 1
626 646 3
627 646 3
632 646 1
633 646 2
638 646 1
641 646 1
644 646 1
645 646 3
646 646 2
649 646 2
655 646 3
656 646 2
662 646 1
663 646 3
664 646 3
670 646 3
673 646 1
674 646 1
675 646 2
678 646 3
680 646 3
681 646 3
689 646 3
697 646 1
700 646 3
701 646 1
702 646 3
704 646 2
706 646 1
707 646 2
709 646 3
716 646 1
718 646 2
719 646 3
721 646 3
726 646 3
727 646 2
729 646 3
732 646 2
736 646 1
740 646 3
745 646 2
746 646 2
747 646 1
749 646 3
751 646 1
752 646 1
753 646 2
755 646 3
759 646 2
760 646 2
767 646 3
772 646 1
781 646 1
786 646 2
787 646 1
791 646 1
793 646 3
794 646 1
795 646 1
797 646 1
798 646 3
799 646 2
806 646 2
809 646 1
812 646 1
816 646 1
817 646 2
826 646 2
828 646 3
833 646 1
845 646 2
846 646 1
849 646 3
850 646 2
852 646 2
856 646 3
859 646 1
865 646 2
866 646 1
867 646 1
870 646 3
872 646 2
875 646 1
879 646 3
880 646 2
885 646 2
890 646 3
891 646 1
893 646 3
894 646 3
896 646 2
897 646 3
898 646 2
900 646 2
905 646 3
907 646 1
912 646 1
914 646 1
915 646 1
920 646 3
921 646 1
926 646 1
929 646 1
930 646 2
935 646 1
936 646 2
938 646 3
939 646 2
941 646 1
942 646 2
944 646 2
948 646 1
953 646 2
956 646 2
960 646 2
961 646 1
965 646 3
972 646 3
973 646 1
974 646 3
990 646 3
994 646 3
995 646 2
997 646 3
0 647 2
3 647 1
8 647 2
10 647 1
14 647 1
17 647 1
20 647 1
21 647 2
23 647 1
25 647 1
27 647 2
28 647 3
30 647 2
31 647 1
32 647 1
33 647 1
34 647 2
35 647 2
38 647 3
39 647 2
40 647 2
41 647 3
42 647 1
43 647 1
51 647 2
52 647 3
54 647 3
55 647 1
57 647 2
62 647 1
66 647 3
67 647 3
68 647 2
71 647 3
73 647 1
74 647 2
75 647 1
76 647 3
86 647 3
87 647 2
91 647 1
93 647 3
97 647 2
100 647 2
103 647 2
106 647 2
110 647 1
112 647 2
122 647 3
123 647 2
124 647 2
127 647 2
130 647 2
131 647 2
134 647 3
138 647 1
142 647 3
144 647 2
145 647 1
147 647 3
148 647 1
152 647 2
163 647 3
169 647 1
171 647 1
174 647 3
175 647 3
183 647 2
184 647 3
186 647 2
187 647 2
190 647 2
193 647 2
194 647 2
196 647 1
197 647 3
201 647 2
203 647 3
206 647 3
212 647 1
215 647 3
218 647 3
219 647 1
221 647 3
222 647 2
226 647 2
229 647 1
234 647 3
239 647 3
246 647 2
248 647 2
249 647 1
250 647 2
254 647 2
257 647 1
273 647 3
275 647 1
278 647 1
286 647 2
293 647 3
294 647 3
299 647 3
300 647 1
304 647 1
305 647 1
306 647 3
308 647 1
310 647 3
314 647 3
319 647 1
320 647 3
321 647 2
323 647 2
324 647 2
331 647 3
335 647 2
340 647 1
342 647 1
343 647 2
350 647 1
357 647 3
359 647 1
365 647 3
371 647 3
372 647 2
375 647 1
376 647 3
377 647 2
378 647 2
380 647 3
392 647 2
394 647 3
398 647 1
399 647 3
400 647 2
401 647 3
403 647 3
423 647 3
426 647 2
427 647 1
429 647 3
433 647 1
434 647 2
436 647 1
438 647 2
439 647 2
445 647 2
448 647 2
454 647 3
455 647 1
458 647 3
462 647 3
464 647 2
465 647 3
466 647 3
471 647 3
472 647 3
473 647 1
476 647 1
480 647 2
481 647 3
483 647 2
484 647 2
491 647 2
493 647 3
501 647 3
503 647 3
504 647 3
505 647 3
506 647 2
507 647 2
508 647 3
513 647 3
515 647 3
516 647 1
520 647 3
521 647 1
523 647 3
528 647 1
532 647 1
538 647 2
539 647 3
541 647 2
542 647 3
547 647 3
548 647 2
553 647 1
555 647 3
557 647 2
560 647 3
561 647 2
563 647 1
565 647 3
566 647 2
567 647 2
572 647 3
577 647 3
579 647 3
580 647 3
582 647 3
585 647 3
590 647 2
593 647 2
595 647 1
597 647 2
600 647 1
603 647 1
604 647 3
605 647 3
607 647 2
614 647 3
615 647 3
619 647 1
621 647 3
625 647 3
626 647 1
630 647 3
634 647 2
636 647 2
638 647 2
641 647 2
646 647 1
648 647 1
650 647 3
652 647 3
657 647 3
661 647 1
662 647 3
665 647 2
671 647 3
680 647 2
686 647 1
688 647 1
690 647 1
698 647 1
702 647 3
706 647 3
709 647 1
711 647 2
712 647 1
714 647 3
717 647 2
719 647 3
725 647 2
728 647 1
729 647 1
730 647 2
732 647 1
739 647 1
740 647 3
741 647 2
743 647 2
752 647 3
753 647 1
755 647 1
759 647 2
763 647 3
764 647 3
769 647 3
774 647 3
782 647 1
786 647 2
789 647 2
791 647 1
792 647 2
794 647 3
797 647 1
800 647 2
801 647 2
803 647 3
804 647 3
812 647 2
816 647 1
818 647 2
819 647 2
822 647 3
823 647 3
825 647 2
829 647 3
832 647 3
841 647 1
844 647 1
845 647 2
849 647 1
851 647 1
852 647 2
856 647 3
859 647 3
861 647 1
863 647 1
865 647 3
867 647 3
869 647 1
870 647 1
873 647 1
875 647 1
876 647 2
877 647 2
879 647 1
881 647 2
882 647 3
884 647 2
885 647 3
891 647 3
892 647 3
896 647 2
897 647 1
898 647 1
900 647 3
903 647 3
906 647 2
908 647 3
910 647 1
914 647 1
919 647 1
920 647 2
925 647 1
932 647 2
933 647 2
938 647 2
940 647 1
941 647 1
942 647 3
945 647 1
948 647 2
950 647 2
952 647 3
953 647 2
954 647 3
955 647 3
956 647 1
957 647 1
960 647 1
961 647 3
962 647 1
965 647 1
968 647 3
974 647 2
975 647 1
979 647 1
984 647 3
992 647 3
994 647 3
998 647 1
0 648 2
1 648 1
3 648 1
9 648 2
15 648 1
16 648 1
19 648 3
21 648 3
23 648 1
27 648 2
32 648 1
33 648 1
35 648 1
36 648 3
38 648 1
39 648 3
40 648 3
41 648 3
42 648 3
43 648 2
49 648 2
50 648 3
54 648 3
58 648 1
60 648 1
64 648 2
65 648 2
67 648 1
69 648 3
72 648 1
74 648 3
85 648 3
94 648 1
96 648 2
98 648 2
101 648 2
106 648 3
111 648 2
113 648 3
115 648 2
117 648 1
118 648 1
126 648 2
129 648 1
141 648 1
143 648 1
144 648 2
145 648 3
147 648 1
148 648 2
149 648 1
153 648 2
154 648 1
164 648 1
169 648 2
172 648 2
175 648 2
185 648 2
187 648 3
189 648 2
192 648 3
196 648 3
199 648 1
205 648 2
206 648 2
210 648 2
219 648 2
220 648 1
225 648 2
227 648 2
233 648 1
235 648 2
236 648 3
238 648 3
244 648 1
251 648 2
253 648 1
254 648 1
259 648 3
261 648 2
262 648 1
264 648 1
265 648 2
266 648 2
267 648 2
270 648 1
271 648 2
272 648 2
273 648 1
274 648 3
275 648 2
278 648 1
284 648 1
288 648 3
291 648 2
292 648 3
294 648 3
308 648 3
310 648 2
312 648 2
314 648 3
315 648 1
318 648 2
319 648 2
324 648 2
325 648 3
329 648 2
330 648 3
333 648 3
335 648 3
336 648 1
338 648 3
339 648 1
344 648 3
345 648 1
357 648 1
364 648 1
365 648 3
366 648 1
367 648 2
378 648 2
379 648 1
381 648 1
388 648 3
396 648 3
397 648 3
398 648 2
401 648 1
402 648 1
