695 840 2
702 840 1
703 840 1
707 840 1
718 840 1
723 840 1
728 840 3
732 840 3
734 840 3
740 840 2
741 840 3
746 840 3
752 840 3
755 840 3
756 840 1
757 840 1
758 840 3
762 840 3
763 840 3
764 840 1
765 840 2
767 840 2
770 840 1
774 840 2
775 840 2
776 840 1
778 840 1
779 840 3
780 840 1
781 840 2
785 840 3
786 840 2
791 840 3
793 840 3
794 840 2
799 840 2
804 840 2
809 840 1
810 840 3
812 840 1
813 840 3
814 840 1
816 840 1
817 840 2
822 840 3
825 840 3
826 840 1
828 840 1
829 840 2
830 840 2
832 840 2
833 840 2
837 840 3
839 840 3
843 840 3
848 840 2
851 840 2
852 840 2
861 840 3
865 840 1
867 840 1
869 840 1
870 840 3
872 840 3
873 840 2
878 840 1
880 840 3
883 840 2
888 840 2
889 840 3
890 840 2
893 840 3
899 840 2
900 840 2
901 840 3
904 840 1
908 840 2
913 840 3
920 840 3
927 840 3
928 840 2
929 840 1
931 840 1
932 840 2
934 840 1
935 840 1
939 840 1
940 840 1
941 840 2
942 840 3
943 840 2
945 840 2
949 840 1
962 840 1
963 840 1
967 840 1
970 840 1
972 840 3
974 840 3
975 840 3
980 840 1
981 840 3
985 840 3
990 840 3
994 840 2
996 840 3
0 841 2
1 841 1
2 841 2
3 841 2
4 841 3
7 841 1
8 841 2
9 841 3
11 841 2
12 841 3
13 841 3
14 841 2
16 841 2
20 841 1
22 841 2
27 841 3
31 841 3
32 841 3
33 841 1
34 841 3
36 841 1
37 841 1
39 841 2
43 841 1
48 841 1
49 841 1
55 841 2
59 841 2
61 841 1
65 841 3
66 841 1
73 841 2
74 841 2
75 841 2
79 841 1
81 841 2
84 841 2
90 841 3
91 841 2
92 841 2
94 841 3
98 841 2
99 841 1
103 841 3
105 841 3
106 841 2
108 841 3
111 841 2
112 841 2
115 841 2
117 841 1
126 841 1
128 841 1
131 841 3
136 841 1
137 841 2
138 841 2
140 841 2
142 841 2
143 841 2
148 841 3
149 841 2
152 841 3
155 841 3
156 841 1
157 841 2
160 841 1
166 841 3
169 841 1
174 841 3
178 841 2
182 841 1
184 841 1
188 841 2
190 841 1
192 841 3
194 841 3
195 841 1
196 841 2
198 841 2
199 841 2
203 841 1
204 841 2
206 841 2
207 841 1
208 841 1
218 841 1
221 841 2
222 841 1
224 841 1
225 841 1
229 841 3
230 841 1
238 841 2
243 841 1
249 841 2
254 841 1
255 841 1
256 841 1
257 841 1
267 841 1
268 841 1
269 841 1
271 841 2
272 841 2
277 841 1
279 841 1
292 841 1
294 841 3
298 841 2
302 841 3
306 841 2
308 841 3
309 841 3
311 841 3
312 841 2
317 841 3
320 841 2
323 841 2
325 841 3
326 841 2
329 841 2
330 841 3
332 841 1
335 841 2
340 841 3
343 841 3
348 841 3
363 841 2
367 841 2
369 841 1
371 841 1
372 841 2
373 841 3
377 841 1
381 841 3
382 841 3
384 841 3
387 841 3
388 841 1
389 841 2
390 841 1
391 841 1
392 841 1
395 841 1
398 841 3
406 841 1
407 841 1
408 841 3
412 841 1
413 841 3
416 841 2
417 841 3
418 841 1
420 841 2
422 841 1
423 841 1
426 841 1
427 841 2
428 841 2
429 841 3
432 841 2
433 841 3
435 841 3
436 841 2
437 841 2
440 841 3
444 841 3
448 841 1
449 841 2
452 841 2
456 841 3
461 841 1
463 841 3
465 841 3
466 841 3
471 841 3
477 841 3
478 841 2
482 841 1
488 841 1
494 841 2
495 841 1
497 841 1
504 841 3
506 841 3
507 841 3
511 841 3
513 841 3
515 841 2
518 841 2
520 841 3
523 841 1
527 841 2
530 841 3
537 841 1
542 841 2
547 841 2
552 841 2
567 841 2
568 841 1
574 841 3
576 841 1
579 841 3
582 841 1
584 841 1
586 841 1
589 841 3
593 841 1
594 841 2
595 841 3
598 841 3
603 841 2
604 841 3
605 841 1
606 841 3
612 841 1
617 841 1
618 841 2
619 841 3
623 841 2
625 841 2
627 841 2
628 841 1
636 841 2
640 841 2
661 841 1
668 841 3
675 841 3
679 841 2
686 841 1
691 841 3
697 841 2
702 841 1
711 841 1
715 841 3
716 841 3
719 841 2
721 841 1
723 841 3
727 841 1
732 841 3
736 841 1
739 841 3
740 841 2
741 841 2
742 841 1
745 841 2
746 841 3
748 841 2
749 841 2
753 841 1
755 841 2
759 841 2
760 841 1
761 841 2
765 841 2
766 841 1
772 841 1
773 841 1
774 841 1
778 841 2
784 841 3
788 841 2
793 841 3
796 841 2
800 841 1
801 841 1
806 841 1
807 841 1
809 841 3
810 841 1
814 841 2
817 841 3
819 841 3
822 841 2
826 841 2
832 841 3
835 841 2
838 841 2
840 841 1
847 841 1
850 841 1
851 841 1
854 841 3
855 841 1
856 841 3
857 841 2
858 841 3
860 841 2
861 841 3
865 841 2
873 841 2
874 841 2
879 841 3
883 841 1
887 841 1
889 841 2
890 841 3
892 841 1
896 841 1
899 841 1
900 841 2
901 841 2
902 841 1
903 841 1
906 841 2
909 841 2
911 841 2
914 841 3
918 841 1
919 841 1
923 841 3
927 841 1
928 841 3
935 841 3
937 841 1
939 841 1
940 841 2
941 841 3
951 841 3
952 841 1
955 841 3
960 841 2
965 841 1
966 841 2
969 841 2
971 841 3
973 841 2
975 841 1
978 841 3
979 841 3
984 841 3
987 841 1
991 841 3
993 841 2
995 841 3
996 841 1
4 842 3
7 842 3
9 842 2
13 842 3
14 842 1
16 842 3
18 842 3
22 842 2
26 842 1
29 842 1
31 842 1
35 842 3
40 842 1
44 842 3
45 842 3
46 842 2
52 842 1
55 842 3
56 842 3
60 842 1
64 842 3
66 842 2
68 842 2
76 842 2
79 842 1
82 842 3
83 842 2
85 842 1
88 842 3
89 842 2
90 842 2
91 842 3
92 842 2
97 842 1
102 842 2
103 842 3
105 842 3
107 842 3
110 842 2
118 842 3
124 842 1
126 842 3
129 842 1
132 842 3
134 842 2
138 842 1
144 842 1
145 842 1
149 842 1
152 842 1
153 842 3
155 842 2
157 842 1
160 842 2
167 842 3
169 842 1
170 842 2
171 842 3
175 842 2
176 842 3
178 842 3
179 842 1
180 842 2
182 842 3
188 842 3
189 842 1
191 842 1
199 842 1
200 842 3
202 842 2
203 842 3
205 842 2
207 842 3
212 842 2
214 842 3
219 842 3
222 842 2
225 842 3
228 842 3
231 842 3
232 842 2
235 842 2
236 842 3
237 842 1
242 842 2
247 842 3
248 842 1
252 842 1
254 842 2
255 842 1
256 842 3
263 842 1
264 842 2
267 842 3
276 842 3
277 842 2
280 842 2
281 842 1
283 842 3
284 842 2
288 842 3
290 842 1
292 842 2
302 842 3
307 842 3
313 842 2
316 842 3
319 842 1
324 842 2
331 842 2
332 842 3
334 842 3
335 842 2
336 842 1
339 842 2
343 842 3
344 842 1
345 842 2
351 842 2
353 842 1
356 842 3
358 842 1
361 842 1
363 842 3
364 842 1
366 842 2
367 842 2
374 842 3
379 842 1
383 842 3
389 842 3
391 842 3
393 842 3
399 842 3
400 842 2
401 842 1
404 842 1
410 842 1
412 842 1
413 842 2
415 842 3
416 842 1
417 842 2
419 842 3
424 842 1
425 842 3
426 842 3
428 842 1
429 842 2
430 842 3
434 842 3
435 842 1
436 842 1
440 842 2
445 842 1
446 842 3
451 842 1
452 842 3
454 842 2
463 842 1
464 842 3
465 842 1
467 842 1
480 842 2
481 842 2
482 842 1
483 842 3
485 842 2
490 842 2
491 842 3
499 842 1
500 842 2
503 842 1
512 842 1
518 842 3
521 842 1
522 842 3
523 842 2
525 842 1
527 842 2
529 842 3
537 842 2
542 842 1
544 842 1
547 842 3
555 842 2
558 842 2
561 842 3
562 842 1
565 842 1
566 842 2
572 842 1
573 842 3
574 842 3
578 842 2
583 842 3
584 842 3
587 842 2
590 842 3
591 842 3
593 842 2
594 842 1
601 842 2
602 842 3
610 842 1
615 842 2
619 842 2
625 842 3
626 842 2
628 842 1
630 842 1
632 842 3
633 842 3
635 842 3
637 842 1
639 842 3
642 842 3
645 842 3
647 842 1
651 842 2
665 842 1
666 842 3
