447 440 1
448 440 2
453 440 3
454 440 2
455 440 3
457 440 2
459 440 1
460 440 1
462 440 2
468 440 2
469 440 2
474 440 2
475 440 1
477 440 1
479 440 2
481 440 2
483 440 2
485 440 1
486 440 1
489 440 1
494 440 2
497 440 2
498 440 1
507 440 1
513 440 2
514 440 2
515 440 3
521 440 1
523 440 3
525 440 1
526 440 1
528 440 2
530 440 1
533 440 2
535 440 3
541 440 2
543 440 2
557 440 3
558 440 2
561 440 3
564 440 2
566 440 3
568 440 1
581 440 3
583 440 1
585 440 2
586 440 1
588 440 1
589 440 2
592 440 1
596 440 3
597 440 2
612 440 3
615 440 3
616 440 1
621 440 1
624 440 3
627 440 1
628 440 1
629 440 1
635 440 2
640 440 2
646 440 1
654 440 3
656 440 1
659 440 3
660 440 3
663 440 3
668 440 3
670 440 3
674 440 2
677 440 1
687 440 3
690 440 3
696 440 3
698 440 3
699 440 1
701 440 2
703 440 1
704 440 2
707 440 3
710 440 2
716 440 1
717 440 2
720 440 1
723 440 1
726 440 1
727 440 1
730 440 3
731 440 2
735 440 1
741 440 2
743 440 2
747 440 2
750 440 3
753 440 3
756 440 3
760 440 3
767 440 3
770 440 2
771 440 1
774 440 1
775 440 3
778 440 2
779 440 2
780 440 1
785 440 3
787 440 2
788 440 1
792 440 3
794 440 1
800 440 2
802 440 1
803 440 1
808 440 3
809 440 2
811 440 1
813 440 1
815 440 3
817 440 1
830 440 2
838 440 3
840 440 2
847 440 3
849 440 3
850 440 3
851 440 1
855 440 3
861 440 2
864 440 1
868 440 1
869 440 1
871 440 1
875 440 3
878 440 3
879 440 2
884 440 3
885 440 2
888 440 2
890 440 2
896 440 3
897 440 3
900 440 2
904 440 3
905 440 3
906 440 3
909 440 2
913 440 3
922 440 3
929 440 1
938 440 2
947 440 3
948 440 2
954 440 3
957 440 1
961 440 2
962 440 3
964 440 1
968 440 3
970 440 2
976 440 1
980 440 3
981 440 2
984 440 2
988 440 1
990 440 3
992 440 3
993 440 1
4 441 1
5 441 3
11 441 3
13 441 2
20 441 3
23 441 1
25 441 3
27 441 2
29 441 3
33 441 3
40 441 3
45 441 2
46 441 3
55 441 3
60 441 1
62 441 2
63 441 3
64 441 1
70 441 3
71 441 2
79 441 3
81 441 1
82 441 2
83 441 2
84 441 3
86 441 3
89 441 1
91 441 2
99 441 3
100 441 2
107 441 3
108 441 1
109 441 1
110 441 1
112 441 1
114 441 3
116 441 3
117 441 3
119 441 2
121 441 1
122 441 3
123 441 1
124 441 3
125 441 1
126 441 2
141 441 1
144 441 1
149 441 2
151 441 2
155 441 3
161 441 2
162 441 1
163 441 1
165 441 2
166 441 3
167 441 2
170 441 3
172 441 3
174 441 3
175 441 3
178 441 2
184 441 1
190 441 3
191 441 3
196 441 1
198 441 1
199 441 3
201 441 2
202 441 3
206 441 3
209 441 3
210 441 2
214 441 3
220 441 1
226 441 3
227 441 3
232 441 2
236 441 2
238 441 1
241 441 2
242 441 1
244 441 2
246 441 1
248 441 3
251 441 2
252 441 3
256 441 2
258 441 2
264 441 2
265 441 2
267 441 1
274 441 1
277 441 2
279 441 1
282 441 3
286 441 3
287 441 3
290 441 2
291 441 3
293 441 3
303 441 1
305 441 2
306 441 3
308 441 1
310 441 2
311 441 1
313 441 1
316 441 1
323 441 2
328 441 1
329 441 1
330 441 1
331 441 1
332 441 3
333 441 1
334 441 1
337 441 1
338 441 3
340 441 2
344 441 2
345 441 3
351 441 3
354 441 1
355 441 1
357 441 1
360 441 2
367 441 1
368 441 3
369 441 3
371 441 1
372 441 3
374 441 1
375 441 1
376 441 1
377 441 2
380 441 1
383 441 2
391 441 2
400 441 3
404 441 1
409 441 3
413 441 2
419 441 1
421 441 3
422 441 3
424 441 2
427 441 3
432 441 3
434 441 1
435 441 3
436 441 1
437 441 2
439 441 1
441 441 1
442 441 2
443 441 3
449 441 2
453 441 1
455 441 2
458 441 3
460 441 3
461 441 2
464 441 3
465 441 2
470 441 1
472 441 3
474 441 2
481 441 2
484 441 1
492 441 1
493 441 3
494 441 1
497 441 2
498 441 3
500 441 1
503 441 3
504 441 1
508 441 2
509 441 1
511 441 2
515 441 3
518 441 3
519 441 1
520 441 1
523 441 2
525 441 2
526 441 2
529 441 2
531 441 1
534 441 2
536 441 3
538 441 1
540 441 3
542 441 3
546 441 1
548 441 3
551 441 2
553 441 1
557 441 3
558 441 3
561 441 3
563 441 3
571 441 2
572 441 2
573 441 2
575 441 1
576 441 3
580 441 2
585 441 3
587 441 1
602 441 3
608 441 3
609 441 1
611 441 2
616 441 3
617 441 3
618 441 2
620 441 1
621 441 3
622 441 3
623 441 1
625 441 2
626 441 1
627 441 1
630 441 1
633 441 3
638 441 1
642 441 3
643 441 3
646 441 3
648 441 2
656 441 3
657 441 1
658 441 1
663 441 3
664 441 3
665 441 1
668 441 3
673 441 1
674 441 2
679 441 3
684 441 2
691 441 2
693 441 2
697 441 1
699 441 3
700 441 1
701 441 2
707 441 2
708 441 2
711 441 2
713 441 3
715 441 3
716 441 3
720 441 3
723 441 1
726 441 3
727 441 3
730 441 3
731 441 2
734 441 3
736 441 2
737 441 1
741 441 3
742 441 3
744 441 3
747 441 3
754 441 2
755 441 2
758 441 2
759 441 2
761 441 1
768 441 1
769 441 3
771 441 2
772 441 3
778 441 3
781 441 1
783 441 3
785 441 2
791 441 3
792 441 2
794 441 3
796 441 1
798 441 1
800 441 3
801 441 1
802 441 3
804 441 2
807 441 2
808 441 1
810 441 2
813 441 3
815 441 3
816 441 2
819 441 2
820 441 1
823 441 2
826 441 2
838 441 1
840 441 3
843 441 2
846 441 2
849 441 2
850 441 3
852 441 2
853 441 2
861 441 3
865 441 2
868 441 1
871 441 1
874 441 3
880 441 1
882 441 2
888 441 2
889 441 1
894 441 1
895 441 2
907 441 2
909 441 3
912 441 2
914 441 3
921 441 1
925 441 2
926 441 2
927 441 2
930 441 3
936 441 2
938 441 2
940 441 1
947 441 3
952 441 1
955 441 2
957 441 1
958 441 2
959 441 1
972 441 3
977 441 2
980 441 3
981 441 3
983 441 2
984 441 2
985 441 2
991 441 1
993 441 1
995 441 1
997 441 3
998 441 2
0 442 1
1 442 1
4 442 1
6 442 1
7 442 3
8 442 2
9 442 2
13 442 2
15 442 3
16 442 2
18 442 1
22 442 1
23 442 3
25 442 2
30 442 2
31 442 2
36 442 3
37 442 2
41 442 3
42 442 1
43 442 2
45 442 1
46 442 1
49 442 2
50 442 2
53 442 2
54 442 1
55 442 1
63 442 1
64 442 3
65 442 2
68 442 1
70 442 3
73 442 3
74 442 2
76 442 2
81 442 3
92 442 1
94 442 2
96 442 3
97 442 2
99 442 3
100 442 1
101 442 3
102 442 2
107 442 1
108 442 2
111 442 3
115 442 2
119 442 1
120 442 3
121 442 2
126 442 3
129 442 2
131 442 3
134 442 3
138 442 1
139 442 3
146 442 1
147 442 2
149 442 2
152 442 3
154 442 3
156 442 2
159 442 3
163 442 1
165 442 2
169 442 1
170 442 1
173 442 2
177 442 2
178 442 3
179 442 2
185 442 1
188 442 3
189 442 3
204 442 2
207 442 2
208 442 2
210 442 3
211 442 3
214 442 3
218 442 1
225 442 2
226 442 1
227 442 2
230 442 1
241 442 2
244 442 3
245 442 3
246 442 1
248 442 3
250 442 3
252 442 3
253 442 2
254 442 3
257 442 3
260 442 1
261 442 1
269 442 2
282 442 3
284 442 1
287 442 2
289 442 2
301 442 2
302 442 2
306 442 1
313 442 3
314 442 3
316 442 1
317 442 2
321 442 3
323 442 2
327 442 2
328 442 1
336 442 2
337 442 2
339 442 1
341 442 1
344 442 2
345 442 2
347 442 1
348 442 3
350 442 2
352 442 1
355 442 2
356 442 2
357 442 3
359 442 3
360 442 2
363 442 1
366 442 3
372 442 3
374 442 1
375 442 1
376 442 1
377 442 1
378 442 1
384 442 3
385 442 1
387 442 3
389 442 2
394 442 2
401 442 2
402 442 1
405 442 2
406 442 1
408 442 1
410 442 3
411 442 1
