227 952 3
232 952 3
234 952 1
242 952 3
243 952 2
244 952 3
246 952 1
248 952 3
262 952 3
264 952 2
266 952 1
267 952 1
270 952 2
274 952 3
277 952 1
280 952 2
281 952 1
283 952 1
290 952 3
292 952 3
293 952 3
295 952 1
305 952 2
308 952 2
309 952 3
312 952 2
315 952 1
319 952 3
327 952 1
328 952 3
331 952 3
334 952 1
335 952 1
341 952 2
342 952 3
343 952 2
344 952 1
346 952 1
349 952 2
356 952 3
360 952 1
362 952 1
363 952 1
364 952 3
367 952 2
368 952 1
370 952 3
372 952 2
374 952 1
377 952 1
380 952 2
381 952 2
382 952 2
387 952 3
391 952 2
392 952 3
399 952 2
402 952 1
413 952 3
416 952 2
417 952 1
420 952 1
421 952 3
425 952 3
428 952 3
429 952 2
432 952 2
438 952 2
440 952 2
444 952 1
447 952 3
449 952 1
450 952 2
459 952 1
461 952 2
463 952 1
464 952 2
465 952 1
467 952 1
470 952 3
477 952 1
481 952 3
488 952 3
501 952 2
505 952 2
507 952 1
508 952 2
510 952 2
512 952 2
516 952 1
518 952 2
523 952 2
527 952 1
533 952 1
538 952 1
539 952 3
542 952 3
543 952 3
544 952 3
545 952 3
547 952 2
550 952 2
554 952 1
555 952 3
556 952 3
561 952 1
564 952 3
565 952 1
567 952 2
569 952 2
572 952 1
580 952 1
584 952 3
585 952 1
588 952 1
596 952 3
613 952 2
614 952 2
615 952 3
618 952 2
619 952 3
620 952 3
622 952 1
623 952 1
629 952 3
633 952 2
636 952 1
637 952 2
640 952 1
643 952 3
648 952 3
649 952 2
659 952 2
661 952 1
662 952 1
668 952 1
672 952 3
683 952 2
686 952 2
689 952 3
693 952 1
695 952 3
696 952 2
700 952 2
701 952 3
702 952 1
703 952 1
704 952 1
707 952 3
712 952 2
715 952 3
721 952 2
725 952 3
729 952 3
731 952 2
733 952 2
735 952 1
736 952 3
737 952 3
738 952 2
739 952 1
740 952 1
745 952 1
747 952 1
753 952 2
754 952 1
756 952 2
763 952 2
766 952 2
770 952 3
772 952 3
774 952 3
777 952 3
778 952 3
781 952 1
783 952 2
784 952 1
785 952 2
790 952 3
791 952 3
792 952 1
795 952 1
798 952 3
802 952 1
804 952 3
806 952 2
808 952 3
809 952 2
811 952 2
813 952 2
818 952 3
819 952 2
821 952 3
824 952 2
831 952 2
834 952 3
838 952 3
844 952 2
847 952 3
851 952 2
852 952 2
854 952 1
857 952 2
861 952 1
866 952 2
870 952 3
872 952 3
874 952 1
887 952 3
889 952 1
892 952 1
897 952 1
901 952 3
902 952 3
905 952 3
908 952 3
911 952 3
912 952 1
919 952 1
928 952 1
931 952 1
932 952 3
938 952 1
940 952 1
941 952 1
944 952 2
945 952 3
951 952 3
955 952 1
956 952 2
960 952 1
968 952 1
975 952 2
977 952 2
978 952 2
981 952 2
982 952 1
986 952 3
988 952 3
996 952 2
8 953 2
15 953 1
18 953 2
24 953 3
26 953 3
29 953 3
31 953 2
32 953 1
33 953 2
34 953 3
35 953 1
41 953 2
43 953 2
45 953 3
50 953 2
51 953 2
53 953 2
58 953 3
62 953 1
64 953 1
65 953 1
70 953 2
72 953 2
74 953 1
76 953 3
79 953 3
84 953 2
94 953 3
95 953 1
96 953 1
99 953 3
101 953 2
106 953 3
109 953 1
110 953 1
111 953 3
114 953 2
118 953 3
119 953 3
120 953 3
121 953 1
124 953 3
130 953 3
138 953 2
151 953 1
152 953 3
158 953 3
164 953 3
169 953 3
170 953 1
171 953 3
175 953 3
177 953 2
180 953 2
181 953 3
188 953 2
190 953 2
193 953 3
194 953 2
196 953 2
198 953 1
200 953 1
204 953 3
205 953 1
208 953 2
212 953 3
213 953 2
215 953 3
229 953 2
230 953 3
232 953 2
241 953 3
242 953 1
244 953 3
245 953 1
250 953 3
260 953 1
265 953 3
278 953 3
284 953 2
285 953 3
286 953 1
289 953 2
293 953 2
296 953 3
298 953 1
299 953 1
305 953 1
306 953 1
309 953 3
314 953 3
318 953 3
319 953 3
321 953 1
322 953 2
327 953 2
333 953 3
334 953 2
339 953 3
341 953 1
342 953 1
343 953 1
348 953 3
351 953 2
352 953 3
354 953 1
355 953 1
356 953 2
357 953 3
360 953 1
365 953 2
368 953 3
372 953 2
373 953 3
377 953 3
381 953 1
385 953 1
392 953 1
395 953 3
399 953 1
401 953 3
406 953 3
409 953 1
414 953 3
419 953 1
420 953 1
426 953 2
432 953 1
433 953 2
443 953 1
444 953 1
446 953 1
448 953 1
449 953 3
454 953 1
455 953 2
457 953 3
460 953 2
463 953 3
468 953 2
471 953 3
472 953 3
485 953 2
488 953 1
489 953 2
492 953 1
496 953 2
497 953 2
498 953 1
502 953 1
505 953 1
510 953 1
513 953 3
514 953 3
517 953 2
526 953 2
532 953 3
533 953 1
534 953 3
535 953 1
538 953 3
539 953 2
542 953 1
543 953 3
545 953 1
546 953 1
547 953 3
556 953 1
561 953 2
568 953 1
569 953 2
572 953 1
574 953 1
577 953 1
579 953 3
581 953 2
582 953 1
584 953 2
585 953 3
587 953 1
592 953 2
597 953 3
598 953 2
604 953 1
605 953 2
607 953 2
609 953 1
611 953 3
614 953 2
615 953 2
617 953 1
618 953 1
619 953 1
621 953 1
624 953 3
628 953 3
629 953 1
633 953 2
634 953 1
636 953 2
637 953 2
641 953 3
642 953 3
648 953 1
649 953 3
655 953 3
656 953 1
657 953 1
659 953 1
661 953 3
665 953 3
668 953 3
671 953 3
672 953 2
676 953 3
679 953 1
685 953 2
686 953 2
687 953 1
690 953 3
692 953 2
695 953 3
699 953 1
700 953 1
703 953 1
705 953 2
708 953 1
710 953 3
711 953 3
713 953 1
722 953 3
724 953 3
727 953 1
728 953 3
730 953 1
734 953 1
738 953 2
740 953 3
747 953 3
752 953 3
760 953 1
766 953 1
767 953 1
769 953 2
774 953 2
776 953 3
777 953 2
778 953 2
784 953 1
791 953 3
792 953 2
794 953 1
796 953 3
798 953 3
799 953 2
802 953 1
804 953 1
805 953 2
810 953 3
811 953 1
813 953 1
815 953 3
817 953 3
831 953 3
833 953 2
834 953 2
835 953 3
836 953 3
840 953 2
841 953 1
844 953 2
845 953 1
848 953 3
854 953 2
855 953 3
862 953 2
869 953 1
873 953 1
875 953 3
877 953 3
879 953 1
881 953 3
882 953 1
886 953 1
887 953 3
889 953 3
890 953 3
895 953 1
896 953 3
908 953 3
909 953 2
910 953 2
912 953 2
916 953 1
918 953 1
923 953 1
924 953 3
931 953 2
943 953 1
950 953 1
954 953 2
955 953 1
957 953 2
958 953 3
959 953 2
961 953 3
962 953 1
965 953 3
972 953 2
982 953 2
984 953 2
985 953 2
991 953 2
992 953 3
993 953 1
995 953 1
997 953 3
999 953 2
3 954 1
5 954 2
10 954 3
12 954 2
17 954 3
20 954 2
21 954 2
24 954 3
25 954 1
33 954 3
35 954 3
36 954 2
38 954 1
45 954 3
51 954 2
54 954 1
60 954 3
61 954 3
64 954 1
67 954 2
69 954 3
73 954 3
76 954 1
77 954 2
78 954 2
80 954 3
81 954 3
83 954 3
86 954 3
88 954 3
90 954 2
93 954 1
95 954 1
99 954 2
104 954 3
105 954 1
107 954 3
110 954 1
112 954 2
116 954 3
120 954 3
121 954 3
124 954 2
126 954 3
127 954 3
128 954 2
132 954 3
133 954 1
138 954 3
141 954 3
143 954 2
144 954 3
145 954 3
147 954 1
151 954 1
153 954 2
158 954 3
160 954 3
163 954 2
170 954 1
171 954 1
172 954 1
176 954 2
177 954 1
178 954 1
182 954 3
186 954 2
188 954 3
192 954 3
197 954 3
199 954 2
200 954 2
205 954 1
207 954 1
209 954 2
212 954 2
214 954 1
215 954 3
216 954 2
219 954 2
221 954 2
222 954 1
225 954 2
228 954 3
230 954 3
237 954 2
240 954 2
241 954 2
242 954 1
244 954 3
247 954 3
248 954 1
250 954 3
251 954 2
257 954 1
263 954 2
272 954 3
276 954 2
281 954 1
287 954 3
290 954 1
294 954 1
296 954 2
301 954 3
305 954 3
314 954 2
324 954 2
328 954 2
