772 316 1
775 316 3
777 316 3
781 316 1
782 316 1
784 316 1
787 316 2
789 316 1
790 316 3
792 316 2
801 316 1
802 316 2
804 316 1
807 316 2
812 316 1
813 316 1
816 316 1
818 316 2
820 316 3
826 316 2
827 316 3
828 316 1
830 316 3
832 316 2
835 316 2
842 316 3
843 316 2
844 316 2
845 316 1
848 316 2
849 316 2
852 316 2
856 316 2
860 316 1
861 316 3
866 316 1
867 316 3
870 316 2
876 316 2
882 316 3
886 316 3
905 316 1
906 316 2
907 316 3
911 316 3
912 316 3
913 316 1
917 316 1
918 316 1
926 316 3
931 316 2
935 316 3
937 316 3
939 316 3
941 316 3
942 316 2
945 316 1
954 316 3
958 316 3
960 316 3
961 316 1
971 316 1
974 316 2
975 316 2
976 316 1
977 316 1
978 316 2
979 316 1
981 316 2
986 316 3
988 316 2
989 316 1
991 316 3
993 316 1
994 316 2
997 316 2
3 317 3
5 317 2
6 317 1
10 317 3
11 317 1
14 317 2
16 317 1
18 317 2
20 317 3
24 317 1
26 317 2
29 317 2
31 317 2
37 317 1
42 317 1
45 317 2
48 317 1
49 317 1
52 317 3
58 317 2
62 317 2
63 317 2
64 317 3
65 317 2
67 317 3
74 317 1
80 317 3
84 317 1
89 317 2
91 317 2
95 317 3
96 317 3
99 317 1
101 317 2
110 317 3
111 317 2
113 317 2
114 317 2
121 317 3
123 317 1
129 317 2
132 317 3
133 317 1
136 317 2
139 317 3
140 317 2
142 317 2
144 317 1
150 317 1
153 317 2
154 317 2
155 317 2
160 317 2
161 317 3
164 317 3
165 317 3
169 317 2
172 317 3
174 317 1
178 317 2
182 317 2
184 317 3
185 317 2
189 317 1
190 317 3
192 317 2
196 317 1
198 317 1
199 317 2
200 317 2
202 317 1
204 317 2
212 317 3
213 317 1
216 317 1
220 317 3
222 317 2
223 317 2
225 317 2
227 317 3
233 317 1
234 317 1
235 317 3
237 317 2
238 317 3
247 317 1
249 317 3
250 317 3
253 317 1
254 317 2
256 317 2
261 317 3
264 317 3
265 317 3
266 317 2
270 317 2
275 317 1
277 317 2
278 317 2
281 317 2
283 317 1
291 317 2
297 317 1
298 317 1
305 317 2
306 317 3
307 317 2
311 317 2
312 317 3
320 317 3
323 317 3
328 317 1
329 317 2
334 317 1
338 317 3
339 317 1
344 317 2
348 317 3
353 317 2
359 317 3
363 317 2
364 317 2
365 317 2
369 317 2
370 317 3
372 317 3
382 317 1
383 317 1
387 317 2
390 317 3
392 317 3
393 317 3
398 317 3
400 317 1
407 317 1
408 317 2
413 317 3
416 317 3
419 317 3
421 317 2
424 317 1
425 317 3
426 317 2
429 317 1
431 317 1
433 317 3
435 317 3
440 317 3
443 317 1
446 317 3
450 317 2
451 317 3
456 317 3
457 317 3
459 317 3
469 317 1
472 317 1
473 317 2
477 317 2
484 317 2
486 317 2
492 317 2
495 317 2
497 317 1
502 317 2
503 317 1
507 317 2
509 317 1
510 317 1
512 317 2
521 317 3
524 317 3
529 317 3
530 317 1
531 317 3
532 317 1
533 317 1
534 317 3
535 317 2
536 317 2
537 317 2
538 317 3
541 317 2
542 317 3
543 317 3
546 317 3
547 317 2
549 317 2
550 317 3
552 317 2
553 317 2
558 317 1
560 317 3
562 317 2
563 317 2
567 317 2
569 317 1
572 317 2
578 317 1
581 317 1
586 317 3
587 317 3
588 317 1
593 317 1
595 317 3
596 317 1
602 317 3
604 317 2
605 317 3
608 317 2
610 317 2
613 317 2
622 317 2
624 317 3
626 317 2
627 317 1
628 317 3
631 317 3
633 317 3
639 317 3
645 317 2
646 317 3
648 317 1
650 317 1
653 317 1
654 317 3
656 317 3
657 317 2
669 317 3
674 317 1
678 317 1
681 317 3
682 317 1
687 317 3
690 317 2
691 317 3
692 317 3
696 317 2
697 317 1
699 317 3
703 317 1
706 317 3
708 317 2
710 317 2
715 317 2
718 317 2
719 317 2
720 317 3
721 317 1
729 317 1
730 317 1
734 317 1
735 317 1
737 317 1
738 317 1
741 317 3
742 317 1
743 317 3
748 317 1
749 317 1
751 317 3
755 317 2
759 317 3
760 317 1
764 317 1
770 317 3
772 317 2
785 317 1
787 317 1
788 317 2
789 317 2
796 317 2
797 317 2
803 317 2
804 317 2
805 317 3
806 317 3
808 317 2
809 317 1
814 317 3
815 317 3
816 317 2
819 317 3
820 317 2
821 317 1
823 317 3
824 317 3
834 317 2
836 317 3
838 317 2
839 317 1
841 317 1
844 317 1
846 317 1
848 317 3
850 317 2
859 317 2
861 317 3
869 317 1
872 317 2
878 317 3
885 317 3
887 317 2
889 317 2
890 317 3
891 317 3
892 317 2
894 317 1
897 317 2
899 317 2
906 317 1
914 317 1
915 317 2
917 317 3
919 317 1
920 317 1
921 317 2
925 317 1
926 317 1
930 317 1
939 317 1
940 317 3
944 317 3
945 317 3
946 317 1
949 317 2
953 317 3
955 317 3
958 317 1
963 317 1
964 317 2
968 317 2
969 317 2
973 317 2
974 317 3
975 317 3
976 317 3
977 317 3
979 317 1
981 317 2
984 317 1
986 317 1
988 317 3
991 317 3
992 317 3
996 317 3
999 317 3
0 318 3
2 318 2
3 318 3
6 318 1
7 318 1
10 318 2
14 318 3
17 318 1
18 318 3
19 318 2
20 318 1
21 318 3
23 318 3
28 318 3
29 318 1
31 318 1
33 318 3
37 318 1
42 318 1
44 318 2
51 318 2
52 318 2
63 318 2
66 318 1
68 318 1
69 318 2
73 318 2
76 318 1
82 318 2
83 318 1
84 318 1
87 318 1
88 318 1
91 318 2
93 318 1
102 318 3
103 318 1
107 318 1
112 318 3
114 318 1
118 318 1
121 318 3
128 318 3
129 318 3
131 318 1
133 318 2
136 318 3
138 318 1
140 318 3
155 318 2
163 318 3
168 318 2
169 318 1
171 318 3
172 318 3
175 318 3
176 318 2
177 318 3
180 318 1
181 318 1
182 318 3
183 318 1
185 318 2
186 318 3
188 318 1
191 318 1
192 318 1
196 318 1
197 318 1
199 318 3
200 318 2
203 318 1
209 318 2
221 318 2
224 318 1
228 318 3
229 318 3
232 318 2
239 318 1
240 318 1
241 318 2
242 318 2
249 318 1
253 318 1
254 318 2
255 318 2
260 318 2
263 318 2
264 318 3
273 318 1
275 318 3
276 318 1
279 318 3
280 318 1
282 318 3
284 318 1
285 318 1
286 318 1
289 318 2
292 318 1
294 318 2
296 318 1
298 318 1
300 318 2
304 318 3
306 318 1
308 318 2
310 318 2
311 318 2
312 318 2
322 318 3
324 318 2
329 318 1
330 318 2
332 318 1
334 318 2
336 318 2
337 318 3
341 318 1
344 318 3
347 318 1
348 318 3
351 318 3
356 318 2
359 318 2
364 318 1
371 318 3
372 318 3
374 318 2
375 318 3
378 318 1
382 318 3
383 318 2
384 318 2
389 318 3
391 318 1
394 318 2
395 318 1
399 318 3
402 318 1
403 318 3
404 318 2
405 318 1
408 318 2
419 318 2
420 318 3
422 318 3
429 318 2
434 318 3
439 318 3
441 318 2
442 318 1
444 318 3
451 318 2
453 318 3
454 318 1
455 318 2
460 318 1
464 318 2
465 318 2
468 318 3
470 318 2
472 318 1
473 318 1
478 318 1
482 318 3
494 318 3
495 318 3
500 318 1
501 318 1
502 318 2
508 318 3
515 318 1
516 318 2
522 318 3
523 318 1
524 318 2
526 318 1
528 318 3
529 318 2
530 318 2
532 318 1
539 318 2
546 318 1
553 318 1
558 318 2
559 318 2
560 318 1
563 318 1
566 318 2
568 318 2
570 318 1
571 318 2
572 318 2
575 318 2
577 318 3
579 318 2
582 318 2
584 318 1
586 318 3
590 318 2
592 318 1
600 318 3
604 318 3
610 318 2
613 318 2
617 318 2
618 318 1
622 318 2
623 318 3
629 318 2
630 318 2
631 318 3
633 318 3
635 318 1
636 318 2
642 318 2
644 318 1
646 318 2
647 318 2
648 318 1
654 318 1
659 318 1
663 318 2
666 318 1
669 318 3
673 318 3
674 318 1
681 318 1
685 318 1
689 318 1
691 318 1
692 318 2
693 318 3
696 318 1
702 318 2
703 318 3
705 318 2
706 318 1
707 318 3
713 318 3
718 318 2
723 318 1
