472 456 3
473 456 1
474 456 2
475 456 2
481 456 1
483 456 2
488 456 1
491 456 3
492 456 3
496 456 2
498 456 2
504 456 1
509 456 3
512 456 1
513 456 3
514 456 2
518 456 1
522 456 2
527 456 3
528 456 1
534 456 3
535 456 1
536 456 1
540 456 2
541 456 3
542 456 2
543 456 2
547 456 2
551 456 1
554 456 1
564 456 1
572 456 1
576 456 2
585 456 1
586 456 1
590 456 1
594 456 1
596 456 1
597 456 3
599 456 3
601 456 1
602 456 3
607 456 1
616 456 2
617 456 2
618 456 2
621 456 1
623 456 1
632 456 1
637 456 3
638 456 1
640 456 3
641 456 1
642 456 1
649 456 1
654 456 3
656 456 3
657 456 2
658 456 1
662 456 3
663 456 2
666 456 3
668 456 3
674 456 3
675 456 3
685 456 1
687 456 1
694 456 2
695 456 2
697 456 3
703 456 2
704 456 2
707 456 2
709 456 1
710 456 2
712 456 3
718 456 3
724 456 2
725 456 3
726 456 3
729 456 2
738 456 3
743 456 2
747 456 2
758 456 2
764 456 3
765 456 3
766 456 2
768 456 1
770 456 1
772 456 2
775 456 3
776 456 2
777 456 1
785 456 2
786 456 3
793 456 3
796 456 2
801 456 3
802 456 1
821 456 1
823 456 3
824 456 1
833 456 3
835 456 3
836 456 1
838 456 1
840 456 1
842 456 1
845 456 3
846 456 1
847 456 1
849 456 1
856 456 1
858 456 2
865 456 2
866 456 2
867 456 3
869 456 1
873 456 3
880 456 3
881 456 3
887 456 2
890 456 3
893 456 1
894 456 3
897 456 1
899 456 1
908 456 3
909 456 1
914 456 2
915 456 1
916 456 2
919 456 3
924 456 1
927 456 2
929 456 1
931 456 2
932 456 3
938 456 3
940 456 2
941 456 1
942 456 3
945 456 3
953 456 3
954 456 1
964 456 3
965 456 3
968 456 3
970 456 3
972 456 3
973 456 3
981 456 3
985 456 3
986 456 3
987 456 1
992 456 1
998 456 1
999 456 2
2 457 1
4 457 2
5 457 3
6 457 2
13 457 3
17 457 1
21 457 1
23 457 1
24 457 2
26 457 1
27 457 1
29 457 2
32 457 2
45 457 1
46 457 1
47 457 2
49 457 3
50 457 2
51 457 1
64 457 1
68 457 1
79 457 2
85 457 3
86 457 1
88 457 1
90 457 3
92 457 2
93 457 1
95 457 2
102 457 2
105 457 2
107 457 2
108 457 2
109 457 1
112 457 2
116 457 3
118 457 3
123 457 3
124 457 3
125 457 2
130 457 2
131 457 1
132 457 3
133 457 1
135 457 3
136 457 1
142 457 2
150 457 3
151 457 3
153 457 2
156 457 3
161 457 3
164 457 1
166 457 1
169 457 2
172 457 3
176 457 3
179 457 3
180 457 1
181 457 3
183 457 2
185 457 3
186 457 2
188 457 1
190 457 1
191 457 3
193 457 3
196 457 2
201 457 1
202 457 1
203 457 3
204 457 1
205 457 2
207 457 2
208 457 3
211 457 3
213 457 2
218 457 2
221 457 1
224 457 2
226 457 1
237 457 2
238 457 2
246 457 3
251 457 2
253 457 1
256 457 3
260 457 1
264 457 1
268 457 3
269 457 1
271 457 1
274 457 2
279 457 3
280 457 2
284 457 1
286 457 1
287 457 1
290 457 2
294 457 3
295 457 3
300 457 1
305 457 2
308 457 3
309 457 1
310 457 3
311 457 2
312 457 2
313 457 2
314 457 1
322 457 3
324 457 1
326 457 2
327 457 3
331 457 3
336 457 3
339 457 2
341 457 2
342 457 1
344 457 1
348 457 3
349 457 2
350 457 1
352 457 1
355 457 1
357 457 3
358 457 2
359 457 3
361 457 2
365 457 1
367 457 1
374 457 1
375 457 2
376 457 3
377 457 1
381 457 1
382 457 3
384 457 2
386 457 1
387 457 2
391 457 2
392 457 1
399 457 1
400 457 3
402 457 2
405 457 1
407 457 1
412 457 2
420 457 3
421 457 3
422 457 1
423 457 2
426 457 1
429 457 1
430 457 3
431 457 2
433 457 2
434 457 3
436 457 1
437 457 3
438 457 2
441 457 1
448 457 1
450 457 3
454 457 2
455 457 1
464 457 3
468 457 3
472 457 1
473 457 1
475 457 3
476 457 2
478 457 1
479 457 1
481 457 1
484 457 2
489 457 3
491 457 3
493 457 2
495 457 3
497 457 3
498 457 3
499 457 3
500 457 2
501 457 3
503 457 1
504 457 1
508 457 3
510 457 2
519 457 1
521 457 3
522 457 1
524 457 2
527 457 3
529 457 2
531 457 3
533 457 2
535 457 2
544 457 1
546 457 2
550 457 3
554 457 1
560 457 1
562 457 2
566 457 3
567 457 1
573 457 2
574 457 3
575 457 1
581 457 2
591 457 3
593 457 2
595 457 3
596 457 1
598 457 3
600 457 1
601 457 2
602 457 1
608 457 1
611 457 2
615 457 2
623 457 1
630 457 3
642 457 2
643 457 1
646 457 3
650 457 1
651 457 2
652 457 1
653 457 3
654 457 1
655 457 3
656 457 2
660 457 1
662 457 1
663 457 1
664 457 2
667 457 3
668 457 2
669 457 1
670 457 1
673 457 3
680 457 2
685 457 1
686 457 1
692 457 1
693 457 3
696 457 2
698 457 3
703 457 3
707 457 2
713 457 1
717 457 2
722 457 2
723 457 1
725 457 2
728 457 2
729 457 3
730 457 1
732 457 2
733 457 2
734 457 2
736 457 2
737 457 3
744 457 2
750 457 3
754 457 3
756 457 3
760 457 3
761 457 2
762 457 3
764 457 1
766 457 3
767 457 2
769 457 3
771 457 1
772 457 2
775 457 2
778 457 1
787 457 3
788 457 2
790 457 3
795 457 1
796 457 3
799 457 3
800 457 3
801 457 1
805 457 3
807 457 2
808 457 1
813 457 3
817 457 2
818 457 2
824 457 1
825 457 2
833 457 1
834 457 3
839 457 3
841 457 1
852 457 3
853 457 3
854 457 1
859 457 2
861 457 3
868 457 3
872 457 3
877 457 3
880 457 1
881 457 3
882 457 2
887 457 3
890 457 1
891 457 3
899 457 2
903 457 2
905 457 2
906 457 2
910 457 3
917 457 1
921 457 1
923 457 1
928 457 3
929 457 3
934 457 3
935 457 3
936 457 3
937 457 3
939 457 1
940 457 3
942 457 1
948 457 3
954 457 2
957 457 1
959 457 1
964 457 1
966 457 2
967 457 3
969 457 2
971 457 3
972 457 1
975 457 1
979 457 2
983 457 1
985 457 2
988 457 1
991 457 2
992 457 2
993 457 2
996 457 3
998 457 2
1 458 3
3 458 1
8 458 1
9 458 3
13 458 3
19 458 3
21 458 1
23 458 1
25 458 1
26 458 2
27 458 3
29 458 3
30 458 2
31 458 1
35 458 2
36 458 3
39 458 3
40 458 1
43 458 1
46 458 1
49 458 2
50 458 3
51 458 3
60 458 1
61 458 2
62 458 2
63 458 1
66 458 1
69 458 2
70 458 3
71 458 3
72 458 1
75 458 2
76 458 2
77 458 2
80 458 1
81 458 2
82 458 2
83 458 3
85 458 2
87 458 3
89 458 1
94 458 1
97 458 2
103 458 1
106 458 1
114 458 3
118 458 3
120 458 1
123 458 2
126 458 2
130 458 3
141 458 2
144 458 3
146 458 3
147 458 2
149 458 3
151 458 1
155 458 3
157 458 1
159 458 1
160 458 2
165 458 1
171 458 1
179 458 2
180 458 2
184 458 3
187 458 1
189 458 1
190 458 1
191 458 2
196 458 3
197 458 2
198 458 1
203 458 1
206 458 2
207 458 3
214 458 2
218 458 1
224 458 3
232 458 1
233 458 1
234 458 1
236 458 2
241 458 2
243 458 3
246 458 2
250 458 3
253 458 2
254 458 2
255 458 2
256 458 1
258 458 1
259 458 2
260 458 3
261 458 1
262 458 2
265 458 2
266 458 2
269 458 3
270 458 3
273 458 2
275 458 3
287 458 2
288 458 2
290 458 2
292 458 2
293 458 3
294 458 1
295 458 1
296 458 1
297 458 1
300 458 1
303 458 2
307 458 3
315 458 1
319 458 2
321 458 3
327 458 1
331 458 1
335 458 3
337 458 1
338 458 3
339 458 2
342 458 1
343 458 3
346 458 1
351 458 2
354 458 1
355 458 2
356 458 3
360 458 1
365 458 2
368 458 1
369 458 1
374 458 1
375 458 1
378 458 1
380 458 3
384 458 3
385 458 2
388 458 2
391 458 1
394 458 1
395 458 3
397 458 1
398 458 3
399 458 3
400 458 1
401 458 3
406 458 3
407 458 1
408 458 3
414 458 3
415 458 1
422 458 2
426 458 2
