465 406 1
466 406 2
472 406 3
475 406 3
478 406 1
480 406 2
485 406 3
489 406 2
491 406 3
494 406 1
495 406 3
499 406 3
500 406 2
509 406 3
512 406 2
516 406 3
518 406 1
520 406 2
524 406 1
526 406 2
527 406 2
532 406 2
533 406 1
536 406 3
538 406 1
546 406 2
549 406 1
555 406 2
558 406 3
559 406 2
561 406 1
564 406 2
565 406 3
566 406 2
570 406 2
571 406 3
573 406 2
577 406 2
578 406 2
584 406 1
587 406 2
589 406 1
590 406 2
594 406 2
599 406 3
601 406 1
602 406 3
603 406 1
605 406 1
606 406 3
607 406 3
609 406 3
610 406 1
611 406 1
614 406 2
617 406 2
618 406 3
619 406 1
623 406 3
628 406 2
631 406 3
634 406 1
637 406 1
640 406 1
643 406 1
645 406 1
648 406 1
650 406 1
652 406 2
654 406 2
664 406 1
665 406 1
669 406 3
670 406 2
672 406 1
676 406 3
679 406 2
680 406 1
683 406 3
684 406 1
686 406 2
690 406 3
694 406 2
697 406 2
699 406 2
701 406 2
705 406 2
706 406 1
708 406 1
714 406 3
715 406 2
716 406 1
717 406 2
721 406 2
722 406 1
724 406 1
727 406 3
728 406 3
729 406 1
731 406 3
733 406 1
740 406 1
742 406 2
748 406 3
749 406 1
753 406 3
757 406 1
764 406 2
767 406 1
769 406 3
771 406 1
773 406 1
774 406 1
777 406 1
779 406 3
780 406 3
783 406 3
785 406 2
786 406 1
790 406 2
793 406 3
794 406 2
795 406 3
800 406 2
804 406 3
805 406 2
810 406 2
811 406 3
817 406 2
821 406 1
823 406 2
829 406 1
832 406 3
834 406 3
835 406 3
843 406 2
846 406 1
847 406 2
853 406 2
854 406 1
858 406 3
865 406 3
867 406 1
869 406 2
871 406 1
874 406 1
876 406 3
879 406 1
880 406 3
881 406 3
882 406 1
883 406 2
885 406 2
890 406 2
895 406 1
896 406 3
898 406 2
901 406 2
905 406 1
906 406 3
907 406 3
910 406 3
911 406 2
912 406 3
913 406 3
916 406 2
918 406 1
921 406 2
922 406 3
923 406 2
924 406 3
926 406 3
927 406 1
929 406 2
933 406 1
935 406 1
944 406 2
947 406 3
948 406 2
949 406 1
952 406 2
957 406 3
959 406 3
961 406 3
963 406 3
965 406 3
966 406 3
967 406 1
969 406 3
970 406 2
971 406 1
974 406 2
975 406 3
978 406 2
979 406 1
981 406 2
982 406 2
985 406 3
986 406 1
989 406 2
994 406 3
995 406 3
997 406 1
7 407 2
11 407 3
13 407 2
16 407 1
18 407 1
21 407 2
23 407 3
26 407 1
29 407 1
31 407 2
32 407 2
39 407 1
46 407 1
50 407 1
51 407 2
61 407 2
62 407 2
65 407 3
73 407 1
74 407 2
78 407 1
84 407 1
86 407 1
89 407 2
90 407 1
91 407 2
93 407 2
99 407 2
101 407 3
102 407 2
107 407 2
110 407 3
117 407 1
120 407 1
128 407 1
132 407 3
133 407 3
135 407 1
140 407 1
141 407 1
142 407 2
144 407 1
147 407 2
148 407 1
149 407 3
153 407 1
154 407 1
155 407 1
160 407 1
161 407 3
162 407 1
164 407 1
166 407 3
167 407 1
173 407 3
176 407 1
177 407 3
178 407 3
180 407 3
181 407 2
183 407 2
184 407 2
185 407 1
188 407 3
190 407 1
193 407 3
194 407 1
195 407 2
196 407 2
199 407 1
202 407 3
203 407 2
207 407 3
209 407 2
212 407 3
213 407 2
215 407 1
225 407 3
227 407 3
231 407 3
240 407 3
249 407 1
251 407 3
253 407 1
254 407 2
260 407 2
261 407 3
262 407 2
266 407 2
268 407 1
272 407 1
274 407 1
275 407 1
276 407 3
283 407 2
287 407 2
290 407 2
292 407 3
294 407 2
297 407 2
306 407 1
310 407 1
313 407 1
315 407 3
316 407 3
317 407 1
318 407 3
325 407 2
327 407 1
331 407 1
335 407 2
340 407 1
341 407 3
342 407 3
344 407 2
355 407 1
357 407 3
359 407 2
368 407 2
376 407 1
378 407 2
386 407 2
388 407 2
390 407 2
393 407 2
396 407 3
397 407 3
400 407 3
403 407 3
404 407 2
405 407 3
409 407 3
410 407 3
413 407 2
414 407 1
416 407 3
422 407 1
424 407 1
429 407 3
432 407 3
435 407 3
440 407 1
453 407 1
457 407 1
459 407 2
460 407 3
467 407 2
468 407 2
469 407 2
471 407 3
473 407 2
476 407 1
477 407 2
478 407 3
479 407 1
481 407 3
483 407 1
489 407 2
490 407 3
492 407 1
500 407 1
502 407 1
503 407 2
507 407 2
513 407 2
516 407 3
517 407 3
521 407 1
530 407 3
531 407 1
535 407 1
537 407 3
539 407 3
540 407 1
544 407 3
546 407 1
554 407 2
563 407 1
565 407 3
570 407 3
581 407 2
582 407 1
586 407 3
587 407 2
592 407 3
596 407 3
597 407 1
598 407 2
599 407 1
600 407 1
601 407 1
604 407 2
605 407 2
609 407 3
610 407 2
616 407 1
622 407 1
625 407 2
626 407 3
627 407 2
632 407 1
634 407 3
635 407 3
641 407 3
648 407 3
649 407 2
654 407 3
655 407 3
665 407 2
666 407 1
669 407 2
674 407 2
676 407 2
677 407 1
680 407 2
683 407 1
684 407 1
692 407 2
693 407 1
694 407 3
702 407 2
709 407 1
710 407 1
712 407 1
715 407 1
716 407 3
717 407 2
718 407 1
725 407 2
739 407 1
741 407 2
742 407 2
744 407 3
749 407 3
753 407 1
756 407 1
757 407 1
758 407 2
760 407 2
761 407 3
762 407 3
765 407 1
768 407 2
771 407 2
775 407 1
778 407 3
779 407 3
780 407 2
785 407 2
790 407 1
792 407 2
794 407 3
796 407 2
797 407 2
807 407 2
808 407 3
809 407 3
810 407 3
815 407 2
821 407 3
822 407 1
826 407 1
829 407 3
834 407 2
835 407 1
844 407 1
846 407 2
847 407 2
853 407 3
865 407 3
866 407 2
868 407 2
870 407 2
872 407 1
876 407 1
881 407 3
886 407 2
891 407 2
893 407 2
897 407 1
900 407 2
904 407 1
907 407 1
909 407 1
910 407 2
913 407 3
914 407 1
916 407 3
917 407 3
919 407 2
921 407 2
922 407 3
927 407 1
929 407 2
931 407 2
936 407 2
937 407 2
938 407 1
941 407 3
942 407 3
947 407 1
957 407 1
960 407 1
962 407 2
963 407 2
968 407 1
970 407 2
979 407 3
983 407 3
984 407 2
986 407 3
987 407 2
988 407 2
994 407 3
996 407 3
997 407 3
0 408 3
2 408 3
4 408 3
7 408 1
8 408 3
11 408 3
15 408 2
16 408 2
21 408 3
24 408 3
37 408 3
38 408 2
43 408 1
51 408 2
56 408 2
59 408 2
63 408 2
69 408 2
70 408 1
71 408 3
72 408 3
77 408 3
78 408 1
81 408 3
82 408 1
83 408 2
86 408 2
87 408 1
88 408 1
90 408 3
94 408 1
98 408 1
101 408 2
103 408 3
109 408 2
116 408 3
118 408 1
121 408 1
122 408 3
129 408 1
131 408 3
132 408 3
134 408 2
135 408 2
138 408 1
140 408 3
141 408 3
143 408 2
144 408 1
146 408 1
149 408 2
150 408 2
152 408 3
155 408 1
161 408 3
162 408 2
166 408 1
168 408 3
170 408 3
171 408 1
172 408 3
173 408 2
177 408 3
186 408 3
187 408 3
188 408 2
190 408 1
193 408 3
195 408 1
198 408 2
199 408 3
201 408 3
202 408 2
204 408 2
206 408 2
207 408 1
208 408 1
209 408 3
217 408 2
218 408 1
219 408 3
227 408 1
229 408 3
232 408 2
235 408 2
238 408 1
239 408 3
240 408 2
245 408 1
248 408 1
249 408 1
250 408 1
255 408 3
256 408 3
257 408 3
260 408 3
261 408 2
263 408 2
266 408 3
270 408 1
273 408 1
276 408 1
278 408 1
281 408 1
282 408 2
283 408 1
286 408 2
289 408 2
290 408 2
293 408 3
295 408 2
300 408 3
303 408 2
310 408 2
311 408 2
313 408 1
314 408 1
319 408 3
322 408 3
326 408 2
328 408 3
332 408 3
334 408 2
337 408 1
342 408 3
345 408 1
346 408 3
347 408 1
348 408 1
349 408 2
360 408 3
364 408 2
368 408 2
372 408 3
373 408 2
376 408 2
377 408 3
379 408 3
390 408 1
393 408 1
395 408 1
401 408 2
405 408 3
406 408 3
410 408 3
414 408 1
416 408 3
