224 508 1
225 508 3
229 508 3
231 508 3
234 508 1
236 508 1
237 508 2
241 508 1
242 508 3
243 508 1
244 508 1
247 508 2
250 508 2
252 508 1
253 508 3
254 508 3
257 508 3
259 508 2
260 508 3
262 508 2
264 508 2
265 508 3
267 508 3
268 508 1
269 508 1
271 508 2
274 508 1
277 508 3
278 508 2
284 508 3
287 508 2
292 508 2
295 508 1
296 508 1
297 508 3
298 508 2
302 508 2
303 508 2
304 508 3
306 508 2
308 508 3
309 508 3
313 508 1
315 508 2
317 508 3
318 508 2
322 508 3
326 508 3
329 508 3
337 508 3
338 508 3
339 508 2
340 508 2
342 508 1
343 508 1
346 508 2
349 508 3
350 508 3
351 508 3
352 508 3
354 508 2
358 508 3
362 508 1
363 508 2
364 508 3
365 508 3
366 508 3
368 508 2
377 508 2
385 508 3
386 508 3
391 508 1
394 508 3
396 508 1
397 508 1
398 508 3
399 508 2
404 508 2
405 508 3
407 508 3
421 508 3
427 508 2
428 508 3
429 508 2
436 508 2
438 508 1
439 508 1
449 508 2
455 508 3
456 508 1
459 508 2
467 508 2
473 508 2
474 508 1
476 508 1
478 508 1
481 508 3
483 508 1
485 508 1
490 508 1
493 508 1
495 508 2
502 508 2
503 508 2
504 508 3
505 508 1
509 508 3
510 508 2
514 508 1
517 508 1
518 508 1
522 508 3
525 508 1
526 508 1
533 508 1
535 508 1
538 508 3
543 508 3
544 508 1
547 508 3
551 508 1
554 508 3
558 508 3
561 508 3
565 508 2
569 508 2
570 508 1
571 508 3
574 508 1
575 508 1
578 508 2
579 508 1
583 508 1
588 508 2
591 508 3
593 508 3
594 508 3
597 508 3
599 508 3
602 508 1
605 508 3
606 508 3
609 508 1
614 508 2
622 508 2
628 508 3
632 508 3
633 508 2
638 508 2
639 508 1
640 508 2
644 508 1
649 508 3
650 508 3
651 508 2
653 508 3
662 508 3
666 508 1
670 508 2
672 508 2
674 508 3
678 508 3
679 508 3
680 508 3
687 508 1
688 508 2
691 508 2
699 508 3
705 508 1
707 508 1
708 508 2
713 508 1
715 508 2
719 508 1
720 508 2
721 508 1
731 508 3
737 508 1
738 508 1
739 508 3
744 508 1
746 508 2
749 508 1
764 508 3
765 508 1
770 508 3
772 508 1
774 508 2
775 508 3
776 508 3
780 508 2
781 508 1
785 508 1
788 508 1
791 508 3
796 508 1
798 508 2
799 508 1
806 508 3
807 508 1
808 508 3
811 508 3
813 508 3
818 508 2
819 508 1
821 508 2
825 508 3
830 508 2
831 508 1
835 508 2
839 508 1
840 508 2
842 508 2
845 508 3
847 508 3
848 508 2
860 508 2
864 508 2
866 508 2
867 508 2
870 508 2
871 508 3
874 508 2
875 508 3
879 508 3
886 508 1
892 508 1
895 508 1
897 508 1
898 508 2
899 508 3
901 508 1
902 508 1
903 508 1
906 508 3
908 508 2
913 508 3
914 508 3
916 508 1
918 508 2
921 508 2
922 508 3
929 508 1
930 508 2
933 508 3
934 508 1
935 508 1
938 508 3
945 508 2
949 508 1
956 508 2
957 508 2
959 508 1
965 508 2
970 508 1
972 508 1
974 508 2
980 508 1
981 508 2
992 508 3
997 508 3
0 509 2
1 509 2
2 509 3
5 509 2
8 509 3
11 509 2
13 509 2
17 509 2
18 509 3
20 509 2
23 509 2
31 509 2
32 509 1
38 509 3
39 509 1
42 509 3
45 509 3
46 509 1
49 509 3
52 509 3
54 509 3
55 509 3
56 509 1
58 509 1
59 509 2
60 509 1
62 509 2
66 509 2
76 509 2
78 509 1
79 509 3
81 509 1
85 509 2
94 509 1
96 509 2
97 509 3
98 509 1
100 509 3
103 509 3
104 509 3
108 509 1
109 509 1
110 509 2
116 509 2
119 509 1
121 509 3
122 509 3
131 509 2
135 509 2
141 509 2
143 509 1
145 509 1
148 509 2
152 509 3
154 509 3
158 509 1
159 509 3
160 509 2
164 509 3
165 509 2
170 509 2
173 509 2
176 509 1
180 509 2
181 509 3
183 509 2
184 509 2
187 509 3
188 509 3
191 509 1
195 509 3
197 509 2
206 509 1
208 509 2
211 509 3
213 509 1
214 509 1
216 509 1
221 509 2
223 509 1
230 509 1
231 509 3
235 509 1
236 509 2
237 509 3
239 509 1
245 509 2
246 509 1
249 509 2
250 509 2
251 509 1
252 509 2
257 509 3
259 509 3
262 509 1
265 509 3
266 509 2
267 509 3
277 509 2
280 509 3
281 509 3
282 509 3
283 509 3
286 509 2
289 509 3
290 509 3
292 509 2
295 509 3
298 509 1
299 509 3
302 509 3
310 509 1
311 509 3
314 509 1
315 509 1
318 509 3
324 509 2
325 509 3
328 509 1
329 509 1
331 509 1
338 509 2
339 509 3
340 509 3
342 509 2
352 509 2
353 509 2
354 509 2
357 509 2
360 509 1
363 509 2
364 509 2
365 509 2
368 509 1
370 509 1
377 509 3
380 509 1
383 509 3
385 509 1
386 509 2
389 509 3
391 509 1
392 509 1
395 509 3
396 509 1
398 509 3
401 509 3
402 509 1
403 509 2
406 509 1
407 509 2
408 509 2
412 509 3
419 509 1
420 509 3
421 509 3
422 509 2
423 509 1
424 509 2
425 509 2
429 509 1
430 509 2
435 509 3
437 509 3
444 509 2
449 509 3
456 509 3
458 509 3
463 509 1
464 509 1
466 509 1
467 509 3
471 509 1
476 509 1
483 509 3
484 509 2
486 509 2
488 509 3
489 509 3
492 509 3
494 509 1
495 509 1
504 509 1
506 509 2
507 509 1
510 509 1
515 509 2
517 509 2
520 509 2
524 509 2
526 509 3
529 509 2
534 509 2
536 509 1
553 509 1
557 509 1
564 509 2
566 509 3
577 509 2
581 509 1
585 509 1
587 509 3
588 509 2
595 509 1
596 509 3
604 509 1
609 509 2
613 509 2
616 509 1
622 509 1
625 509 3
627 509 3
628 509 3
629 509 2
630 509 1
631 509 3
633 509 3
635 509 1
639 509 3
641 509 1
643 509 1
646 509 3
647 509 2
648 509 2
650 509 3
660 509 3
661 509 3
663 509 3
664 509 3
672 509 1
675 509 3
679 509 2
681 509 1
682 509 2
683 509 3
684 509 1
685 509 1
686 509 2
687 509 2
692 509 2
697 509 3
701 509 3
706 509 3
710 509 1
714 509 1
716 509 1
719 509 1
724 509 1
730 509 2
735 509 3
738 509 2
741 509 1
748 509 3
749 509 3
751 509 3
752 509 2
760 509 2
763 509 3
769 509 1
771 509 3
773 509 2
776 509 2
777 509 2
782 509 2
785 509 2
788 509 1
790 509 2
792 509 3
797 509 2
798 509 3
799 509 3
801 509 2
804 509 3
805 509 2
806 509 1
807 509 1
808 509 1
810 509 3
817 509 1
820 509 3
821 509 1
822 509 1
823 509 3
824 509 2
827 509 1
829 509 2
832 509 1
833 509 3
834 509 3
836 509 3
841 509 2
844 509 2
846 509 3
847 509 3
850 509 1
852 509 1
861 509 3
862 509 1
864 509 2
867 509 2
869 509 1
870 509 1
873 509 1
875 509 2
880 509 2
881 509 1
882 509 3
887 509 1
889 509 1
890 509 1
899 509 3
904 509 1
912 509 3
913 509 3
916 509 1
917 509 1
918 509 1
925 509 1
927 509 1
929 509 3
930 509 3
933 509 3
934 509 2
935 509 1
936 509 2
938 509 3
943 509 2
944 509 2
946 509 2
957 509 3
960 509 3
961 509 2
968 509 3
969 509 2
970 509 1
971 509 1
975 509 1
976 509 2
981 509 3
982 509 1
987 509 2
989 509 1
990 509 2
994 509 2
998 509 2
999 509 1
1 510 1
2 510 1
3 510 1
5 510 1
7 510 3
12 510 3
14 510 3
15 510 3
23 510 2
28 510 2
29 510 3
30 510 2
41 510 3
42 510 2
50 510 2
54 510 3
57 510 1
61 510 3
63 510 1
64 510 1
68 510 2
79 510 1
87 510 1
88 510 3
90 510 1
91 510 3
95 510 2
96 510 1
97 510 3
103 510 3
104 510 2
106 510 2
111 510 2
115 510 2
116 510 1
121 510 3
125 510 1
129 510 2
132 510 3
133 510 1
134 510 1
139 510 2
140 510 3
142 510 3
144 510 3
146 510 1
151 510 3
152 510 3
158 510 2
159 510 2
162 510 3
164 510 3
166 510 1
169 510 2
171 510 3
178 510 2
183 510 2
184 510 3
185 510 2
