217 14 2
223 14 1
225 14 2
228 14 1
230 14 2
234 14 3
235 14 1
236 14 2
238 14 3
240 14 2
241 14 3
246 14 1
250 14 2
251 14 3
252 14 1
254 14 2
259 14 3
260 14 2
263 14 2
264 14 2
269 14 2
270 14 1
271 14 3
273 14 3
276 14 1
278 14 2
281 14 1
282 14 2
283 14 3
286 14 1
290 14 2
294 14 2
302 14 2
314 14 2
316 14 2
324 14 3
325 14 2
326 14 2
327 14 1
328 14 3
341 14 3
342 14 2
343 14 3
345 14 3
347 14 2
351 14 3
352 14 1
353 14 3
356 14 3
358 14 1
366 14 3
368 14 3
369 14 2
372 14 2
373 14 1
376 14 1
377 14 3
380 14 1
382 14 3
389 14 3
390 14 2
397 14 3
398 14 1
399 14 3
403 14 3
405 14 2
407 14 3
409 14 2
414 14 1
415 14 2
416 14 3
417 14 1
419 14 1
420 14 3
421 14 1
424 14 2
425 14 1
427 14 1
428 14 3
429 14 1
431 14 1
433 14 2
448 14 3
451 14 1
454 14 3
462 14 3
463 14 1
464 14 3
467 14 3
472 14 3
473 14 3
474 14 3
477 14 2
478 14 2
482 14 1
485 14 3
486 14 2
489 14 1
490 14 2
491 14 1
492 14 2
502 14 3
505 14 2
509 14 1
514 14 2
517 14 2
520 14 1
531 14 2
533 14 1
534 14 1
535 14 3
536 14 1
539 14 1
541 14 2
542 14 3
546 14 1
548 14 1
556 14 1
557 14 2
558 14 2
560 14 2
564 14 1
565 14 3
577 14 1
578 14 1
586 14 2
587 14 1
590 14 1
592 14 3
594 14 3
600 14 3
608 14 1
609 14 3
610 14 2
611 14 2
620 14 3
625 14 1
626 14 2
630 14 1
635 14 1
636 14 2
640 14 3
648 14 1
649 14 2
652 14 2
657 14 1
662 14 2
663 14 2
664 14 3
671 14 2
674 14 3
677 14 3
681 14 2
686 14 3
689 14 1
692 14 1
695 14 1
698 14 3
699 14 1
700 14 1
702 14 2
704 14 3
705 14 3
708 14 2
709 14 2
715 14 3
717 14 3
719 14 2
724 14 1
730 14 3
733 14 1
734 14 3
736 14 2
737 14 1
738 14 1
740 14 2
745 14 2
754 14 3
755 14 1
759 14 1
760 14 3
763 14 1
764 14 2
765 14 2
766 14 1
770 14 3
771 14 2
772 14 1
773 14 1
775 14 3
776 14 2
778 14 2
780 14 1
782 14 2
785 14 3
788 14 1
789 14 1
793 14 2
798 14 1
803 14 1
804 14 1
806 14 1
810 14 3
812 14 2
813 14 1
815 14 2
823 14 2
824 14 2
826 14 3
827 14 2
830 14 2
837 14 3
840 14 3
844 14 2
850 14 1
851 14 1
856 14 3
857 14 1
861 14 1
864 14 2
866 14 1
868 14 1
874 14 1
876 14 1
878 14 2
884 14 3
889 14 3
890 14 2
891 14 2
894 14 3
895 14 1
897 14 1
904 14 1
907 14 2
914 14 2
917 14 1
918 14 2
924 14 1
927 14 2
929 14 2
943 14 3
955 14 2
959 14 2
961 14 3
962 14 3
967 14 1
969 14 2
970 14 2
971 14 3
974 14 2
979 14 2
980 14 2
987 14 2
988 14 3
994 14 3
995 14 1
998 14 1
999 14 2
5 15 1
8 15 3
12 15 1
14 15 2
16 15 1
20 15 1
24 15 1
26 15 1
27 15 3
37 15 3
38 15 3
39 15 3
41 15 3
42 15 1
43 15 1
44 15 3
45 15 2
47 15 2
52 15 1
53 15 1
56 15 1
57 15 1
61 15 3
62 15 3
68 15 1
69 15 1
70 15 1
71 15 3
73 15 3
75 15 2
77 15 1
80 15 2
81 15 1
85 15 3
87 15 2
93 15 3
102 15 1
103 15 2
104 15 2
106 15 1
112 15 3
116 15 1
119 15 3
121 15 3
124 15 1
127 15 2
128 15 2
130 15 2
132 15 1
133 15 2
134 15 2
135 15 3
144 15 2
145 15 2
160 15 3
163 15 1
166 15 3
167 15 3
171 15 2
172 15 3
174 15 1
180 15 3
181 15 1
182 15 2
191 15 2
193 15 3
197 15 3
198 15 3
200 15 1
202 15 2
203 15 1
205 15 2
206 15 2
207 15 2
210 15 2
211 15 3
212 15 2
220 15 2
222 15 2
226 15 1
233 15 2
241 15 2
243 15 3
245 15 3
246 15 2
247 15 1
251 15 3
253 15 1
254 15 3
255 15 2
259 15 1
261 15 1
263 15 1
264 15 1
265 15 2
267 15 1
269 15 1
275 15 3
279 15 1
281 15 3
286 15 2
291 15 2
293 15 2
296 15 1
298 15 3
300 15 2
302 15 1
303 15 1
304 15 2
306 15 1
308 15 2
309 15 3
312 15 2
313 15 1
314 15 2
317 15 1
320 15 3
321 15 2
322 15 1
324 15 3
331 15 1
334 15 3
336 15 2
337 15 1
339 15 1
348 15 2
349 15 2
354 15 3
356 15 3
358 15 3
363 15 1
365 15 1
366 15 2
368 15 2
370 15 1
374 15 1
376 15 2
384 15 2
388 15 2
389 15 2
401 15 2
405 15 1
406 15 2
410 15 1
416 15 1
420 15 2
422 15 3
423 15 3
424 15 3
426 15 1
429 15 1
433 15 2
435 15 3
437 15 1
438 15 1
440 15 1
441 15 1
443 15 2
449 15 2
459 15 3
460 15 2
462 15 2
464 15 1
465 15 3
466 15 1
469 15 2
478 15 2
479 15 2
486 15 1
490 15 3
492 15 3
493 15 2
496 15 1
510 15 2
511 15 2
515 15 2
520 15 3
521 15 3
523 15 2
528 15 1
529 15 2
535 15 2
537 15 3
539 15 2
540 15 2
541 15 1
543 15 2
544 15 2
546 15 3
547 15 2
548 15 2
550 15 1
551 15 1
556 15 3
560 15 3
563 15 3
571 15 3
576 15 1
578 15 2
580 15 1
581 15 2
588 15 1
589 15 1
593 15 1
598 15 2
599 15 2
602 15 3
603 15 3
604 15 1
605 15 1
606 15 2
607 15 3
609 15 3
615 15 3
619 15 2
621 15 3
629 15 3
630 15 2
633 15 1
635 15 3
637 15 1
640 15 3
644 15 1
647 15 1
648 15 3
650 15 3
652 15 2
653 15 2
654 15 2
655 15 2
656 15 1
657 15 1
659 15 3
660 15 3
661 15 1
663 15 2
664 15 2
665 15 3
667 15 2
668 15 2
669 15 1
675 15 1
676 15 3
677 15 2
679 15 1
681 15 2
682 15 3
685 15 2
691 15 2
694 15 1
695 15 2
697 15 3
698 15 2
700 15 3
701 15 2
702 15 2
716 15 2
729 15 3
730 15 1
732 15 2
734 15 3
739 15 3
748 15 3
749 15 3
753 15 1
756 15 2
758 15 2
759 15 2
761 15 1
763 15 2
766 15 3
771 15 1
778 15 2
781 15 3
783 15 1
786 15 3
789 15 1
790 15 2
791 15 3
792 15 3
797 15 1
798 15 1
802 15 3
805 15 2
807 15 1
808 15 2
810 15 3
813 15 2
815 15 2
817 15 1
820 15 3
821 15 3
826 15 1
830 15 3
834 15 3
835 15 3
839 15 1
846 15 1
847 15 3
848 15 3
849 15 1
850 15 2
851 15 3
852 15 2
853 15 2
860 15 3
862 15 1
863 15 1
864 15 3
873 15 1
875 15 1
876 15 1
878 15 1
882 15 2
884 15 2
889 15 3
891 15 2
892 15 1
901 15 2
904 15 3
905 15 3
906 15 2
910 15 3
911 15 3
913 15 3
914 15 1
915 15 2
918 15 1
919 15 1
920 15 2
921 15 2
922 15 3
926 15 2
927 15 3
929 15 2
931 15 2
932 15 2
935 15 1
944 15 2
945 15 3
952 15 2
954 15 2
955 15 2
957 15 2
958 15 3
971 15 1
976 15 3
977 15 3
978 15 2
981 15 1
985 15 1
989 15 2
991 15 3
993 15 2
995 15 1
996 15 1
997 15 2
998 15 3
0 16 2
8 16 3
10 16 3
16 16 3
19 16 1
20 16 3
22 16 1
33 16 2
34 16 3
35 16 1
44 16 1
46 16 3
47 16 2
52 16 2
55 16 1
61 16 2
66 16 1
70 16 1
76 16 3
78 16 1
81 16 1
82 16 2
83 16 1
84 16 1
89 16 2
92 16 3
93 16 1
94 16 2
95 16 1
103 16 1
108 16 3
110 16 2
111 16 1
112 16 3
114 16 1
118 16 1
119 16 2
120 16 1
126 16 1
130 16 3
132 16 2
133 16 3
134 16 3
135 16 1
140 16 1
142 16 2
146 16 2
147 16 3
148 16 3
151 16 1
