693 117 1
697 117 1
699 117 2
704 117 1
705 117 1
708 117 2
711 117 3
712 117 1
716 117 3
719 117 3
724 117 2
727 117 2
734 117 1
735 117 2
736 117 1
737 117 2
742 117 2
745 117 3
748 117 3
749 117 1
752 117 2
758 117 1
761 117 1
762 117 3
763 117 3
768 117 1
769 117 1
772 117 3
773 117 2
775 117 2
781 117 2
785 117 2
791 117 2
793 117 2
798 117 2
799 117 2
800 117 2
803 117 3
806 117 3
807 117 3
808 117 1
809 117 1
816 117 2
823 117 3
826 117 3
827 117 2
831 117 1
832 117 3
833 117 2
842 117 1
844 117 1
848 117 1
855 117 2
857 117 2
859 117 3
863 117 1
864 117 1
867 117 1
868 117 2
869 117 2
872 117 3
877 117 2
878 117 3
880 117 1
882 117 1
887 117 1
889 117 1
890 117 3
892 117 1
893 117 3
898 117 2
903 117 3
904 117 2
906 117 2
912 117 1
916 117 2
920 117 1
923 117 3
924 117 3
927 117 3
928 117 2
929 117 3
931 117 2
933 117 1
936 117 2
937 117 3
941 117 1
942 117 1
943 117 2
944 117 3
945 117 2
947 117 3
951 117 3
955 117 1
960 117 3
962 117 1
963 117 2
967 117 2
970 117 1
974 117 3
977 117 3
980 117 3
982 117 3
985 117 2
990 117 3
991 117 1
998 117 1
999 117 1
0 118 1
4 118 2
8 118 1
9 118 2
12 118 3
13 118 1
14 118 3
22 118 1
23 118 2
26 118 3
27 118 1
28 118 1
29 118 3
34 118 3
35 118 2
37 118 1
40 118 1
45 118 2
52 118 2
53 118 2
54 118 3
55 118 3
58 118 3
59 118 3
61 118 1
62 118 3
65 118 1
67 118 2
68 118 1
69 118 1
74 118 1
76 118 2
78 118 1
83 118 3
86 118 3
87 118 1
90 118 1
93 118 1
100 118 3
101 118 2
106 118 2
107 118 1
112 118 3
118 118 3
121 118 1
125 118 1
129 118 2
134 118 1
135 118 3
137 118 3
144 118 3
154 118 1
155 118 1
156 118 2
157 118 1
160 118 1
163 118 2
165 118 2
166 118 2
170 118 3
177 118 2
178 118 1
180 118 2
181 118 1
185 118 1
187 118 1
196 118 2
197 118 2
200 118 3
206 118 1
208 118 2
213 118 2
216 118 2
217 118 2
222 118 2
223 118 2
226 118 3
229 118 1
236 118 3
247 118 2
251 118 3
253 118 3
255 118 2
256 118 2
258 118 2
260 118 1
262 118 1
263 118 1
266 118 1
278 118 2
280 118 2
282 118 3
283 118 2
286 118 1
291 118 3
293 118 2
302 118 1
304 118 1
305 118 2
306 118 3
311 118 2
314 118 2
315 118 2
319 118 1
320 118 1
326 118 1
330 118 1
331 118 2
335 118 2
336 118 3
338 118 1
340 118 1
341 118 1
342 118 2
344 118 1
345 118 3
346 118 3
347 118 1
348 118 3
351 118 1
356 118 2
363 118 2
365 118 1
367 118 3
371 118 1
373 118 2
375 118 3
376 118 2
382 118 1
385 118 1
389 118 3
390 118 2
393 118 1
394 118 1
395 118 2
402 118 1
405 118 2
407 118 2
414 118 3
415 118 1
417 118 1
424 118 3
426 118 2
427 118 3
431 118 1
432 118 3
435 118 2
436 118 3
439 118 2
440 118 2
445 118 3
449 118 2
455 118 2
456 118 3
458 118 2
462 118 1
464 118 2
468 118 1
471 118 2
479 118 1
480 118 1
483 118 2
486 118 2
487 118 1
491 118 1
499 118 3
501 118 1
502 118 3
503 118 3
506 118 3
508 118 2
510 118 3
511 118 3
512 118 2
513 118 3
515 118 3
516 118 3
518 118 3
519 118 3
520 118 1
523 118 1
524 118 2
528 118 2
530 118 3
531 118 1
539 118 1
541 118 3
542 118 3
545 118 1
547 118 1
549 118 1
550 118 2
552 118 3
553 118 2
556 118 1
557 118 1
561 118 3
563 118 3
564 118 1
566 118 3
569 118 2
570 118 2
574 118 1
576 118 1
577 118 2
578 118 3
582 118 1
583 118 3
585 118 1
586 118 2
589 118 3
592 118 3
595 118 2
596 118 2
599 118 3
601 118 3
602 118 1
607 118 3
620 118 2
621 118 2
623 118 2
624 118 2
628 118 2
630 118 3
631 118 1
632 118 2
633 118 3
636 118 3
637 118 1
638 118 3
639 118 3
640 118 2
643 118 2
644 118 3
649 118 3
650 118 3
651 118 1
655 118 2
663 118 1
665 118 1
666 118 2
668 118 1
670 118 3
672 118 2
677 118 3
681 118 2
684 118 3
690 118 2
701 118 2
702 118 1
703 118 2
705 118 1
709 118 3
721 118 3
724 118 2
725 118 3
730 118 3
731 118 1
732 118 2
735 118 2
736 118 3
737 118 2
741 118 1
745 118 3
750 118 3
755 118 2
757 118 2
759 118 2
769 118 3
770 118 1
781 118 1
786 118 2
787 118 2
791 118 1
793 118 1
799 118 3
800 118 2
802 118 1
805 118 1
806 118 1
807 118 1
810 118 3
813 118 1
817 118 2
818 118 3
826 118 3
828 118 1
831 118 1
833 118 2
834 118 1
836 118 1
839 118 2
840 118 1
841 118 3
845 118 2
849 118 2
850 118 3
852 118 1
858 118 1
859 118 1
861 118 2
862 118 3
864 118 2
866 118 1
870 118 3
873 118 2
877 118 3
884 118 3
885 118 1
890 118 3
892 118 2
897 118 2
907 118 2
909 118 3
912 118 3
916 118 1
919 118 1
923 118 3
925 118 2
927 118 1
928 118 2
933 118 2
940 118 2
943 118 2
947 118 1
948 118 1
952 118 2
955 118 2
957 118 3
960 118 2
961 118 2
962 118 2
965 118 2
967 118 2
968 118 1
972 118 3
974 118 2
975 118 1
980 118 2
984 118 3
985 118 1
989 118 1
992 118 2
995 118 2
2 119 3
6 119 2
7 119 1
8 119 1
9 119 3
10 119 3
11 119 2
12 119 2
14 119 2
16 119 1
22 119 3
25 119 1
31 119 1
32 119 1
34 119 1
37 119 2
40 119 3
44 119 3
50 119 3
53 119 3
54 119 1
66 119 2
67 119 1
69 119 1
77 119 3
78 119 3
88 119 3
90 119 1
97 119 1
100 119 3
101 119 3
102 119 3
107 119 1
108 119 2
119 119 3
123 119 1
127 119 2
132 119 2
133 119 2
135 119 1
138 119 1
144 119 3
145 119 1
148 119 1
151 119 1
154 119 3
155 119 3
157 119 3
160 119 2
161 119 3
167 119 1
168 119 2
170 119 3
173 119 2
176 119 2
177 119 2
179 119 3
180 119 2
190 119 3
191 119 2
196 119 3
198 119 3
202 119 2
203 119 1
205 119 2
209 119 1
210 119 2
212 119 3
213 119 3
217 119 2
218 119 2
219 119 3
221 119 3
222 119 3
225 119 2
238 119 1
240 119 1
242 119 1
243 119 1
248 119 3
249 119 3
252 119 1
255 119 1
257 119 2
261 119 3
262 119 3
266 119 1
270 119 2
271 119 1
281 119 3
283 119 2
286 119 1
290 119 2
293 119 3
296 119 1
297 119 2
300 119 3
301 119 2
303 119 1
304 119 3
307 119 2
313 119 1
314 119 1
316 119 3
317 119 3
318 119 1
320 119 3
322 119 3
325 119 3
327 119 2
328 119 2
332 119 1
333 119 3
334 119 2
344 119 3
345 119 2
346 119 1
349 119 3
354 119 1
364 119 3
366 119 1
371 119 1
373 119 1
374 119 1
375 119 3
376 119 1
379 119 3
380 119 1
383 119 1
384 119 2
385 119 1
387 119 3
389 119 2
392 119 3
393 119 1
394 119 1
397 119 3
400 119 3
408 119 1
412 119 2
415 119 1
419 119 3
424 119 2
425 119 3
426 119 3
428 119 2
429 119 3
433 119 3
434 119 3
436 119 2
442 119 3
445 119 3
449 119 2
454 119 1
455 119 2
463 119 1
466 119 1
467 119 2
469 119 3
472 119 3
473 119 1
475 119 3
476 119 1
485 119 1
487 119 2
488 119 2
489 119 3
492 119 2
495 119 1
496 119 1
500 119 1
502 119 3
505 119 3
512 119 2
513 119 3
514 119 2
515 119 3
517 119 3
518 119 3
522 119 2
524 119 1
525 119 3
528 119 2
531 119 3
534 119 1
537 119 1
538 119 2
541 119 2
543 119 1
551 119 3
553 119 3
554 119 3
558 119 1
559 119 1
570 119 2
571 119 3
573 119 1
580 119 3
584 119 1
586 119 2
588 119 1
589 119 1
590 119 2
595 119 2
599 119 2
600 119 3
601 119 2
602 119 3
605 119 1
606 119 2
609 119 2
611 119 1
612 119 2
616 119 1
