244 706 2
245 706 2
246 706 1
250 706 3
252 706 1
263 706 3
266 706 1
267 706 1
269 706 2
272 706 2
274 706 2
275 706 2
277 706 2
282 706 2
286 706 3
296 706 2
300 706 1
301 706 3
303 706 3
305 706 1
306 706 2
309 706 2
310 706 2
311 706 2
314 706 2
317 706 3
318 706 3
319 706 2
320 706 3
323 706 1
327 706 1
328 706 1
330 706 2
331 706 3
341 706 1
342 706 1
343 706 1
349 706 2
353 706 1
354 706 2
355 706 2
362 706 1
368 706 3
370 706 3
372 706 1
375 706 2
376 706 2
377 706 2
378 706 1
381 706 1
384 706 3
387 706 3
389 706 3
390 706 3
391 706 2
392 706 3
394 706 2
397 706 3
398 706 3
399 706 2
401 706 3
403 706 2
404 706 3
407 706 2
408 706 2
412 706 2
415 706 3
418 706 3
423 706 2
427 706 1
428 706 3
429 706 3
430 706 2
440 706 1
444 706 1
445 706 1
446 706 1
447 706 2
448 706 2
451 706 1
454 706 2
455 706 1
461 706 2
462 706 1
466 706 1
470 706 3
472 706 1
474 706 1
481 706 1
484 706 1
492 706 1
493 706 2
498 706 2
502 706 3
504 706 1
508 706 3
510 706 1
513 706 2
515 706 1
516 706 1
517 706 2
518 706 2
528 706 3
529 706 2
530 706 3
536 706 1
537 706 3
543 706 1
547 706 3
548 706 2
553 706 2
556 706 3
560 706 3
564 706 3
568 706 2
569 706 1
570 706 1
576 706 3
578 706 2
579 706 1
583 706 3
586 706 2
588 706 1
590 706 1
593 706 3
595 706 1
597 706 3
599 706 2
602 706 1
609 706 3
622 706 2
623 706 1
625 706 1
629 706 1
631 706 2
643 706 1
647 706 3
648 706 3
650 706 3
652 706 1
654 706 3
659 706 3
660 706 3
667 706 2
669 706 2
670 706 2
672 706 1
674 706 2
675 706 2
677 706 2
681 706 2
683 706 1
685 706 3
686 706 3
687 706 1
688 706 2
690 706 3
694 706 2
695 706 1
702 706 3
704 706 2
711 706 2
713 706 2
714 706 1
717 706 2
718 706 2
721 706 1
725 706 1
726 706 2
733 706 2
735 706 1
738 706 3
739 706 3
740 706 1
741 706 1
744 706 3
754 706 2
756 706 1
757 706 1
759 706 2
760 706 1
768 706 2
771 706 3
779 706 3
781 706 3
782 706 2
783 706 3
785 706 3
787 706 1
788 706 3
803 706 1
805 706 1
806 706 3
807 706 3
810 706 3
816 706 3
818 706 3
819 706 2
822 706 1
830 706 3
834 706 2
839 706 1
841 706 1
845 706 1
846 706 3
847 706 3
848 706 3
849 706 3
865 706 2
868 706 1
869 706 2
871 706 1
872 706 2
873 706 3
876 706 3
878 706 1
883 706 1
885 706 3
887 706 1
890 706 3
894 706 2
900 706 1
901 706 3
904 706 1
905 706 1
907 706 1
916 706 1
923 706 2
924 706 2
929 706 3
930 706 3
932 706 3
934 706 2
935 706 1
936 706 3
939 706 3
942 706 1
944 706 2
949 706 1
952 706 3
953 706 1
955 706 1
956 706 2
957 706 1
958 706 3
961 706 1
965 706 3
973 706 3
975 706 3
976 706 2
980 706 1
985 706 1
990 706 1
992 706 3
994 706 2
10 707 3
18 707 2
19 707 2
21 707 3
23 707 3
24 707 2
26 707 3
27 707 2
31 707 3
33 707 1
35 707 2
39 707 1
42 707 1
50 707 2
51 707 3
53 707 1
56 707 1
59 707 2
63 707 3
65 707 1
69 707 3
70 707 2
72 707 1
75 707 1
78 707 2
81 707 2
83 707 2
86 707 3
89 707 1
91 707 3
92 707 3
96 707 2
99 707 1
103 707 1
104 707 3
105 707 2
106 707 1
110 707 2
111 707 3
113 707 3
114 707 2
115 707 3
117 707 2
120 707 1
121 707 3
130 707 1
131 707 1
132 707 2
137 707 1
141 707 2
144 707 2
145 707 2
154 707 2
159 707 3
163 707 1
166 707 2
168 707 2
169 707 3
175 707 2
177 707 3
178 707 2
180 707 1
181 707 2
183 707 1
185 707 1
187 707 1
192 707 3
194 707 1
196 707 1
199 707 1
201 707 2
202 707 2
205 707 2
206 707 3
207 707 1
210 707 3
214 707 3
220 707 2
223 707 1
227 707 1
234 707 3
237 707 1
238 707 2
239 707 2
243 707 1
244 707 1
247 707 1
251 707 3
252 707 2
253 707 3
255 707 3
256 707 3
257 707 2
258 707 2
260 707 1
263 707 2
265 707 2
266 707 1
270 707 2
273 707 2
281 707 1
282 707 2
286 707 1
287 707 2
293 707 3
298 707 1
304 707 1
309 707 2
312 707 2
316 707 3
319 707 1
320 707 2
322 707 2
327 707 1
329 707 1
330 707 1
333 707 2
340 707 2
341 707 3
342 707 2
344 707 2
345 707 3
346 707 3
347 707 1
348 707 1
349 707 2
350 707 1
353 707 2
355 707 2
357 707 1
364 707 3
365 707 1
368 707 3
370 707 3
379 707 3
381 707 2
382 707 1
391 707 1
410 707 2
412 707 2
416 707 1
420 707 3
426 707 1
427 707 1
428 707 3
431 707 3
436 707 1
438 707 1
445 707 3
447 707 1
456 707 1
457 707 2
458 707 1
460 707 2
463 707 1
464 707 2
465 707 3
466 707 1
467 707 3
469 707 1
472 707 1
478 707 1
486 707 1
491 707 2
493 707 3
497 707 2
502 707 1
512 707 2
514 707 1
515 707 3
521 707 1
532 707 1
533 707 3
535 707 2
536 707 3
541 707 2
546 707 3
549 707 2
550 707 1
551 707 3
554 707 1
555 707 1
559 707 3
560 707 3
563 707 3
567 707 1
570 707 2
576 707 3
577 707 2
580 707 2
582 707 3
583 707 3
584 707 1
586 707 3
587 707 1
590 707 1
596 707 3
597 707 2
598 707 2
600 707 1
601 707 1
604 707 3
606 707 2
608 707 3
612 707 3
613 707 3
616 707 3
617 707 1
619 707 1
621 707 2
622 707 1
623 707 1
626 707 3
628 707 3
630 707 1
634 707 3
637 707 2
643 707 2
645 707 1
647 707 3
648 707 3
650 707 3
652 707 1
657 707 2
659 707 2
660 707 2
661 707 1
668 707 3
669 707 3
672 707 1
678 707 3
683 707 2
684 707 1
687 707 2
690 707 1
695 707 3
699 707 2
700 707 2
702 707 3
703 707 1
707 707 2
710 707 1
714 707 3
715 707 3
716 707 1
718 707 1
721 707 1
725 707 3
726 707 1
729 707 1
731 707 3
733 707 3
740 707 2
742 707 1
743 707 3
744 707 3
746 707 2
751 707 2
756 707 2
761 707 2
763 707 1
765 707 2
768 707 2
770 707 2
771 707 2
772 707 1
779 707 1
781 707 1
782 707 2
788 707 2
794 707 3
796 707 2
798 707 2
817 707 1
823 707 2
830 707 3
834 707 1
835 707 1
837 707 1
843 707 2
845 707 3
846 707 2
848 707 1
865 707 1
872 707 1
873 707 2
875 707 1
878 707 2
879 707 1
880 707 3
881 707 2
883 707 3
884 707 3
886 707 3
890 707 1
894 707 1
895 707 1
899 707 2
901 707 2
902 707 2
903 707 1
904 707 1
906 707 1
909 707 2
912 707 3
913 707 1
920 707 3
923 707 1
925 707 1
926 707 2
929 707 2
935 707 3
936 707 3
939 707 1
957 707 1
958 707 1
959 707 3
960 707 2
963 707 1
970 707 1
971 707 2
976 707 1
979 707 2
981 707 3
982 707 3
987 707 2
991 707 1
992 707 3
993 707 3
994 707 1
0 708 1
1 708 1
5 708 1
9 708 2
10 708 3
14 708 1
15 708 2
16 708 1
18 708 1
22 708 3
23 708 3
24 708 2
25 708 1
26 708 2
27 708 2
31 708 3
37 708 1
38 708 2
44 708 3
46 708 3
47 708 3
51 708 2
52 708 3
53 708 3
55 708 1
57 708 2
60 708 1
61 708 3
62 708 2
67 708 2
70 708 3
76 708 3
79 708 2
85 708 3
86 708 2
87 708 3
88 708 3
89 708 3
90 708 3
92 708 1
93 708 1
95 708 1
96 708 1
100 708 1
102 708 1
103 708 1
104 708 2
109 708 3
119 708 2
127 708 3
131 708 3
135 708 2
136 708 3
140 708 3
143 708 1
145 708 2
146 708 2
151 708 1
155 708 2
156 708 3
162 708 3
168 708 2
170 708 3
174 708 1
175 708 2
176 708 2
177 708 1
178 708 3
179 708 2
180 708 3
181 708 1
185 708 2
186 708 1
189 708 1
190 708 3
192 708 3
193 708 1
194 708 2
204 708 2
206 708 1
214 708 3
