686 596 1
690 596 1
694 596 2
698 596 1
699 596 1
702 596 2
703 596 2
705 596 1
709 596 1
714 596 3
717 596 3
721 596 3
725 596 3
728 596 3
733 596 1
738 596 1
743 596 1
749 596 2
750 596 3
756 596 1
760 596 1
763 596 2
770 596 2
776 596 2
779 596 2
781 596 2
782 596 2
788 596 2
794 596 3
804 596 2
805 596 2
806 596 1
809 596 1
814 596 1
815 596 3
816 596 1
818 596 3
820 596 1
821 596 2
822 596 3
823 596 2
830 596 2
835 596 3
838 596 3
840 596 2
841 596 3
850 596 1
852 596 2
857 596 2
858 596 1
860 596 3
866 596 2
868 596 2
869 596 3
871 596 2
876 596 1
881 596 3
883 596 2
890 596 1
891 596 2
892 596 3
893 596 3
898 596 2
903 596 1
905 596 3
906 596 3
911 596 2
912 596 1
918 596 2
919 596 1
923 596 1
924 596 3
925 596 1
926 596 1
929 596 3
930 596 2
933 596 2
935 596 3
937 596 2
942 596 1
944 596 3
946 596 3
949 596 2
951 596 1
952 596 1
954 596 3
958 596 3
962 596 1
965 596 2
968 596 2
981 596 3
983 596 2
985 596 1
989 596 3
991 596 2
992 596 3
999 596 2
1 597 2
3 597 1
8 597 3
11 597 3
14 597 2
23 597 3
26 597 1
27 597 2
28 597 3
30 597 2
35 597 3
37 597 2
39 597 2
41 597 3
42 597 1
43 597 3
45 597 1
48 597 2
50 597 1
51 597 1
58 597 1
61 597 1
63 597 2
64 597 3
66 597 2
70 597 3
71 597 2
72 597 1
77 597 2
79 597 2
81 597 1
86 597 1
87 597 2
88 597 1
90 597 3
92 597 3
94 597 2
95 597 2
99 597 1
103 597 1
107 597 2
108 597 3
113 597 3
114 597 2
115 597 2
119 597 1
122 597 3
127 597 1
130 597 1
132 597 2
139 597 1
144 597 2
145 597 3
146 597 2
147 597 2
148 597 3
149 597 2
150 597 2
158 597 2
159 597 2
160 597 2
162 597 2
164 597 2
165 597 3
167 597 1
168 597 1
169 597 1
181 597 2
182 597 1
183 597 3
185 597 2
186 597 3
189 597 3
190 597 2
191 597 3
193 597 2
194 597 2
195 597 1
199 597 3
202 597 1
205 597 2
206 597 1
211 597 2
214 597 2
216 597 3
217 597 3
218 597 2
221 597 2
222 597 2
223 597 3
227 597 2
231 597 2
232 597 3
237 597 1
239 597 3
246 597 1
249 597 3
252 597 2
253 597 2
261 597 2
262 597 3
268 597 1
273 597 3
275 597 1
276 597 2
283 597 1
285 597 2
292 597 1
293 597 3
297 597 2
310 597 2
316 597 3
320 597 2
322 597 1
323 597 2
324 597 1
325 597 3
326 597 2
327 597 3
330 597 3
333 597 2
338 597 1
340 597 3
343 597 1
345 597 3
347 597 1
348 597 1
357 597 1
363 597 1
365 597 1
366 597 3
371 597 2
381 597 1
382 597 2
385 597 2
387 597 1
389 597 3
390 597 1
391 597 2
396 597 2
399 597 3
401 597 3
406 597 1
408 597 1
409 597 3
410 597 1
420 597 1
426 597 2
427 597 2
428 597 3
430 597 2
434 597 2
438 597 2
442 597 3
445 597 1
446 597 1
447 597 1
451 597 3
452 597 1
453 597 2
458 597 3
459 597 3
462 597 1
465 597 1
468 597 1
469 597 1
471 597 3
472 597 3
474 597 1
477 597 3
481 597 1
485 597 2
488 597 1
496 597 1
497 597 2
498 597 1
499 597 3
500 597 1
501 597 3
502 597 2
512 597 3
513 597 1
515 597 3
517 597 3
518 597 3
519 597 1
527 597 2
528 597 3
533 597 1
534 597 1
538 597 2
542 597 1
544 597 2
546 597 2
551 597 3
561 597 3
563 597 2
565 597 3
566 597 3
576 597 3
577 597 3
581 597 1
585 597 2
586 597 3
588 597 2
591 597 3
594 597 1
597 597 3
599 597 1
600 597 1
604 597 1
609 597 1
610 597 1
611 597 1
612 597 1
613 597 3
617 597 3
624 597 3
626 597 3
628 597 1
632 597 1
633 597 3
635 597 2
636 597 1
641 597 2
643 597 1
644 597 2
645 597 2
647 597 2
648 597 2
649 597 2
651 597 2
653 597 3
654 597 2
656 597 1
658 597 3
661 597 2
665 597 1
669 597 2
672 597 1
674 597 2
678 597 1
684 597 3
688 597 2
691 597 1
692 597 1
694 597 1
695 597 2
696 597 3
698 597 1
702 597 1
703 597 2
709 597 1
715 597 1
726 597 1
727 597 1
729 597 2
732 597 2
735 597 2
740 597 3
741 597 2
745 597 2
752 597 2
753 597 2
757 597 2
761 597 3
764 597 2
765 597 3
766 597 2
769 597 3
771 597 2
773 597 3
775 597 2
778 597 3
780 597 2
783 597 1
788 597 2
793 597 2
802 597 1
805 597 2
810 597 2
812 597 1
818 597 2
823 597 3
828 597 1
829 597 2
831 597 2
838 597 2
843 597 3
849 597 3
851 597 1
853 597 3
854 597 3
857 597 1
858 597 3
861 597 2
865 597 2
867 597 2
869 597 3
874 597 2
875 597 3
876 597 3
880 597 2
883 597 1
884 597 3
887 597 1
889 597 3
890 597 3
891 597 3
893 597 2
895 597 2
896 597 3
897 597 1
899 597 3
904 597 1
906 597 2
908 597 1
909 597 3
910 597 1
911 597 2
912 597 1
913 597 2
918 597 1
919 597 1
920 597 2
925 597 2
926 597 3
933 597 2
934 597 2
936 597 1
937 597 2
939 597 1
940 597 2
946 597 3
950 597 1
955 597 1
956 597 1
957 597 2
958 597 3
959 597 1
962 597 3
963 597 1
964 597 1
969 597 2
971 597 1
974 597 3
980 597 2
981 597 1
982 597 3
985 597 3
986 597 1
988 597 2
995 597 3
2 598 3
3 598 2
7 598 1
11 598 3
12 598 2
17 598 2
31 598 3
32 598 1
34 598 2
35 598 3
36 598 3
37 598 1
41 598 1
46 598 1
51 598 2
59 598 3
62 598 2
63 598 3
66 598 2
67 598 1
68 598 1
71 598 3
72 598 3
74 598 2
75 598 3
76 598 2
78 598 1
83 598 1
85 598 1
92 598 2
94 598 3
95 598 1
96 598 3
98 598 1
100 598 3
104 598 2
107 598 3
111 598 2
116 598 3
129 598 1
130 598 1
138 598 1
143 598 2
145 598 3
148 598 2
149 598 1
152 598 1
155 598 2
157 598 2
159 598 3
161 598 1
162 598 2
166 598 2
172 598 2
174 598 3
183 598 1
185 598 2
187 598 3
188 598 2
189 598 3
194 598 3
195 598 1
197 598 1
198 598 3
204 598 2
205 598 3
207 598 3
212 598 3
214 598 3
216 598 2
223 598 1
228 598 2
230 598 1
231 598 1
232 598 1
233 598 3
235 598 1
237 598 1
238 598 2
239 598 2
244 598 3
249 598 1
253 598 3
256 598 3
260 598 3
261 598 1
263 598 1
265 598 2
269 598 3
270 598 3
271 598 2
275 598 3
276 598 1
278 598 3
287 598 3
293 598 3
296 598 2
306 598 2
308 598 3
312 598 3
316 598 1
322 598 3
324 598 2
329 598 1
331 598 3
335 598 2
336 598 3
340 598 3
342 598 1
348 598 3
349 598 1
350 598 3
355 598 1
361 598 2
364 598 1
365 598 3
367 598 2
372 598 2
373 598 2
375 598 1
376 598 3
378 598 1
383 598 1
386 598 2
387 598 1
393 598 1
398 598 1
402 598 1
403 598 2
409 598 3
412 598 3
417 598 3
418 598 3
423 598 3
424 598 1
428 598 1
429 598 1
431 598 3
435 598 1
437 598 3
438 598 1
444 598 3
445 598 2
446 598 2
451 598 3
453 598 3
455 598 1
456 598 1
460 598 1
462 598 1
463 598 2
469 598 1
470 598 1
471 598 3
473 598 1
476 598 2
477 598 1
484 598 1
485 598 1
488 598 1
489 598 1
496 598 1
498 598 2
503 598 1
509 598 2
513 598 2
514 598 2
515 598 2
519 598 3
521 598 2
534 598 1
541 598 1
542 598 3
543 598 1
544 598 1
545 598 2
548 598 2
550 598 2
552 598 3
554 598 2
555 598 3
558 598 2
560 598 1
563 598 1
564 598 3
567 598 2
568 598 3
569 598 1
570 598 2
575 598 1
576 598 3
579 598 2
582 598 1
585 598 3
586 598 2
587 598 3
593 598 3
594 598 1
598 598 3
604 598 2
621 598 3
624 598 3
630 598 1
631 598 1
639 598 3
640 598 3
649 598 1
655 598 1
657 598 3
658 598 1
666 598 2
667 598 3
672 598 1
673 598 2
674 598 1
680 598 3
