360 496 3
362 496 1
363 496 1
369 496 1
371 496 3
372 496 1
375 496 2
376 496 1
380 496 1
381 496 1
382 496 2
386 496 1
389 496 3
397 496 3
399 496 2
401 496 1
403 496 1
406 496 3
407 496 2
411 496 1
416 496 1
417 496 3
419 496 3
420 496 2
423 496 1
425 496 2
426 496 1
429 496 1
439 496 1
440 496 3
443 496 2
448 496 3
451 496 2
452 496 2
453 496 1
454 496 1
458 496 2
460 496 2
463 496 3
465 496 3
466 496 3
470 496 3
471 496 2
475 496 2
480 496 2
482 496 1
490 496 3
494 496 1
496 496 1
497 496 1
500 496 1
513 496 3
515 496 1
518 496 2
524 496 3
525 496 1
529 496 2
538 496 1
541 496 1
542 496 2
544 496 2
546 496 1
549 496 3
550 496 2
551 496 1
552 496 3
553 496 1
555 496 2
556 496 2
562 496 2
563 496 2
570 496 3
571 496 3
572 496 3
578 496 3
579 496 2
580 496 3
584 496 3
585 496 1
586 496 3
588 496 2
589 496 1
590 496 1
593 496 1
594 496 2
596 496 2
600 496 2
618 496 1
621 496 3
623 496 1
625 496 1
629 496 1
631 496 3
632 496 2
635 496 2
638 496 2
646 496 2
647 496 2
648 496 2
649 496 1
650 496 1
652 496 3
655 496 2
657 496 1
658 496 1
660 496 1
662 496 1
664 496 1
671 496 2
675 496 2
676 496 3
681 496 2
684 496 2
688 496 2
690 496 2
693 496 2
702 496 1
706 496 3
707 496 2
708 496 3
710 496 2
711 496 2
712 496 3
713 496 1
717 496 2
719 496 2
720 496 3
721 496 1
727 496 2
729 496 3
733 496 1
734 496 2
737 496 3
741 496 2
744 496 1
745 496 2
746 496 1
747 496 1
750 496 2
751 496 1
752 496 2
753 496 3
755 496 3
756 496 3
760 496 2
762 496 1
766 496 1
767 496 1
771 496 2
773 496 1
781 496 1
783 496 2
785 496 1
788 496 1
791 496 3
797 496 1
798 496 1
799 496 1
804 496 3
806 496 2
808 496 1
811 496 3
814 496 3
823 496 1
827 496 3
831 496 1
834 496 3
840 496 2
844 496 2
846 496 2
847 496 3
849 496 3
854 496 2
859 496 3
860 496 2
862 496 3
866 496 3
867 496 2
868 496 1
871 496 1
874 496 2
878 496 1
880 496 1
881 496 2
883 496 3
884 496 2
887 496 3
891 496 2
892 496 3
894 496 3
899 496 2
900 496 1
903 496 2
905 496 2
913 496 2
916 496 1
924 496 2
933 496 2
934 496 1
936 496 1
941 496 1
942 496 3
950 496 1
954 496 1
957 496 2
964 496 3
969 496 1
974 496 3
975 496 2
977 496 1
980 496 3
981 496 1
982 496 2
986 496 1
997 496 1
1 497 1
5 497 3
7 497 2
8 497 3
9 497 1
10 497 3
12 497 3
16 497 3
18 497 2
19 497 3
23 497 2
26 497 2
28 497 1
31 497 3
33 497 1
38 497 3
39 497 2
43 497 1
56 497 2
57 497 2
60 497 2
61 497 3
62 497 1
63 497 1
65 497 2
67 497 1
69 497 2
70 497 2
76 497 2
77 497 2
80 497 2
82 497 2
85 497 3
86 497 3
89 497 3
90 497 1
93 497 2
94 497 3
96 497 3
98 497 3
101 497 1
102 497 3
104 497 3
110 497 1
112 497 2
119 497 1
120 497 3
121 497 2
122 497 2
123 497 1
127 497 1
130 497 3
133 497 3
135 497 3
138 497 1
140 497 2
143 497 2
146 497 3
148 497 3
149 497 3
153 497 1
157 497 1
161 497 1
167 497 1
172 497 3
173 497 2
174 497 3
175 497 2
176 497 1
177 497 3
183 497 2
184 497 3
185 497 1
186 497 1
188 497 3
190 497 3
192 497 2
196 497 3
197 497 2
199 497 1
203 497 2
217 497 3
218 497 3
219 497 1
220 497 3
221 497 3
222 497 1
223 497 2
228 497 2
231 497 3
232 497 2
234 497 3
237 497 1
238 497 3
239 497 1
240 497 1
243 497 3
245 497 3
247 497 2
258 497 1
261 497 3
264 497 3
267 497 3
273 497 1
277 497 2
279 497 2
281 497 1
287 497 2
289 497 3
290 497 2
296 497 1
297 497 1
299 497 2
300 497 1
301 497 1
305 497 2
310 497 2
316 497 3
318 497 2
319 497 2
326 497 1
327 497 1
335 497 2
336 497 2
338 497 1
340 497 2
344 497 2
345 497 3
353 497 2
355 497 3
356 497 3
361 497 2
364 497 2
366 497 2
367 497 3
370 497 3
377 497 3
378 497 1
382 497 3
389 497 1
390 497 3
391 497 2
394 497 1
398 497 3
402 497 1
406 497 3
407 497 2
408 497 3
411 497 3
417 497 3
428 497 1
430 497 1
431 497 3
432 497 3
435 497 2
436 497 2
439 497 2
441 497 1
443 497 1
444 497 1
452 497 2
457 497 2
460 497 1
465 497 3
467 497 3
475 497 1
476 497 1
477 497 2
486 497 3
489 497 1
491 497 2
496 497 1
497 497 3
502 497 2
507 497 1
517 497 1
518 497 1
519 497 3
520 497 3
521 497 2
522 497 2
524 497 2
525 497 3
528 497 1
530 497 3
533 497 1
538 497 3
542 497 3
543 497 2
547 497 2
554 497 3
555 497 3
557 497 3
559 497 3
563 497 2
566 497 2
569 497 2
571 497 3
579 497 2
580 497 1
585 497 2
587 497 1
588 497 2
591 497 1
592 497 2
593 497 1
595 497 3
596 497 1
607 497 3
608 497 1
609 497 3
617 497 1
618 497 2
619 497 2
627 497 1
634 497 2
637 497 1
638 497 3
639 497 2
640 497 3
642 497 3
645 497 1
647 497 3
648 497 2
653 497 3
654 497 1
657 497 2
658 497 2
664 497 1
669 497 2
677 497 2
678 497 3
682 497 2
685 497 1
688 497 1
692 497 3
693 497 2
694 497 2
696 497 2
699 497 3
702 497 2
706 497 2
709 497 1
714 497 3
715 497 3
720 497 2
725 497 2
727 497 3
729 497 3
730 497 3
738 497 3
740 497 1
744 497 1
746 497 2
747 497 1
748 497 2
751 497 3
752 497 1
754 497 1
758 497 2
761 497 3
763 497 2
766 497 2
772 497 3
774 497 1
775 497 2
780 497 3
782 497 2
786 497 1
788 497 3
792 497 2
794 497 3
798 497 1
799 497 2
800 497 2
801 497 3
802 497 1
807 497 1
809 497 1
810 497 1
817 497 2
819 497 2
821 497 2
822 497 2
828 497 2
831 497 2
838 497 3
840 497 3
843 497 1
846 497 1
847 497 2
849 497 1
850 497 1
852 497 3
855 497 3
863 497 2
864 497 2
867 497 3
868 497 1
869 497 1
870 497 3
871 497 3
874 497 3
878 497 1
880 497 2
881 497 1
883 497 1
884 497 1
889 497 3
891 497 3
893 497 3
894 497 3
896 497 2
898 497 1
900 497 3
901 497 3
904 497 1
905 497 3
908 497 1
909 497 3
910 497 3
911 497 2
913 497 2
915 497 2
918 497 1
921 497 1
925 497 1
928 497 1
929 497 3
930 497 1
931 497 1
932 497 1
939 497 3
940 497 3
941 497 3
945 497 3
946 497 2
948 497 2
949 497 1
952 497 2
953 497 3
956 497 2
957 497 1
958 497 1
959 497 2
961 497 2
962 497 3
963 497 3
964 497 3
967 497 1
968 497 3
976 497 2
979 497 2
980 497 3
982 497 1
987 497 1
988 497 2
994 497 2
996 497 1
6 498 2
8 498 2
11 498 1
12 498 2
14 498 3
19 498 2
29 498 2
35 498 3
37 498 3
38 498 1
41 498 2
42 498 1
44 498 3
45 498 1
47 498 2
49 498 2
50 498 2
54 498 3
56 498 3
57 498 1
67 498 2
70 498 3
71 498 1
72 498 1
75 498 3
77 498 3
79 498 3
80 498 3
82 498 2
84 498 2
85 498 1
92 498 2
93 498 2
101 498 1
102 498 1
103 498 2
110 498 1
111 498 2
112 498 2
117 498 2
119 498 2
123 498 3
133 498 2
142 498 2
143 498 2
144 498 1
148 498 1
149 498 2
152 498 2
154 498 3
155 498 2
156 498 1
159 498 1
165 498 3
166 498 2
168 498 2
175 498 3
177 498 3
181 498 3
184 498 1
193 498 2
196 498 3
197 498 2
201 498 1
202 498 2
205 498 2
210 498 2
215 498 2
217 498 1
219 498 3
220 498 1
222 498 2
223 498 3
226 498 1
235 498 2
237 498 2
244 498 2
247 498 1
251 498 3
252 498 3
253 498 2
256 498 1
259 498 1
261 498 3
263 498 3
264 498 2
266 498 1
267 498 3
268 498 2
272 498 1
275 498 1
279 498 1
