73 261 3
79 261 2
81 261 1
84 261 2
93 261 3
94 261 1
98 261 1
101 261 2
103 261 1
110 261 1
114 261 1
116 261 2
117 261 2
122 261 3
123 261 2
124 261 3
126 261 1
130 261 1
133 261 1
137 261 1
142 261 2
144 261 2
147 261 1
154 261 2
167 261 1
168 261 2
178 261 3
179 261 1
181 261 3
182 261 2
183 261 3
184 261 1
185 261 2
188 261 1
189 261 3
194 261 3
195 261 2
197 261 1
200 261 3
201 261 1
202 261 1
204 261 1
207 261 1
210 261 3
212 261 1
213 261 2
214 261 1
218 261 2
219 261 1
224 261 2
225 261 3
226 261 2
228 261 3
230 261 1
231 261 2
236 261 1
238 261 2
243 261 3
256 261 3
258 261 3
261 261 1
265 261 3
267 261 2
269 261 3
271 261 3
284 261 1
285 261 1
286 261 3
290 261 1
291 261 3
294 261 2
295 261 2
297 261 2
307 261 3
308 261 2
309 261 3
312 261 2
316 261 3
317 261 3
321 261 1
328 261 3
330 261 2
336 261 2
337 261 1
340 261 1
342 261 3
347 261 1
348 261 1
352 261 3
354 261 3
358 261 2
361 261 2
367 261 1
370 261 1
374 261 3
378 261 2
390 261 2
392 261 2
393 261 2
395 261 1
396 261 3
397 261 2
402 261 3
408 261 2
410 261 3
417 261 3
419 261 3
422 261 3
423 261 1
424 261 1
428 261 3
429 261 1
433 261 3
435 261 3
436 261 1
438 261 3
449 261 2
452 261 3
453 261 3
458 261 2
460 261 2
463 261 2
465 261 2
468 261 1
470 261 1
471 261 2
472 261 3
473 261 3
475 261 2
476 261 3
480 261 1
487 261 1
495 261 2
497 261 1
500 261 2
502 261 2
503 261 2
505 261 2
507 261 3
513 261 2
515 261 3
516 261 1
518 261 1
520 261 3
521 261 1
522 261 3
525 261 2
541 261 1
542 261 3
548 261 2
553 261 3
554 261 3
556 261 1
560 261 2
562 261 3
564 261 1
567 261 2
573 261 1
580 261 3
584 261 1
587 261 3
589 261 2
590 261 1
598 261 1
599 261 1
603 261 2
604 261 2
609 261 1
611 261 3
615 261 3
616 261 3
620 261 2
624 261 1
625 261 1
630 261 3
637 261 1
638 261 3
646 261 2
648 261 1
654 261 1
659 261 1
660 261 2
665 261 2
673 261 3
675 261 2
677 261 1
678 261 2
679 261 3
699 261 3
701 261 1
708 261 1
713 261 2
718 261 2
719 261 2
723 261 3
726 261 1
732 261 1
733 261 1
734 261 2
737 261 2
739 261 1
740 261 2
741 261 3
742 261 3
745 261 1
749 261 2
750 261 2
753 261 3
756 261 3
763 261 1
764 261 3
766 261 2
769 261 2
772 261 1
773 261 2
775 261 3
776 261 3
778 261 2
779 261 1
780 261 1
782 261 3
784 261 2
785 261 1
790 261 2
794 261 1
795 261 2
797 261 1
802 261 1
804 261 3
806 261 3
807 261 1
809 261 3
810 261 3
815 261 3
816 261 2
822 261 2
831 261 1
833 261 2
834 261 1
836 261 2
838 261 3
839 261 3
846 261 2
849 261 3
853 261 2
854 261 3
857 261 3
874 261 3
875 261 2
877 261 3
879 261 1
889 261 2
891 261 2
892 261 1
897 261 1
899 261 3
903 261 3
904 261 1
905 261 2
912 261 1
914 261 2
918 261 1
919 261 3
923 261 1
927 261 1
928 261 2
929 261 1
931 261 3
933 261 1
934 261 3
940 261 3
941 261 2
944 261 1
946 261 1
952 261 2
953 261 2
954 261 3
960 261 2
961 261 3
963 261 2
965 261 3
967 261 1
969 261 2
973 261 2
975 261 3
978 261 2
979 261 3
982 261 3
984 261 3
989 261 1
991 261 3
993 261 2
995 261 2
996 261 1
997 261 2
998 261 2
2 262 2
7 262 3
9 262 3
13 262 2
14 262 3
16 262 3
17 262 2
18 262 2
23 262 3
28 262 2
29 262 1
30 262 3
34 262 2
39 262 3
40 262 1
47 262 1
52 262 3
54 262 1
61 262 3
62 262 2
64 262 3
68 262 1
72 262 3
77 262 2
78 262 3
79 262 2
81 262 2
82 262 3
83 262 2
89 262 1
90 262 3
111 262 2
112 262 2
113 262 3
116 262 1
117 262 3
118 262 3
124 262 2
125 262 1
127 262 1
128 262 1
143 262 3
150 262 1
153 262 1
155 262 3
162 262 3
168 262 3
174 262 1
178 262 3
184 262 3
185 262 2
188 262 1
193 262 3
194 262 3
195 262 1
198 262 2
205 262 2
210 262 2
214 262 1
215 262 2
218 262 3
224 262 3
225 262 2
231 262 2
234 262 3
237 262 2
238 262 2
239 262 3
240 262 3
241 262 1
242 262 2
244 262 3
245 262 2
248 262 2
254 262 2
262 262 2
264 262 1
266 262 2
269 262 3
275 262 3
276 262 2
280 262 3
281 262 1
283 262 2
285 262 1
292 262 3
300 262 3
302 262 1
307 262 1
309 262 1
316 262 3
324 262 2
326 262 2
327 262 1
330 262 2
331 262 3
332 262 1
334 262 1
336 262 1
338 262 1
343 262 3
346 262 2
350 262 2
352 262 2
361 262 1
364 262 2
366 262 1
370 262 2
375 262 1
377 262 2
378 262 1
381 262 3
384 262 2
388 262 1
392 262 3
401 262 1
405 262 2
407 262 2
410 262 3
411 262 3
413 262 2
421 262 2
425 262 3
429 262 3
430 262 1
433 262 2
436 262 1
439 262 2
441 262 2
443 262 2
444 262 3
445 262 2
446 262 1
447 262 3
452 262 3
458 262 3
461 262 3
467 262 1
469 262 2
471 262 2
474 262 1
478 262 2
482 262 3
492 262 3
493 262 1
494 262 2
496 262 1
505 262 1
508 262 1
511 262 2
513 262 1
523 262 1
527 262 3
528 262 2
529 262 3
530 262 2
536 262 2
542 262 2
545 262 3
548 262 1
549 262 2
552 262 1
560 262 3
562 262 2
563 262 1
567 262 2
570 262 3
576 262 2
577 262 1
579 262 1
580 262 3
582 262 3
583 262 3
584 262 2
587 262 1
588 262 3
589 262 3
591 262 2
600 262 3
601 262 2
603 262 2
605 262 3
606 262 2
607 262 1
612 262 3
615 262 1
620 262 2
621 262 2
624 262 2
625 262 1
630 262 2
631 262 2
632 262 1
635 262 3
636 262 1
639 262 2
640 262 1
643 262 1
646 262 3
650 262 3
651 262 3
652 262 2
660 262 2
661 262 2
663 262 1
667 262 3
669 262 1
671 262 2
674 262 3
676 262 3
677 262 2
682 262 2
683 262 2
684 262 3
688 262 3
690 262 2
692 262 3
696 262 3
698 262 2
699 262 3
700 262 3
702 262 3
703 262 2
704 262 1
705 262 3
708 262 3
712 262 1
713 262 3
714 262 2
716 262 2
717 262 2
720 262 3
723 262 3
724 262 2
726 262 2
727 262 3
729 262 2
731 262 1
732 262 2
735 262 1
739 262 1
748 262 3
753 262 1
756 262 3
762 262 1
769 262 3
772 262 3
774 262 2
785 262 2
788 262 2
790 262 3
791 262 3
796 262 3
801 262 1
805 262 3
806 262 2
809 262 2
811 262 2
813 262 1
814 262 1
818 262 1
823 262 1
827 262 2
828 262 2
829 262 3
843 262 2
846 262 1
850 262 1
851 262 3
852 262 1
857 262 2
861 262 2
864 262 1
865 262 3
871 262 1
872 262 2
873 262 3
878 262 3
886 262 1
904 262 1
905 262 2
908 262 1
921 262 1
922 262 3
923 262 1
924 262 3
932 262 1
934 262 2
939 262 1
943 262 3
945 262 3
947 262 3
949 262 2
950 262 1
951 262 1
953 262 2
954 262 2
957 262 2
960 262 3
970 262 2
971 262 1
972 262 3
974 262 1
976 262 2
979 262 3
984 262 2
991 262 2
992 262 2
994 262 3
996 262 3
0 263 2
6 263 1
7 263 2
12 263 2
13 263 1
15 263 1
18 263 1
19 263 1
21 263 2
23 263 3
27 263 3
29 263 1
48 263 2
50 263 1
52 263 2
54 263 2
55 263 1
56 263 1
59 263 1
62 263 3
63 263 2
66 263 2
67 263 1
69 263 1
77 263 2
78 263 2
80 263 1
89 263 2
93 263 3
95 263 2
99 263 3
104 263 3
105 263 1
113 263 3
114 263 3
116 263 3
117 263 1
119 263 1
121 263 3
123 263 2
124 263 1
125 263 3
126 263 3
129 263 1
136 263 2
140 263 2
141 263 2
148 263 1
153 263 3
155 263 2
157 263 1
159 263 3
160 263 3
161 263 3
163 263 1
164 263 2
172 263 3
174 263 3
176 263 2
184 263 2
