346 506 2
352 506 1
353 506 3
355 506 2
360 506 1
368 506 3
371 506 1
372 506 2
373 506 2
374 506 1
377 506 3
378 506 2
386 506 3
387 506 1
390 506 1
392 506 3
397 506 1
401 506 3
402 506 2
403 506 1
405 506 2
406 506 2
407 506 2
409 506 1
415 506 3
416 506 2
417 506 2
418 506 2
423 506 1
426 506 1
427 506 1
432 506 1
433 506 2
434 506 2
435 506 3
436 506 1
437 506 2
438 506 1
442 506 1
443 506 1
445 506 2
448 506 2
454 506 3
460 506 2
464 506 2
466 506 3
468 506 2
469 506 1
484 506 1
485 506 1
487 506 3
493 506 1
494 506 1
500 506 3
506 506 2
508 506 3
511 506 2
512 506 2
513 506 3
514 506 2
515 506 3
519 506 2
520 506 3
521 506 2
524 506 1
526 506 2
527 506 1
531 506 1
532 506 2
538 506 1
544 506 3
547 506 3
552 506 1
554 506 2
558 506 3
559 506 3
560 506 3
563 506 1
566 506 3
567 506 1
569 506 2
570 506 2
571 506 1
573 506 1
574 506 2
577 506 3
581 506 1
583 506 2
584 506 2
588 506 1
589 506 3
593 506 3
600 506 1
601 506 2
603 506 1
604 506 2
605 506 3
608 506 3
611 506 3
612 506 2
615 506 3
617 506 2
619 506 2
620 506 1
621 506 2
622 506 1
624 506 3
625 506 3
628 506 1
629 506 2
630 506 3
632 506 2
633 506 3
637 506 1
639 506 2
644 506 1
645 506 2
647 506 3
648 506 1
650 506 2
655 506 1
657 506 1
658 506 1
659 506 2
664 506 2
665 506 1
667 506 3
668 506 2
669 506 3
671 506 3
673 506 1
675 506 2
676 506 1
678 506 2
682 506 2
683 506 1
684 506 2
685 506 2
688 506 1
689 506 3
691 506 1
695 506 2
699 506 2
701 506 1
704 506 1
705 506 2
707 506 1
710 506 1
712 506 1
713 506 3
716 506 2
717 506 1
723 506 1
726 506 3
729 506 1
731 506 1
732 506 1
733 506 1
741 506 3
742 506 3
743 506 3
745 506 3
749 506 1
751 506 1
756 506 3
757 506 1
758 506 3
761 506 2
763 506 1
768 506 2
770 506 3
782 506 2
783 506 3
785 506 3
786 506 1
787 506 1
789 506 3
791 506 2
792 506 2
799 506 3
802 506 1
805 506 2
806 506 2
810 506 3
811 506 3
815 506 3
816 506 1
817 506 2
818 506 3
822 506 1
824 506 3
826 506 3
829 506 2
837 506 2
842 506 1
846 506 3
851 506 3
853 506 3
858 506 1
862 506 1
863 506 3
864 506 2
865 506 3
872 506 3
875 506 3
876 506 3
878 506 3
879 506 1
880 506 1
881 506 2
882 506 3
886 506 1
887 506 3
890 506 1
891 506 3
900 506 2
901 506 3
903 506 2
904 506 3
906 506 2
912 506 3
914 506 3
917 506 1
922 506 3
925 506 1
926 506 2
927 506 1
930 506 2
931 506 3
932 506 3
933 506 2
934 506 1
935 506 1
936 506 2
938 506 3
942 506 2
944 506 3
947 506 3
950 506 1
956 506 1
961 506 3
962 506 2
963 506 3
966 506 3
968 506 1
974 506 1
983 506 2
989 506 3
992 506 1
0 507 3
3 507 2
4 507 2
7 507 3
8 507 3
9 507 3
10 507 2
13 507 3
16 507 3
22 507 3
24 507 3
28 507 3
29 507 2
30 507 3
31 507 1
32 507 1
33 507 3
38 507 1
44 507 2
51 507 2
55 507 1
58 507 2
61 507 2
65 507 1
70 507 2
73 507 2
75 507 3
79 507 1
85 507 1
88 507 3
90 507 2
91 507 2
93 507 3
96 507 3
98 507 2
99 507 2
101 507 3
104 507 3
110 507 3
115 507 3
123 507 2
127 507 1
128 507 1
141 507 1
142 507 1
150 507 2
152 507 3
154 507 1
155 507 2
156 507 3
164 507 2
169 507 3
171 507 1
179 507 2
187 507 2
198 507 2
199 507 1
201 507 2
202 507 1
205 507 3
207 507 2
211 507 3
213 507 2
217 507 1
218 507 3
222 507 2
223 507 2
227 507 2
228 507 3
230 507 2
233 507 2
237 507 3
243 507 2
252 507 3
257 507 1
258 507 1
260 507 2
263 507 3
267 507 1
270 507 3
271 507 3
272 507 1
273 507 2
276 507 3
277 507 1
287 507 2
288 507 2
290 507 3
294 507 3
295 507 2
297 507 3
298 507 1
299 507 1
302 507 1
303 507 3
307 507 1
309 507 2
312 507 1
313 507 2
316 507 2
318 507 3
325 507 1
326 507 1
327 507 3
330 507 1
333 507 2
337 507 1
338 507 1
339 507 3
343 507 2
346 507 1
352 507 2
354 507 1
355 507 3
356 507 2
357 507 1
365 507 1
366 507 1
377 507 1
379 507 2
383 507 3
390 507 2
391 507 2
392 507 1
393 507 2
397 507 1
401 507 2
403 507 2
405 507 1
409 507 3
415 507 3
418 507 2
419 507 1
421 507 2
423 507 2
425 507 1
426 507 3
427 507 2
428 507 2
430 507 1
431 507 3
438 507 3
439 507 1
441 507 1
446 507 3
450 507 2
466 507 1
467 507 1
475 507 2
476 507 2
478 507 3
483 507 3
485 507 3
497 507 3
499 507 3
500 507 2
501 507 2
508 507 3
509 507 3
514 507 1
521 507 2
525 507 1
526 507 3
528 507 3
531 507 3
532 507 3
547 507 2
550 507 3
554 507 2
557 507 1
561 507 2
564 507 3
565 507 3
566 507 1
567 507 2
568 507 2
575 507 2
576 507 1
577 507 1
581 507 2
582 507 1
583 507 2
584 507 2
590 507 2
591 507 3
592 507 2
593 507 3
595 507 1
597 507 3
599 507 3
607 507 2
609 507 2
612 507 3
616 507 2
622 507 2
623 507 2
624 507 3
626 507 2
627 507 3
634 507 2
635 507 3
650 507 3
652 507 2
654 507 1
655 507 1
665 507 2
669 507 3
673 507 3
675 507 1
677 507 2
678 507 3
681 507 1
684 507 2
685 507 1
687 507 3
688 507 3
690 507 3
691 507 1
692 507 3
697 507 3
699 507 3
702 507 1
704 507 3
715 507 3
720 507 1
721 507 3
722 507 3
724 507 3
725 507 3
726 507 3
730 507 3
736 507 1
737 507 3
739 507 2
741 507 1
742 507 2
744 507 3
746 507 2
748 507 3
755 507 2
758 507 1
759 507 2
761 507 3
764 507 2
768 507 2
771 507 3
773 507 2
777 507 3
778 507 2
780 507 3
782 507 3
783 507 3
784 507 3
787 507 3
789 507 3
791 507 2
794 507 1
800 507 3
815 507 1
819 507 3
826 507 1
827 507 2
828 507 1
829 507 2
839 507 1
844 507 1
846 507 3
850 507 2
853 507 1
855 507 3
856 507 3
861 507 2
862 507 1
865 507 1
868 507 2
869 507 2
870 507 1
871 507 1
873 507 1
875 507 2
877 507 2
878 507 2
879 507 1
880 507 1
884 507 2
889 507 3
890 507 2
895 507 2
897 507 3
898 507 1
903 507 1
904 507 3
910 507 1
914 507 2
923 507 1
924 507 3
928 507 1
929 507 1
930 507 2
931 507 3
932 507 2
933 507 2
934 507 2
937 507 1
942 507 1
944 507 3
945 507 2
947 507 1
949 507 2
950 507 3
954 507 1
955 507 2
964 507 1
969 507 1
971 507 2
973 507 2
980 507 3
983 507 1
984 507 3
986 507 3
989 507 1
994 507 3
996 507 1
999 507 1
1 508 2
2 508 1
3 508 2
6 508 3
8 508 2
10 508 2
15 508 2
16 508 3
17 508 2
19 508 2
23 508 2
24 508 2
26 508 3
28 508 3
29 508 1
32 508 2
37 508 2
39 508 3
41 508 2
42 508 2
43 508 1
45 508 3
48 508 1
50 508 1
51 508 1
53 508 1
54 508 1
58 508 1
61 508 1
63 508 3
75 508 1
78 508 3
79 508 1
80 508 2
81 508 1
84 508 1
87 508 3
91 508 3
95 508 1
100 508 2
101 508 1
102 508 3
104 508 2
108 508 1
109 508 1
110 508 1
112 508 2
113 508 1
114 508 1
116 508 2
119 508 2
125 508 3
129 508 3
130 508 2
132 508 2
133 508 3
134 508 1
136 508 1
141 508 2
142 508 2
145 508 1
151 508 3
153 508 2
155 508 1
156 508 2
157 508 1
163 508 2
164 508 1
172 508 1
176 508 1
181 508 2
185 508 3
187 508 1
188 508 3
192 508 1
193 508 1
198 508 3
200 508 2
202 508 3
203 508 2
204 508 2
205 508 3
206 508 2
209 508 3
210 508 3
211 508 1
213 508 2
214 508 3
215 508 1
216 508 1
218 508 2
220 508 3
223 508 2
