992 57 2
993 57 1
998 57 2
1 58 2
3 58 2
5 58 3
7 58 3
10 58 3
11 58 1
12 58 3
13 58 1
15 58 3
16 58 1
21 58 2
23 58 2
25 58 3
26 58 2
27 58 2
28 58 3
29 58 1
33 58 1
37 58 2
38 58 1
40 58 2
43 58 1
44 58 2
46 58 2
53 58 1
55 58 3
56 58 2
58 58 1
60 58 2
64 58 3
65 58 1
67 58 1
68 58 1
72 58 2
82 58 1
86 58 2
93 58 2
94 58 1
96 58 2
97 58 2
100 58 1
101 58 1
106 58 1
108 58 1
113 58 2
117 58 3
120 58 2
125 58 3
126 58 2
134 58 1
141 58 2
142 58 3
146 58 3
148 58 2
150 58 1
152 58 2
155 58 2
157 58 3
159 58 3
160 58 2
161 58 2
164 58 1
167 58 1
174 58 2
176 58 3
183 58 2
186 58 1
190 58 3
206 58 2
208 58 2
212 58 2
214 58 2
217 58 1
222 58 2
224 58 3
226 58 3
227 58 2
232 58 3
238 58 1
239 58 1
250 58 2
255 58 1
259 58 1
264 58 2
265 58 2
269 58 2
271 58 2
279 58 3
281 58 3
282 58 2
287 58 1
290 58 3
291 58 1
292 58 3
294 58 2
295 58 1
298 58 1
304 58 1
305 58 1
307 58 2
308 58 2
314 58 2
318 58 3
320 58 1
321 58 1
322 58 3
323 58 1
325 58 1
331 58 1
332 58 1
333 58 1
338 58 3
343 58 3
346 58 2
349 58 1
352 58 1
354 58 1
355 58 1
356 58 3
359 58 3
362 58 1
366 58 3
373 58 3
374 58 3
375 58 3
377 58 1
378 58 2
379 58 2
390 58 2
391 58 2
400 58 1
402 58 1
403 58 2
405 58 3
407 58 2
409 58 3
411 58 3
414 58 3
418 58 2
422 58 1
425 58 2
427 58 2
430 58 1
432 58 1
433 58 3
436 58 1
437 58 3
438 58 1
442 58 2
443 58 1
444 58 1
446 58 3
451 58 3
454 58 2
455 58 1
456 58 1
458 58 1
461 58 2
462 58 2
463 58 1
465 58 2
469 58 1
472 58 1
476 58 1
478 58 3
480 58 1
490 58 3
491 58 1
493 58 3
494 58 1
498 58 1
499 58 3
504 58 1
505 58 3
508 58 2
511 58 1
513 58 2
520 58 3
525 58 2
528 58 3
531 58 3
534 58 2
537 58 3
539 58 2
542 58 1
546 58 2
547 58 1
548 58 1
549 58 3
551 58 1
552 58 2
555 58 2
557 58 3
559 58 2
561 58 2
563 58 2
564 58 1
568 58 2
570 58 3
571 58 1
572 58 3
579 58 3
581 58 3
582 58 2
587 58 3
589 58 3
590 58 3
591 58 3
592 58 2
593 58 1
598 58 3
600 58 1
601 58 1
606 58 1
607 58 1
608 58 1
611 58 2
613 58 2
615 58 2
619 58 1
620 58 1
622 58 3
626 58 3
633 58 3
634 58 3
638 58 1
644 58 1
646 58 1
653 58 2
654 58 2
657 58 1
658 58 1
660 58 2
666 58 1
667 58 1
673 58 3
674 58 3
678 58 1
681 58 3
690 58 2
691 58 1
694 58 2
696 58 1
702 58 2
703 58 3
704 58 2
706 58 3
708 58 3
709 58 3
710 58 3
724 58 2
729 58 2
736 58 2
737 58 1
738 58 1
739 58 2
743 58 2
758 58 2
765 58 3
771 58 1
772 58 1
773 58 2
780 58 2
784 58 2
789 58 3
791 58 3
794 58 2
795 58 2
802 58 2
810 58 3
811 58 3
812 58 3
815 58 3
816 58 3
817 58 3
819 58 3
823 58 2
824 58 1
834 58 1
837 58 3
843 58 2
851 58 2
853 58 3
855 58 2
856 58 3
858 58 1
861 58 3
865 58 3
867 58 3
871 58 2
873 58 2
874 58 2
876 58 3
877 58 2
878 58 1
879 58 3
880 58 1
886 58 3
889 58 2
892 58 2
902 58 1
904 58 2
906 58 1
908 58 2
910 58 3
913 58 2
923 58 1
925 58 1
926 58 2
928 58 2
931 58 3
935 58 1
944 58 3
948 58 3
953 58 2
954 58 1
955 58 2
961 58 3
962 58 2
963 58 2
964 58 2
968 58 1
969 58 2
973 58 3
974 58 1
978 58 3
988 58 2
991 58 1
997 58 3
999 58 1
0 59 3
1 59 3
3 59 3
8 59 1
22 59 2
25 59 2
27 59 1
31 59 2
33 59 2
35 59 2
37 59 3
42 59 1
45 59 2
49 59 1
54 59 1
63 59 2
69 59 3
70 59 3
73 59 3
74 59 2
82 59 3
84 59 1
85 59 2
86 59 2
90 59 1
92 59 3
94 59 1
99 59 3
102 59 2
108 59 2
109 59 2
111 59 2
119 59 1
121 59 2
127 59 3
128 59 2
129 59 3
130 59 1
132 59 1
133 59 3
139 59 3
143 59 2
146 59 3
150 59 2
157 59 2
159 59 2
161 59 1
163 59 2
167 59 2
168 59 2
171 59 3
172 59 2
173 59 3
176 59 1
177 59 2
180 59 1
181 59 3
182 59 1
183 59 3
185 59 3
186 59 3
187 59 1
188 59 3
190 59 2
194 59 2
196 59 1
199 59 1
202 59 3
207 59 2
208 59 1
209 59 2
218 59 2
219 59 3
220 59 1
221 59 3
222 59 3
224 59 1
226 59 1
227 59 3
230 59 2
236 59 1
242 59 1
245 59 2
248 59 1
249 59 2
254 59 2
257 59 1
263 59 1
264 59 3
265 59 3
267 59 1
270 59 2
272 59 2
275 59 3
277 59 2
284 59 2
285 59 3
291 59 2
303 59 1
304 59 3
307 59 3
311 59 2
313 59 1
314 59 3
315 59 3
321 59 2
322 59 2
325 59 1
326 59 1
329 59 1
332 59 2
333 59 2
343 59 1
345 59 3
347 59 2
349 59 1
353 59 2
357 59 2
358 59 3
365 59 1
367 59 2
374 59 1
375 59 2
376 59 1
379 59 2
382 59 2
385 59 2
390 59 2
391 59 3
392 59 1
393 59 1
401 59 3
405 59 3
407 59 1
409 59 3
412 59 2
414 59 3
417 59 3
419 59 3
422 59 3
425 59 1
426 59 1
429 59 3
431 59 3
436 59 2
442 59 1
445 59 3
451 59 2
453 59 3
457 59 1
458 59 1
462 59 3
463 59 2
468 59 3
473 59 1
477 59 2
479 59 3
485 59 3
490 59 3
493 59 1
495 59 1
496 59 1
499 59 2
500 59 2
501 59 3
503 59 1
505 59 3
506 59 2
507 59 1
518 59 2
523 59 2
524 59 3
525 59 1
526 59 3
529 59 3
532 59 2
541 59 2
542 59 2
546 59 3
552 59 2
555 59 2
557 59 3
559 59 2
560 59 2
563 59 1
564 59 2
565 59 2
572 59 3
573 59 1
575 59 2
577 59 3
578 59 2
587 59 2
590 59 3
591 59 3
595 59 3
597 59 2
600 59 1
601 59 3
604 59 3
611 59 2
614 59 3
616 59 1
620 59 2
622 59 2
624 59 3
626 59 1
627 59 1
628 59 1
634 59 3
637 59 3
638 59 1
639 59 2
640 59 2
642 59 2
647 59 3
651 59 1
652 59 3
653 59 3
660 59 3
662 59 2
669 59 2
671 59 2
674 59 2
678 59 1
681 59 2
682 59 1
683 59 1
685 59 3
687 59 3
689 59 1
690 59 3
697 59 2
699 59 1
700 59 1
702 59 2
705 59 1
706 59 3
714 59 1
715 59 2
717 59 2
724 59 2
725 59 3
728 59 2
729 59 1
730 59 1
735 59 1
737 59 1
738 59 2
739 59 1
742 59 3
743 59 1
744 59 1
746 59 2
753 59 1
755 59 3
760 59 2
772 59 1
773 59 1
774 59 3
776 59 1
782 59 2
784 59 2
791 59 2
794 59 1
795 59 1
796 59 2
797 59 2
800 59 2
801 59 1
802 59 2
803 59 2
806 59 2
812 59 2
813 59 2
814 59 1
817 59 1
820 59 1
827 59 3
834 59 1
835 59 3
838 59 2
843 59 2
844 59 1
848 59 2
855 59 3
860 59 1
863 59 2
866 59 3
868 59 3
872 59 3
873 59 1
875 59 2
880 59 3
885 59 3
886 59 3
889 59 3
891 59 3
897 59 2
898 59 2
902 59 1
906 59 1
907 59 1
916 59 3
918 59 3
919 59 1
922 59 1
924 59 1
927 59 2
928 59 1
931 59 3
935 59 1
939 59 1
942 59 2
944 59 3
947 59 3
948 59 3
954 59 2
957 59 2
958 59 3
960 59 3
962 59 3
969 59 2
970 59 2
974 59 2
975 59 1
979 59 2
980 59 3
983 59 3
984 59 3
987 59 1
989 59 3
991 59 3
