510 980 1
511 980 1
515 980 3
524 980 1
527 980 2
534 980 3
536 980 3
538 980 1
546 980 2
548 980 2
550 980 2
555 980 1
561 980 2
562 980 3
565 980 3
568 980 3
579 980 3
580 980 2
581 980 1
585 980 2
586 980 2
589 980 2
591 980 2
614 980 1
617 980 3
641 980 1
642 980 1
643 980 1
649 980 1
651 980 2
654 980 2
655 980 2
656 980 1
657 980 3
658 980 3
659 980 1
661 980 3
662 980 2
665 980 3
677 980 2
678 980 1
683 980 3
684 980 1
686 980 3
689 980 3
690 980 2
691 980 1
695 980 1
703 980 2
705 980 3
706 980 1
713 980 2
715 980 1
717 980 3
721 980 3
723 980 2
724 980 1
725 980 2
726 980 1
730 980 2
731 980 2
732 980 1
742 980 3
743 980 1
744 980 1
745 980 2
746 980 2
748 980 2
749 980 1
750 980 3
752 980 2
760 980 2
761 980 3
763 980 2
770 980 2
776 980 2
778 980 1
781 980 3
785 980 2
789 980 3
793 980 3
794 980 2
795 980 1
797 980 1
800 980 2
802 980 1
806 980 3
808 980 2
809 980 3
815 980 2
821 980 3
824 980 2
827 980 3
828 980 3
830 980 2
833 980 3
835 980 1
836 980 1
837 980 2
839 980 3
840 980 3
841 980 2
845 980 3
846 980 2
852 980 1
855 980 1
859 980 2
866 980 1
867 980 1
869 980 3
872 980 3
875 980 3
877 980 2
878 980 2
879 980 1
880 980 2
882 980 3
884 980 2
888 980 1
890 980 3
892 980 2
895 980 3
897 980 2
903 980 3
907 980 3
909 980 2
910 980 1
913 980 2
916 980 1
917 980 3
924 980 2
925 980 2
931 980 2
932 980 1
933 980 1
934 980 2
938 980 2
941 980 2
944 980 2
945 980 1
947 980 2
949 980 2
950 980 3
954 980 1
957 980 3
960 980 1
961 980 3
964 980 2
969 980 3
970 980 3
971 980 1
974 980 3
975 980 3
976 980 3
980 980 2
982 980 2
983 980 1
989 980 2
990 980 1
993 980 3
996 980 3
998 980 1
999 980 1
9 981 3
10 981 3
11 981 2
12 981 1
13 981 3
17 981 1
19 981 2
20 981 2
21 981 1
24 981 2
25 981 3
26 981 2
29 981 3
31 981 3
38 981 1
39 981 1
42 981 1
50 981 2
51 981 3
52 981 1
54 981 1
58 981 3
59 981 3
60 981 1
70 981 2
76 981 1
77 981 1
79 981 3
80 981 1
87 981 3
88 981 2
89 981 1
90 981 2
93 981 3
96 981 2
98 981 3
100 981 3
104 981 2
105 981 1
112 981 3
118 981 1
119 981 3
124 981 1
125 981 1
128 981 2
134 981 2
143 981 1
145 981 2
148 981 2
150 981 1
153 981 1
160 981 3
161 981 1
168 981 3
173 981 1
185 981 2
187 981 2
192 981 1
193 981 3
194 981 2
196 981 3
198 981 1
210 981 3
216 981 1
217 981 1
222 981 3
225 981 3
226 981 3
228 981 3
230 981 2
231 981 1
233 981 1
234 981 1
235 981 1
236 981 2
237 981 1
238 981 2
240 981 3
242 981 1
245 981 3
249 981 1
251 981 2
255 981 1
256 981 2
257 981 2
258 981 1
264 981 3
265 981 2
268 981 2
272 981 1
276 981 1
277 981 3
278 981 1
281 981 1
282 981 1
283 981 1
284 981 1
288 981 3
293 981 1
296 981 1
298 981 3
301 981 1
302 981 1
303 981 2
306 981 3
311 981 3
315 981 1
319 981 3
321 981 3
323 981 3
327 981 3
328 981 2
333 981 3
337 981 3
338 981 1
339 981 2
342 981 1
345 981 3
346 981 2
352 981 1
355 981 1
357 981 1
359 981 3
368 981 1
369 981 1
370 981 3
375 981 2
378 981 3
379 981 2
381 981 1
382 981 1
383 981 1
384 981 3
386 981 3
387 981 1
391 981 3
392 981 2
405 981 1
408 981 2
409 981 1
418 981 2
425 981 1
427 981 1
429 981 3
430 981 2
431 981 3
434 981 2
436 981 3
437 981 1
441 981 2
443 981 3
444 981 2
445 981 2
447 981 3
451 981 1
452 981 3
454 981 3
463 981 1
467 981 2
472 981 2
473 981 3
474 981 1
478 981 1
479 981 2
482 981 1
483 981 1
486 981 3
487 981 3
488 981 3
489 981 2
490 981 2
493 981 3
496 981 1
498 981 3
500 981 3
504 981 1
510 981 3
513 981 2
515 981 3
519 981 3
522 981 2
525 981 2
530 981 3
533 981 1
534 981 1
539 981 1
545 981 1
547 981 1
549 981 2
568 981 2
570 981 1
577 981 1
578 981 1
579 981 3
582 981 2
583 981 3
585 981 2
589 981 1
591 981 1
598 981 1
601 981 3
602 981 1
611 981 2
614 981 1
619 981 3
620 981 3
621 981 3
623 981 2
628 981 3
630 981 3
633 981 3
639 981 2
640 981 2
645 981 3
647 981 1
648 981 3
651 981 2
652 981 3
654 981 3
655 981 1
656 981 2
659 981 2
666 981 1
676 981 1
678 981 3
681 981 2
686 981 2
688 981 3
689 981 3
693 981 2
694 981 2
695 981 3
703 981 3
704 981 2
705 981 2
712 981 1
714 981 3
720 981 2
723 981 3
728 981 3
729 981 2
730 981 2
732 981 1
733 981 1
735 981 1
738 981 3
739 981 3
741 981 1
744 981 3
746 981 2
752 981 1
755 981 1
762 981 1
763 981 3
767 981 3
780 981 3
783 981 1
788 981 1
791 981 2
793 981 3
795 981 3
797 981 3
799 981 2
800 981 2
804 981 2
807 981 2
809 981 2
810 981 2
811 981 3
826 981 3
827 981 3
829 981 2
831 981 2
834 981 1
835 981 1
836 981 2
837 981 1
838 981 1
840 981 2
842 981 2
843 981 1
845 981 3
846 981 2
847 981 1
849 981 1
850 981 2
858 981 1
859 981 2
864 981 2
866 981 2
871 981 2
872 981 3
873 981 3
877 981 2
879 981 1
880 981 3
883 981 3
892 981 2
893 981 2
896 981 1
902 981 1
911 981 1
913 981 3
915 981 1
919 981 3
920 981 3
922 981 1
924 981 2
935 981 2
939 981 1
942 981 3
943 981 1
944 981 3
945 981 1
947 981 1
951 981 3
953 981 3
954 981 2
956 981 1
957 981 2
959 981 1
963 981 3
973 981 3
977 981 2
978 981 2
987 981 3
992 981 3
998 981 3
999 981 2
3 982 1
4 982 2
10 982 1
12 982 2
17 982 1
18 982 1
21 982 3
22 982 1
27 982 1
28 982 1
30 982 3
31 982 2
33 982 3
41 982 3
44 982 1
51 982 3
52 982 2
53 982 1
54 982 2
55 982 2
56 982 3
59 982 3
60 982 3
68 982 3
69 982 2
70 982 1
71 982 2
72 982 2
73 982 3
74 982 3
77 982 2
78 982 1
81 982 2
86 982 3
91 982 3
92 982 2
95 982 2
97 982 3
98 982 2
99 982 2
104 982 3
106 982 1
110 982 2
112 982 2
113 982 2
116 982 1
120 982 3
122 982 3
125 982 3
126 982 3
139 982 2
146 982 3
150 982 3
151 982 2
157 982 2
158 982 1
162 982 3
163 982 3
173 982 1
179 982 3
183 982 1
184 982 2
185 982 1
186 982 1
187 982 2
193 982 3
195 982 3
199 982 3
203 982 1
208 982 2
211 982 1
214 982 3
220 982 1
221 982 1
222 982 1
225 982 1
226 982 2
227 982 3
230 982 2
235 982 1
236 982 3
240 982 1
241 982 2
244 982 2
245 982 3
246 982 2
247 982 2
250 982 1
251 982 1
256 982 2
263 982 2
267 982 3
269 982 2
274 982 3
282 982 1
286 982 2
290 982 2
291 982 3
293 982 2
296 982 2
302 982 2
306 982 3
324 982 2
327 982 1
330 982 1
331 982 2
333 982 1
334 982 3
335 982 1
336 982 2
338 982 2
346 982 1
348 982 3
349 982 2
350 982 3
351 982 2
353 982 2
354 982 3
355 982 3
356 982 3
357 982 3
359 982 1
362 982 3
365 982 1
370 982 1
371 982 3
378 982 1
379 982 3
382 982 2
384 982 2
385 982 2
386 982 3
390 982 2
391 982 2
393 982 2
394 982 3
396 982 1
398 982 1
400 982 2
405 982 1
409 982 2
410 982 2
412 982 2
413 982 2
417 982 3
423 982 1
425 982 1
438 982 1
444 982 3
446 982 2
449 982 2
451 982 3
459 982 2
462 982 3
465 982 2
472 982 2
474 982 1
478 982 3
480 982 3
483 982 3
484 982 2
488 982 1
494 982 3
497 982 1
501 982 1
506 982 1
507 982 2
508 982 1
513 982 2
517 982 3
519 982 1
520 982 3
521 982 1
523 982 3
