527 920 3
535 920 3
536 920 2
537 920 2
546 920 1
548 920 1
549 920 1
551 920 3
553 920 2
555 920 3
559 920 3
566 920 3
572 920 2
575 920 1
577 920 2
579 920 3
581 920 3
583 920 2
586 920 3
587 920 3
588 920 1
589 920 3
591 920 1
595 920 3
601 920 2
603 920 1
608 920 3
609 920 3
610 920 3
611 920 3
618 920 1
627 920 1
628 920 1
630 920 1
632 920 3
636 920 2
640 920 2
642 920 3
649 920 1
653 920 2
654 920 3
656 920 3
666 920 3
673 920 2
674 920 3
676 920 1
677 920 1
683 920 1
688 920 3
694 920 2
697 920 2
702 920 1
715 920 3
716 920 2
717 920 2
720 920 1
722 920 1
724 920 3
726 920 3
727 920 3
728 920 1
730 920 1
732 920 2
735 920 3
741 920 2
743 920 1
744 920 3
751 920 1
752 920 2
753 920 3
756 920 3
760 920 1
762 920 2
764 920 2
765 920 3
766 920 3
768 920 3
769 920 1
778 920 3
786 920 1
792 920 3
794 920 2
799 920 2
802 920 3
807 920 3
809 920 2
813 920 3
815 920 2
819 920 3
823 920 1
827 920 2
828 920 2
829 920 3
832 920 1
840 920 1
841 920 2
842 920 3
843 920 1
845 920 2
848 920 3
850 920 3
851 920 1
853 920 2
858 920 3
859 920 2
860 920 3
861 920 3
865 920 2
866 920 2
867 920 1
872 920 1
873 920 1
875 920 2
877 920 3
879 920 2
881 920 3
892 920 1
893 920 1
895 920 1
896 920 1
900 920 3
903 920 2
904 920 2
905 920 2
912 920 2
913 920 1
920 920 2
921 920 1
923 920 1
927 920 1
935 920 1
940 920 2
941 920 2
943 920 1
945 920 2
948 920 1
951 920 1
952 920 1
954 920 3
955 920 1
957 920 3
963 920 1
966 920 2
967 920 3
969 920 2
973 920 2
975 920 1
978 920 2
980 920 3
981 920 3
982 920 1
987 920 1
989 920 3
991 920 2
992 920 3
993 920 1
998 920 2
1 921 2
2 921 3
3 921 3
4 921 1
5 921 2
6 921 1
8 921 3
10 921 3
14 921 2
16 921 3
17 921 1
21 921 2
22 921 3
24 921 2
26 921 1
29 921 1
33 921 3
35 921 2
36 921 2
40 921 3
55 921 2
57 921 2
58 921 2
61 921 1
63 921 1
65 921 2
66 921 3
68 921 1
70 921 1
76 921 1
82 921 3
91 921 2
100 921 2
103 921 2
117 921 2
123 921 3
125 921 2
126 921 3
127 921 2
130 921 2
132 921 2
139 921 2
141 921 1
143 921 3
145 921 3
146 921 2
155 921 2
156 921 3
157 921 1
162 921 2
168 921 1
181 921 1
182 921 2
185 921 2
186 921 1
188 921 3
189 921 3
190 921 3
191 921 1
192 921 3
194 921 3
200 921 2
202 921 1
205 921 3
215 921 2
217 921 1
221 921 3
224 921 1
227 921 1
237 921 2
239 921 1
242 921 3
243 921 3
244 921 1
245 921 2
247 921 1
248 921 3
252 921 3
254 921 3
255 921 2
258 921 3
259 921 3
262 921 3
263 921 3
273 921 3
276 921 2
285 921 3
287 921 2
291 921 3
295 921 3
297 921 1
298 921 3
299 921 3
300 921 3
304 921 2
308 921 2
309 921 3
310 921 1
311 921 1
318 921 2
319 921 1
320 921 3
321 921 3
323 921 2
324 921 2
326 921 1
327 921 3
333 921 2
338 921 1
339 921 3
342 921 1
343 921 3
346 921 1
348 921 3
349 921 3
355 921 3
357 921 1
360 921 3
361 921 2
363 921 3
364 921 2
371 921 2
372 921 1
380 921 3
382 921 1
383 921 1
385 921 3
386 921 3
392 921 1
397 921 3
400 921 1
401 921 3
402 921 3
403 921 1
405 921 1
407 921 2
411 921 3
412 921 1
413 921 2
417 921 2
421 921 2
425 921 2
426 921 2
427 921 3
428 921 2
430 921 2
432 921 2
433 921 2
434 921 1
437 921 2
442 921 2
444 921 3
453 921 1
459 921 2
462 921 2
463 921 1
464 921 2
465 921 1
467 921 2
468 921 2
470 921 2
472 921 3
474 921 2
475 921 1
476 921 2
477 921 2
482 921 2
485 921 2
494 921 2
495 921 2
496 921 3
497 921 3
498 921 1
507 921 3
509 921 3
511 921 2
512 921 3
513 921 3
514 921 2
519 921 1
522 921 2
530 921 2
531 921 3
532 921 2
539 921 3
541 921 2
543 921 2
546 921 1
549 921 3
551 921 2
553 921 3
557 921 2
559 921 3
561 921 1
568 921 1
570 921 2
571 921 3
577 921 2
584 921 1
588 921 3
589 921 1
593 921 2
594 921 3
596 921 2
598 921 3
607 921 3
609 921 1
612 921 1
621 921 3
623 921 3
624 921 1
626 921 1
627 921 1
630 921 1
632 921 2
642 921 2
643 921 3
644 921 2
645 921 3
647 921 3
649 921 1
652 921 1
653 921 1
654 921 2
656 921 2
660 921 1
663 921 2
664 921 3
665 921 1
666 921 2
669 921 2
672 921 3
674 921 2
678 921 3
679 921 3
684 921 2
690 921 2
698 921 1
700 921 3
711 921 3
712 921 1
713 921 2
714 921 2
715 921 3
717 921 1
720 921 2
722 921 2
725 921 2
726 921 3
728 921 2
736 921 2
741 921 2
745 921 3
746 921 3
747 921 3
754 921 1
755 921 1
758 921 1
764 921 2
767 921 3
778 921 1
779 921 1
780 921 3
781 921 1
783 921 3
785 921 1
787 921 2
796 921 2
798 921 2
804 921 3
806 921 2
807 921 3
813 921 2
815 921 2
817 921 3
818 921 3
822 921 1
823 921 2
825 921 3
829 921 1
830 921 2
832 921 3
836 921 3
838 921 1
839 921 2
841 921 3
842 921 3
843 921 3
849 921 1
850 921 1
855 921 1
856 921 2
857 921 3
858 921 3
859 921 1
860 921 3
863 921 2
870 921 2
876 921 3
879 921 1
881 921 1
882 921 2
889 921 3
890 921 2
903 921 3
905 921 3
907 921 3
909 921 2
910 921 1
911 921 2
916 921 1
920 921 2
925 921 2
926 921 1
927 921 1
933 921 3
934 921 3
936 921 2
940 921 1
941 921 1
945 921 2
951 921 2
952 921 3
953 921 2
957 921 2
962 921 1
967 921 3
968 921 1
973 921 2
979 921 2
981 921 3
982 921 3
983 921 3
984 921 2
985 921 1
986 921 3
987 921 3
989 921 2
992 921 1
994 921 2
995 921 3
998 921 2
2 922 3
10 922 2
12 922 1
16 922 3
23 922 2
24 922 2
25 922 1
28 922 2
29 922 2
30 922 3
33 922 3
35 922 3
39 922 3
43 922 1
45 922 1
47 922 3
49 922 1
55 922 2
60 922 2
69 922 2
70 922 2
71 922 2
72 922 3
75 922 1
77 922 2
79 922 1
82 922 3
89 922 3
91 922 1
93 922 2
94 922 1
100 922 2
101 922 2
102 922 3
105 922 2
107 922 2
115 922 3
117 922 1
119 922 3
123 922 1
124 922 1
129 922 1
130 922 2
133 922 1
135 922 2
136 922 1
139 922 2
142 922 3
144 922 3
146 922 2
148 922 1
149 922 3
151 922 1
156 922 2
157 922 3
159 922 2
162 922 3
164 922 3
165 922 3
167 922 1
170 922 1
174 922 1
180 922 1
181 922 2
184 922 3
185 922 1
186 922 3
188 922 2
192 922 3
193 922 2
200 922 3
204 922 1
206 922 2
212 922 2
213 922 2
217 922 1
218 922 1
221 922 2
223 922 3
224 922 3
226 922 1
233 922 3
236 922 2
239 922 3
241 922 1
242 922 2
245 922 1
246 922 1
251 922 1
255 922 3
258 922 2
264 922 2
266 922 1
268 922 1
270 922 1
274 922 2
276 922 1
277 922 1
281 922 2
287 922 3
292 922 3
294 922 2
298 922 2
299 922 1
300 922 2
312 922 2
314 922 2
317 922 2
319 922 1
321 922 3
325 922 1
326 922 3
329 922 3
334 922 2
338 922 1
341 922 2
343 922 1
344 922 1
345 922 3
352 922 1
354 922 2
358 922 3
359 922 3
366 922 1
370 922 2
376 922 3
377 922 2
383 922 3
385 922 1
390 922 2
391 922 2
393 922 1
399 922 3
402 922 3
406 922 3
407 922 1
408 922 1
409 922 3
412 922 3
413 922 2
419 922 2
423 922 1
424 922 1
427 922 3
433 922 2
434 922 1
435 922 3
440 922 3
441 922 2
445 922 3
446 922 2
447 922 1
448 922 2
452 922 1
454 922 1
455 922 1
463 922 2
464 922 2
468 922 3
472 922 1
474 922 2
475 922 3
482 922 1
486 922 1
489 922 2
490 922 2
491 922 3
