431 195 1
434 195 2
440 195 1
442 195 3
455 195 2
456 195 3
459 195 2
461 195 2
462 195 1
464 195 1
469 195 2
472 195 1
477 195 1
479 195 3
485 195 3
486 195 1
491 195 2
492 195 3
493 195 1
495 195 1
496 195 3
498 195 3
500 195 1
501 195 2
509 195 1
517 195 2
521 195 3
525 195 3
526 195 3
528 195 2
529 195 2
530 195 2
532 195 3
534 195 3
536 195 1
539 195 2
541 195 3
542 195 1
545 195 3
550 195 1
551 195 3
552 195 1
555 195 3
564 195 3
565 195 1
569 195 2
572 195 3
573 195 2
584 195 3
587 195 2
588 195 3
591 195 3
597 195 1
601 195 1
602 195 2
603 195 1
607 195 2
608 195 1
612 195 2
613 195 3
614 195 1
615 195 3
621 195 2
626 195 1
630 195 1
631 195 2
632 195 3
633 195 1
636 195 1
641 195 3
652 195 2
653 195 3
655 195 2
658 195 3
670 195 2
672 195 2
680 195 1
682 195 1
692 195 3
694 195 1
696 195 1
702 195 3
705 195 2
706 195 2
707 195 3
712 195 2
717 195 2
718 195 2
720 195 3
721 195 3
722 195 1
724 195 3
726 195 1
733 195 2
736 195 1
738 195 3
740 195 3
742 195 1
747 195 3
748 195 3
751 195 3
753 195 2
754 195 3
755 195 2
756 195 3
758 195 2
762 195 1
766 195 1
767 195 2
768 195 1
771 195 2
772 195 3
775 195 2
777 195 2
778 195 3
779 195 1
788 195 3
796 195 1
799 195 2
800 195 3
801 195 2
802 195 2
807 195 2
809 195 2
811 195 1
813 195 2
815 195 1
817 195 3
818 195 2
821 195 3
823 195 1
824 195 3
825 195 2
827 195 2
829 195 1
833 195 2
837 195 2
839 195 1
841 195 2
842 195 1
843 195 1
846 195 1
847 195 1
850 195 1
851 195 3
854 195 1
859 195 1
861 195 3
862 195 2
863 195 2
871 195 3
872 195 2
874 195 2
875 195 2
879 195 1
880 195 1
884 195 1
885 195 2
893 195 1
895 195 3
896 195 3
900 195 3
906 195 2
907 195 3
909 195 2
910 195 3
911 195 3
916 195 3
924 195 3
925 195 3
926 195 1
928 195 2
932 195 3
935 195 2
940 195 3
943 195 1
951 195 1
955 195 1
958 195 3
965 195 1
970 195 3
971 195 3
972 195 1
974 195 2
975 195 1
981 195 2
982 195 3
983 195 3
984 195 1
988 195 3
989 195 2
993 195 2
995 195 2
998 195 2
999 195 3
1 196 2
3 196 2
4 196 3
11 196 1
13 196 1
15 196 3
16 196 2
17 196 3
19 196 2
26 196 1
29 196 1
30 196 3
34 196 2
35 196 1
36 196 3
40 196 3
41 196 3
44 196 1
45 196 1
52 196 1
54 196 1
55 196 1
60 196 1
61 196 1
63 196 3
71 196 1
72 196 3
74 196 1
75 196 3
76 196 2
78 196 3
80 196 2
82 196 1
83 196 2
85 196 3
87 196 1
88 196 1
91 196 2
92 196 1
95 196 3
96 196 3
97 196 3
105 196 1
107 196 3
112 196 1
119 196 2
120 196 2
124 196 3
125 196 3
127 196 1
131 196 3
134 196 1
136 196 3
140 196 2
141 196 1
142 196 2
146 196 1
147 196 2
149 196 2
154 196 2
157 196 3
162 196 1
164 196 1
167 196 2
168 196 1
169 196 2
174 196 2
176 196 2
182 196 2
183 196 2
189 196 1
190 196 1
192 196 2
195 196 1
196 196 3
197 196 3
198 196 2
200 196 1
205 196 2
208 196 3
209 196 3
213 196 2
214 196 1
216 196 2
217 196 2
218 196 1
219 196 3
224 196 3
225 196 3
228 196 1
229 196 2
230 196 2
235 196 3
237 196 2
241 196 3
256 196 3
264 196 1
270 196 1
276 196 3
278 196 2
279 196 2
288 196 1
289 196 1
291 196 3
292 196 3
296 196 3
300 196 2
305 196 3
306 196 2
308 196 2
309 196 3
311 196 3
312 196 1
317 196 2
319 196 3
320 196 1
321 196 1
324 196 1
325 196 3
326 196 2
329 196 1
331 196 3
335 196 2
336 196 3
338 196 1
342 196 3
344 196 1
347 196 1
350 196 2
352 196 1
354 196 2
355 196 2
356 196 2
358 196 3
359 196 1
363 196 1
368 196 1
374 196 2
375 196 1
376 196 3
378 196 2
380 196 1
386 196 2
388 196 3
390 196 3
395 196 1
400 196 2
409 196 2
415 196 1
417 196 2
418 196 3
426 196 1
427 196 3
429 196 3
438 196 3
439 196 1
442 196 2
444 196 2
447 196 1
449 196 1
451 196 1
454 196 2
459 196 1
460 196 3
461 196 3
464 196 3
465 196 2
467 196 3
471 196 3
475 196 2
476 196 3
483 196 3
485 196 2
493 196 3
494 196 3
496 196 1
498 196 3
499 196 3
502 196 2
507 196 2
510 196 2
511 196 1
513 196 1
517 196 1
519 196 1
525 196 3
528 196 3
529 196 2
531 196 2
532 196 3
535 196 2
536 196 3
542 196 3
544 196 1
546 196 1
549 196 1
550 196 3
551 196 2
555 196 2
556 196 2
561 196 3
566 196 1
569 196 3
571 196 1
572 196 2
573 196 2
581 196 1
583 196 1
585 196 3
588 196 1
592 196 1
595 196 3
597 196 3
599 196 1
604 196 1
605 196 3
608 196 2
609 196 3
610 196 3
615 196 2
619 196 1
622 196 3
627 196 2
632 196 3
633 196 2
644 196 1
645 196 1
652 196 3
655 196 1
656 196 2
659 196 3
663 196 2
666 196 1
671 196 2
674 196 1
678 196 1
681 196 3
682 196 2
686 196 3
687 196 2
690 196 2
691 196 3
692 196 2
697 196 3
702 196 3
703 196 3
705 196 2
706 196 3
708 196 3
710 196 2
715 196 2
719 196 3
723 196 2
726 196 2
727 196 2
729 196 2
731 196 1
734 196 1
738 196 2
741 196 1
744 196 3
747 196 2
750 196 2
752 196 3
756 196 3
758 196 2
761 196 2
767 196 3
774 196 3
776 196 1
777 196 1
779 196 1
780 196 2
781 196 3
784 196 2
786 196 1
787 196 3
788 196 3
794 196 2
803 196 1
806 196 3
812 196 3
815 196 2
818 196 1
822 196 2
824 196 3
825 196 1
826 196 3
833 196 1
834 196 2
838 196 2
839 196 3
841 196 3
843 196 3
848 196 1
855 196 2
856 196 3
863 196 1
864 196 3
866 196 2
867 196 1
871 196 1
872 196 1
876 196 2
879 196 2
880 196 1
881 196 3
886 196 3
890 196 1
891 196 3
892 196 2
893 196 3
897 196 2
902 196 3
914 196 3
915 196 3
917 196 1
919 196 3
920 196 3
922 196 3
926 196 1
935 196 1
939 196 3
940 196 2
945 196 2
947 196 1
951 196 3
953 196 2
954 196 3
955 196 3
956 196 3
959 196 1
964 196 1
967 196 3
969 196 1
974 196 3
979 196 3
987 196 2
991 196 3
993 196 2
996 196 3
997 196 1
3 197 2
7 197 3
11 197 3
13 197 1
14 197 1
17 197 2
18 197 1
19 197 1
25 197 1
26 197 2
30 197 3
31 197 3
34 197 2
35 197 3
43 197 3
45 197 2
46 197 1
50 197 3
51 197 2
52 197 1
54 197 3
57 197 3
58 197 3
60 197 1
61 197 3
64 197 3
68 197 1
69 197 3
70 197 1
71 197 1
72 197 3
74 197 3
77 197 3
80 197 3
83 197 3
84 197 3
87 197 1
89 197 3
97 197 3
98 197 2
100 197 3
103 197 3
113 197 3
119 197 1
120 197 3
123 197 1
134 197 3
141 197 1
144 197 2
145 197 3
147 197 1
149 197 3
152 197 3
158 197 2
159 197 3
165 197 3
167 197 1
169 197 1
170 197 2
171 197 3
174 197 3
183 197 3
191 197 1
193 197 3
194 197 3
198 197 3
204 197 2
205 197 1
206 197 2
208 197 3
209 197 1
210 197 2
211 197 1
212 197 2
217 197 1
218 197 1
225 197 3
227 197 3
234 197 2
237 197 1
238 197 2
239 197 1
243 197 3
251 197 2
253 197 2
256 197 3
261 197 3
266 197 1
267 197 1
268 197 2
271 197 3
272 197 1
277 197 2
278 197 1
283 197 2
287 197 2
291 197 1
293 197 3
296 197 1
297 197 3
299 197 2
302 197 1
303 197 2
306 197 3
310 197 2
311 197 3
312 197 3
315 197 1
325 197 2
329 197 1
332 197 2
336 197 3
339 197 3
340 197 3
341 197 3
343 197 2
345 197 3
347 197 1
351 197 1
358 197 3
363 197 2
371 197 1
372 197 3
374 197 2
377 197 3
378 197 2
380 197 3
382 197 3
383 197 1
