311 422 2
315 422 3
321 422 1
326 422 1
327 422 2
329 422 3
330 422 2
336 422 1
338 422 3
340 422 2
341 422 1
342 422 3
344 422 1
346 422 1
349 422 3
352 422 1
353 422 3
356 422 1
360 422 3
364 422 3
365 422 3
368 422 1
371 422 2
376 422 2
383 422 3
384 422 3
386 422 1
387 422 1
390 422 1
399 422 3
404 422 1
405 422 3
406 422 1
407 422 3
408 422 3
409 422 3
412 422 3
414 422 2
416 422 2
417 422 2
418 422 3
422 422 1
423 422 3
424 422 2
427 422 2
428 422 3
431 422 2
433 422 1
435 422 3
436 422 2
440 422 1
441 422 2
444 422 2
446 422 3
448 422 2
451 422 1
454 422 3
459 422 1
465 422 2
471 422 3
477 422 1
479 422 1
480 422 3
481 422 1
489 422 2
491 422 1
500 422 2
506 422 1
507 422 3
510 422 3
511 422 1
513 422 3
514 422 2
516 422 2
522 422 3
523 422 2
529 422 1
530 422 1
536 422 1
540 422 2
545 422 3
550 422 1
551 422 3
552 422 2
558 422 1
561 422 1
563 422 2
575 422 2
579 422 1
581 422 2
582 422 1
584 422 2
593 422 3
596 422 2
597 422 2
600 422 3
605 422 2
606 422 1
613 422 2
615 422 2
617 422 2
623 422 3
629 422 1
631 422 3
635 422 1
636 422 2
640 422 1
641 422 2
642 422 1
644 422 3
648 422 3
650 422 3
651 422 3
652 422 1
655 422 1
657 422 2
658 422 3
659 422 3
661 422 3
665 422 3
666 422 1
672 422 2
673 422 2
678 422 1
682 422 1
685 422 2
686 422 3
692 422 3
696 422 3
701 422 2
704 422 3
708 422 2
716 422 1
718 422 3
719 422 1
728 422 1
729 422 3
730 422 1
733 422 3
735 422 2
736 422 3
737 422 1
741 422 1
742 422 3
756 422 1
757 422 3
758 422 2
764 422 2
765 422 2
766 422 3
772 422 1
774 422 1
782 422 2
784 422 3
788 422 1
789 422 2
795 422 2
798 422 3
799 422 1
805 422 1
812 422 2
820 422 3
822 422 1
824 422 3
831 422 1
834 422 3
836 422 2
838 422 2
841 422 1
843 422 2
847 422 3
849 422 2
854 422 1
856 422 3
864 422 3
865 422 2
868 422 1
875 422 2
877 422 1
878 422 2
883 422 3
885 422 3
887 422 2
891 422 1
892 422 1
894 422 3
904 422 2
908 422 1
909 422 2
911 422 1
912 422 2
921 422 3
922 422 1
926 422 2
930 422 1
932 422 1
934 422 3
940 422 3
942 422 3
945 422 2
951 422 3
954 422 3
956 422 2
967 422 2
968 422 2
981 422 2
983 422 3
984 422 1
985 422 2
986 422 2
989 422 1
990 422 1
993 422 2
0 423 1
2 423 2
4 423 1
5 423 2
8 423 2
10 423 2
11 423 1
12 423 1
14 423 2
15 423 2
19 423 1
20 423 3
23 423 1
24 423 1
25 423 2
26 423 3
32 423 1
35 423 1
44 423 1
45 423 3
48 423 2
49 423 1
51 423 3
57 423 1
58 423 2
60 423 1
62 423 1
65 423 3
68 423 3
69 423 2
72 423 3
73 423 1
77 423 1
78 423 2
83 423 1
86 423 1
90 423 1
91 423 1
93 423 1
96 423 2
98 423 1
102 423 3
103 423 1
104 423 3
106 423 3
107 423 1
108 423 1
110 423 3
112 423 3
113 423 1
115 423 3
116 423 1
117 423 3
121 423 2
124 423 1
126 423 3
129 423 3
130 423 3
133 423 3
137 423 2
139 423 3
146 423 2
148 423 2
149 423 2
152 423 1
156 423 2
157 423 2
162 423 1
163 423 3
168 423 3
173 423 3
175 423 1
176 423 1
181 423 2
183 423 3
187 423 1
190 423 1
196 423 3
197 423 1
199 423 3
202 423 1
205 423 1
206 423 3
209 423 3
210 423 3
211 423 3
214 423 3
215 423 3
216 423 3
220 423 2
221 423 3
225 423 1
226 423 2
229 423 3
234 423 2
246 423 1
252 423 2
256 423 1
259 423 1
265 423 1
269 423 3
271 423 3
274 423 1
279 423 1
285 423 1
289 423 2
291 423 1
292 423 3
298 423 1
300 423 1
301 423 1
309 423 3
313 423 3
315 423 3
318 423 2
319 423 3
321 423 1
324 423 3
330 423 3
332 423 1
336 423 2
337 423 2
338 423 1
339 423 2
343 423 3
344 423 2
345 423 2
348 423 1
349 423 3
350 423 3
353 423 3
358 423 1
360 423 2
367 423 1
370 423 3
371 423 2
372 423 3
373 423 1
376 423 1
379 423 2
388 423 2
392 423 1
393 423 3
394 423 3
395 423 2
399 423 2
400 423 3
402 423 3
409 423 2
414 423 2
419 423 1
425 423 3
442 423 3
450 423 2
451 423 3
452 423 2
455 423 1
456 423 1
459 423 1
463 423 2
472 423 2
474 423 2
476 423 1
480 423 1
481 423 3
482 423 1
485 423 1
487 423 1
493 423 2
497 423 1
500 423 1
502 423 2
503 423 1
506 423 1
514 423 1
515 423 3
516 423 3
517 423 2
519 423 2
520 423 3
521 423 1
522 423 2
527 423 3
528 423 1
535 423 2
537 423 2
538 423 3
539 423 3
544 423 1
550 423 1
567 423 2
570 423 3
572 423 1
573 423 3
579 423 2
582 423 1
586 423 1
600 423 2
605 423 3
609 423 1
612 423 2
615 423 1
619 423 3
621 423 2
628 423 3
630 423 3
631 423 3
632 423 2
633 423 2
636 423 1
642 423 2
648 423 2
651 423 2
652 423 2
654 423 3
656 423 3
657 423 2
658 423 1
660 423 1
664 423 1
665 423 3
675 423 3
678 423 2
679 423 1
686 423 3
690 423 3
691 423 1
692 423 3
694 423 2
695 423 2
696 423 3
700 423 2
703 423 3
706 423 2
711 423 3
713 423 3
714 423 1
719 423 3
720 423 2
722 423 2
725 423 1
729 423 3
741 423 3
743 423 2
744 423 3
752 423 1
753 423 2
755 423 3
762 423 1
763 423 3
765 423 3
766 423 2
769 423 3
780 423 3
786 423 2
788 423 3
789 423 2
790 423 1
794 423 3
797 423 3
799 423 1
802 423 3
810 423 1
811 423 2
812 423 1
814 423 1
817 423 3
819 423 2
821 423 3
822 423 2
826 423 3
837 423 2
840 423 3
849 423 1
850 423 2
851 423 2
853 423 1
860 423 1
861 423 2
863 423 3
868 423 2
869 423 1
872 423 3
873 423 3
875 423 1
883 423 1
884 423 2
885 423 3
888 423 3
890 423 1
897 423 2
898 423 1
900 423 3
906 423 3
907 423 3
913 423 1
918 423 1
919 423 1
920 423 2
923 423 2
925 423 1
929 423 1
930 423 2
931 423 1
932 423 3
940 423 2
941 423 3
943 423 3
947 423 3
948 423 3
949 423 2
953 423 3
957 423 1
961 423 3
970 423 1
971 423 2
974 423 3
976 423 3
977 423 1
979 423 3
982 423 1
984 423 1
985 423 1
997 423 3
998 423 3
999 423 3
5 424 1
13 424 1
14 424 2
16 424 2
17 424 1
21 424 1
26 424 3
30 424 2
31 424 1
35 424 1
40 424 3
41 424 2
44 424 2
45 424 1
49 424 3
52 424 3
54 424 1
56 424 2
57 424 2
58 424 1
59 424 3
62 424 2
64 424 3
67 424 1
73 424 2
75 424 1
80 424 2
81 424 2
82 424 2
83 424 3
86 424 1
87 424 2
88 424 1
89 424 3
90 424 3
93 424 1
94 424 3
101 424 2
102 424 2
106 424 2
108 424 2
111 424 1
113 424 2
114 424 2
115 424 1
117 424 3
118 424 3
119 424 2
125 424 3
126 424 2
132 424 1
137 424 1
139 424 3
140 424 3
142 424 2
143 424 1
148 424 2
150 424 2
152 424 2
155 424 2
156 424 3
159 424 2
162 424 2
163 424 2
165 424 1
169 424 3
173 424 2
175 424 2
177 424 2
179 424 3
181 424 3
185 424 1
188 424 3
192 424 2
193 424 3
196 424 3
198 424 1
199 424 2
200 424 1
207 424 1
208 424 3
211 424 2
215 424 1
218 424 1
219 424 3
221 424 1
223 424 3
226 424 1
227 424 1
228 424 1
230 424 3
233 424 2
235 424 2
236 424 1
237 424 2
239 424 3
242 424 1
244 424 3
245 424 3
246 424 1
249 424 1
251 424 2
252 424 1
257 424 1
260 424 3
262 424 1
265 424 1
270 424 2
273 424 2
277 424 3
278 424 3
281 424 2
283 424 3
289 424 3
293 424 1
296 424 3
297 424 2
301 424 2
305 424 3
306 424 2
307 424 1
309 424 1
313 424 2
317 424 3
319 424 1
324 424 1
325 424 1
