665 360 1
667 360 1
668 360 1
669 360 1
670 360 1
671 360 3
675 360 3
676 360 3
678 360 3
679 360 1
681 360 2
685 360 1
686 360 1
687 360 2
691 360 2
693 360 3
695 360 1
696 360 3
699 360 2
703 360 1
705 360 3
706 360 2
712 360 1
714 360 3
716 360 1
718 360 2
720 360 2
727 360 3
729 360 1
730 360 1
734 360 3
735 360 1
739 360 1
745 360 1
753 360 1
754 360 2
757 360 2
759 360 1
765 360 2
766 360 3
772 360 3
774 360 2
776 360 2
780 360 2
782 360 2
786 360 3
789 360 2
794 360 2
796 360 1
799 360 1
802 360 1
803 360 1
805 360 2
809 360 2
810 360 3
813 360 1
814 360 1
815 360 3
827 360 2
834 360 2
835 360 2
844 360 1
845 360 1
847 360 2
849 360 1
850 360 3
851 360 3
858 360 1
860 360 2
866 360 3
869 360 1
871 360 1
872 360 1
875 360 2
880 360 2
881 360 1
882 360 3
884 360 2
885 360 1
886 360 3
888 360 2
889 360 3
896 360 1
899 360 2
900 360 2
902 360 2
905 360 2
911 360 1
912 360 2
914 360 2
915 360 2
922 360 1
923 360 2
925 360 3
926 360 3
927 360 3
928 360 1
929 360 1
930 360 1
936 360 1
939 360 1
940 360 2
941 360 1
946 360 2
947 360 2
948 360 2
959 360 1
961 360 1
965 360 3
966 360 2
973 360 3
982 360 2
991 360 2
994 360 3
998 360 1
0 361 1
4 361 1
7 361 1
9 361 2
13 361 3
15 361 3
16 361 3
18 361 1
21 361 2
22 361 1
28 361 3
30 361 1
35 361 1
42 361 3
45 361 1
49 361 1
51 361 2
52 361 2
56 361 1
58 361 3
59 361 1
63 361 3
69 361 2
70 361 2
75 361 2
80 361 2
82 361 3
87 361 1
88 361 2
89 361 1
93 361 3
96 361 2
105 361 3
112 361 2
113 361 3
114 361 1
116 361 1
122 361 1
132 361 3
135 361 3
137 361 3
149 361 2
152 361 3
153 361 3
156 361 2
158 361 1
159 361 2
160 361 1
163 361 1
164 361 2
167 361 2
172 361 3
177 361 2
178 361 2
179 361 3
183 361 1
188 361 1
189 361 1
194 361 2
195 361 1
199 361 1
208 361 3
209 361 2
211 361 2
213 361 3
215 361 1
218 361 2
225 361 1
229 361 2
232 361 2
233 361 2
239 361 3
240 361 1
242 361 3
244 361 1
247 361 1
253 361 2
256 361 2
258 361 1
261 361 1
269 361 3
276 361 3
279 361 1
286 361 1
287 361 3
289 361 3
293 361 1
296 361 3
298 361 1
302 361 2
308 361 1
309 361 3
324 361 1
329 361 3
331 361 2
332 361 3
335 361 1
339 361 2
344 361 3
345 361 3
346 361 1
348 361 3
349 361 3
355 361 2
358 361 1
359 361 1
364 361 3
374 361 1
375 361 1
377 361 1
379 361 2
380 361 2
381 361 2
385 361 1
392 361 2
393 361 3
397 361 1
404 361 3
408 361 1
409 361 3
412 361 1
415 361 2
416 361 2
419 361 1
420 361 3
423 361 3
424 361 3
428 361 2
429 361 2
432 361 3
435 361 1
437 361 3
439 361 1
440 361 3
442 361 2
445 361 2
450 361 2
451 361 1
452 361 2
457 361 1
458 361 2
461 361 1
462 361 1
463 361 1
464 361 1
467 361 2
473 361 1
477 361 1
478 361 2
479 361 3
482 361 2
484 361 2
489 361 3
491 361 2
492 361 1
504 361 1
507 361 2
508 361 2
509 361 3
510 361 2
514 361 3
516 361 2
520 361 2
521 361 1
523 361 1
524 361 2
528 361 1
529 361 2
537 361 3
538 361 1
539 361 1
541 361 2
542 361 2
543 361 1
551 361 3
552 361 2
558 361 2
559 361 3
564 361 2
567 361 3
570 361 1
573 361 1
574 361 1
580 361 2
583 361 2
584 361 2
585 361 3
598 361 1
601 361 1
603 361 2
604 361 2
608 361 1
609 361 3
620 361 3
622 361 2
625 361 3
629 361 1
630 361 2
631 361 2
640 361 2
641 361 3
645 361 1
657 361 1
658 361 3
659 361 1
662 361 1
664 361 2
665 361 2
671 361 2
673 361 1
678 361 1
681 361 3
683 361 1
685 361 3
689 361 1
690 361 3
692 361 2
693 361 2
694 361 2
700 361 1
701 361 3
704 361 3
707 361 3
716 361 3
720 361 2
727 361 3
734 361 2
736 361 2
740 361 1
744 361 1
745 361 1
752 361 1
755 361 2
761 361 3
762 361 3
763 361 3
764 361 3
765 361 1
766 361 3
767 361 3
769 361 1
772 361 3
773 361 3
775 361 1
786 361 2
789 361 2
791 361 1
793 361 3
795 361 3
796 361 2
797 361 2
801 361 1
803 361 3
805 361 2
808 361 3
812 361 3
813 361 2
815 361 2
818 361 1
821 361 3
825 361 2
831 361 3
833 361 3
835 361 2
837 361 3
839 361 1
841 361 2
854 361 1
857 361 3
858 361 1
860 361 3
861 361 2
863 361 2
865 361 3
867 361 1
868 361 3
869 361 1
871 361 2
876 361 2
881 361 1
885 361 3
886 361 2
888 361 2
889 361 2
892 361 2
900 361 3
903 361 2
906 361 2
914 361 1
919 361 1
920 361 3
927 361 2
930 361 3
933 361 1
934 361 3
938 361 3
941 361 1
943 361 2
945 361 1
952 361 1
954 361 2
958 361 2
959 361 1
960 361 2
963 361 1
965 361 1
968 361 2
969 361 3
972 361 3
974 361 1
975 361 1
982 361 1
985 361 3
987 361 1
988 361 2
989 361 3
992 361 3
994 361 1
995 361 1
996 361 2
998 361 3
3 362 3
4 362 3
5 362 3
7 362 1
8 362 1
14 362 2
20 362 3
22 362 3
25 362 2
28 362 2
32 362 1
33 362 2
35 362 1
36 362 2
46 362 2
47 362 3
48 362 1
50 362 2
51 362 2
55 362 1
56 362 3
60 362 1
61 362 3
64 362 2
65 362 1
66 362 2
69 362 1
72 362 2
75 362 1
76 362 3
80 362 3
82 362 3
87 362 3
92 362 2
94 362 1
96 362 3
97 362 2
99 362 3
100 362 3
105 362 2
107 362 3
110 362 2
113 362 2
119 362 3
121 362 2
125 362 3
126 362 1
127 362 1
130 362 2
133 362 2
143 362 2
146 362 3
152 362 2
154 362 1
156 362 3
160 362 1
161 362 1
162 362 3
163 362 2
166 362 1
170 362 3
176 362 3
177 362 1
178 362 2
179 362 2
182 362 2
184 362 2
185 362 3
188 362 2
189 362 2
195 362 2
197 362 3
201 362 3
207 362 2
210 362 2
216 362 1
217 362 2
218 362 1
220 362 2
221 362 2
222 362 1
224 362 2
226 362 3
230 362 2
237 362 2
239 362 3
242 362 2
243 362 2
248 362 2
250 362 1
252 362 2
254 362 1
258 362 3
261 362 1
262 362 3
263 362 3
268 362 2
270 362 2
271 362 3
275 362 3
277 362 2
279 362 2
280 362 1
282 362 3
283 362 1
288 362 3
291 362 3
293 362 3
300 362 3
301 362 3
311 362 2
318 362 3
320 362 3
321 362 1
326 362 2
327 362 3
329 362 1
337 362 2
340 362 2
341 362 2
342 362 3
351 362 3
356 362 2
357 362 2
359 362 3
361 362 3
362 362 1
372 362 3
373 362 2
374 362 1
375 362 1
376 362 2
378 362 2
382 362 3
386 362 2
388 362 3
392 362 2
393 362 3
394 362 1
395 362 2
399 362 3
402 362 2
403 362 1
408 362 1
409 362 3
411 362 3
412 362 2
415 362 2
420 362 2
423 362 3
429 362 1
430 362 1
438 362 2
444 362 3
446 362 3
449 362 3
454 362 3
455 362 3
456 362 3
459 362 2
460 362 3
461 362 1
465 362 1
471 362 2
481 362 3
485 362 2
486 362 2
491 362 3
492 362 2
493 362 1
495 362 3
496 362 3
497 362 3
498 362 2
510 362 2
512 362 3
514 362 3
522 362 1
523 362 3
529 362 3
531 362 1
534 362 2
535 362 2
538 362 1
539 362 3
546 362 1
549 362 1
550 362 1
551 362 3
554 362 2
556 362 2
561 362 1
562 362 1
564 362 1
568 362 2
571 362 1
573 362 1
577 362 1
578 362 2
579 362 2
580 362 3
588 362 2
590 362 3
591 362 3
594 362 3
598 362 1
600 362 2
602 362 2
608 362 3
610 362 2
611 362 3
616 362 3
618 362 3
619 362 1
622 362 2
623 362 2
626 362 2
628 362 2
629 362 1
630 362 2
631 362 2
632 362 2
634 362 2
635 362 2
636 362 2
639 362 3
641 362 1
643 362 1
645 362 1
650 362 3
