235 702 3
236 702 3
241 702 2
243 702 2
245 702 2
246 702 1
247 702 3
252 702 3
262 702 2
265 702 2
282 702 2
285 702 2
287 702 3
288 702 1
291 702 3
293 702 2
298 702 3
301 702 1
303 702 2
305 702 1
310 702 1
311 702 3
313 702 3
318 702 1
322 702 3
324 702 3
328 702 1
330 702 2
332 702 1
339 702 1
340 702 1
341 702 3
344 702 2
349 702 2
350 702 3
355 702 3
359 702 1
360 702 2
362 702 2
365 702 3
366 702 2
367 702 1
373 702 2
377 702 2
379 702 2
380 702 1
385 702 1
386 702 3
389 702 3
392 702 1
396 702 2
401 702 3
404 702 2
405 702 1
406 702 1
408 702 3
409 702 2
416 702 1
417 702 2
422 702 1
424 702 1
427 702 2
431 702 2
437 702 3
438 702 2
439 702 3
441 702 3
450 702 2
451 702 3
454 702 2
455 702 2
463 702 3
465 702 1
467 702 1
468 702 3
473 702 3
475 702 1
477 702 1
478 702 2
484 702 2
485 702 3
486 702 1
492 702 2
493 702 2
495 702 2
496 702 3
497 702 1
498 702 1
499 702 2
502 702 3
503 702 2
504 702 3
509 702 3
510 702 3
515 702 3
518 702 2
520 702 1
529 702 3
530 702 3
533 702 2
535 702 1
541 702 1
545 702 2
548 702 1
549 702 2
550 702 3
556 702 1
557 702 2
559 702 1
561 702 2
567 702 2
574 702 3
577 702 3
578 702 1
580 702 1
582 702 1
583 702 2
585 702 2
589 702 1
594 702 3
596 702 1
597 702 1
598 702 1
599 702 3
600 702 1
602 702 2
603 702 1
605 702 2
607 702 2
608 702 1
609 702 3
613 702 3
615 702 2
618 702 1
622 702 1
623 702 2
625 702 3
626 702 3
627 702 2
628 702 2
629 702 1
630 702 2
632 702 1
635 702 3
637 702 2
645 702 1
648 702 2
651 702 3
658 702 3
659 702 3
660 702 3
661 702 3
662 702 3
666 702 3
667 702 2
675 702 1
676 702 2
679 702 3
680 702 2
682 702 1
684 702 1
690 702 1
693 702 3
696 702 1
699 702 2
700 702 2
701 702 1
702 702 3
704 702 3
705 702 2
714 702 3
725 702 1
729 702 3
730 702 1
731 702 3
732 702 1
733 702 3
735 702 1
738 702 3
745 702 1
748 702 3
754 702 3
757 702 1
758 702 1
759 702 1
760 702 3
765 702 1
766 702 1
768 702 2
769 702 2
771 702 3
781 702 3
782 702 1
783 702 2
785 702 1
789 702 1
792 702 1
793 702 2
797 702 1
798 702 1
800 702 3
801 702 3
806 702 3
813 702 3
814 702 1
815 702 3
818 702 2
819 702 1
821 702 1
824 702 3
825 702 3
830 702 2
831 702 1
838 702 1
839 702 2
845 702 3
849 702 1
850 702 1
852 702 3
854 702 3
855 702 2
860 702 1
866 702 3
872 702 1
873 702 2
880 702 1
884 702 3
885 702 1
889 702 2
892 702 1
895 702 3
900 702 2
901 702 2
906 702 2
908 702 1
914 702 2
915 702 3
916 702 2
919 702 1
933 702 3
935 702 3
938 702 1
940 702 3
941 702 3
942 702 2
946 702 2
957 702 1
966 702 1
969 702 2
971 702 3
973 702 2
976 702 3
989 702 1
993 702 3
996 702 1
997 702 3
0 703 3
1 703 2
4 703 3
6 703 1
10 703 2
13 703 1
15 703 3
23 703 2
25 703 2
27 703 1
29 703 3
30 703 3
35 703 3
37 703 2
38 703 1
42 703 1
43 703 3
47 703 3
51 703 3
52 703 2
54 703 3
57 703 1
62 703 3
66 703 1
68 703 1
70 703 2
71 703 1
72 703 3
74 703 1
81 703 2
82 703 1
85 703 1
88 703 3
89 703 1
90 703 3
95 703 3
96 703 1
100 703 3
101 703 1
102 703 3
104 703 1
106 703 3
107 703 1
111 703 2
124 703 1
125 703 2
128 703 2
133 703 2
136 703 3
138 703 1
140 703 1
141 703 3
147 703 3
148 703 2
150 703 3
157 703 1
161 703 1
163 703 3
169 703 3
173 703 3
174 703 3
178 703 2
187 703 2
188 703 3
193 703 2
197 703 2
199 703 3
201 703 1
208 703 1
209 703 1
210 703 3
211 703 3
214 703 2
215 703 3
217 703 3
219 703 3
226 703 2
232 703 3
241 703 2
247 703 3
248 703 3
252 703 1
253 703 3
254 703 3
257 703 3
262 703 2
269 703 3
274 703 3
277 703 2
284 703 2
285 703 2
287 703 3
288 703 1
290 703 3
291 703 3
293 703 3
294 703 3
297 703 2
298 703 2
313 703 2
314 703 2
316 703 2
328 703 1
331 703 1
333 703 1
339 703 2
341 703 3
346 703 3
348 703 2
350 703 1
354 703 3
357 703 1
359 703 3
364 703 2
366 703 2
368 703 3
373 703 3
379 703 3
380 703 1
382 703 2
383 703 3
384 703 1
388 703 2
392 703 2
394 703 1
396 703 2
397 703 1
400 703 2
401 703 2
403 703 3
404 703 3
408 703 3
412 703 3
415 703 3
417 703 2
420 703 2
421 703 1
423 703 3
425 703 1
427 703 3
430 703 3
432 703 2
434 703 1
435 703 1
437 703 1
440 703 1
446 703 1
452 703 1
455 703 3
458 703 3
461 703 2
462 703 1
466 703 2
467 703 3
472 703 1
473 703 2
477 703 2
479 703 1
482 703 3
485 703 3
486 703 2
490 703 1
491 703 1
492 703 2
494 703 3
495 703 3
498 703 1
502 703 2
503 703 3
506 703 2
508 703 3
510 703 3
511 703 2
512 703 2
513 703 3
518 703 2
519 703 2
520 703 2
521 703 2
538 703 1
543 703 2
544 703 1
545 703 2
548 703 3
549 703 1
552 703 1
556 703 1
559 703 2
563 703 3
568 703 3
570 703 2
575 703 1
576 703 2
579 703 2
580 703 3
583 703 1
584 703 2
585 703 2
593 703 3
595 703 3
597 703 3
600 703 3
607 703 3
615 703 2
620 703 3
624 703 1
625 703 1
628 703 2
633 703 1
634 703 1
635 703 1
637 703 1
639 703 3
640 703 3
642 703 1
649 703 1
650 703 2
653 703 3
655 703 3
657 703 3
659 703 3
662 703 2
663 703 2
664 703 3
665 703 3
666 703 1
667 703 2
671 703 3
672 703 3
674 703 3
677 703 1
681 703 3
684 703 1
686 703 2
689 703 2
694 703 3
695 703 2
697 703 3
700 703 1
703 703 2
705 703 3
708 703 3
710 703 2
711 703 2
716 703 3
719 703 3
720 703 3
722 703 3
723 703 1
727 703 3
730 703 2
732 703 1
734 703 1
738 703 2
739 703 2
742 703 3
744 703 1
745 703 3
751 703 2
752 703 1
755 703 1
757 703 2
758 703 2
760 703 3
762 703 3
763 703 2
770 703 2
775 703 2
776 703 3
788 703 1
791 703 2
792 703 1
799 703 1
804 703 2
805 703 2
812 703 1
813 703 2
815 703 2
816 703 1
821 703 2
823 703 3
824 703 2
826 703 1
830 703 1
833 703 1
835 703 3
845 703 3
847 703 1
849 703 3
856 703 2
863 703 1
870 703 3
878 703 2
879 703 3
891 703 1
892 703 1
893 703 1
902 703 2
903 703 3
905 703 1
906 703 2
910 703 2
911 703 2
917 703 2
919 703 2
922 703 3
926 703 3
928 703 1
940 703 2
941 703 2
943 703 2
945 703 2
948 703 1
951 703 2
954 703 3
957 703 2
959 703 2
960 703 3
961 703 1
971 703 3
973 703 2
975 703 3
978 703 2
988 703 3
990 703 2
991 703 2
993 703 3
998 703 2
3 704 1
6 704 1
7 704 1
8 704 2
14 704 2
16 704 1
19 704 1
21 704 3
22 704 2
27 704 2
29 704 3
30 704 1
31 704 3
33 704 1
44 704 1
46 704 1
48 704 2
54 704 3
55 704 2
56 704 1
59 704 2
60 704 3
62 704 3
67 704 2
68 704 3
77 704 3
80 704 2
83 704 1
86 704 2
91 704 1
93 704 3
98 704 3
99 704 1
100 704 2
103 704 1
105 704 3
115 704 1
125 704 1
129 704 1
131 704 1
133 704 2
135 704 3
136 704 3
138 704 3
139 704 3
144 704 2
153 704 1
163 704 2
164 704 3
166 704 1
176 704 2
181 704 3
183 704 3
188 704 1
190 704 2
203 704 2
205 704 2
207 704 1
208 704 3
214 704 2
215 704 3
216 704 2
224 704 2
226 704 1
227 704 1
229 704 1
233 704 1
235 704 3
238 704 1
243 704 1
247 704 2
248 704 3
250 704 3
254 704 1
258 704 2
260 704 2
262 704 2
265 704 3
269 704 2
272 704 2
273 704 2
277 704 1
