598 696 3
600 696 2
602 696 2
604 696 1
618 696 3
623 696 2
625 696 1
630 696 3
638 696 1
643 696 3
644 696 1
645 696 3
649 696 1
652 696 1
662 696 1
669 696 1
670 696 2
672 696 2
675 696 1
680 696 3
681 696 2
684 696 2
685 696 1
686 696 1
688 696 3
690 696 2
693 696 1
696 696 1
697 696 3
702 696 3
704 696 1
705 696 1
706 696 1
709 696 2
710 696 2
713 696 1
718 696 1
723 696 2
725 696 2
728 696 3
737 696 1
738 696 3
741 696 3
743 696 3
746 696 1
749 696 3
751 696 1
758 696 1
760 696 1
761 696 2
764 696 2
767 696 2
769 696 2
771 696 3
772 696 1
774 696 2
776 696 2
777 696 1
782 696 1
783 696 1
784 696 1
785 696 3
788 696 1
789 696 3
791 696 1
794 696 2
795 696 1
798 696 3
800 696 3
801 696 3
804 696 3
806 696 2
808 696 1
814 696 1
824 696 3
831 696 1
838 696 1
840 696 1
842 696 3
844 696 1
845 696 2
847 696 3
854 696 1
858 696 1
863 696 3
864 696 1
865 696 1
866 696 1
870 696 2
871 696 1
876 696 2
880 696 3
884 696 2
887 696 3
889 696 3
890 696 1
892 696 1
894 696 1
896 696 2
906 696 1
907 696 2
908 696 3
913 696 1
915 696 3
918 696 2
919 696 3
920 696 3
924 696 2
926 696 3
930 696 2
932 696 2
933 696 1
934 696 3
937 696 2
938 696 3
945 696 1
949 696 2
952 696 1
955 696 2
956 696 1
959 696 1
960 696 1
961 696 3
962 696 3
963 696 3
965 696 1
966 696 3
967 696 1
968 696 1
969 696 2
970 696 3
973 696 1
976 696 1
979 696 1
981 696 3
984 696 2
989 696 1
990 696 1
992 696 1
993 696 2
995 696 2
999 696 2
4 697 3
12 697 3
13 697 1
19 697 1
20 697 1
25 697 1
28 697 3
29 697 1
32 697 2
34 697 3
36 697 1
38 697 2
41 697 1
44 697 1
47 697 1
50 697 2
56 697 1
57 697 3
59 697 1
60 697 1
65 697 2
68 697 3
69 697 1
70 697 1
74 697 1
76 697 1
77 697 1
78 697 2
79 697 2
82 697 2
83 697 1
86 697 1
91 697 2
94 697 3
97 697 2
100 697 3
101 697 1
104 697 1
106 697 1
107 697 2
111 697 2
115 697 2
116 697 2
118 697 3
119 697 2
120 697 2
122 697 2
124 697 3
128 697 1
130 697 3
132 697 2
133 697 3
134 697 2
135 697 3
136 697 2
139 697 2
141 697 1
149 697 3
153 697 1
156 697 3
167 697 1
169 697 1
172 697 3
179 697 1
183 697 2
190 697 1
194 697 3
196 697 2
197 697 1
198 697 2
199 697 2
201 697 2
206 697 1
208 697 1
209 697 3
211 697 1
214 697 2
223 697 2
225 697 2
231 697 2
233 697 2
235 697 2
237 697 1
243 697 2
244 697 2
245 697 1
246 697 2
251 697 3
252 697 2
254 697 3
256 697 1
259 697 3
261 697 1
269 697 3
271 697 2
272 697 1
275 697 2
276 697 3
277 697 2
279 697 3
282 697 1
291 697 3
292 697 3
293 697 1
296 697 3
298 697 1
300 697 2
302 697 2
306 697 3
308 697 1
311 697 2
313 697 3
314 697 3
315 697 1
317 697 3
321 697 2
323 697 1
325 697 3
331 697 2
332 697 1
333 697 2
334 697 3
336 697 3
337 697 1
342 697 2
347 697 1
348 697 1
353 697 2
357 697 2
359 697 3
362 697 2
365 697 2
367 697 3
368 697 3
370 697 2
375 697 3
376 697 3
377 697 3
384 697 2
387 697 2
389 697 2
390 697 2
391 697 1
393 697 3
394 697 3
396 697 3
398 697 3
399 697 1
403 697 2
404 697 2
405 697 2
406 697 3
411 697 1
413 697 1
414 697 1
416 697 1
418 697 2
420 697 2
427 697 3
431 697 1
432 697 2
437 697 3
444 697 2
446 697 1
447 697 2
449 697 1
450 697 2
451 697 2
453 697 3
454 697 2
458 697 2
463 697 1
464 697 1
466 697 1
467 697 3
469 697 3
470 697 3
471 697 1
476 697 1
485 697 3
486 697 1
491 697 3
492 697 3
498 697 1
500 697 3
501 697 1
506 697 1
517 697 2
518 697 2
525 697 2
528 697 1
529 697 2
532 697 1
533 697 3
535 697 2
538 697 1
539 697 3
540 697 1
543 697 3
544 697 1
545 697 1
546 697 1
551 697 2
552 697 2
553 697 1
554 697 1
555 697 3
561 697 1
565 697 2
566 697 2
568 697 1
569 697 3
573 697 2
574 697 1
575 697 1
576 697 3
582 697 1
585 697 2
586 697 3
587 697 3
595 697 1
596 697 2
597 697 1
600 697 2
601 697 1
604 697 2
613 697 1
614 697 1
615 697 3
616 697 2
617 697 3
621 697 1
635 697 2
637 697 3
638 697 1
639 697 3
643 697 2
644 697 3
645 697 2
646 697 3
648 697 3
649 697 3
650 697 3
652 697 2
653 697 2
657 697 2
665 697 3
666 697 1
667 697 2
669 697 1
672 697 2
673 697 2
675 697 2
678 697 2
679 697 1
680 697 3
685 697 2
686 697 3
687 697 2
690 697 1
691 697 1
692 697 3
694 697 3
695 697 1
699 697 3
700 697 3
711 697 3
720 697 1
722 697 2
723 697 3
724 697 3
730 697 1
732 697 2
733 697 3
746 697 3
751 697 2
753 697 3
759 697 1
760 697 1
762 697 2
765 697 1
766 697 3
768 697 2
770 697 2
771 697 3
772 697 2
773 697 2
781 697 3
783 697 1
790 697 1
794 697 1
796 697 1
799 697 3
800 697 2
805 697 1
810 697 1
811 697 1
812 697 2
814 697 2
815 697 1
821 697 1
829 697 1
830 697 2
832 697 2
834 697 1
836 697 3
846 697 2
849 697 2
850 697 3
858 697 3
860 697 3
861 697 1
863 697 2
866 697 2
867 697 2
869 697 1
870 697 3
871 697 3
878 697 1
880 697 2
882 697 3
884 697 3
887 697 2
892 697 2
901 697 2
915 697 2
930 697 3
932 697 3
933 697 2
937 697 2
942 697 3
950 697 2
963 697 3
966 697 2
970 697 2
975 697 1
976 697 2
978 697 2
980 697 2
986 697 2
987 697 3
988 697 2
992 697 1
993 697 1
995 697 3
2 698 2
3 698 1
10 698 1
15 698 3
20 698 2
21 698 2
22 698 1
23 698 3
24 698 1
27 698 2
28 698 2
32 698 3
33 698 2
36 698 1
37 698 1
40 698 3
41 698 2
42 698 1
43 698 2
47 698 3
50 698 1
51 698 2
54 698 1
59 698 2
62 698 1
66 698 1
71 698 3
72 698 3
75 698 1
77 698 1
80 698 3
82 698 3
83 698 2
86 698 3
87 698 1
89 698 3
91 698 3
92 698 3
93 698 1
94 698 2
97 698 3
107 698 1
110 698 1
111 698 3
113 698 1
115 698 1
119 698 3
121 698 1
123 698 2
126 698 3
127 698 1
138 698 2
142 698 1
145 698 1
147 698 3
151 698 3
153 698 1
154 698 1
156 698 2
158 698 2
160 698 3
161 698 3
162 698 1
164 698 2
166 698 3
169 698 2
170 698 3
171 698 2
178 698 3
179 698 2
184 698 1
185 698 1
187 698 2
188 698 2
190 698 3
192 698 1
193 698 2
198 698 3
206 698 3
207 698 1
208 698 3
209 698 2
212 698 1
213 698 3
214 698 1
215 698 1
216 698 3
219 698 1
221 698 1
224 698 1
233 698 2
238 698 3
244 698 3
245 698 1
248 698 1
249 698 2
252 698 3
253 698 1
255 698 2
258 698 2
260 698 1
261 698 1
265 698 2
275 698 1
284 698 3
287 698 1
291 698 2
292 698 2
296 698 2
303 698 3
305 698 2
309 698 3
311 698 3
316 698 2
318 698 2
321 698 2
324 698 2
325 698 2
326 698 2
328 698 2
334 698 1
336 698 1
337 698 3
339 698 2
344 698 2
345 698 3
346 698 2
347 698 3
348 698 3
349 698 1
352 698 2
355 698 1
362 698 3
363 698 1
364 698 3
371 698 3
372 698 2
375 698 2
377 698 3
382 698 1
383 698 2
384 698 2
387 698 3
390 698 3
391 698 2
400 698 1
402 698 2
407 698 1
408 698 3
410 698 1
412 698 3
413 698 1
417 698 3
419 698 1
420 698 2
423 698 2
426 698 1
427 698 3
433 698 2
434 698 3
437 698 3
438 698 3
439 698 3
442 698 2
444 698 3
450 698 1
453 698 1
454 698 1
457 698 3
461 698 1
463 698 2
464 698 3
465 698 1
466 698 3
472 698 2
474 698 3
475 698 1
476 698 3
479 698 1
