686 330 1
691 330 3
696 330 2
700 330 1
702 330 3
705 330 3
708 330 3
709 330 3
712 330 1
713 330 1
715 330 1
718 330 1
719 330 2
725 330 1
726 330 3
727 330 2
728 330 1
729 330 1
731 330 2
736 330 3
740 330 1
741 330 3
742 330 1
747 330 2
753 330 2
755 330 1
756 330 2
758 330 1
760 330 1
762 330 1
765 330 2
768 330 2
769 330 1
771 330 1
773 330 3
775 330 2
776 330 3
778 330 3
779 330 3
782 330 1
783 330 1
784 330 2
791 330 1
792 330 3
793 330 3
796 330 2
797 330 1
799 330 1
801 330 1
802 330 2
804 330 2
807 330 1
812 330 1
813 330 3
817 330 1
818 330 1
820 330 2
821 330 1
824 330 1
826 330 2
830 330 3
834 330 1
836 330 3
838 330 3
839 330 3
842 330 2
843 330 3
852 330 2
853 330 2
855 330 3
856 330 2
862 330 1
865 330 1
866 330 1
869 330 2
870 330 1
876 330 3
878 330 2
883 330 2
886 330 2
890 330 3
900 330 1
909 330 1
910 330 3
911 330 1
915 330 1
916 330 1
918 330 2
919 330 1
920 330 3
925 330 1
927 330 3
928 330 1
932 330 2
935 330 2
936 330 1
940 330 1
941 330 2
942 330 3
943 330 1
945 330 3
946 330 2
948 330 1
951 330 1
953 330 3
958 330 3
960 330 2
966 330 1
968 330 2
969 330 2
975 330 3
982 330 1
983 330 3
984 330 2
987 330 1
989 330 3
995 330 2
996 330 2
998 330 1
1 331 2
3 331 2
4 331 2
5 331 1
7 331 2
9 331 3
14 331 3
15 331 3
18 331 2
20 331 3
22 331 2
26 331 3
29 331 2
31 331 2
33 331 3
34 331 3
35 331 3
38 331 2
42 331 2
46 331 2
49 331 3
51 331 2
57 331 2
61 331 1
63 331 2
66 331 1
68 331 3
70 331 2
74 331 2
75 331 2
76 331 2
77 331 2
79 331 2
80 331 2
82 331 2
85 331 1
87 331 3
90 331 2
91 331 2
95 331 2
96 331 2
101 331 3
105 331 3
106 331 2
107 331 1
108 331 3
112 331 2
122 331 1
123 331 3
125 331 3
126 331 3
127 331 3
130 331 1
131 331 2
133 331 1
134 331 1
137 331 2
138 331 2
140 331 1
147 331 2
148 331 1
150 331 2
156 331 1
166 331 3
170 331 1
172 331 3
173 331 2
178 331 2
182 331 3
189 331 3
190 331 1
199 331 3
200 331 1
201 331 2
203 331 1
210 331 3
212 331 2
213 331 2
217 331 3
221 331 3
230 331 1
231 331 3
235 331 2
236 331 2
237 331 2
239 331 1
244 331 2
250 331 3
251 331 3
252 331 1
258 331 3
259 331 2
262 331 2
264 331 1
266 331 2
267 331 3
270 331 2
272 331 3
275 331 3
279 331 3
280 331 3
281 331 1
285 331 1
286 331 2
288 331 3
291 331 3
293 331 1
296 331 3
297 331 3
298 331 3
301 331 1
302 331 1
304 331 2
307 331 2
309 331 3
310 331 2
315 331 2
319 331 2
323 331 3
326 331 3
328 331 2
329 331 2
331 331 2
332 331 3
334 331 3
335 331 3
337 331 3
339 331 1
341 331 3
342 331 1
344 331 1
345 331 2
360 331 3
363 331 3
365 331 1
366 331 1
370 331 1
373 331 1
382 331 1
383 331 3
386 331 3
393 331 1
394 331 1
397 331 1
401 331 3
404 331 3
406 331 1
407 331 3
411 331 2
413 331 1
414 331 1
416 331 1
418 331 1
423 331 3
425 331 2
426 331 1
428 331 3
434 331 2
437 331 1
438 331 1
441 331 1
442 331 3
450 331 1
452 331 1
457 331 2
459 331 3
463 331 1
464 331 1
465 331 1
467 331 3
469 331 1
473 331 3
476 331 3
482 331 1
484 331 2
487 331 3
488 331 3
496 331 3
497 331 3
500 331 1
502 331 1
503 331 1
508 331 3
511 331 1
516 331 2
518 331 3
525 331 1
526 331 1
527 331 1
528 331 2
538 331 2
539 331 1
540 331 3
541 331 1
544 331 1
547 331 2
553 331 2
556 331 2
560 331 2
561 331 3
563 331 2
564 331 1
569 331 2
574 331 1
576 331 2
580 331 2
583 331 1
584 331 1
586 331 2
592 331 1
594 331 1
599 331 3
601 331 2
603 331 3
610 331 2
611 331 2
618 331 1
619 331 3
621 331 3
622 331 2
626 331 2
627 331 3
632 331 1
633 331 2
638 331 3
639 331 1
645 331 3
648 331 1
649 331 2
651 331 3
657 331 1
658 331 1
660 331 1
663 331 1
664 331 3
667 331 3
672 331 2
674 331 3
675 331 1
678 331 3
682 331 1
687 331 1
688 331 2
691 331 2
700 331 3
703 331 2
704 331 1
706 331 2
708 331 3
709 331 1
713 331 1
715 331 1
717 331 2
721 331 2
722 331 3
724 331 1
725 331 2
729 331 1
730 331 2
731 331 1
737 331 2
742 331 3
743 331 1
745 331 2
746 331 3
748 331 2
749 331 3
754 331 2
762 331 3
763 331 3
766 331 2
769 331 2
770 331 3
772 331 3
783 331 1
785 331 1
789 331 3
795 331 2
804 331 2
811 331 2
812 331 3
815 331 1
816 331 2
817 331 3
820 331 2
828 331 1
833 331 2
835 331 1
836 331 1
838 331 3
842 331 1
847 331 2
850 331 3
851 331 1
853 331 1
860 331 3
873 331 1
874 331 2
877 331 2
878 331 2
881 331 3
885 331 1
888 331 2
891 331 2
896 331 1
899 331 2
900 331 2
901 331 3
905 331 2
906 331 3
908 331 3
910 331 2
913 331 3
914 331 2
918 331 1
927 331 3
928 331 3
931 331 3
933 331 2
934 331 1
936 331 1
938 331 3
942 331 1
946 331 2
954 331 1
958 331 3
962 331 1
964 331 2
966 331 2
967 331 3
974 331 2
976 331 3
980 331 1
983 331 2
985 331 1
987 331 3
991 331 2
992 331 3
994 331 3
2 332 3
8 332 3
9 332 1
11 332 3
12 332 2
13 332 2
14 332 1
19 332 3
21 332 3
22 332 2
23 332 2
25 332 3
28 332 3
31 332 3
33 332 3
34 332 1
40 332 3
44 332 2
45 332 2
50 332 2
54 332 3
60 332 1
62 332 1
64 332 3
69 332 1
72 332 3
75 332 3
81 332 1
82 332 2
83 332 1
92 332 3
93 332 1
103 332 3
107 332 3
120 332 1
121 332 2
125 332 1
129 332 2
131 332 3
137 332 1
139 332 2
143 332 1
146 332 1
147 332 2
154 332 1
161 332 3
163 332 2
165 332 3
169 332 1
171 332 2
175 332 1
185 332 3
190 332 2
194 332 2
197 332 1
200 332 1
209 332 1
211 332 3
213 332 1
214 332 2
221 332 1
224 332 3
225 332 2
227 332 1
229 332 1
234 332 1
236 332 1
246 332 3
251 332 3
254 332 1
255 332 2
256 332 1
257 332 1
261 332 3
264 332 1
265 332 1
268 332 2
272 332 2
277 332 3
278 332 2
279 332 3
291 332 1
293 332 3
297 332 2
298 332 3
306 332 3
312 332 1
313 332 1
314 332 1
316 332 1
317 332 2
318 332 3
327 332 2
329 332 2
330 332 1
332 332 2
337 332 3
339 332 3
340 332 2
343 332 2
344 332 3
345 332 3
350 332 1
352 332 1
353 332 1
356 332 3
358 332 1
361 332 2
364 332 2
365 332 3
371 332 3
379 332 1
381 332 3
385 332 1
386 332 1
388 332 3
392 332 2
393 332 3
396 332 2
400 332 3
403 332 2
406 332 2
408 332 3
411 332 3
416 332 3
417 332 3
419 332 2
420 332 1
421 332 1
426 332 1
427 332 1
431 332 2
432 332 2
433 332 1
435 332 2
436 332 3
439 332 3
440 332 3
447 332 1
449 332 3
451 332 1
456 332 3
458 332 1
460 332 3
474 332 1
475 332 1
476 332 1
478 332 3
480 332 3
481 332 1
484 332 3
486 332 2
489 332 1
490 332 2
493 332 1
497 332 3
498 332 1
505 332 1
506 332 2
507 332 3
508 332 3
509 332 3
511 332 3
519 332 2
520 332 2
523 332 3
525 332 2
531 332 3
541 332 1
543 332 2
548 332 2
551 332 3
558 332 2
559 332 1
561 332 3
564 332 3
569 332 1
571 332 1
582 332 3
585 332 2
587 332 1
588 332 2
590 332 2
593 332 2
598 332 3
610 332 2
612 332 1
614 332 2
622 332 1
629 332 2
630 332 1
636 332 1
637 332 1
639 332 1
640 332 2
644 332 1
647 332 3
649 332 2
652 332 2
660 332 3
661 332 3
662 332 1
663 332 3
666 332 3
671 332 2
674 332 1
675 332 1
677 332 2
