216 259 1
223 259 3
224 259 3
225 259 1
226 259 1
227 259 3
232 259 3
240 259 3
246 259 2
251 259 3
253 259 1
259 259 1
260 259 2
262 259 3
264 259 2
267 259 2
269 259 2
272 259 1
276 259 3
277 259 1
280 259 2
281 259 3
286 259 3
290 259 3
291 259 2
294 259 3
295 259 1
297 259 3
298 259 1
308 259 3
309 259 2
312 259 1
314 259 2
319 259 3
320 259 1
326 259 3
329 259 2
338 259 1
340 259 2
341 259 2
342 259 1
344 259 1
345 259 1
348 259 1
350 259 1
351 259 1
354 259 1
355 259 2
356 259 2
360 259 3
366 259 2
367 259 3
373 259 1
375 259 3
376 259 3
377 259 3
378 259 3
389 259 2
390 259 1
392 259 1
393 259 3
394 259 2
396 259 3
397 259 3
401 259 3
402 259 3
408 259 1
414 259 3
418 259 3
420 259 3
424 259 3
427 259 2
431 259 2
438 259 2
441 259 1
443 259 3
444 259 3
452 259 1
453 259 3
454 259 1
455 259 3
456 259 2
459 259 1
461 259 1
462 259 1
463 259 1
469 259 3
477 259 1
478 259 3
484 259 1
485 259 3
486 259 1
488 259 3
490 259 2
494 259 2
495 259 2
496 259 1
501 259 2
508 259 2
509 259 2
512 259 3
516 259 2
519 259 3
522 259 2
525 259 1
527 259 2
528 259 2
531 259 2
533 259 3
535 259 1
536 259 3
537 259 3
539 259 3
541 259 3
542 259 2
543 259 3
544 259 1
548 259 3
553 259 1
556 259 1
559 259 1
560 259 2
561 259 2
562 259 2
563 259 1
565 259 1
567 259 1
569 259 1
577 259 3
584 259 2
589 259 3
596 259 1
598 259 2
602 259 3
603 259 2
605 259 3
609 259 2
611 259 3
623 259 2
624 259 1
626 259 3
628 259 3
630 259 1
631 259 1
634 259 2
638 259 1
639 259 2
640 259 1
646 259 3
647 259 1
648 259 1
649 259 2
650 259 2
651 259 1
652 259 1
655 259 1
664 259 3
667 259 3
668 259 2
674 259 3
678 259 3
683 259 1
686 259 1
687 259 2
688 259 2
690 259 3
692 259 2
694 259 2
695 259 2
696 259 3
700 259 1
703 259 2
705 259 1
706 259 3
710 259 3
715 259 2
719 259 1
720 259 1
721 259 3
722 259 2
723 259 1
725 259 3
726 259 3
727 259 2
732 259 3
733 259 2
736 259 1
737 259 2
742 259 1
743 259 1
744 259 2
745 259 3
751 259 1
753 259 2
761 259 3
763 259 1
765 259 3
771 259 3
773 259 2
777 259 3
781 259 2
787 259 3
788 259 3
789 259 2
790 259 1
791 259 3
798 259 1
800 259 1
803 259 3
804 259 1
805 259 1
811 259 1
814 259 2
815 259 3
820 259 2
823 259 1
824 259 1
829 259 3
832 259 2
834 259 1
838 259 3
841 259 3
843 259 1
848 259 2
850 259 1
854 259 3
858 259 1
863 259 2
864 259 2
865 259 1
868 259 2
874 259 1
875 259 2
880 259 2
882 259 3
892 259 1
896 259 3
900 259 3
906 259 1
909 259 2
910 259 2
914 259 1
915 259 2
920 259 3
925 259 1
926 259 1
927 259 2
930 259 3
937 259 3
938 259 1
939 259 1
943 259 2
949 259 1
954 259 3
955 259 2
958 259 1
960 259 1
961 259 1
962 259 2
965 259 3
970 259 3
971 259 3
974 259 2
980 259 2
981 259 2
982 259 3
983 259 2
988 259 2
989 259 1
990 259 1
991 259 1
992 259 2
993 259 2
994 259 1
995 259 3
999 259 3
0 260 1
1 260 3
4 260 1
5 260 1
7 260 1
8 260 2
12 260 1
13 260 1
16 260 3
18 260 1
19 260 2
23 260 3
24 260 3
26 260 1
28 260 3
32 260 1
33 260 2
34 260 1
36 260 3
39 260 2
40 260 1
45 260 1
46 260 2
47 260 1
48 260 3
49 260 1
51 260 1
52 260 3
53 260 1
57 260 2
63 260 3
64 260 2
65 260 3
66 260 2
70 260 2
77 260 1
81 260 2
82 260 1
83 260 3
92 260 1
93 260 1
99 260 1
100 260 1
101 260 1
102 260 3
103 260 3
104 260 2
106 260 3
110 260 3
113 260 2
118 260 2
119 260 3
121 260 2
128 260 2
131 260 1
132 260 2
133 260 2
134 260 3
139 260 1
140 260 3
142 260 3
144 260 3
148 260 1
149 260 3
150 260 3
151 260 2
156 260 3
158 260 3
165 260 2
167 260 1
171 260 3
172 260 2
174 260 2
180 260 2
181 260 1
184 260 2
185 260 3
189 260 2
191 260 2
192 260 3
196 260 3
197 260 3
198 260 2
201 260 1
205 260 3
206 260 1
210 260 3
214 260 2
216 260 2
218 260 1
221 260 1
223 260 1
224 260 3
225 260 3
226 260 1
228 260 3
229 260 2
231 260 3
232 260 1
235 260 3
236 260 3
237 260 3
239 260 1
240 260 3
242 260 3
244 260 2
245 260 3
247 260 1
248 260 3
251 260 2
262 260 3
263 260 3
267 260 2
271 260 1
272 260 3
274 260 3
277 260 1
283 260 2
285 260 1
287 260 3
290 260 2
292 260 1
293 260 3
299 260 1
300 260 1
304 260 2
305 260 1
307 260 1
308 260 1
322 260 2
323 260 1
329 260 2
330 260 1
334 260 1
336 260 1
337 260 1
342 260 3
344 260 1
345 260 3
347 260 3
348 260 2
351 260 3
352 260 1
353 260 3
356 260 3
358 260 3
359 260 3
361 260 2
366 260 2
373 260 3
374 260 2
376 260 1
377 260 1
379 260 1
383 260 2
385 260 2
387 260 3
396 260 2
398 260 3
399 260 3
400 260 3
402 260 1
403 260 1
405 260 1
407 260 1
408 260 3
409 260 1
410 260 3
414 260 3
415 260 3
418 260 1
423 260 2
424 260 2
428 260 2
436 260 2
438 260 1
443 260 1
444 260 3
445 260 3
451 260 1
453 260 2
456 260 3
460 260 3
464 260 2
466 260 1
468 260 3
474 260 3
475 260 2
476 260 1
482 260 1
484 260 1
490 260 1
491 260 3
492 260 2
494 260 1
495 260 3
496 260 2
497 260 2
500 260 1
501 260 3
503 260 1
504 260 3
518 260 3
519 260 2
520 260 3
525 260 3
537 260 2
540 260 2
543 260 1
548 260 3
549 260 3
550 260 3
551 260 1
554 260 3
561 260 2
565 260 2
567 260 3
568 260 1
569 260 1
570 260 3
572 260 1
578 260 3
582 260 3
587 260 2
588 260 2
590 260 3
593 260 1
598 260 1
599 260 2
602 260 1
604 260 2
610 260 3
621 260 1
622 260 3
623 260 1
628 260 1
630 260 1
634 260 2
637 260 1
639 260 1
640 260 1
641 260 2
649 260 2
651 260 2
652 260 3
653 260 3
654 260 3
655 260 1
656 260 3
660 260 3
664 260 1
670 260 3
671 260 3
673 260 3
676 260 3
680 260 3
681 260 1
684 260 2
688 260 2
689 260 1
692 260 2
696 260 2
702 260 3
705 260 3
706 260 3
710 260 1
711 260 3
712 260 3
713 260 3
720 260 2
721 260 3
725 260 1
727 260 1
728 260 1
731 260 1
732 260 2
735 260 1
736 260 3
738 260 2
739 260 1
744 260 2
746 260 3
747 260 2
749 260 1
751 260 3
752 260 2
753 260 2
757 260 2
759 260 1
764 260 3
765 260 1
766 260 2
767 260 3
768 260 2
771 260 3
772 260 1
781 260 2
783 260 1
789 260 2
790 260 1
791 260 3
794 260 2
799 260 3
800 260 2
805 260 2
808 260 3
809 260 3
811 260 3
812 260 3
818 260 2
824 260 1
828 260 3
832 260 2
833 260 3
834 260 2
835 260 2
838 260 2
847 260 1
849 260 3
851 260 1
852 260 1
854 260 1
856 260 3
857 260 2
863 260 2
865 260 2
866 260 1
867 260 3
871 260 2
873 260 2
883 260 2
884 260 1
889 260 2
890 260 1
893 260 2
897 260 2
898 260 1
907 260 2
909 260 2
920 260 3
922 260 3
923 260 2
924 260 3
925 260 3
929 260 2
940 260 2
943 260 3
946 260 2
947 260 1
954 260 3
959 260 1
963 260 1
964 260 2
965 260 1
974 260 3
979 260 1
980 260 3
983 260 3
985 260 2
987 260 1
989 260 1
990 260 2
992 260 1
993 260 2
994 260 3
997 260 1
998 260 2
0 261 2
1 261 2
4 261 2
6 261 1
9 261 1
11 261 3
12 261 3
14 261 1
16 261 2
20 261 2
21 261 2
31 261 1
46 261 3
47 261 1
48 261 2
53 261 3
57 261 1
59 261 3
60 261 3
63 261 1
64 261 2
65 261 1
67 261 3
