776 578 2
779 578 1
785 578 2
786 578 2
787 578 3
789 578 1
790 578 3
795 578 1
797 578 1
802 578 2
803 578 2
806 578 3
807 578 2
809 578 2
811 578 1
812 578 2
819 578 2
823 578 1
828 578 1
830 578 1
833 578 1
836 578 3
840 578 2
843 578 2
844 578 3
846 578 1
847 578 3
851 578 1
852 578 2
853 578 1
854 578 3
855 578 1
856 578 3
857 578 3
858 578 3
861 578 3
868 578 2
869 578 1
875 578 2
877 578 2
882 578 3
883 578 2
884 578 3
887 578 2
888 578 2
889 578 3
899 578 1
906 578 2
907 578 1
908 578 2
910 578 3
911 578 2
913 578 2
918 578 2
923 578 3
924 578 3
925 578 3
926 578 2
928 578 1
932 578 3
933 578 3
943 578 3
944 578 2
945 578 2
955 578 2
958 578 1
959 578 2
960 578 3
964 578 2
965 578 2
972 578 1
981 578 1
985 578 2
987 578 3
988 578 2
990 578 3
992 578 1
993 578 3
994 578 3
999 578 2
0 579 3
3 579 1
5 579 3
6 579 1
7 579 1
14 579 3
16 579 1
21 579 1
29 579 1
30 579 1
32 579 3
33 579 3
43 579 3
44 579 3
52 579 3
55 579 1
57 579 3
61 579 1
64 579 3
65 579 1
67 579 1
68 579 2
72 579 1
77 579 1
81 579 3
83 579 1
85 579 3
86 579 1
89 579 2
90 579 2
91 579 2
95 579 1
96 579 3
103 579 3
106 579 3
110 579 2
112 579 2
115 579 2
117 579 3
120 579 1
129 579 2
131 579 3
132 579 1
134 579 1
135 579 3
138 579 1
140 579 3
143 579 1
145 579 3
146 579 1
149 579 1
154 579 1
159 579 1
162 579 3
163 579 3
169 579 1
173 579 2
175 579 3
176 579 1
179 579 3
182 579 3
183 579 3
199 579 3
201 579 2
204 579 2
205 579 2
213 579 2
217 579 3
218 579 3
222 579 2
223 579 3
224 579 3
226 579 3
230 579 3
232 579 3
235 579 1
240 579 1
245 579 2
249 579 2
250 579 1
256 579 1
257 579 1
260 579 3
264 579 3
266 579 2
267 579 2
270 579 1
271 579 3
273 579 2
274 579 3
275 579 3
278 579 3
279 579 1
284 579 2
290 579 3
296 579 3
298 579 1
306 579 2
309 579 1
313 579 2
318 579 3
320 579 2
321 579 1
326 579 2
327 579 3
332 579 2
333 579 1
336 579 2
338 579 1
339 579 1
341 579 3
342 579 3
344 579 3
351 579 2
352 579 2
356 579 3
358 579 3
361 579 1
365 579 3
366 579 1
369 579 2
371 579 3
374 579 2
375 579 3
378 579 1
379 579 1
383 579 3
392 579 2
395 579 3
399 579 2
401 579 3
409 579 2
410 579 2
411 579 2
415 579 3
416 579 2
417 579 2
419 579 1
422 579 3
429 579 2
435 579 2
437 579 2
441 579 2
442 579 3
445 579 3
446 579 3
453 579 2
456 579 1
460 579 1
463 579 1
464 579 3
465 579 1
467 579 2
470 579 2
474 579 2
476 579 2
477 579 2
478 579 2
485 579 2
486 579 2
488 579 3
492 579 1
494 579 2
495 579 2
501 579 2
504 579 3
505 579 1
509 579 3
512 579 3
513 579 2
515 579 1
516 579 1
518 579 1
519 579 2
521 579 3
524 579 1
526 579 1
527 579 3
529 579 1
531 579 2
538 579 3
542 579 3
551 579 1
554 579 3
555 579 2
565 579 3
567 579 1
570 579 3
576 579 2
579 579 1
580 579 1
585 579 1
586 579 3
589 579 1
590 579 2
594 579 2
595 579 2
603 579 3
604 579 2
608 579 2
609 579 2
614 579 1
616 579 3
621 579 2
625 579 1
629 579 3
630 579 1
637 579 3
638 579 1
639 579 2
641 579 3
642 579 1
646 579 2
649 579 2
658 579 3
661 579 1
662 579 2
663 579 1
664 579 1
666 579 2
668 579 1
670 579 2
672 579 2
677 579 3
678 579 3
680 579 3
683 579 3
684 579 1
687 579 2
688 579 2
689 579 1
690 579 1
693 579 3
695 579 2
696 579 1
701 579 3
702 579 1
703 579 1
704 579 2
707 579 3
710 579 1
711 579 3
721 579 1
723 579 2
728 579 2
729 579 1
734 579 3
737 579 1
738 579 3
741 579 3
744 579 1
746 579 2
748 579 1
749 579 1
751 579 2
752 579 2
754 579 3
761 579 3
762 579 2
764 579 1
765 579 3
773 579 1
775 579 3
777 579 3
779 579 1
780 579 3
781 579 3
782 579 1
783 579 3
789 579 3
792 579 3
794 579 1
798 579 1
804 579 2
806 579 2
807 579 2
809 579 3
811 579 1
813 579 1
817 579 3
824 579 1
832 579 1
838 579 2
845 579 2
846 579 3
849 579 1
854 579 3
859 579 1
865 579 1
867 579 3
872 579 1
873 579 3
874 579 2
875 579 2
876 579 3
878 579 1
879 579 2
882 579 2
884 579 1
887 579 1
888 579 1
889 579 2
892 579 3
893 579 1
898 579 1
902 579 2
913 579 1
916 579 3
917 579 1
919 579 3
922 579 1
923 579 1
924 579 1
925 579 3
928 579 2
929 579 1
933 579 2
936 579 3
938 579 1
939 579 3
941 579 2
942 579 2
943 579 3
947 579 1
949 579 2
950 579 3
953 579 2
957 579 1
968 579 1
970 579 3
972 579 2
973 579 1
974 579 2
978 579 2
981 579 1
985 579 2
987 579 2
992 579 1
993 579 2
995 579 1
997 579 1
3 580 1
4 580 1
7 580 1
15 580 1
17 580 2
29 580 2
31 580 3
32 580 3
39 580 3
40 580 1
48 580 1
50 580 1
53 580 1
56 580 1
63 580 1
68 580 3
76 580 3
83 580 2
88 580 3
95 580 1
98 580 1
99 580 1
101 580 1
102 580 3
103 580 3
108 580 2
111 580 3
112 580 3
114 580 3
118 580 2
125 580 2
128 580 2
129 580 1
136 580 1
137 580 1
140 580 3
144 580 2
145 580 1
147 580 2
149 580 2
150 580 1
151 580 2
160 580 2
163 580 2
167 580 2
168 580 3
171 580 2
179 580 3
180 580 2
182 580 2
183 580 2
184 580 2
198 580 1
202 580 2
203 580 3
208 580 3
210 580 1
212 580 3
214 580 2
219 580 1
220 580 2
222 580 1
225 580 1
233 580 3
234 580 2
236 580 1
237 580 2
242 580 2
245 580 3
250 580 3
264 580 3
268 580 1
271 580 2
274 580 2
276 580 1
277 580 2
278 580 1
282 580 1
284 580 2
285 580 3
292 580 2
297 580 2
303 580 2
305 580 1
306 580 3
308 580 1
311 580 2
313 580 1
319 580 1
320 580 3
321 580 3
322 580 2
323 580 1
329 580 3
330 580 1
331 580 1
332 580 1
334 580 1
336 580 1
339 580 1
340 580 2
348 580 3
351 580 3
354 580 3
355 580 3
361 580 1
370 580 2
373 580 1
374 580 1
381 580 1
382 580 1
387 580 1
389 580 2
396 580 1
398 580 3
399 580 1
400 580 3
403 580 1
405 580 3
406 580 3
408 580 1
411 580 1
414 580 2
427 580 3
428 580 2
430 580 2
432 580 2
439 580 3
441 580 2
444 580 2
445 580 2
450 580 3
462 580 3
468 580 3
469 580 3
470 580 1
479 580 1
480 580 3
482 580 3
483 580 1
486 580 2
490 580 2
492 580 1
493 580 1
497 580 3
502 580 1
504 580 2
507 580 3
512 580 3
517 580 3
519 580 3
521 580 1
522 580 2
523 580 2
529 580 2
530 580 1
540 580 3
543 580 2
544 580 3
547 580 1
548 580 3
549 580 3
550 580 1
556 580 2
560 580 2
561 580 1
563 580 2
565 580 1
566 580 3
570 580 1
571 580 3
575 580 1
578 580 2
582 580 3
585 580 2
586 580 3
590 580 3
591 580 2
592 580 2
593 580 2
594 580 1
598 580 2
599 580 1
601 580 2
602 580 3
604 580 2
607 580 3
609 580 3
612 580 3
613 580 1
614 580 3
622 580 1
625 580 3
635 580 2
639 580 2
641 580 3
642 580 1
645 580 1
653 580 1
658 580 3
664 580 3
668 580 1
669 580 1
672 580 2
674 580 3
676 580 2
686 580 3
692 580 2
693 580 1
695 580 3
701 580 1
702 580 3
707 580 1
708 580 2
712 580 3
713 580 3
715 580 1
719 580 2
720 580 3
721 580 2
725 580 3
731 580 2
733 580 1
734 580 2
737 580 1
741 580 2
743 580 3
748 580 1
753 580 1
756 580 1
760 580 2
763 580 2
764 580 1
767 580 1
768 580 1
769 580 1
770 580 3
771 580 3
773 580 2
776 580 1
778 580 3
779 580 1
780 580 2
782 580 2
783 580 3
