997 65 3
0 66 1
2 66 2
4 66 3
10 66 3
17 66 3
18 66 3
20 66 1
26 66 2
28 66 1
29 66 2
39 66 1
40 66 1
52 66 3
53 66 3
56 66 3
65 66 1
69 66 2
71 66 3
76 66 1
77 66 2
80 66 3
86 66 1
90 66 2
92 66 3
93 66 3
95 66 2
97 66 3
99 66 2
101 66 3
102 66 2
107 66 3
108 66 1
113 66 3
118 66 2
121 66 1
123 66 1
131 66 3
134 66 1
137 66 2
144 66 3
145 66 1
146 66 1
147 66 1
151 66 3
152 66 3
153 66 2
154 66 3
155 66 3
156 66 1
158 66 2
165 66 1
166 66 2
167 66 3
169 66 3
170 66 2
173 66 1
175 66 1
176 66 3
178 66 1
184 66 3
185 66 2
186 66 3
195 66 2
202 66 3
208 66 1
213 66 1
217 66 3
218 66 1
228 66 3
231 66 1
234 66 3
235 66 3
237 66 2
243 66 3
246 66 1
247 66 2
248 66 1
254 66 2
255 66 2
263 66 3
264 66 1
270 66 1
271 66 1
273 66 2
274 66 2
278 66 1
280 66 1
281 66 3
284 66 3
290 66 2
292 66 2
293 66 1
294 66 2
299 66 2
301 66 2
305 66 3
308 66 1
311 66 3
312 66 3
313 66 3
315 66 1
316 66 3
318 66 2
319 66 2
320 66 2
321 66 2
322 66 1
329 66 2
333 66 3
335 66 3
342 66 1
345 66 3
347 66 2
349 66 1
352 66 2
353 66 1
355 66 1
359 66 2
360 66 2
361 66 1
370 66 1
372 66 3
378 66 3
380 66 1
381 66 1
391 66 1
393 66 1
395 66 1
397 66 1
401 66 1
403 66 2
404 66 2
405 66 1
416 66 1
420 66 3
427 66 2
429 66 1
430 66 3
439 66 3
442 66 3
443 66 1
446 66 1
448 66 3
451 66 1
457 66 3
460 66 3
461 66 1
467 66 2
473 66 1
474 66 2
478 66 3
480 66 2
484 66 2
485 66 1
489 66 3
497 66 1
505 66 3
508 66 2
510 66 3
513 66 1
515 66 2
516 66 3
519 66 3
521 66 2
523 66 2
524 66 3
525 66 1
529 66 3
530 66 2
534 66 1
537 66 2
541 66 1
542 66 2
544 66 3
552 66 2
555 66 3
564 66 2
570 66 2
573 66 1
574 66 2
575 66 2
580 66 2
581 66 3
583 66 3
586 66 2
588 66 2
589 66 2
596 66 1
600 66 3
602 66 2
604 66 2
605 66 1
606 66 3
607 66 1
608 66 1
612 66 2
615 66 2
618 66 3
622 66 2
627 66 2
628 66 3
629 66 1
630 66 3
631 66 3
637 66 2
643 66 2
645 66 1
651 66 2
652 66 2
662 66 1
665 66 3
668 66 2
670 66 1
672 66 1
673 66 3
675 66 2
676 66 1
677 66 2
681 66 2
682 66 2
683 66 1
687 66 2
691 66 1
696 66 1
697 66 2
699 66 1
700 66 1
701 66 3
702 66 1
703 66 2
705 66 2
706 66 3
711 66 3
713 66 3
714 66 1
715 66 3
726 66 2
727 66 3
730 66 1
734 66 1
743 66 3
744 66 3
745 66 1
747 66 2
750 66 1
752 66 1
762 66 2
767 66 1
768 66 2
774 66 1
782 66 1
783 66 1
784 66 2
785 66 2
789 66 1
792 66 1
795 66 3
798 66 3
800 66 1
803 66 2
806 66 2
808 66 1
810 66 2
812 66 2
814 66 3
819 66 1
825 66 1
827 66 2
835 66 3
838 66 2
839 66 3
840 66 2
849 66 3
854 66 1
859 66 1
861 66 1
863 66 3
865 66 1
866 66 2
867 66 2
872 66 1
873 66 2
876 66 1
877 66 2
878 66 1
881 66 2
886 66 1
887 66 1
892 66 3
894 66 3
895 66 2
901 66 3
902 66 3
904 66 1
905 66 2
906 66 1
907 66 2
911 66 3
914 66 3
916 66 3
917 66 3
919 66 3
921 66 3
924 66 1
930 66 3
932 66 3
933 66 1
934 66 1
936 66 1
941 66 3
943 66 1
946 66 1
949 66 3
950 66 1
951 66 2
957 66 1
962 66 3
964 66 1
968 66 1
971 66 1
981 66 3
986 66 2
992 66 2
995 66 2
998 66 1
0 67 3
4 67 2
8 67 1
11 67 3
12 67 2
17 67 2
18 67 3
22 67 2
24 67 1
26 67 3
28 67 1
29 67 2
30 67 3
31 67 1
32 67 1
33 67 3
35 67 2
36 67 2
37 67 2
41 67 1
42 67 2
43 67 3
47 67 1
48 67 3
52 67 3
55 67 3
64 67 3
70 67 3
74 67 3
83 67 3
90 67 3
92 67 1
99 67 1
102 67 3
104 67 3
105 67 1
106 67 1
107 67 1
108 67 1
109 67 1
110 67 1
111 67 3
118 67 3
121 67 1
122 67 1
123 67 3
130 67 3
136 67 1
137 67 1
138 67 3
142 67 2
143 67 1
144 67 1
145 67 3
146 67 1
147 67 1
152 67 1
155 67 3
163 67 2
168 67 1
170 67 2
171 67 1
173 67 3
174 67 2
175 67 2
178 67 3
179 67 2
180 67 3
181 67 3
186 67 2
188 67 3
189 67 2
193 67 3
196 67 1
203 67 1
205 67 3
208 67 3
211 67 2
212 67 3
213 67 1
224 67 1
230 67 3
236 67 2
240 67 3
243 67 1
244 67 1
246 67 3
248 67 2
249 67 2
252 67 2
256 67 1
257 67 1
262 67 3
266 67 1
267 67 1
270 67 2
273 67 3
281 67 1
283 67 3
284 67 3
288 67 1
290 67 3
292 67 2
294 67 1
295 67 1
297 67 2
298 67 2
300 67 2
301 67 3
302 67 3
306 67 1
308 67 1
310 67 1
312 67 2
314 67 2
326 67 3
327 67 3
330 67 2
332 67 3
334 67 2
335 67 1
337 67 2
338 67 1
340 67 2
345 67 2
347 67 1
360 67 2
364 67 2
369 67 2
370 67 2
371 67 2
372 67 2
375 67 1
376 67 2
378 67 2
379 67 2
383 67 3
386 67 2
391 67 2
393 67 1
397 67 2
404 67 3
410 67 3
416 67 1
418 67 2
420 67 2
425 67 3
428 67 3
429 67 1
431 67 1
434 67 3
445 67 1
446 67 2
450 67 2
459 67 3
464 67 2
465 67 3
467 67 1
468 67 1
471 67 1
472 67 1
474 67 1
476 67 1
477 67 3
479 67 1
481 67 2
482 67 1
487 67 1
488 67 2
490 67 1
491 67 1
493 67 2
495 67 1
497 67 3
500 67 2
504 67 3
507 67 2
513 67 3
515 67 3
520 67 2
524 67 1
532 67 1
536 67 2
538 67 2
539 67 3
546 67 2
551 67 3
554 67 1
556 67 3
558 67 1
567 67 1
569 67 3
571 67 3
574 67 1
575 67 3
578 67 2
579 67 1
581 67 1
583 67 2
589 67 2
591 67 2
592 67 1
599 67 1
600 67 2
604 67 2
605 67 2
608 67 1
609 67 1
610 67 3
615 67 2
618 67 2
619 67 2
622 67 3
625 67 2
626 67 3
628 67 2
633 67 2
635 67 1
638 67 1
639 67 3
640 67 1
641 67 1
642 67 3
652 67 3
655 67 3
657 67 1
658 67 1
660 67 2
662 67 1
671 67 2
672 67 1
673 67 1
674 67 3
679 67 1
680 67 1
681 67 2
683 67 1
685 67 3
686 67 2
689 67 1
692 67 1
695 67 3
702 67 1
706 67 3
708 67 1
710 67 3
712 67 3
716 67 3
718 67 1
719 67 3
722 67 1
724 67 3
725 67 1
726 67 3
728 67 3
730 67 1
732 67 3
734 67 3
739 67 3
741 67 2
744 67 3
746 67 2
755 67 2
763 67 3
766 67 1
767 67 1
768 67 1
771 67 1
777 67 2
779 67 3
781 67 1
784 67 3
787 67 3
795 67 3
799 67 2
805 67 2
807 67 2
808 67 1
811 67 2
814 67 3
815 67 1
818 67 3
819 67 2
824 67 1
827 67 2
828 67 2
829 67 2
830 67 1
833 67 3
841 67 3
848 67 1
851 67 1
859 67 1
862 67 1
866 67 2
867 67 1
869 67 1
871 67 2
873 67 3
874 67 1
879 67 3
880 67 1
881 67 2
882 67 2
889 67 1
891 67 2
893 67 1
895 67 3
896 67 1
898 67 2
903 67 2
905 67 1
908 67 1
910 67 1
911 67 3
915 67 1
918 67 2
925 67 2
928 67 3
929 67 2
930 67 1
937 67 1
938 67 3
940 67 3
942 67 1
946 67 1
948 67 2
949 67 1
950 67 3
951 67 3
954 67 3
956 67 1
960 67 2
964 67 2
972 67 1
974 67 3
977 67 3
979 67 1
981 67 3
984 67 2
