264 736 3
265 736 1
266 736 2
267 736 3
272 736 1
274 736 2
275 736 2
277 736 2
279 736 2
285 736 3
287 736 2
290 736 3
291 736 1
293 736 1
297 736 1
298 736 1
304 736 2
314 736 3
317 736 1
322 736 3
323 736 2
325 736 2
327 736 1
332 736 3
336 736 1
337 736 3
343 736 1
344 736 2
345 736 3
353 736 3
354 736 1
357 736 2
360 736 1
361 736 1
363 736 1
366 736 3
367 736 1
369 736 1
370 736 1
371 736 1
378 736 2
379 736 2
385 736 2
386 736 1
390 736 3
394 736 2
398 736 2
399 736 3
400 736 1
401 736 3
406 736 3
407 736 2
408 736 1
409 736 2
412 736 3
414 736 3
416 736 3
417 736 3
419 736 2
423 736 3
425 736 1
435 736 3
442 736 2
446 736 1
447 736 3
450 736 3
452 736 1
454 736 3
459 736 2
461 736 3
463 736 3
466 736 1
468 736 1
480 736 3
481 736 2
485 736 3
489 736 1
493 736 1
502 736 1
505 736 3
506 736 2
508 736 2
512 736 2
518 736 2
519 736 2
521 736 3
523 736 3
524 736 2
525 736 3
526 736 2
528 736 3
529 736 3
530 736 3
532 736 3
536 736 2
541 736 3
543 736 1
552 736 3
555 736 3
556 736 1
569 736 3
572 736 3
576 736 3
577 736 1
578 736 2
584 736 3
589 736 1
590 736 2
601 736 3
607 736 3
608 736 3
612 736 1
614 736 1
615 736 2
622 736 2
624 736 3
626 736 2
627 736 2
629 736 3
630 736 2
633 736 3
635 736 1
640 736 1
649 736 3
651 736 3
653 736 2
654 736 2
657 736 3
661 736 2
666 736 3
680 736 3
682 736 2
688 736 1
689 736 3
692 736 1
696 736 1
699 736 1
700 736 3
701 736 1
702 736 2
703 736 2
710 736 1
711 736 2
716 736 2
718 736 3
723 736 1
728 736 1
732 736 1
744 736 1
747 736 2
750 736 1
762 736 1
765 736 1
768 736 2
770 736 2
771 736 2
773 736 1
774 736 1
777 736 3
779 736 3
792 736 3
796 736 3
800 736 3
802 736 1
805 736 1
810 736 1
813 736 3
816 736 1
817 736 1
823 736 3
830 736 3
836 736 3
837 736 3
840 736 3
844 736 3
854 736 2
856 736 1
858 736 3
860 736 1
861 736 3
868 736 2
873 736 2
876 736 3
878 736 3
888 736 1
891 736 2
892 736 3
895 736 1
896 736 1
900 736 3
901 736 3
916 736 2
919 736 3
922 736 1
924 736 2
925 736 1
926 736 1
929 736 2
931 736 2
932 736 3
934 736 3
938 736 3
949 736 2
950 736 1
952 736 1
954 736 3
957 736 2
962 736 1
968 736 2
969 736 2
970 736 3
977 736 2
988 736 2
989 736 2
991 736 2
994 736 2
997 736 1
0 737 2
2 737 1
4 737 3
10 737 2
14 737 3
15 737 2
18 737 3
19 737 2
21 737 2
24 737 2
25 737 2
26 737 1
33 737 3
38 737 1
40 737 3
42 737 1
44 737 2
45 737 2
46 737 1
48 737 2
49 737 3
50 737 2
51 737 1
54 737 2
59 737 1
64 737 1
65 737 3
70 737 2
72 737 1
79 737 3
80 737 1
81 737 3
83 737 1
89 737 2
90 737 1
92 737 1
93 737 1
97 737 3
100 737 2
102 737 2
103 737 1
104 737 3
109 737 3
111 737 1
113 737 3
124 737 1
128 737 1
129 737 2
134 737 2
135 737 2
138 737 2
142 737 3
148 737 2
149 737 1
152 737 1
153 737 1
155 737 3
158 737 1
159 737 2
160 737 1
161 737 2
162 737 3
164 737 1
167 737 1
178 737 3
179 737 1
184 737 3
187 737 1
197 737 1
198 737 2
199 737 1
203 737 1
209 737 1
211 737 1
217 737 2
220 737 1
224 737 2
225 737 3
229 737 1
230 737 2
232 737 1
233 737 3
234 737 2
237 737 2
241 737 2
242 737 1
243 737 3
244 737 2
250 737 1
254 737 1
255 737 1
257 737 1
259 737 1
268 737 1
270 737 1
273 737 1
279 737 1
281 737 2
286 737 3
288 737 2
293 737 1
296 737 1
297 737 3
301 737 3
302 737 3
305 737 2
306 737 2
308 737 3
312 737 1
316 737 3
318 737 3
322 737 3
323 737 1
327 737 2
328 737 3
329 737 2
331 737 3
334 737 2
335 737 1
338 737 1
340 737 1
341 737 2
342 737 2
346 737 2
352 737 3
354 737 1
360 737 2
362 737 2
363 737 1
365 737 1
368 737 1
373 737 1
375 737 1
377 737 1
383 737 3
388 737 3
389 737 2
390 737 1
392 737 2
399 737 3
404 737 3
410 737 2
414 737 3
421 737 3
423 737 2
424 737 1
426 737 1
427 737 3
429 737 2
431 737 1
436 737 1
437 737 3
438 737 1
439 737 3
441 737 2
442 737 2
443 737 2
456 737 3
457 737 1
460 737 3
462 737 3
464 737 2
465 737 3
467 737 1
468 737 1
470 737 2
472 737 1
474 737 1
475 737 3
476 737 3
480 737 2
481 737 3
482 737 2
486 737 2
488 737 2
490 737 3
492 737 2
500 737 1
511 737 2
514 737 2
517 737 1
518 737 3
521 737 1
522 737 3
528 737 2
529 737 3
531 737 2
532 737 3
533 737 1
539 737 1
540 737 3
541 737 2
542 737 2
550 737 2
552 737 1
553 737 3
554 737 3
557 737 2
558 737 1
563 737 2
568 737 1
570 737 3
574 737 2
576 737 3
577 737 3
578 737 1
579 737 1
582 737 1
586 737 1
588 737 2
589 737 1
593 737 3
597 737 2
599 737 2
601 737 1
607 737 3
613 737 1
614 737 2
615 737 2
622 737 1
626 737 3
627 737 2
630 737 3
633 737 3
637 737 3
638 737 3
639 737 3
642 737 2
647 737 2
649 737 3
652 737 3
654 737 3
655 737 1
659 737 1
662 737 3
670 737 2
671 737 3
673 737 3
684 737 2
685 737 1
686 737 2
687 737 2
692 737 1
693 737 3
694 737 2
696 737 1
697 737 2
700 737 2
701 737 1
704 737 1
706 737 3
710 737 1
712 737 2
713 737 3
716 737 1
724 737 2
727 737 1
728 737 3
735 737 2
736 737 2
739 737 1
743 737 1
744 737 3
745 737 1
747 737 1
751 737 3
755 737 2
756 737 3
758 737 3
759 737 2
760 737 1
765 737 3
768 737 2
770 737 1
774 737 3
785 737 3
786 737 3
790 737 1
791 737 2
796 737 2
798 737 1
799 737 1
802 737 3
803 737 3
804 737 2
805 737 3
809 737 1
813 737 1
814 737 1
815 737 2
816 737 2
824 737 1
825 737 2
827 737 1
828 737 2
829 737 3
830 737 1
832 737 2
838 737 2
840 737 1
842 737 2
843 737 1
851 737 2
854 737 1
861 737 1
862 737 3
863 737 2
864 737 3
867 737 3
870 737 3
871 737 3
873 737 2
881 737 3
883 737 3
886 737 1
890 737 2
894 737 3
895 737 2
899 737 3
903 737 1
904 737 3
910 737 3
911 737 2
912 737 3
914 737 3
916 737 2
917 737 1
920 737 3
921 737 2
931 737 1
939 737 1
943 737 1
944 737 1
948 737 1
952 737 3
957 737 1
960 737 1
961 737 2
962 737 2
968 737 2
969 737 3
970 737 3
971 737 3
975 737 1
976 737 3
977 737 3
979 737 3
980 737 3
982 737 1
985 737 2
993 737 3
994 737 2
995 737 3
996 737 2
998 737 2
1 738 3
6 738 1
8 738 1
10 738 2
15 738 2
19 738 1
24 738 3
25 738 3
27 738 3
31 738 1
33 738 2
34 738 2
36 738 2
39 738 3
41 738 3
42 738 2
48 738 2
56 738 3
61 738 2
62 738 2
63 738 2
66 738 2
67 738 3
68 738 2
70 738 1
71 738 1
76 738 3
86 738 1
88 738 2
90 738 1
96 738 3
97 738 3
99 738 1
107 738 1
108 738 2
111 738 3
115 738 2
116 738 3
117 738 2
118 738 1
123 738 1
124 738 1
130 738 2
136 738 2
138 738 2
142 738 2
146 738 1
147 738 1
148 738 1
149 738 3
152 738 2
154 738 2
156 738 3
157 738 2
161 738 3
163 738 2
164 738 2
165 738 1
170 738 3
176 738 2
180 738 1
185 738 3
189 738 3
192 738 3
201 738 3
202 738 1
203 738 1
205 738 2
209 738 3
210 738 2
213 738 2
219 738 3
220 738 3
223 738 1
225 738 1
230 738 1
231 738 2
232 738 2
233 738 3
236 738 1
238 738 3
239 738 3
242 738 2
244 738 3
248 738 1
249 738 3
250 738 2
254 738 2
257 738 2
261 738 3
262 738 2
263 738 1
267 738 1
270 738 2
