414 442 1
416 442 3
418 442 3
420 442 2
422 442 3
428 442 3
437 442 1
441 442 1
442 442 2
452 442 2
456 442 1
457 442 1
459 442 2
460 442 1
463 442 3
465 442 2
467 442 1
468 442 3
473 442 1
474 442 3
478 442 2
482 442 1
484 442 3
490 442 2
495 442 1
497 442 2
499 442 3
502 442 2
503 442 2
504 442 2
512 442 3
518 442 3
527 442 2
528 442 1
529 442 1
531 442 2
534 442 2
537 442 3
540 442 3
541 442 1
542 442 2
547 442 1
549 442 3
552 442 2
553 442 2
558 442 2
564 442 1
565 442 3
567 442 3
573 442 3
580 442 1
581 442 2
583 442 2
588 442 3
589 442 1
601 442 1
606 442 2
610 442 2
618 442 2
623 442 3
628 442 2
629 442 2
634 442 1
635 442 2
636 442 2
637 442 3
641 442 1
644 442 3
645 442 1
646 442 1
648 442 2
649 442 3
651 442 1
653 442 3
656 442 3
659 442 1
660 442 1
661 442 3
665 442 2
668 442 2
674 442 2
675 442 1
681 442 3
684 442 1
685 442 1
686 442 3
692 442 3
694 442 3
696 442 2
697 442 2
698 442 3
701 442 3
706 442 1
708 442 3
710 442 1
713 442 2
715 442 3
716 442 2
719 442 2
721 442 3
722 442 1
723 442 1
724 442 2
728 442 2
731 442 1
733 442 1
734 442 3
740 442 3
741 442 2
745 442 2
748 442 1
751 442 1
752 442 1
754 442 2
755 442 3
756 442 3
759 442 2
760 442 1
761 442 2
767 442 1
770 442 2
771 442 3
772 442 2
774 442 2
776 442 1
777 442 1
778 442 1
780 442 2
783 442 2
784 442 1
788 442 3
789 442 1
800 442 2
802 442 3
806 442 3
810 442 3
819 442 3
821 442 2
824 442 1
829 442 2
835 442 2
836 442 1
839 442 3
843 442 2
844 442 2
846 442 3
848 442 2
849 442 3
851 442 1
855 442 3
856 442 1
858 442 2
862 442 1
864 442 2
866 442 1
867 442 3
869 442 2
871 442 2
874 442 1
875 442 1
877 442 2
878 442 1
879 442 2
882 442 1
884 442 2
886 442 3
893 442 2
894 442 3
896 442 2
897 442 2
912 442 3
914 442 2
915 442 2
916 442 3
920 442 1
924 442 2
930 442 3
934 442 3
937 442 3
943 442 3
944 442 3
950 442 3
954 442 1
963 442 2
967 442 1
968 442 2
977 442 2
979 442 2
981 442 2
982 442 3
983 442 1
985 442 3
986 442 3
987 442 3
990 442 2
991 442 3
993 442 2
996 442 3
997 442 2
998 442 2
0 443 2
1 443 1
6 443 2
14 443 3
15 443 3
19 443 3
20 443 2
23 443 2
25 443 1
33 443 1
36 443 2
37 443 2
40 443 3
43 443 1
44 443 1
45 443 1
47 443 2
48 443 1
49 443 2
50 443 3
51 443 1
52 443 2
56 443 2
59 443 2
60 443 2
63 443 1
64 443 2
74 443 3
75 443 2
77 443 2
78 443 1
79 443 1
81 443 1
82 443 3
85 443 1
86 443 1
90 443 3
102 443 2
103 443 2
104 443 2
105 443 3
108 443 3
110 443 3
117 443 2
123 443 2
125 443 3
126 443 1
128 443 2
130 443 3
133 443 2
143 443 1
146 443 1
150 443 2
152 443 1
153 443 2
154 443 2
155 443 3
160 443 1
164 443 3
165 443 2
168 443 3
171 443 1
174 443 3
179 443 1
182 443 3
184 443 2
189 443 2
192 443 3
194 443 3
198 443 3
202 443 3
208 443 2
211 443 1
212 443 2
213 443 1
214 443 3
215 443 1
217 443 1
218 443 2
220 443 2
222 443 3
225 443 2
229 443 2
230 443 2
233 443 3
235 443 3
238 443 3
240 443 3
241 443 2
243 443 3
246 443 1
252 443 1
256 443 2
258 443 2
263 443 3
267 443 2
274 443 3
275 443 3
276 443 3
277 443 1
281 443 2
282 443 1
284 443 2
287 443 2
293 443 2
303 443 3
304 443 3
305 443 3
306 443 1
307 443 2
308 443 3
311 443 1
313 443 3
318 443 1
319 443 1
322 443 3
326 443 1
327 443 3
330 443 2
336 443 2
341 443 3
346 443 2
348 443 1
350 443 2
351 443 3
353 443 1
354 443 1
359 443 3
366 443 1
367 443 1
370 443 3
374 443 3
378 443 1
380 443 2
381 443 1
385 443 3
387 443 1
390 443 1
391 443 1
396 443 3
397 443 3
401 443 2
403 443 1
404 443 3
405 443 1
408 443 2
410 443 3
411 443 1
415 443 3
416 443 1
419 443 2
426 443 1
428 443 1
431 443 3
434 443 2
436 443 2
439 443 1
440 443 1
441 443 2
443 443 3
450 443 1
453 443 1
461 443 2
465 443 2
467 443 1
468 443 3
469 443 1
470 443 1
477 443 3
478 443 3
480 443 1
481 443 3
482 443 3
483 443 2
488 443 1
489 443 2
490 443 3
493 443 3
494 443 1
495 443 1
496 443 2
499 443 2
504 443 3
507 443 3
514 443 3
515 443 2
516 443 2
519 443 2
522 443 1
523 443 3
526 443 3
527 443 2
528 443 1
531 443 3
538 443 2
539 443 1
545 443 3
546 443 3
551 443 1
555 443 3
557 443 2
560 443 2
569 443 3
576 443 1
578 443 1
589 443 2
591 443 1
597 443 1
598 443 1
600 443 1
602 443 2
609 443 2
621 443 3
626 443 2
628 443 2
631 443 2
632 443 2
633 443 1
635 443 1
638 443 3
646 443 1
649 443 1
653 443 2
654 443 3
656 443 1
658 443 1
664 443 2
665 443 2
666 443 2
667 443 2
669 443 1
677 443 3
679 443 2
693 443 2
695 443 3
697 443 3
700 443 2
705 443 1
707 443 3
711 443 1
712 443 2
713 443 2
716 443 1
719 443 3
722 443 3
723 443 3
727 443 1
730 443 2
736 443 2
743 443 2
747 443 2
749 443 3
750 443 1
754 443 2
756 443 3
762 443 3
763 443 3
764 443 3
765 443 3
768 443 3
770 443 2
772 443 2
774 443 1
778 443 2
779 443 3
783 443 3
791 443 2
792 443 1
794 443 1
795 443 2
801 443 3
804 443 3
805 443 2
807 443 1
810 443 1
811 443 3
823 443 1
824 443 2
833 443 2
841 443 3
842 443 3
843 443 2
844 443 1
847 443 1
852 443 3
855 443 2
857 443 2
859 443 3
863 443 3
866 443 2
867 443 2
868 443 3
870 443 1
871 443 1
873 443 1
878 443 3
880 443 2
881 443 2
882 443 2
883 443 2
885 443 3
886 443 2
888 443 3
889 443 3
892 443 1
895 443 3
896 443 2
897 443 2
901 443 3
902 443 1
906 443 3
908 443 3
909 443 1
910 443 1
917 443 3
918 443 3
919 443 2
920 443 3
925 443 2
926 443 3
928 443 3
930 443 2
934 443 3
940 443 2
942 443 1
943 443 3
946 443 1
948 443 3
950 443 3
952 443 1
954 443 3
959 443 3
963 443 1
966 443 2
969 443 3
975 443 1
978 443 2
987 443 3
988 443 3
992 443 2
993 443 2
0 444 2
1 444 1
4 444 3
6 444 1
8 444 1
9 444 2
10 444 2
11 444 1
13 444 2
18 444 2
20 444 3
23 444 3
26 444 1
27 444 1
28 444 1
29 444 2
31 444 2
37 444 2
40 444 1
41 444 3
44 444 3
45 444 3
46 444 2
47 444 1
53 444 2
55 444 3
61 444 3
64 444 2
65 444 2
66 444 2
67 444 1
69 444 3
70 444 2
76 444 2
81 444 1
84 444 2
87 444 2
89 444 1
90 444 2
92 444 3
95 444 3
96 444 1
98 444 2
101 444 3
104 444 2
105 444 1
106 444 2
107 444 2
108 444 2
121 444 1
122 444 1
126 444 3
127 444 3
134 444 2
135 444 1
136 444 2
137 444 3
139 444 1
140 444 1
141 444 3
143 444 3
146 444 2
148 444 2
150 444 3
152 444 2
153 444 1
154 444 3
155 444 2
156 444 3
157 444 3
159 444 1
161 444 3
171 444 2
172 444 2
174 444 2
175 444 3
177 444 1
183 444 1
188 444 3
189 444 2
190 444 3
191 444 2
199 444 2
205 444 2
207 444 2
209 444 2
213 444 2
217 444 2
222 444 2
223 444 2
226 444 2
228 444 2
231 444 3
233 444 3
235 444 2
237 444 1
240 444 2
247 444 2
249 444 1
252 444 3
254 444 1
255 444 2
260 444 1
261 444 2
262 444 3
266 444 3
267 444 1
269 444 2
272 444 1
277 444 3
278 444 1
281 444 1
283 444 3
284 444 1
287 444 3
292 444 2
300 444 1
303 444 3
306 444 2
312 444 2
313 444 1
314 444 2
316 444 3
324 444 2
327 444 3
