290 934 2
291 934 1
294 934 2
301 934 2
306 934 1
307 934 3
310 934 1
313 934 3
315 934 2
317 934 1
321 934 2
324 934 3
325 934 1
327 934 3
338 934 3
339 934 2
343 934 3
344 934 3
345 934 3
347 934 3
349 934 3
351 934 1
352 934 3
354 934 1
356 934 1
357 934 3
361 934 3
363 934 3
368 934 1
372 934 1
377 934 2
380 934 2
381 934 3
382 934 1
383 934 3
389 934 1
391 934 1
400 934 3
402 934 3
405 934 1
407 934 2
409 934 1
413 934 3
420 934 2
421 934 1
425 934 3
426 934 3
428 934 2
437 934 1
442 934 3
444 934 2
446 934 3
447 934 2
451 934 1
455 934 2
456 934 1
459 934 1
460 934 3
462 934 2
465 934 1
469 934 1
470 934 1
471 934 2
472 934 1
477 934 1
485 934 1
487 934 1
490 934 2
493 934 1
496 934 2
497 934 3
498 934 3
500 934 3
503 934 2
506 934 2
507 934 1
508 934 1
528 934 2
532 934 2
533 934 1
537 934 2
538 934 3
539 934 1
540 934 1
546 934 2
547 934 2
549 934 2
553 934 2
555 934 1
565 934 3
567 934 2
569 934 2
571 934 2
578 934 1
581 934 3
584 934 2
586 934 3
589 934 3
590 934 2
593 934 2
597 934 3
598 934 2
600 934 2
603 934 1
604 934 1
609 934 3
613 934 3
614 934 1
622 934 2
628 934 2
630 934 2
637 934 2
640 934 1
641 934 2
642 934 2
648 934 1
649 934 2
655 934 3
656 934 3
657 934 3
658 934 1
665 934 1
667 934 2
670 934 1
672 934 2
674 934 1
676 934 2
677 934 2
680 934 1
684 934 2
687 934 2
691 934 2
699 934 1
702 934 3
709 934 2
713 934 2
714 934 1
715 934 1
720 934 2
725 934 2
727 934 2
732 934 2
733 934 3
740 934 1
744 934 3
747 934 2
750 934 3
751 934 3
753 934 3
756 934 1
758 934 1
761 934 1
764 934 3
765 934 2
766 934 3
767 934 2
772 934 3
774 934 1
776 934 1
777 934 2
779 934 3
780 934 3
784 934 3
786 934 2
788 934 3
789 934 2
797 934 3
799 934 1
800 934 3
802 934 3
805 934 1
807 934 2
812 934 2
815 934 1
816 934 3
817 934 3
821 934 1
822 934 3
830 934 2
831 934 2
837 934 3
839 934 3
840 934 1
854 934 3
855 934 1
856 934 3
860 934 3
863 934 3
868 934 2
874 934 3
877 934 2
880 934 2
885 934 3
888 934 1
891 934 3
892 934 2
894 934 3
895 934 3
901 934 3
902 934 2
904 934 1
908 934 2
913 934 3
919 934 3
923 934 2
924 934 2
928 934 3
931 934 2
932 934 1
935 934 3
936 934 2
939 934 2
940 934 3
946 934 3
947 934 2
950 934 2
951 934 1
957 934 2
961 934 2
962 934 3
965 934 3
966 934 3
969 934 2
981 934 1
990 934 2
995 934 1
997 934 3
3 935 1
9 935 1
11 935 1
18 935 3
19 935 2
25 935 2
28 935 2
32 935 1
33 935 3
37 935 3
38 935 2
39 935 3
40 935 1
41 935 2
43 935 2
49 935 2
50 935 3
51 935 3
52 935 1
54 935 3
57 935 3
62 935 2
70 935 3
73 935 2
77 935 2
80 935 2
85 935 3
86 935 1
88 935 1
89 935 2
92 935 1
93 935 1
95 935 3
97 935 1
98 935 2
99 935 1
107 935 3
109 935 3
113 935 2
119 935 2
129 935 1
133 935 3
134 935 3
135 935 2
137 935 2
138 935 1
146 935 1
148 935 3
153 935 2
160 935 2
161 935 1
167 935 2
170 935 1
171 935 3
179 935 1
181 935 1
186 935 3
187 935 3
188 935 3
189 935 3
192 935 2
193 935 3
201 935 1
204 935 3
208 935 1
209 935 2
211 935 1
213 935 3
214 935 3
217 935 3
219 935 3
223 935 2
224 935 3
226 935 3
227 935 2
228 935 3
239 935 3
240 935 3
247 935 1
250 935 1
256 935 3
269 935 3
270 935 3
272 935 2
273 935 1
281 935 2
282 935 1
283 935 3
292 935 1
293 935 1
294 935 1
305 935 2
308 935 3
310 935 1
312 935 1
318 935 2
321 935 2
324 935 3
327 935 1
329 935 2
333 935 3
337 935 1
339 935 3
340 935 2
344 935 1
346 935 1
356 935 3
357 935 2
359 935 1
369 935 2
376 935 2
382 935 2
390 935 1
391 935 3
394 935 2
399 935 2
403 935 3
406 935 3
407 935 1
408 935 1
411 935 3
414 935 1
416 935 2
418 935 2
422 935 1
425 935 2
426 935 1
427 935 3
432 935 3
437 935 1
438 935 3
443 935 2
445 935 3
446 935 1
447 935 3
449 935 2
451 935 1
458 935 1
465 935 2
466 935 3
471 935 3
475 935 2
476 935 2
481 935 2
483 935 3
486 935 1
488 935 2
489 935 2
493 935 1
495 935 2
501 935 3
505 935 2
510 935 2
512 935 2
513 935 3
514 935 3
516 935 1
522 935 3
527 935 1
528 935 1
530 935 3
536 935 2
538 935 1
541 935 3
543 935 1
544 935 2
549 935 1
550 935 3
553 935 1
554 935 1
555 935 1
560 935 3
561 935 1
563 935 3
564 935 3
569 935 3
573 935 3
575 935 2
577 935 1
578 935 2
585 935 1
587 935 2
590 935 2
591 935 2
593 935 1
595 935 3
596 935 2
598 935 2
600 935 2
601 935 3
602 935 2
603 935 3
604 935 1
609 935 3
611 935 1
618 935 3
622 935 1
627 935 1
631 935 1
634 935 2
638 935 2
642 935 1
646 935 2
648 935 2
649 935 2
653 935 1
659 935 3
660 935 2
663 935 3
666 935 2
667 935 1
669 935 2
671 935 2
672 935 2
676 935 2
679 935 3
680 935 1
683 935 2
684 935 1
688 935 1
691 935 3
714 935 2
718 935 1
727 935 3
728 935 2
729 935 2
738 935 1
741 935 3
743 935 1
744 935 1
747 935 3
749 935 1
750 935 3
751 935 3
752 935 1
758 935 3
759 935 2
770 935 3
772 935 3
774 935 2
775 935 2
779 935 3
783 935 3
784 935 1
785 935 3
788 935 1
790 935 3
794 935 2
796 935 3
799 935 1
801 935 2
802 935 1
803 935 3
806 935 3
810 935 2
814 935 1
827 935 1
830 935 1
836 935 1
840 935 2
842 935 3
843 935 1
845 935 1
860 935 1
862 935 2
867 935 2
871 935 1
873 935 2
883 935 1
884 935 2
886 935 1
888 935 1
889 935 3
891 935 1
893 935 2
896 935 1
899 935 3
900 935 2
902 935 2
911 935 1
915 935 3
916 935 3
920 935 1
922 935 3
923 935 3
925 935 1
929 935 1
932 935 1
940 935 3
947 935 3
949 935 1
955 935 1
959 935 2
960 935 2
962 935 2
963 935 2
965 935 2
966 935 3
967 935 3
971 935 1
972 935 3
974 935 3
975 935 2
976 935 1
979 935 2
986 935 3
989 935 2
990 935 3
993 935 2
995 935 1
997 935 1
999 935 3
5 936 2
11 936 2
13 936 1
14 936 3
16 936 2
18 936 1
19 936 2
21 936 2
22 936 3
25 936 2
33 936 3
37 936 2
38 936 2
46 936 1
48 936 2
53 936 2
56 936 3
63 936 3
64 936 3
65 936 3
66 936 2
69 936 1
70 936 3
73 936 3
74 936 2
75 936 1
77 936 2
84 936 2
85 936 1
86 936 2
87 936 2
91 936 2
97 936 3
105 936 3
108 936 1
109 936 2
110 936 3
113 936 3
115 936 3
118 936 1
126 936 1
127 936 3
128 936 1
129 936 3
130 936 2
131 936 1
137 936 1
138 936 3
139 936 1
140 936 1
141 936 1
142 936 3
143 936 1
146 936 3
148 936 3
150 936 1
152 936 1
153 936 3
156 936 2
160 936 1
164 936 2
169 936 2
172 936 1
174 936 3
176 936 3
183 936 3
186 936 2
195 936 1
197 936 3
198 936 3
199 936 3
201 936 1
203 936 1
213 936 2
214 936 1
215 936 1
216 936 3
218 936 3
220 936 3
222 936 1
224 936 2
225 936 3
234 936 2
237 936 1
239 936 1
244 936 2
246 936 2
249 936 1
253 936 3
255 936 3
260 936 1
261 936 2
262 936 1
264 936 1
266 936 2
267 936 2
268 936 1
270 936 1
279 936 1
282 936 1
289 936 2
291 936 3
298 936 3
304 936 2
305 936 1
308 936 2
310 936 1
313 936 2
319 936 2
320 936 1
325 936 3
327 936 3
328 936 2
330 936 3
338 936 2
345 936 2
349 936 3
355 936 2
365 936 3
369 936 3
373 936 3
375 936 2
376 936 3
385 936 1
387 936 2
388 936 2
390 936 2
