742 324 3
744 324 3
745 324 1
746 324 3
748 324 2
752 324 2
753 324 1
757 324 3
758 324 1
760 324 1
765 324 1
768 324 3
772 324 2
782 324 2
787 324 2
788 324 2
791 324 1
798 324 2
803 324 3
811 324 1
812 324 2
814 324 3
817 324 3
818 324 2
820 324 3
822 324 2
831 324 1
835 324 1
837 324 3
839 324 2
840 324 3
841 324 3
843 324 2
845 324 1
850 324 1
853 324 2
855 324 1
858 324 1
860 324 2
861 324 1
863 324 1
865 324 2
871 324 3
872 324 3
875 324 1
879 324 2
880 324 1
886 324 1
888 324 2
890 324 2
893 324 1
898 324 2
913 324 1
914 324 3
917 324 2
922 324 2
926 324 1
936 324 2
938 324 1
942 324 3
958 324 1
962 324 1
969 324 3
970 324 2
975 324 3
976 324 2
977 324 1
981 324 1
982 324 3
986 324 3
999 324 2
0 325 2
2 325 3
3 325 1
5 325 2
6 325 3
10 325 3
12 325 2
14 325 3
15 325 2
16 325 1
19 325 1
22 325 1
23 325 3
24 325 3
25 325 1
28 325 1
31 325 2
36 325 2
37 325 2
45 325 3
48 325 3
50 325 3
52 325 2
53 325 2
54 325 3
56 325 1
57 325 2
60 325 3
61 325 1
62 325 3
64 325 1
65 325 3
66 325 3
67 325 1
70 325 1
72 325 1
74 325 2
76 325 1
77 325 1
78 325 3
82 325 3
83 325 3
86 325 3
89 325 2
92 325 1
93 325 1
96 325 3
99 325 3
100 325 1
101 325 2
103 325 1
109 325 1
110 325 2
112 325 3
114 325 2
118 325 3
125 325 3
128 325 3
129 325 2
133 325 3
134 325 1
137 325 2
139 325 2
140 325 2
141 325 3
142 325 2
146 325 2
152 325 3
154 325 1
155 325 3
160 325 1
163 325 3
164 325 2
168 325 1
169 325 3
172 325 2
175 325 1
176 325 1
179 325 1
181 325 1
182 325 3
185 325 2
186 325 2
192 325 3
194 325 2
198 325 1
208 325 3
209 325 2
216 325 3
218 325 1
219 325 2
220 325 2
222 325 3
223 325 2
225 325 1
227 325 3
228 325 3
235 325 3
239 325 2
249 325 2
250 325 1
251 325 2
253 325 2
254 325 1
256 325 2
257 325 1
261 325 3
264 325 3
268 325 2
269 325 3
271 325 2
272 325 1
273 325 1
278 325 3
281 325 2
283 325 2
288 325 3
290 325 3
293 325 2
294 325 2
295 325 2
300 325 2
301 325 2
304 325 2
305 325 3
312 325 2
313 325 1
315 325 3
317 325 3
320 325 1
321 325 3
322 325 3
325 325 3
326 325 1
335 325 1
338 325 1
349 325 3
354 325 1
357 325 2
360 325 1
365 325 1
369 325 1
370 325 3
377 325 2
378 325 3
383 325 1
390 325 2
393 325 1
395 325 1
398 325 3
407 325 1
408 325 1
414 325 3
415 325 2
417 325 1
425 325 1
427 325 3
429 325 2
435 325 1
445 325 2
447 325 2
448 325 3
452 325 1
453 325 1
457 325 2
461 325 1
462 325 2
465 325 3
469 325 1
470 325 1
473 325 3
475 325 2
476 325 1
478 325 3
481 325 3
487 325 3
489 325 2
499 325 3
500 325 1
504 325 1
506 325 2
508 325 3
509 325 3
513 325 3
515 325 1
521 325 1
526 325 3
529 325 1
534 325 2
535 325 1
537 325 1
539 325 3
545 325 2
547 325 3
548 325 3
550 325 1
554 325 2
556 325 1
567 325 1
572 325 2
576 325 1
579 325 2
580 325 3
581 325 1
583 325 1
585 325 3
586 325 2
587 325 3
591 325 1
592 325 2
594 325 1
603 325 3
611 325 2
613 325 3
615 325 2
616 325 2
618 325 1
624 325 2
628 325 3
633 325 2
634 325 1
641 325 3
642 325 3
645 325 3
647 325 2
655 325 1
658 325 1
660 325 2
663 325 3
665 325 1
669 325 1
683 325 2
693 325 3
698 325 1
699 325 3
703 325 1
705 325 2
708 325 1
710 325 3
711 325 3
715 325 1
719 325 1
722 325 1
728 325 2
730 325 1
731 325 3
734 325 2
738 325 1
740 325 1
741 325 1
742 325 2
744 325 1
746 325 3
747 325 1
748 325 3
749 325 2
750 325 3
758 325 2
762 325 1
764 325 1
765 325 2
766 325 3
770 325 2
771 325 3
772 325 3
775 325 1
776 325 2
778 325 3
792 325 3
793 325 1
794 325 2
796 325 1
803 325 1
805 325 2
808 325 2
810 325 1
811 325 2
820 325 1
823 325 3
824 325 1
828 325 2
830 325 3
832 325 3
839 325 1
842 325 3
843 325 3
845 325 1
846 325 2
852 325 2
853 325 2
856 325 3
861 325 3
862 325 2
866 325 2
868 325 2
870 325 1
875 325 3
876 325 1
877 325 3
884 325 2
885 325 1
892 325 3
894 325 1
898 325 2
899 325 3
903 325 1
904 325 1
905 325 1
914 325 2
916 325 2
919 325 1
920 325 3
925 325 2
928 325 2
933 325 1
934 325 1
935 325 3
936 325 1
943 325 2
948 325 3
959 325 1
960 325 3
962 325 3
963 325 2
966 325 1
967 325 1
969 325 1
972 325 1
979 325 3
983 325 1
986 325 2
988 325 1
989 325 1
991 325 1
995 325 3
999 325 3
1 326 1
5 326 3
7 326 3
11 326 3
12 326 1
14 326 2
17 326 3
18 326 1
22 326 3
30 326 3
31 326 1
32 326 1
33 326 1
36 326 1
37 326 2
42 326 1
60 326 1
61 326 1
64 326 2
66 326 3
69 326 3
71 326 1
72 326 1
73 326 1
77 326 1
78 326 3
80 326 3
89 326 3
91 326 3
92 326 1
94 326 2
96 326 1
104 326 1
105 326 3
108 326 1
118 326 3
121 326 3
124 326 1
125 326 2
131 326 3
133 326 1
135 326 3
140 326 3
141 326 1
145 326 1
146 326 3
148 326 2
152 326 1
157 326 2
158 326 1
165 326 3
171 326 2
173 326 3
176 326 3
178 326 2
184 326 3
185 326 3
189 326 3
190 326 3
191 326 2
193 326 1
194 326 3
199 326 2
206 326 1
207 326 3
208 326 1
213 326 1
218 326 1
219 326 2
220 326 2
223 326 3
224 326 3
226 326 2
227 326 1
231 326 2
241 326 3
247 326 3
248 326 1
250 326 3
252 326 2
256 326 1
257 326 2
258 326 3
259 326 2
263 326 2
264 326 1
265 326 2
266 326 1
269 326 3
270 326 2
274 326 3
275 326 2
280 326 1
282 326 1
283 326 2
285 326 3
286 326 1
287 326 2
292 326 2
293 326 1
297 326 3
298 326 1
301 326 2
305 326 2
307 326 1
313 326 1
314 326 3
321 326 3
322 326 2
324 326 2
329 326 3
330 326 1
332 326 3
333 326 1
340 326 1
342 326 1
343 326 1
351 326 2
355 326 1
356 326 2
358 326 3
363 326 2
364 326 1
372 326 2
380 326 3
384 326 2
385 326 3
388 326 3
389 326 1
392 326 3
395 326 1
396 326 1
398 326 1
403 326 1
406 326 1
408 326 1
410 326 2
411 326 3
419 326 3
424 326 2
425 326 1
427 326 2
429 326 1
430 326 2
432 326 1
434 326 3
435 326 2
436 326 2
438 326 1
440 326 3
442 326 2
444 326 2
450 326 3
451 326 3
452 326 1
453 326 3
455 326 3
457 326 1
465 326 2
470 326 2
471 326 3
473 326 2
476 326 1
477 326 2
479 326 2
480 326 1
483 326 2
485 326 1
487 326 1
488 326 1
493 326 1
496 326 2
497 326 3
499 326 1
500 326 3
505 326 1
506 326 2
507 326 1
509 326 1
511 326 3
515 326 1
522 326 2
523 326 3
524 326 1
525 326 1
532 326 1
533 326 2
537 326 2
543 326 3
544 326 3
545 326 3
548 326 1
549 326 3
550 326 1
551 326 2
552 326 2
553 326 3
554 326 1
560 326 1
568 326 1
569 326 1
570 326 2
573 326 2
583 326 2
584 326 2
589 326 2
593 326 1
596 326 3
597 326 3
598 326 3
601 326 3
607 326 1
609 326 2
610 326 3
620 326 3
622 326 1
625 326 1
626 326 3
627 326 3
628 326 3
629 326 2
632 326 1
634 326 3
635 326 2
636 326 2
642 326 1
644 326 1
647 326 1
648 326 3
650 326 3
654 326 2
658 326 1
659 326 3
661 326 2
667 326 3
668 326 1
671 326 2
679 326 3
680 326 2
682 326 1
686 326 2
687 326 2
688 326 2
690 326 3
692 326 2
693 326 3
697 326 2
698 326 2
703 326 3
705 326 1
709 326 2
710 326 1
715 326 2
716 326 2
717 326 2
725 326 2
729 326 2
731 326 3
732 326 3
