241 522 2
242 522 3
246 522 3
251 522 1
258 522 3
260 522 3
261 522 3
264 522 2
266 522 1
273 522 3
277 522 1
282 522 3
284 522 1
286 522 1
287 522 2
291 522 1
293 522 3
299 522 3
307 522 3
310 522 3
312 522 1
321 522 3
325 522 2
327 522 2
331 522 2
332 522 3
334 522 2
335 522 2
339 522 2
340 522 3
342 522 1
344 522 2
345 522 3
346 522 2
347 522 2
348 522 1
350 522 2
353 522 2
355 522 1
356 522 2
357 522 2
358 522 1
359 522 1
360 522 3
361 522 3
362 522 3
371 522 2
373 522 2
375 522 2
380 522 1
381 522 3
383 522 2
384 522 1
386 522 3
394 522 3
398 522 2
399 522 3
401 522 3
407 522 1
409 522 1
410 522 3
411 522 2
412 522 2
415 522 1
416 522 2
418 522 2
420 522 1
425 522 1
427 522 1
430 522 3
431 522 2
432 522 3
437 522 1
438 522 3
440 522 1
448 522 1
455 522 3
462 522 1
463 522 1
465 522 1
466 522 2
471 522 1
472 522 3
474 522 1
476 522 1
481 522 3
484 522 2
485 522 3
489 522 3
493 522 3
494 522 3
497 522 2
500 522 3
508 522 2
509 522 3
510 522 2
516 522 3
517 522 3
518 522 1
523 522 2
527 522 3
528 522 1
530 522 3
531 522 1
536 522 3
537 522 1
542 522 2
543 522 2
546 522 3
550 522 1
553 522 2
561 522 1
565 522 1
572 522 3
574 522 1
575 522 2
578 522 3
584 522 1
590 522 2
592 522 2
598 522 2
600 522 1
605 522 3
608 522 1
612 522 3
620 522 1
622 522 2
624 522 3
625 522 2
626 522 2
628 522 2
630 522 2
634 522 2
637 522 3
638 522 2
640 522 3
641 522 3
655 522 1
659 522 3
664 522 3
666 522 1
668 522 2
669 522 3
670 522 3
674 522 3
675 522 1
680 522 1
681 522 2
685 522 3
690 522 3
691 522 1
697 522 3
698 522 1
703 522 1
705 522 2
707 522 3
708 522 1
712 522 3
714 522 2
715 522 2
723 522 1
726 522 1
728 522 1
729 522 3
731 522 3
734 522 3
736 522 2
746 522 3
747 522 2
750 522 3
751 522 1
753 522 3
756 522 1
759 522 3
762 522 3
763 522 3
765 522 2
766 522 2
767 522 3
773 522 3
778 522 1
779 522 1
784 522 3
786 522 2
787 522 1
788 522 3
790 522 1
797 522 1
804 522 2
808 522 3
810 522 2
814 522 3
815 522 1
816 522 3
818 522 2
820 522 3
821 522 1
823 522 1
826 522 3
830 522 1
833 522 2
834 522 2
837 522 1
838 522 1
839 522 2
842 522 2
843 522 3
851 522 2
857 522 3
858 522 3
861 522 3
862 522 1
863 522 2
866 522 2
869 522 1
870 522 1
876 522 2
877 522 1
885 522 3
887 522 1
891 522 1
893 522 2
898 522 2
901 522 1
903 522 2
904 522 1
906 522 1
907 522 2
909 522 1
910 522 3
911 522 2
913 522 3
916 522 1
918 522 1
920 522 3
922 522 1
923 522 2
925 522 3
929 522 1
930 522 1
932 522 3
934 522 2
935 522 1
938 522 3
941 522 1
943 522 1
947 522 2
951 522 1
956 522 1
958 522 3
961 522 2
962 522 2
963 522 3
964 522 1
968 522 3
971 522 1
972 522 1
978 522 2
982 522 2
983 522 3
987 522 2
989 522 2
992 522 2
993 522 2
995 522 3
997 522 2
1 523 2
2 523 3
4 523 1
7 523 2
9 523 3
12 523 1
17 523 1
20 523 2
22 523 2
23 523 1
24 523 3
26 523 1
27 523 1
31 523 3
37 523 3
39 523 2
43 523 1
52 523 3
55 523 2
56 523 1
60 523 2
62 523 3
67 523 1
71 523 3
73 523 1
74 523 2
76 523 1
79 523 3
80 523 1
86 523 3
87 523 1
93 523 2
95 523 2
96 523 3
98 523 1
105 523 1
106 523 1
108 523 2
114 523 2
118 523 3
127 523 2
128 523 2
129 523 3
130 523 2
136 523 2
140 523 3
143 523 3
157 523 1
158 523 2
163 523 1
164 523 3
165 523 2
168 523 2
171 523 1
173 523 3
175 523 2
180 523 1
184 523 1
190 523 3
198 523 1
199 523 1
200 523 2
201 523 3
207 523 1
211 523 2
216 523 3
217 523 2
220 523 3
223 523 2
224 523 2
226 523 3
228 523 2
229 523 3
234 523 1
240 523 3
242 523 2
245 523 2
249 523 2
252 523 1
253 523 3
254 523 1
257 523 3
261 523 1
262 523 2
263 523 3
270 523 1
271 523 3
275 523 3
281 523 2
282 523 3
284 523 1
287 523 2
290 523 1
291 523 3
292 523 1
293 523 3
296 523 3
299 523 3
301 523 1
304 523 1
313 523 2
322 523 3
327 523 2
331 523 1
334 523 2
335 523 1
336 523 2
337 523 2
340 523 1
344 523 3
349 523 1
350 523 3
364 523 3
367 523 1
370 523 2
371 523 3
373 523 2
377 523 2
381 523 2
382 523 2
383 523 2
384 523 3
386 523 3
387 523 2
394 523 3
399 523 2
404 523 3
406 523 2
408 523 2
409 523 2
411 523 1
414 523 3
415 523 1
418 523 3
422 523 1
424 523 2
428 523 2
432 523 1
433 523 1
434 523 1
435 523 3
437 523 2
439 523 1
445 523 3
452 523 2
459 523 1
461 523 1
462 523 1
463 523 2
472 523 1
474 523 1
478 523 2
483 523 2
484 523 2
489 523 1
491 523 1
492 523 3
494 523 1
496 523 3
504 523 1
505 523 1
510 523 3
514 523 1
518 523 1
522 523 1
526 523 1
529 523 1
534 523 2
536 523 3
541 523 3
542 523 2
543 523 2
545 523 2
547 523 3
548 523 1
551 523 3
560 523 3
565 523 3
568 523 2
578 523 2
582 523 1
590 523 2
593 523 3
596 523 2
597 523 3
604 523 2
609 523 3
610 523 2
611 523 3
615 523 1
617 523 2
619 523 3
622 523 1
626 523 2
627 523 3
629 523 1
633 523 3
637 523 1
638 523 2
640 523 2
642 523 2
646 523 1
653 523 1
656 523 3
658 523 2
663 523 1
664 523 3
682 523 1
687 523 1
691 523 2
693 523 2
694 523 2
695 523 3
696 523 2
697 523 3
698 523 1
699 523 2
702 523 3
704 523 1
707 523 1
708 523 1
709 523 2
715 523 1
716 523 2
725 523 1
728 523 3
729 523 1
731 523 1
732 523 1
734 523 1
735 523 1
736 523 1
743 523 3
752 523 3
755 523 1
757 523 2
759 523 1
761 523 2
765 523 3
766 523 3
772 523 2
777 523 3
783 523 3
787 523 2
790 523 3
791 523 1
793 523 1
795 523 3
799 523 1
802 523 1
803 523 1
806 523 2
809 523 1
813 523 3
815 523 3
816 523 1
817 523 2
818 523 2
821 523 1
825 523 1
827 523 3
830 523 1
831 523 2
835 523 1
837 523 1
838 523 1
839 523 1
843 523 2
851 523 3
855 523 3
856 523 3
857 523 3
859 523 3
860 523 2
867 523 1
869 523 3
871 523 2
873 523 2
874 523 3
876 523 2
882 523 3
883 523 3
886 523 1
890 523 3
893 523 3
896 523 1
909 523 2
910 523 3
912 523 3
915 523 3
919 523 1
920 523 2
922 523 1
930 523 3
932 523 2
939 523 2
944 523 3
949 523 1
956 523 1
958 523 2
965 523 1
972 523 3
973 523 2
975 523 2
976 523 2
982 523 3
985 523 3
990 523 3
994 523 3
997 523 3
998 523 2
999 523 1
1 524 1
2 524 3
8 524 2
21 524 1
26 524 3
27 524 2
29 524 2
30 524 2
33 524 3
39 524 2
40 524 3
43 524 2
44 524 1
49 524 2
50 524 1
51 524 1
54 524 3
58 524 2
60 524 3
61 524 2
63 524 3
67 524 1
71 524 1
72 524 2
73 524 3
76 524 3
79 524 3
81 524 3
82 524 3
84 524 2
85 524 3
86 524 3
90 524 3
91 524 3
92 524 2
96 524 1
98 524 3
99 524 2
100 524 3
111 524 1
112 524 3
116 524 1
121 524 3
123 524 3
130 524 1
131 524 2
132 524 2
134 524 2
135 524 2
137 524 2
139 524 3
140 524 1
141 524 1
144 524 2
146 524 3
148 524 3
149 524 2
153 524 1
158 524 1
160 524 1
162 524 3
163 524 2
167 524 1
169 524 3
172 524 1
173 524 1
177 524 1
178 524 1
182 524 3
183 524 3
184 524 3
190 524 1
194 524 3
197 524 2
198 524 1
199 524 2
201 524 2
202 524 2
203 524 2
205 524 2
210 524 3
214 524 2
222 524 1
230 524 1
232 524 3
236 524 2
237 524 3
254 524 1
