683 95 3
685 95 2
686 95 2
690 95 2
692 95 3
694 95 3
695 95 3
697 95 2
700 95 2
710 95 3
711 95 2
718 95 2
721 95 2
735 95 3
738 95 2
740 95 2
752 95 3
753 95 2
755 95 1
759 95 1
761 95 3
768 95 3
771 95 2
773 95 3
776 95 3
778 95 3
779 95 1
780 95 1
781 95 3
784 95 2
786 95 2
788 95 2
789 95 3
792 95 1
794 95 3
796 95 3
797 95 3
805 95 1
807 95 3
809 95 3
810 95 2
814 95 1
815 95 1
817 95 2
818 95 1
822 95 2
826 95 2
827 95 2
828 95 3
829 95 1
832 95 2
834 95 1
836 95 3
839 95 3
840 95 3
841 95 1
842 95 1
844 95 1
850 95 3
853 95 2
859 95 2
860 95 3
862 95 1
863 95 2
864 95 1
866 95 2
870 95 1
872 95 3
876 95 3
879 95 3
880 95 1
881 95 2
886 95 3
887 95 2
888 95 1
893 95 1
894 95 3
895 95 2
897 95 3
898 95 2
901 95 2
909 95 1
911 95 3
912 95 3
914 95 3
915 95 2
916 95 2
918 95 3
930 95 2
934 95 1
939 95 2
943 95 1
944 95 2
945 95 2
948 95 2
949 95 3
951 95 1
954 95 2
956 95 3
963 95 2
964 95 1
967 95 3
968 95 3
970 95 3
971 95 2
972 95 2
973 95 1
974 95 2
976 95 3
977 95 2
978 95 1
980 95 2
987 95 2
990 95 3
996 95 3
997 95 2
3 96 2
9 96 2
11 96 1
13 96 1
14 96 2
15 96 2
16 96 3
18 96 3
19 96 3
24 96 2
25 96 3
27 96 3
30 96 3
38 96 1
39 96 3
42 96 1
43 96 3
46 96 3
48 96 3
53 96 3
55 96 1
59 96 2
60 96 1
66 96 3
71 96 2
72 96 2
75 96 3
78 96 1
80 96 2
82 96 3
83 96 2
84 96 2
94 96 2
99 96 2
107 96 1
111 96 1
113 96 2
115 96 1
121 96 1
126 96 1
133 96 2
136 96 3
142 96 1
144 96 1
148 96 2
150 96 2
152 96 1
153 96 2
154 96 3
155 96 2
156 96 2
158 96 1
159 96 2
162 96 3
163 96 2
165 96 2
175 96 3
178 96 1
180 96 2
188 96 3
192 96 1
193 96 1
194 96 2
199 96 2
200 96 2
203 96 2
205 96 1
206 96 2
207 96 2
215 96 3
216 96 1
218 96 2
221 96 3
225 96 1
227 96 3
231 96 2
235 96 2
241 96 3
242 96 1
246 96 2
247 96 3
251 96 3
252 96 3
253 96 1
256 96 1
258 96 1
261 96 2
263 96 3
266 96 1
268 96 3
271 96 3
275 96 1
277 96 3
278 96 2
282 96 1
286 96 2
288 96 1
292 96 1
298 96 2
301 96 2
302 96 1
306 96 1
308 96 2
311 96 2
313 96 3
318 96 1
321 96 3
327 96 3
333 96 3
334 96 2
338 96 2
344 96 3
345 96 2
346 96 1
352 96 2
353 96 3
355 96 3
356 96 1
358 96 2
362 96 3
366 96 1
368 96 3
374 96 1
376 96 3
377 96 2
379 96 2
381 96 3
385 96 1
387 96 2
388 96 3
389 96 3
393 96 2
396 96 1
399 96 1
400 96 2
401 96 1
407 96 1
408 96 2
413 96 1
415 96 2
416 96 2
417 96 1
425 96 3
426 96 1
441 96 3
443 96 1
444 96 3
445 96 1
446 96 2
447 96 2
449 96 3
450 96 1
461 96 1
463 96 3
467 96 3
469 96 2
473 96 3
480 96 2
488 96 1
489 96 2
496 96 3
503 96 2
505 96 3
506 96 3
508 96 2
514 96 3
515 96 1
517 96 2
521 96 1
524 96 2
528 96 2
531 96 2
532 96 3
538 96 3
539 96 2
543 96 1
546 96 3
551 96 1
553 96 1
557 96 2
558 96 3
561 96 2
563 96 3
564 96 2
568 96 3
574 96 1
577 96 3
581 96 1
584 96 3
586 96 2
587 96 3
591 96 2
593 96 1
594 96 1
596 96 2
597 96 2
603 96 2
607 96 1
611 96 2
614 96 1
620 96 3
621 96 1
625 96 3
627 96 3
628 96 3
630 96 2
633 96 1
634 96 2
640 96 3
646 96 3
652 96 2
654 96 1
657 96 3
659 96 2
660 96 1
661 96 2
665 96 1
668 96 2
670 96 2
674 96 1
680 96 1
682 96 1
685 96 2
687 96 2
690 96 2
692 96 1
693 96 1
695 96 1
700 96 2
703 96 2
704 96 3
707 96 1
709 96 3
710 96 2
728 96 3
731 96 2
732 96 2
738 96 2
740 96 2
741 96 3
746 96 2
749 96 2
755 96 2
757 96 3
765 96 2
768 96 3
770 96 1
778 96 2
779 96 3
780 96 1
783 96 3
784 96 1
785 96 3
786 96 2
792 96 1
794 96 2
795 96 3
797 96 3
802 96 1
804 96 2
808 96 1
810 96 3
811 96 3
813 96 1
814 96 1
818 96 1
819 96 3
829 96 1
837 96 3
838 96 1
839 96 3
840 96 2
843 96 3
844 96 2
847 96 1
848 96 2
861 96 2
862 96 2
867 96 1
870 96 1
871 96 1
872 96 1
875 96 2
877 96 3
880 96 1
881 96 3
882 96 2
883 96 2
890 96 2
891 96 1
892 96 3
894 96 2
899 96 1
900 96 1
901 96 3
905 96 3
907 96 2
914 96 3
918 96 3
919 96 3
925 96 1
935 96 2
936 96 2
938 96 2
940 96 3
946 96 2
948 96 1
949 96 3
950 96 2
953 96 2
954 96 3
958 96 3
963 96 2
968 96 1
970 96 3
974 96 1
976 96 2
988 96 2
995 96 2
999 96 3
2 97 2
6 97 2
8 97 2
9 97 1
16 97 1
19 97 3
23 97 1
25 97 1
28 97 3
29 97 2
30 97 3
35 97 3
44 97 1
47 97 3
49 97 2
52 97 3
55 97 3
58 97 1
59 97 3
61 97 1
69 97 2
70 97 2
74 97 2
77 97 1
78 97 2
79 97 2
85 97 3
86 97 1
91 97 2
94 97 3
98 97 1
99 97 2
100 97 2
102 97 3
107 97 3
108 97 2
111 97 1
116 97 2
118 97 3
120 97 2
121 97 2
124 97 1
126 97 2
128 97 1
129 97 1
130 97 3
134 97 1
136 97 1
138 97 2
143 97 3
147 97 3
156 97 1
158 97 2
159 97 3
160 97 3
161 97 1
163 97 1
164 97 2
176 97 3
179 97 3
181 97 3
182 97 2
183 97 1
184 97 1
188 97 2
189 97 1
190 97 3
191 97 3
193 97 3
194 97 1
195 97 2
198 97 2
203 97 2
210 97 2
213 97 1
216 97 3
223 97 2
229 97 1
237 97 1
240 97 2
244 97 2
245 97 2
248 97 2
253 97 3
257 97 2
258 97 1
260 97 1
264 97 3
265 97 1
270 97 2
271 97 1
272 97 1
273 97 3
274 97 2
277 97 3
281 97 3
283 97 2
286 97 1
289 97 2
291 97 2
294 97 2
301 97 3
302 97 3
307 97 1
309 97 2
313 97 3
315 97 1
322 97 2
324 97 3
327 97 3
328 97 3
329 97 1
331 97 3
333 97 1
337 97 2
338 97 1
341 97 2
342 97 3
343 97 2
349 97 3
353 97 1
356 97 3
361 97 2
362 97 2
366 97 1
368 97 2
375 97 3
376 97 1
378 97 2
379 97 1
380 97 2
381 97 1
382 97 2
384 97 2
385 97 3
395 97 1
396 97 2
405 97 1
406 97 2
408 97 1
416 97 2
417 97 1
418 97 1
420 97 1
422 97 1
427 97 2
428 97 2
429 97 3
431 97 3
432 97 1
434 97 2
437 97 3
441 97 2
443 97 2
444 97 2
445 97 2
448 97 1
451 97 3
452 97 3
454 97 2
458 97 2
461 97 3
462 97 2
463 97 1
465 97 1
469 97 1
472 97 2
481 97 1
482 97 2
487 97 3
491 97 3
492 97 1
495 97 3
496 97 1
503 97 3
508 97 2
509 97 3
510 97 2
514 97 2
515 97 1
517 97 2
521 97 1
525 97 3
529 97 2
531 97 3
533 97 1
535 97 3
540 97 3
544 97 3
547 97 3
559 97 2
563 97 1
566 97 2
567 97 3
568 97 1
572 97 2
575 97 1
579 97 3
582 97 1
587 97 3
591 97 3
592 97 2
597 97 3
603 97 1
604 97 3
605 97 3
606 97 2
610 97 2
611 97 1
612 97 3
613 97 1
614 97 1
617 97 3
620 97 2
623 97 3
626 97 2
629 97 1
632 97 3
637 97 2
639 97 3
640 97 2
641 97 1
649 97 3
656 97 3
665 97 3
673 97 3
675 97 2
679 97 1
680 97 1
685 97 3
