489 666 2
491 666 1
499 666 3
501 666 2
503 666 3
505 666 3
508 666 1
513 666 2
517 666 2
518 666 1
521 666 3
523 666 2
524 666 3
525 666 3
528 666 3
533 666 1
539 666 1
543 666 1
544 666 1
547 666 2
558 666 1
559 666 1
567 666 1
568 666 1
569 666 3
571 666 1
579 666 3
581 666 1
583 666 3
586 666 2
589 666 2
590 666 3
592 666 3
595 666 1
601 666 3
605 666 1
607 666 2
608 666 3
610 666 2
611 666 2
612 666 3
615 666 2
616 666 1
619 666 3
620 666 1
621 666 1
623 666 3
624 666 3
625 666 1
629 666 3
631 666 1
636 666 1
639 666 1
641 666 2
645 666 2
647 666 2
650 666 1
655 666 3
656 666 2
657 666 3
659 666 2
660 666 2
664 666 3
665 666 1
667 666 3
672 666 3
676 666 2
680 666 1
683 666 1
684 666 3
685 666 1
690 666 2
692 666 1
696 666 2
697 666 3
704 666 1
705 666 3
711 666 1
714 666 2
719 666 1
722 666 1
735 666 2
740 666 2
741 666 2
750 666 1
752 666 2
773 666 1
774 666 3
776 666 2
779 666 3
780 666 2
784 666 1
785 666 2
788 666 3
789 666 3
791 666 2
792 666 1
795 666 3
797 666 1
801 666 3
802 666 2
803 666 3
808 666 2
809 666 2
810 666 3
816 666 3
817 666 1
819 666 2
822 666 1
825 666 3
826 666 1
831 666 2
834 666 1
841 666 1
842 666 1
845 666 1
850 666 3
855 666 1
858 666 2
866 666 3
867 666 3
870 666 1
871 666 2
872 666 2
874 666 3
880 666 3
881 666 3
885 666 2
886 666 1
890 666 1
891 666 1
895 666 2
899 666 3
900 666 3
903 666 3
904 666 3
905 666 1
909 666 3
910 666 1
914 666 3
919 666 3
923 666 2
928 666 2
931 666 1
934 666 1
939 666 2
941 666 1
942 666 2
946 666 3
951 666 3
954 666 1
956 666 1
960 666 3
961 666 1
964 666 2
968 666 3
972 666 1
974 666 1
976 666 1
977 666 1
978 666 3
979 666 3
982 666 3
983 666 3
986 666 1
991 666 1
993 666 3
994 666 2
996 666 1
999 666 3
1 667 3
3 667 1
6 667 3
9 667 3
11 667 1
13 667 3
16 667 3
17 667 2
21 667 1
22 667 1
24 667 1
25 667 1
29 667 1
34 667 2
37 667 1
38 667 1
40 667 2
42 667 2
43 667 2
46 667 2
47 667 1
49 667 1
51 667 3
52 667 1
59 667 2
64 667 3
67 667 3
68 667 3
71 667 1
82 667 1
89 667 1
90 667 2
92 667 1
93 667 1
98 667 1
99 667 3
104 667 2
108 667 2
110 667 1
114 667 2
116 667 3
119 667 1
124 667 2
131 667 2
134 667 2
135 667 1
138 667 3
142 667 2
147 667 3
152 667 3
154 667 3
155 667 3
157 667 3
158 667 2
159 667 1
163 667 3
166 667 1
167 667 3
178 667 3
179 667 1
181 667 1
182 667 2
185 667 1
186 667 3
189 667 2
190 667 3
195 667 1
196 667 1
200 667 3
203 667 3
204 667 2
205 667 1
207 667 2
209 667 3
210 667 1
215 667 2
216 667 2
224 667 1
226 667 1
234 667 1
236 667 1
238 667 3
248 667 2
249 667 2
258 667 3
259 667 3
263 667 1
267 667 1
269 667 2
273 667 1
276 667 1
281 667 1
282 667 1
283 667 2
286 667 2
288 667 3
291 667 1
292 667 1
304 667 3
307 667 3
308 667 3
315 667 3
316 667 2
318 667 2
320 667 1
321 667 1
322 667 1
325 667 2
326 667 2
335 667 2
336 667 1
337 667 3
338 667 3
342 667 1
343 667 1
347 667 3
349 667 2
353 667 3
355 667 1
357 667 1
361 667 3
362 667 3
363 667 3
364 667 1
368 667 1
370 667 2
371 667 1
373 667 3
378 667 3
381 667 2
382 667 3
386 667 3
395 667 3
405 667 2
406 667 2
407 667 2
408 667 2
410 667 3
411 667 1
412 667 1
415 667 3
417 667 1
419 667 3
423 667 1
427 667 1
431 667 1
434 667 3
437 667 1
438 667 1
439 667 2
442 667 3
446 667 3
450 667 2
452 667 2
453 667 1
455 667 3
456 667 1
459 667 3
460 667 2
464 667 3
470 667 3
476 667 3
478 667 1
482 667 3
486 667 1
490 667 1
491 667 2
494 667 3
496 667 1
498 667 2
501 667 1
514 667 1
515 667 2
518 667 3
519 667 1
522 667 3
524 667 2
525 667 3
527 667 3
528 667 2
529 667 1
531 667 2
534 667 3
536 667 1
537 667 1
540 667 3
541 667 2
546 667 1
550 667 1
551 667 3
552 667 1
553 667 2
560 667 1
561 667 3
562 667 2
564 667 2
567 667 2
571 667 1
572 667 3
573 667 2
574 667 1
576 667 1
579 667 2
580 667 3
581 667 1
585 667 1
588 667 3
590 667 2
597 667 2
601 667 3
602 667 2
603 667 2
604 667 3
612 667 2
613 667 3
619 667 1
621 667 2
624 667 2
627 667 3
630 667 3
631 667 2
633 667 2
634 667 1
646 667 1
651 667 1
652 667 2
656 667 1
657 667 1
658 667 2
660 667 1
663 667 1
664 667 1
665 667 2
670 667 2
671 667 3
672 667 1
673 667 3
674 667 2
677 667 1
678 667 3
681 667 1
682 667 3
689 667 2
691 667 3
695 667 1
698 667 1
710 667 3
711 667 1
713 667 3
714 667 2
715 667 2
717 667 3
720 667 2
724 667 2
727 667 3
730 667 1
731 667 1
736 667 1
746 667 3
747 667 3
753 667 2
754 667 2
755 667 1
757 667 1
760 667 2
764 667 2
766 667 2
778 667 2
783 667 1
787 667 3
790 667 3
791 667 3
795 667 1
796 667 1
798 667 2
799 667 3
803 667 1
806 667 3
813 667 2
815 667 1
818 667 1
822 667 2
823 667 1
826 667 3
835 667 3
837 667 3
840 667 1
843 667 1
850 667 1
855 667 3
856 667 3
870 667 3
876 667 3
877 667 3
884 667 1
886 667 2
887 667 3
890 667 3
898 667 3
901 667 2
902 667 1
913 667 1
914 667 1
917 667 1
918 667 3
923 667 1
925 667 1
927 667 3
928 667 1
929 667 3
932 667 2
937 667 1
945 667 3
949 667 3
954 667 1
957 667 3
959 667 1
963 667 1
969 667 3
970 667 1
971 667 3
985 667 3
986 667 1
987 667 1
992 667 1
995 667 3
4 668 3
8 668 2
10 668 2
11 668 2
13 668 1
15 668 2
19 668 3
20 668 3
24 668 2
28 668 3
30 668 3
31 668 1
33 668 3
35 668 2
39 668 3
40 668 3
42 668 3
47 668 1
50 668 2
51 668 1
54 668 1
61 668 3
65 668 1
66 668 1
69 668 1
74 668 1
77 668 3
79 668 2
80 668 2
82 668 3
86 668 3
87 668 3
88 668 1
91 668 1
97 668 3
98 668 2
99 668 3
105 668 3
106 668 1
107 668 1
112 668 2
113 668 3
116 668 3
120 668 1
121 668 2
125 668 3
128 668 3
129 668 3
135 668 3
136 668 1
138 668 3
141 668 1
143 668 2
146 668 3
149 668 1
151 668 1
153 668 3
155 668 1
156 668 1
162 668 1
163 668 3
167 668 1
168 668 1
185 668 1
187 668 3
188 668 1
189 668 3
190 668 1
200 668 1
201 668 1
202 668 2
203 668 2
206 668 2
210 668 3
216 668 3
219 668 1
224 668 1
226 668 1
233 668 2
237 668 3
246 668 3
247 668 3
250 668 2
251 668 1
252 668 1
253 668 3
257 668 3
259 668 3
261 668 3
263 668 2
267 668 3
270 668 3
271 668 1
275 668 1
277 668 2
279 668 1
280 668 3
283 668 2
295 668 1
304 668 2
306 668 2
307 668 2
311 668 3
314 668 3
315 668 1
333 668 2
334 668 2
336 668 1
339 668 1
340 668 1
342 668 3
346 668 3
350 668 2
354 668 1
359 668 2
360 668 1
365 668 3
380 668 1
384 668 2
388 668 1
390 668 2
391 668 1
394 668 3
395 668 3
396 668 3
397 668 3
400 668 1
404 668 1
405 668 2
406 668 3
411 668 2
412 668 1
414 668 3
415 668 2
421 668 3
422 668 2
423 668 1
428 668 1
432 668 1
441 668 1
442 668 3
444 668 1
448 668 3
451 668 2
452 668 1
463 668 2
468 668 3
474 668 1
475 668 1
476 668 2
478 668 1
482 668 1
484 668 2
486 668 1
491 668 2
492 668 3
495 668 3
497 668 1
498 668 2
500 668 3
503 668 3
506 668 1
510 668 2
511 668 1
516 668 2
527 668 3
532 668 1
534 668 1
535 668 1
539 668 3
