156 710 3
162 710 2
163 710 2
167 710 3
168 710 3
176 710 2
177 710 1
178 710 2
182 710 2
184 710 3
186 710 1
187 710 2
198 710 3
200 710 2
202 710 2
203 710 2
205 710 1
207 710 1
209 710 3
215 710 2
217 710 2
218 710 2
220 710 3
221 710 3
222 710 3
223 710 2
224 710 1
225 710 2
229 710 2
233 710 2
234 710 2
236 710 3
240 710 2
244 710 1
246 710 3
248 710 3
250 710 2
251 710 1
252 710 2
254 710 3
255 710 2
257 710 3
260 710 2
266 710 1
267 710 1
270 710 2
272 710 1
275 710 3
277 710 2
281 710 1
290 710 3
292 710 3
293 710 3
298 710 3
300 710 3
307 710 3
313 710 3
319 710 1
320 710 1
322 710 2
325 710 1
326 710 1
328 710 3
337 710 2
340 710 1
342 710 2
344 710 2
346 710 3
349 710 3
352 710 2
353 710 3
355 710 2
356 710 3
358 710 1
362 710 1
364 710 1
371 710 1
374 710 3
375 710 2
379 710 2
380 710 1
381 710 1
385 710 3
394 710 3
396 710 3
398 710 3
403 710 3
411 710 3
417 710 3
419 710 3
420 710 2
425 710 3
429 710 1
430 710 3
432 710 3
437 710 2
439 710 3
453 710 3
461 710 2
465 710 1
466 710 1
471 710 3
472 710 1
475 710 3
478 710 1
482 710 3
485 710 3
487 710 3
488 710 2
491 710 1
492 710 2
497 710 2
500 710 2
504 710 3
508 710 1
509 710 1
510 710 1
513 710 2
518 710 3
519 710 3
520 710 1
523 710 1
524 710 1
525 710 3
529 710 2
535 710 2
536 710 3
541 710 2
543 710 1
548 710 3
549 710 2
551 710 3
552 710 1
553 710 2
554 710 3
555 710 3
560 710 3
561 710 3
562 710 1
566 710 3
571 710 2
575 710 1
578 710 1
582 710 3
583 710 2
586 710 1
587 710 2
588 710 3
591 710 1
592 710 3
593 710 1
595 710 1
598 710 3
599 710 3
600 710 3
601 710 3
603 710 3
605 710 3
607 710 1
608 710 1
610 710 1
611 710 1
612 710 3
614 710 3
617 710 3
620 710 3
621 710 3
625 710 2
626 710 1
631 710 2
634 710 3
635 710 3
636 710 2
639 710 1
641 710 2
648 710 2
653 710 3
662 710 1
663 710 1
665 710 3
670 710 1
672 710 3
673 710 1
675 710 3
682 710 3
686 710 3
695 710 1
700 710 1
703 710 3
708 710 1
712 710 1
715 710 3
717 710 1
719 710 2
725 710 1
731 710 2
733 710 3
734 710 3
736 710 1
737 710 2
738 710 3
740 710 1
741 710 1
742 710 3
745 710 1
746 710 2
747 710 1
749 710 2
753 710 1
754 710 3
763 710 3
764 710 1
766 710 2
767 710 2
770 710 2
773 710 3
775 710 1
780 710 3
783 710 3
788 710 2
792 710 3
795 710 1
797 710 1
799 710 2
801 710 3
807 710 2
808 710 2
810 710 1
811 710 2
814 710 1
815 710 3
816 710 2
821 710 2
822 710 1
829 710 2
834 710 3
836 710 2
845 710 1
855 710 1
860 710 1
861 710 3
862 710 3
863 710 2
877 710 3
880 710 2
881 710 1
882 710 2
884 710 2
889 710 1
891 710 2
892 710 3
893 710 2
895 710 1
896 710 1
897 710 2
899 710 2
906 710 3
915 710 2
916 710 2
920 710 2
922 710 3
925 710 2
926 710 2
931 710 3
933 710 3
940 710 3
942 710 3
943 710 2
945 710 2
955 710 2
959 710 1
965 710 3
969 710 3
971 710 2
973 710 1
974 710 1
975 710 1
980 710 1
981 710 2
982 710 1
987 710 3
993 710 3
994 710 3
998 710 2
999 710 1
3 711 3
4 711 2
8 711 2
9 711 3
20 711 2
22 711 2
23 711 3
26 711 2
27 711 3
29 711 3
32 711 3
35 711 1
36 711 2
40 711 3
47 711 3
50 711 1
53 711 2
55 711 2
57 711 3
69 711 2
71 711 3
74 711 3
75 711 3
85 711 1
86 711 3
87 711 3
90 711 2
93 711 1
95 711 3
97 711 1
100 711 1
103 711 2
106 711 3
113 711 1
120 711 1
125 711 2
127 711 2
128 711 2
129 711 2
131 711 1
133 711 2
140 711 2
145 711 3
148 711 2
153 711 1
154 711 2
158 711 2
160 711 1
161 711 2
162 711 2
165 711 3
166 711 1
167 711 3
171 711 2
173 711 2
182 711 3
185 711 1
193 711 1
194 711 1
195 711 3
197 711 3
199 711 3
200 711 1
201 711 2
202 711 1
203 711 2
212 711 3
214 711 2
216 711 3
217 711 1
219 711 2
222 711 1
224 711 2
228 711 1
229 711 1
232 711 1
238 711 1
240 711 3
243 711 3
251 711 2
256 711 1
258 711 3
259 711 1
260 711 3
261 711 2
262 711 3
263 711 2
264 711 1
266 711 1
272 711 3
275 711 1
276 711 1
282 711 1
285 711 1
287 711 3
288 711 1
292 711 3
293 711 1
296 711 2
297 711 2
300 711 1
303 711 1
304 711 2
305 711 1
307 711 3
308 711 2
309 711 3
311 711 2
314 711 3
315 711 3
325 711 3
326 711 1
332 711 1
334 711 1
335 711 3
336 711 3
338 711 2
339 711 1
341 711 2
350 711 1
351 711 1
353 711 2
355 711 1
363 711 1
366 711 2
369 711 1
373 711 3
375 711 1
378 711 3
382 711 2
387 711 1
388 711 2
395 711 3
401 711 3
403 711 3
407 711 1
409 711 3
411 711 2
412 711 1
413 711 2
420 711 2
421 711 2
423 711 2
426 711 2
427 711 3
431 711 3
438 711 2
440 711 3
443 711 3
445 711 2
446 711 3
447 711 1
449 711 1
459 711 1
460 711 1
462 711 1
463 711 1
465 711 3
468 711 1
469 711 3
470 711 1
474 711 2
476 711 1
478 711 1
484 711 1
495 711 1
505 711 1
510 711 2
514 711 1
519 711 2
521 711 2
522 711 1
524 711 3
529 711 2
530 711 1
533 711 1
534 711 1
538 711 1
540 711 2
546 711 1
548 711 1
551 711 1
555 711 3
557 711 1
558 711 1
561 711 2
570 711 1
571 711 3
572 711 1
576 711 1
578 711 1
580 711 3
584 711 3
586 711 3
589 711 2
597 711 2
598 711 2
599 711 3
600 711 3
605 711 1
610 711 2
619 711 3
620 711 1
621 711 3
623 711 3
625 711 1
626 711 3
627 711 1
630 711 1
631 711 1
633 711 1
638 711 3
640 711 2
644 711 1
647 711 3
650 711 2
651 711 2
652 711 1
653 711 3
656 711 1
657 711 2
660 711 1
661 711 1
667 711 1
671 711 3
677 711 1
678 711 3
681 711 1
682 711 1
683 711 3
684 711 1
688 711 2
692 711 3
693 711 1
695 711 3
696 711 3
706 711 3
709 711 3
711 711 2
715 711 2
720 711 2
721 711 1
722 711 2
725 711 1
726 711 1
727 711 1
728 711 1
737 711 2
739 711 2
740 711 1
745 711 3
750 711 2
755 711 3
756 711 3
757 711 2
758 711 2
760 711 2
767 711 2
770 711 2
775 711 3
776 711 3
783 711 2
793 711 2
796 711 1
797 711 3
798 711 3
799 711 3
804 711 2
806 711 1
810 711 2
812 711 1
818 711 3
821 711 1
822 711 2
827 711 3
835 711 3
836 711 2
837 711 1
843 711 3
844 711 3
847 711 2
849 711 3
850 711 1
851 711 1
852 711 2
855 711 2
861 711 3
865 711 3
872 711 1
874 711 2
875 711 1
876 711 3
877 711 3
879 711 3
881 711 1
884 711 1
885 711 2
886 711 3
887 711 3
894 711 2
895 711 3
897 711 1
903 711 1
904 711 3
907 711 1
910 711 2
913 711 3
914 711 3
922 711 3
924 711 2
928 711 2
930 711 2
936 711 1
939 711 2
941 711 1
942 711 2
946 711 2
948 711 3
949 711 3
950 711 2
952 711 1
953 711 2
955 711 3
959 711 3
966 711 1
974 711 1
976 711 2
977 711 1
979 711 2
985 711 3
988 711 1
996 711 1
997 711 1
998 711 3
3 712 2
4 712 2
9 712 3
10 712 1
14 712 1
15 712 3
18 712 1
19 712 3
26 712 1
27 712 3
30 712 1
35 712 2
38 712 1
41 712 2
42 712 2
43 712 3
44 712 3
46 712 2
48 712 2
50 712 2
53 712 2
55 712 1
56 712 2
68 712 3
69 712 1
72 712 3
75 712 1
83 712 2
84 712 2
88 712 1
90 712 3
97 712 1
102 712 2
103 712 2
104 712 1
107 712 2
108 712 1
109 712 3
113 712 3
118 712 2
124 712 2
127 712 3
132 712 2
133 712 2
139 712 1
141 712 3
142 712 1
