457 972 2
458 972 2
459 972 2
461 972 2
462 972 1
464 972 2
465 972 1
468 972 1
470 972 3
474 972 1
479 972 3
482 972 3
489 972 1
499 972 2
507 972 1
508 972 2
514 972 2
515 972 2
519 972 1
522 972 2
523 972 2
525 972 2
529 972 1
531 972 3
534 972 1
538 972 2
547 972 1
550 972 3
557 972 3
561 972 1
562 972 2
564 972 1
571 972 1
572 972 3
574 972 2
575 972 1
577 972 3
584 972 1
586 972 1
590 972 3
592 972 3
601 972 1
603 972 1
609 972 3
610 972 2
611 972 1
615 972 3
618 972 3
621 972 3
622 972 3
632 972 3
635 972 2
637 972 2
669 972 3
672 972 2
673 972 1
679 972 2
680 972 1
681 972 2
685 972 2
687 972 1
689 972 2
690 972 2
691 972 3
694 972 2
707 972 1
711 972 3
714 972 2
720 972 2
736 972 1
737 972 1
743 972 1
744 972 3
747 972 3
749 972 1
751 972 1
753 972 2
759 972 1
760 972 1
761 972 2
762 972 3
766 972 2
773 972 2
775 972 3
777 972 2
778 972 3
780 972 1
781 972 1
782 972 3
785 972 3
789 972 2
791 972 1
792 972 2
793 972 3
795 972 1
797 972 2
798 972 3
800 972 3
801 972 3
810 972 2
812 972 2
813 972 3
819 972 3
820 972 2
828 972 1
830 972 2
833 972 1
835 972 1
838 972 3
839 972 1
842 972 3
844 972 2
849 972 1
850 972 2
852 972 1
853 972 2
854 972 1
857 972 1
865 972 3
868 972 1
870 972 3
873 972 1
874 972 3
878 972 1
880 972 1
881 972 3
883 972 3
890 972 1
893 972 3
894 972 1
896 972 3
900 972 1
906 972 2
909 972 3
913 972 1
923 972 2
925 972 2
927 972 2
931 972 2
934 972 3
935 972 3
937 972 3
938 972 3
942 972 1
950 972 2
953 972 3
955 972 1
961 972 3
965 972 2
967 972 1
969 972 2
979 972 1
981 972 2
982 972 1
989 972 1
992 972 3
993 972 2
994 972 1
995 972 1
996 972 1
997 972 1
999 972 3
1 973 3
3 973 2
5 973 2
8 973 2
10 973 2
11 973 2
12 973 1
14 973 1
18 973 3
20 973 3
26 973 1
29 973 2
30 973 1
34 973 2
37 973 2
40 973 3
42 973 2
46 973 3
48 973 1
53 973 1
55 973 1
57 973 1
61 973 2
65 973 3
69 973 1
70 973 1
71 973 2
80 973 2
82 973 1
84 973 1
92 973 3
93 973 1
96 973 3
98 973 3
100 973 1
101 973 3
107 973 1
110 973 3
111 973 1
112 973 2
115 973 1
118 973 1
119 973 1
123 973 1
124 973 3
125 973 2
126 973 2
133 973 3
134 973 2
136 973 2
140 973 2
146 973 3
148 973 1
149 973 3
150 973 2
151 973 1
154 973 2
156 973 2
157 973 3
163 973 1
164 973 1
166 973 3
167 973 1
170 973 2
173 973 1
174 973 2
177 973 3
179 973 1
183 973 1
186 973 2
190 973 1
195 973 2
199 973 1
202 973 2
207 973 2
208 973 2
209 973 2
210 973 1
213 973 1
214 973 1
219 973 3
223 973 1
227 973 3
230 973 3
231 973 2
240 973 3
242 973 2
244 973 2
246 973 3
251 973 3
253 973 1
259 973 1
261 973 3
262 973 3
264 973 1
265 973 1
266 973 2
268 973 1
270 973 1
271 973 2
272 973 3
273 973 2
274 973 3
278 973 2
281 973 3
282 973 2
293 973 2
297 973 2
302 973 1
303 973 1
305 973 2
309 973 1
318 973 3
322 973 3
323 973 1
324 973 1
325 973 1
328 973 2
329 973 1
332 973 3
338 973 2
339 973 2
341 973 2
342 973 2
349 973 1
353 973 1
356 973 1
359 973 3
360 973 1
361 973 3
362 973 3
366 973 2
369 973 1
372 973 3
375 973 1
383 973 3
385 973 3
387 973 2
388 973 3
389 973 3
392 973 3
394 973 2
396 973 3
410 973 1
416 973 3
425 973 3
427 973 1
430 973 2
439 973 1
440 973 1
443 973 1
446 973 2
449 973 2
450 973 3
451 973 3
452 973 3
455 973 1
458 973 1
463 973 1
466 973 2
470 973 3
471 973 3
473 973 2
476 973 1
479 973 1
480 973 1
481 973 3
483 973 1
484 973 3
486 973 3
489 973 1
497 973 2
498 973 3
501 973 3
503 973 3
504 973 2
515 973 3
516 973 1
518 973 2
519 973 1
523 973 1
526 973 1
529 973 1
534 973 2
541 973 1
542 973 2
545 973 1
547 973 2
548 973 2
551 973 2
554 973 1
555 973 2
559 973 1
560 973 2
562 973 2
563 973 3
569 973 1
574 973 2
575 973 2
577 973 1
587 973 3
588 973 3
590 973 1
593 973 3
597 973 3
598 973 1
600 973 1
608 973 2
609 973 3
611 973 2
618 973 3
619 973 1
621 973 1
632 973 3
638 973 3
643 973 1
652 973 1
655 973 3
658 973 1
660 973 3
668 973 1
675 973 2
676 973 1
677 973 2
681 973 1
682 973 3
683 973 1
684 973 2
685 973 3
686 973 3
692 973 3
698 973 3
699 973 2
702 973 3
704 973 3
709 973 1
712 973 3
714 973 3
715 973 1
724 973 1
725 973 3
728 973 1
729 973 3
732 973 2
735 973 3
741 973 3
746 973 2
754 973 2
756 973 1
757 973 3
762 973 2
765 973 3
771 973 3
774 973 2
779 973 2
781 973 3
784 973 1
788 973 2
790 973 2
795 973 3
796 973 2
797 973 1
802 973 2
804 973 3
805 973 3
809 973 2
810 973 1
813 973 2
816 973 1
818 973 1
820 973 3
821 973 2
824 973 3
825 973 2
826 973 3
829 973 1
832 973 3
836 973 1
837 973 1
847 973 2
850 973 3
853 973 1
855 973 1
858 973 1
859 973 2
860 973 2
865 973 2
866 973 2
867 973 2
874 973 3
875 973 1
886 973 2
889 973 2
893 973 2
896 973 3
897 973 2
898 973 1
906 973 3
907 973 2
908 973 1
911 973 2
917 973 1
921 973 1
922 973 2
926 973 2
930 973 3
935 973 2
938 973 2
939 973 3
940 973 1
944 973 1
952 973 1
954 973 2
959 973 3
969 973 1
976 973 1
979 973 2
981 973 3
983 973 1
984 973 2
989 973 1
2 974 3
10 974 1
12 974 1
22 974 1
23 974 2
34 974 2
36 974 2
39 974 2
43 974 3
47 974 2
48 974 1
51 974 3
53 974 3
55 974 1
59 974 2
61 974 3
62 974 3
64 974 2
69 974 1
74 974 2
75 974 3
78 974 3
80 974 3
81 974 3
82 974 2
84 974 1
85 974 3
86 974 2
90 974 3
95 974 3
97 974 1
98 974 3
100 974 2
101 974 2
108 974 1
112 974 2
113 974 1
114 974 1
116 974 1
117 974 2
118 974 1
120 974 2
122 974 3
123 974 2
124 974 3
126 974 2
130 974 3
131 974 3
134 974 1
140 974 2
142 974 1
147 974 1
148 974 3
149 974 2
153 974 2
156 974 3
157 974 3
162 974 1
167 974 2
171 974 1
172 974 2
175 974 3
180 974 2
182 974 2
187 974 2
197 974 1
199 974 2
201 974 3
206 974 2
208 974 3
214 974 2
221 974 3
226 974 1
228 974 2
232 974 2
233 974 2
236 974 3
239 974 3
240 974 1
242 974 1
245 974 2
248 974 3
250 974 2
252 974 3
253 974 1
260 974 1
265 974 3
267 974 3
270 974 2
271 974 3
272 974 3
279 974 3
282 974 2
283 974 2
286 974 2
289 974 3
290 974 3
294 974 1
296 974 2
306 974 2
307 974 1
314 974 1
320 974 3
322 974 2
324 974 1
326 974 2
328 974 3
329 974 2
337 974 2
339 974 2
340 974 2
348 974 1
351 974 2
352 974 3
353 974 2
356 974 1
363 974 3
369 974 2
372 974 2
376 974 3
378 974 3
383 974 3
386 974 1
394 974 2
395 974 3
396 974 2
401 974 1
402 974 3
403 974 2
412 974 3
415 974 1
422 974 2
423 974 2
425 974 1
427 974 3
431 974 3
434 974 3
435 974 2
437 974 1
440 974 3
442 974 1
443 974 1
446 974 2
448 974 3
450 974 3
455 974 2
457 974 2
459 974 3
462 974 3
464 974 2
469 974 1
472 974 2
475 974 3
476 974 3
485 974 1
487 974 1
491 974 2
494 974 2
496 974 2
498 974 3
499 974 3
500 974 2
505 974 2
510 974 3
511 974 2
512 974 3
514 974 1
519 974 1
521 974 2
522 974 1
524 974 2
526 974 2
527 974 3
531 974 1
538 974 3
543 974 3
546 974 2
547 974 1
549 974 2
554 974 1
557 974 1
558 974 1
559 974 1
