706 187 1
710 187 1
715 187 2
717 187 2
728 187 1
731 187 2
738 187 2
744 187 1
746 187 2
748 187 2
749 187 1
750 187 1
755 187 2
757 187 3
762 187 1
768 187 2
769 187 1
771 187 3
774 187 3
782 187 2
784 187 2
785 187 3
786 187 1
787 187 1
788 187 1
789 187 3
792 187 3
795 187 3
796 187 2
797 187 3
801 187 1
804 187 2
806 187 1
807 187 2
808 187 3
811 187 2
812 187 1
816 187 2
818 187 2
820 187 1
823 187 3
825 187 3
826 187 3
829 187 1
832 187 3
834 187 2
835 187 2
838 187 2
848 187 3
850 187 1
852 187 3
854 187 3
859 187 3
860 187 2
862 187 1
865 187 1
868 187 2
873 187 2
875 187 2
877 187 1
879 187 1
885 187 2
886 187 3
889 187 3
891 187 3
894 187 2
895 187 1
896 187 1
899 187 3
902 187 1
903 187 1
904 187 1
907 187 1
909 187 3
913 187 1
915 187 3
917 187 2
919 187 1
922 187 2
926 187 1
931 187 2
932 187 1
933 187 2
934 187 3
938 187 1
940 187 3
943 187 3
946 187 2
947 187 1
949 187 1
950 187 2
958 187 2
959 187 1
961 187 1
962 187 1
963 187 1
965 187 2
967 187 2
969 187 2
970 187 3
972 187 1
975 187 1
976 187 3
978 187 2
979 187 2
982 187 1
986 187 2
990 187 3
994 187 1
998 187 2
999 187 2
0 188 1
1 188 3
4 188 3
8 188 2
9 188 1
11 188 3
13 188 3
15 188 2
17 188 2
20 188 1
23 188 3
26 188 3
27 188 3
28 188 2
30 188 2
32 188 2
33 188 3
36 188 2
37 188 3
38 188 1
41 188 2
42 188 1
43 188 1
51 188 2
55 188 1
58 188 2
65 188 2
67 188 2
69 188 3
71 188 3
72 188 3
76 188 1
77 188 3
78 188 1
81 188 1
82 188 1
83 188 3
86 188 1
87 188 1
91 188 1
92 188 3
94 188 3
95 188 1
96 188 1
106 188 3
107 188 1
110 188 3
112 188 1
114 188 3
117 188 2
118 188 3
119 188 1
120 188 3
127 188 2
128 188 2
134 188 2
136 188 3
137 188 3
143 188 2
147 188 1
150 188 3
151 188 3
152 188 2
153 188 2
155 188 2
158 188 3
159 188 3
160 188 1
161 188 3
164 188 1
166 188 1
168 188 2
169 188 3
172 188 1
173 188 3
178 188 1
186 188 1
189 188 1
192 188 2
193 188 1
196 188 1
201 188 3
202 188 1
204 188 2
205 188 3
215 188 3
216 188 3
218 188 1
220 188 3
221 188 2
223 188 3
224 188 3
226 188 2
229 188 2
230 188 3
237 188 1
238 188 3
242 188 1
250 188 3
256 188 2
257 188 1
259 188 2
263 188 3
266 188 2
267 188 1
273 188 1
277 188 3
281 188 2
282 188 1
284 188 1
285 188 2
293 188 3
296 188 1
298 188 3
301 188 3
306 188 2
307 188 3
309 188 2
311 188 2
312 188 3
317 188 1
320 188 3
324 188 2
326 188 2
327 188 1
330 188 3
332 188 2
337 188 2
340 188 2
342 188 1
345 188 3
349 188 3
350 188 3
352 188 2
354 188 3
356 188 2
360 188 1
364 188 3
367 188 3
370 188 2
374 188 3
379 188 2
380 188 1
382 188 3
385 188 1
390 188 3
393 188 1
395 188 2
399 188 2
406 188 3
408 188 2
416 188 3
417 188 1
422 188 3
423 188 3
424 188 3
425 188 2
426 188 2
429 188 2
433 188 1
435 188 2
438 188 2
439 188 3
442 188 2
443 188 1
447 188 1
448 188 2
449 188 3
451 188 3
454 188 2
455 188 2
457 188 3
463 188 3
464 188 3
469 188 2
472 188 3
473 188 1
474 188 1
482 188 3
489 188 3
492 188 3
493 188 3
498 188 1
500 188 1
502 188 2
505 188 1
508 188 2
517 188 2
518 188 2
519 188 1
527 188 2
529 188 1
533 188 2
539 188 3
541 188 2
546 188 1
547 188 1
548 188 1
549 188 3
554 188 3
559 188 1
560 188 3
561 188 1
563 188 3
564 188 3
565 188 3
570 188 2
571 188 2
573 188 1
575 188 1
586 188 3
587 188 2
588 188 1
589 188 2
592 188 2
596 188 2
597 188 3
605 188 3
606 188 1
607 188 2
610 188 2
615 188 2
625 188 1
627 188 2
635 188 3
636 188 2
640 188 3
646 188 3
647 188 3
648 188 1
653 188 2
656 188 1
664 188 2
665 188 3
667 188 1
668 188 2
670 188 3
675 188 3
677 188 2
683 188 3
684 188 2
690 188 3
691 188 3
692 188 3
693 188 1
700 188 3
701 188 1
704 188 3
709 188 1
711 188 3
712 188 1
718 188 2
719 188 2
722 188 1
726 188 1
728 188 2
729 188 1
731 188 2
732 188 1
733 188 1
734 188 2
737 188 1
739 188 1
744 188 3
748 188 3
752 188 2
759 188 1
763 188 2
764 188 1
772 188 1
774 188 1
782 188 1
785 188 2
786 188 3
789 188 1
792 188 3
795 188 2
798 188 2
800 188 1
803 188 2
805 188 3
807 188 1
810 188 1
811 188 1
813 188 3
817 188 1
821 188 2
822 188 1
824 188 2
828 188 3
829 188 3
831 188 2
836 188 2
839 188 1
841 188 1
843 188 1
845 188 3
847 188 1
848 188 1
849 188 3
857 188 2
858 188 2
860 188 2
862 188 3
864 188 1
867 188 3
870 188 1
872 188 2
874 188 2
886 188 3
887 188 3
888 188 2
890 188 2
891 188 1
892 188 2
893 188 3
899 188 1
901 188 3
904 188 2
906 188 1
907 188 2
908 188 3
912 188 3
916 188 3
918 188 2
919 188 3
920 188 2
921 188 3
922 188 3
929 188 3
932 188 1
937 188 3
939 188 1
944 188 1
945 188 1
946 188 2
948 188 1
950 188 2
951 188 3
952 188 3
959 188 3
979 188 3
981 188 3
983 188 1
988 188 1
992 188 1
993 188 1
0 189 3
1 189 2
3 189 2
4 189 3
8 189 2
10 189 2
17 189 2
22 189 2
26 189 2
30 189 2
31 189 2
33 189 3
34 189 2
36 189 1
44 189 1
46 189 1
47 189 2
50 189 3
52 189 1
55 189 2
59 189 2
61 189 1
66 189 1
67 189 1
69 189 1
74 189 3
85 189 2
86 189 2
94 189 1
95 189 2
96 189 1
98 189 2
108 189 3
115 189 3
121 189 1
122 189 2
123 189 2
130 189 3
132 189 2
134 189 3
135 189 3
139 189 3
141 189 2
149 189 2
150 189 2
154 189 3
156 189 1
161 189 2
169 189 3
171 189 1
181 189 1
186 189 3
187 189 3
191 189 1
195 189 2
196 189 1
200 189 1
202 189 2
203 189 3
204 189 1
205 189 1
206 189 3
212 189 3
219 189 3
220 189 2
222 189 3
231 189 1
232 189 3
233 189 3
234 189 2
236 189 1
240 189 2
246 189 1
248 189 2
250 189 2
251 189 3
258 189 2
261 189 3
263 189 3
266 189 2
268 189 1
270 189 1
273 189 2
274 189 3
275 189 1
278 189 3
280 189 1
281 189 1
282 189 2
290 189 3
298 189 2
303 189 2
304 189 1
312 189 1
313 189 3
317 189 2
319 189 2
320 189 2
322 189 1
323 189 3
326 189 1
327 189 3
329 189 1
331 189 1
332 189 1
336 189 3
340 189 1
342 189 3
343 189 3
344 189 1
345 189 3
347 189 3
354 189 3
355 189 1
357 189 2
365 189 1
367 189 1
369 189 3
373 189 2
378 189 1
382 189 3
388 189 2
390 189 3
391 189 1
396 189 1
397 189 2
398 189 3
409 189 1
410 189 3
414 189 3
416 189 2
418 189 3
423 189 2
424 189 2
427 189 2
429 189 2
431 189 1
432 189 2
433 189 2
435 189 1
443 189 2
445 189 3
446 189 3
448 189 1
449 189 1
451 189 3
452 189 3
453 189 1
463 189 1
466 189 3
470 189 3
479 189 1
482 189 2
484 189 2
488 189 3
491 189 2
494 189 3
503 189 1
505 189 1
508 189 1
509 189 3
513 189 1
519 189 2
525 189 1
526 189 3
530 189 1
532 189 1
533 189 3
536 189 3
538 189 1
540 189 3
541 189 3
548 189 1
549 189 2
552 189 2
554 189 1
556 189 1
559 189 2
570 189 2
573 189 2
574 189 1
576 189 2
588 189 1
592 189 2
595 189 3
598 189 2
599 189 1
600 189 1
601 189 2
607 189 2
608 189 3
612 189 2
613 189 3
615 189 3
616 189 3
621 189 1
622 189 2
623 189 1
631 189 3
633 189 1
634 189 1
636 189 1
638 189 3
639 189 2
640 189 3
644 189 2
646 189 1
652 189 1
