368 798 3
369 798 2
373 798 2
378 798 3
380 798 2
383 798 1
386 798 3
390 798 1
400 798 2
404 798 1
405 798 2
412 798 2
415 798 2
426 798 2
429 798 2
441 798 2
443 798 2
453 798 2
455 798 2
456 798 2
464 798 3
465 798 1
466 798 1
467 798 1
469 798 3
471 798 2
472 798 2
473 798 1
474 798 2
478 798 3
482 798 1
483 798 2
486 798 1
490 798 1
492 798 1
493 798 1
495 798 2
499 798 1
502 798 3
506 798 2
507 798 3
508 798 2
513 798 3
514 798 2
517 798 3
521 798 1
522 798 3
523 798 3
525 798 3
526 798 3
530 798 3
534 798 1
541 798 3
542 798 2
544 798 1
547 798 3
549 798 3
550 798 1
551 798 3
552 798 3
555 798 2
557 798 3
559 798 2
565 798 1
566 798 3
573 798 1
575 798 2
578 798 3
581 798 1
583 798 2
584 798 3
585 798 2
587 798 2
589 798 2
593 798 2
594 798 1
596 798 1
597 798 1
598 798 2
599 798 3
601 798 1
605 798 2
610 798 2
617 798 2
618 798 1
620 798 1
621 798 1
623 798 3
624 798 1
625 798 2
627 798 1
630 798 1
631 798 2
633 798 3
642 798 2
643 798 3
644 798 3
648 798 3
651 798 2
652 798 2
653 798 2
655 798 3
656 798 1
657 798 1
660 798 1
670 798 2
673 798 2
674 798 2
675 798 1
682 798 3
684 798 1
687 798 3
691 798 2
692 798 2
694 798 1
696 798 3
702 798 2
703 798 2
704 798 2
707 798 1
709 798 2
719 798 2
722 798 2
724 798 3
727 798 2
733 798 2
735 798 2
742 798 2
744 798 3
749 798 3
756 798 3
761 798 3
764 798 3
765 798 2
768 798 2
770 798 2
771 798 1
772 798 3
774 798 3
780 798 2
782 798 3
784 798 3
785 798 1
788 798 3
791 798 2
793 798 1
798 798 2
801 798 1
806 798 3
809 798 1
814 798 3
817 798 2
819 798 3
822 798 2
823 798 3
831 798 2
832 798 3
835 798 1
837 798 1
838 798 3
842 798 1
843 798 3
848 798 3
853 798 3
857 798 1
859 798 3
860 798 3
861 798 3
863 798 2
871 798 3
875 798 1
877 798 3
884 798 3
888 798 1
894 798 1
896 798 1
898 798 1
901 798 3
905 798 3
906 798 1
907 798 2
919 798 1
921 798 2
924 798 1
926 798 3
928 798 1
929 798 2
930 798 2
933 798 2
935 798 1
940 798 1
941 798 1
942 798 1
949 798 1
950 798 1
951 798 1
952 798 3
954 798 1
957 798 3
961 798 3
963 798 1
965 798 3
967 798 1
968 798 3
973 798 1
975 798 3
978 798 1
979 798 1
981 798 1
986 798 1
987 798 1
990 798 2
992 798 1
996 798 1
4 799 2
6 799 3
7 799 2
8 799 3
10 799 1
11 799 3
17 799 1
23 799 1
25 799 1
26 799 1
31 799 1
33 799 3
35 799 3
36 799 3
40 799 2
42 799 3
43 799 1
46 799 3
51 799 3
60 799 2
61 799 2
62 799 1
63 799 3
65 799 2
66 799 1
67 799 2
71 799 3
77 799 3
79 799 2
85 799 1
86 799 3
89 799 3
91 799 3
93 799 1
94 799 3
107 799 3
108 799 3
110 799 1
111 799 2
112 799 2
113 799 3
114 799 2
118 799 3
127 799 3
134 799 3
135 799 1
140 799 3
146 799 2
153 799 3
158 799 2
159 799 3
160 799 2
161 799 1
162 799 3
163 799 2
169 799 2
176 799 2
177 799 2
178 799 1
183 799 1
188 799 1
190 799 2
191 799 2
192 799 1
193 799 2
195 799 3
200 799 3
201 799 2
203 799 1
205 799 1
209 799 3
210 799 3
211 799 2
212 799 1
214 799 3
218 799 2
223 799 2
225 799 2
226 799 1
232 799 3
238 799 1
239 799 1
240 799 2
244 799 2
247 799 2
249 799 3
250 799 3
251 799 2
255 799 1
263 799 3
265 799 3
268 799 1
269 799 2
271 799 2
275 799 3
278 799 2
281 799 3
283 799 1
285 799 1
288 799 3
293 799 2
294 799 1
297 799 2
303 799 1
304 799 1
305 799 2
307 799 2
311 799 3
315 799 1
320 799 3
322 799 2
325 799 1
327 799 1
331 799 1
332 799 1
333 799 3
337 799 3
340 799 2
344 799 2
347 799 3
349 799 1
350 799 1
356 799 3
357 799 3
358 799 2
360 799 3
363 799 2
364 799 3
366 799 2
367 799 2
368 799 1
370 799 2
375 799 1
379 799 1
380 799 1
389 799 1
391 799 3
392 799 2
393 799 2
396 799 2
397 799 1
399 799 2
403 799 3
406 799 3
407 799 3
409 799 1
411 799 3
414 799 3
418 799 1
419 799 1
422 799 3
423 799 1
426 799 2
427 799 1
430 799 2
432 799 3
435 799 2
436 799 2
437 799 3
438 799 1
440 799 1
441 799 2
442 799 2
443 799 3
444 799 1
445 799 2
450 799 3
452 799 1
455 799 3
460 799 2
462 799 2
466 799 1
468 799 2
478 799 1
479 799 1
482 799 1
487 799 2
490 799 3
491 799 3
495 799 3
499 799 3
502 799 3
505 799 1
508 799 2
511 799 1
515 799 1
517 799 1
518 799 1
520 799 2
527 799 2
528 799 3
530 799 1
532 799 2
534 799 3
541 799 3
543 799 2
544 799 1
546 799 2
550 799 1
554 799 1
558 799 3
563 799 3
565 799 1
567 799 3
569 799 1
571 799 1
572 799 2
573 799 2
576 799 2
577 799 1
579 799 2
580 799 3
581 799 3
582 799 3
583 799 3
589 799 1
593 799 3
596 799 1
599 799 3
602 799 2
603 799 2
605 799 3
606 799 3
607 799 2
610 799 2
617 799 1
620 799 1
624 799 2
628 799 2
631 799 3
637 799 1
638 799 2
639 799 3
643 799 2
646 799 2
648 799 1
653 799 1
656 799 2
670 799 2
672 799 3
673 799 2
675 799 2
676 799 3
677 799 3
690 799 1
700 799 1
702 799 3
703 799 3
707 799 1
709 799 3
710 799 1
717 799 3
720 799 3
722 799 3
728 799 3
730 799 2
731 799 1
741 799 1
743 799 3
745 799 1
748 799 1
753 799 2
757 799 2
760 799 1
772 799 3
775 799 1
780 799 2
782 799 1
789 799 1
791 799 2
793 799 1
795 799 3
797 799 3
798 799 1
802 799 2
808 799 2
817 799 1
825 799 3
826 799 3
827 799 1
829 799 2
830 799 1
832 799 2
835 799 3
836 799 2
837 799 1
838 799 1
842 799 3
844 799 3
845 799 2
847 799 1
848 799 1
849 799 3
859 799 3
860 799 1
863 799 3
864 799 2
866 799 2
868 799 1
869 799 1
871 799 1
878 799 2
879 799 3
887 799 3
888 799 2
894 799 3
895 799 3
896 799 2
898 799 2
899 799 2
906 799 3
907 799 3
909 799 2
912 799 3
913 799 3
914 799 2
917 799 2
918 799 1
922 799 3
925 799 2
926 799 3
927 799 1
929 799 1
931 799 3
933 799 2
935 799 2
941 799 2
945 799 3
948 799 3
949 799 2
951 799 2
952 799 1
959 799 2
965 799 3
968 799 2
971 799 1
972 799 2
984 799 3
990 799 1
996 799 3
999 799 1
2 800 3
7 800 2
11 800 3
13 800 3
14 800 2
15 800 2
17 800 3
18 800 3
22 800 2
23 800 2
26 800 2
32 800 3
35 800 3
36 800 1
46 800 3
48 800 2
50 800 1
51 800 1
54 800 1
56 800 3
59 800 2
68 800 3
69 800 1
70 800 1
71 800 3
74 800 1
77 800 2
79 800 3
87 800 2
92 800 3
93 800 3
94 800 2
95 800 2
97 800 3
104 800 2
105 800 2
107 800 3
114 800 3
115 800 3
117 800 2
124 800 3
126 800 2
127 800 2
129 800 3
131 800 3
132 800 3
136 800 3
140 800 3
141 800 1
145 800 2
152 800 2
158 800 2
161 800 3
165 800 3
170 800 3
173 800 2
174 800 2
178 800 2
182 800 1
184 800 1
188 800 3
189 800 2
206 800 1
208 800 1
209 800 3
210 800 3
212 800 3
225 800 2
239 800 3
243 800 1
251 800 1
254 800 3
258 800 1
259 800 1
261 800 2
267 800 1
270 800 2
272 800 1
282 800 1
284 800 1
285 800 1
288 800 1
289 800 3
290 800 2
292 800 3
294 800 1
298 800 3
299 800 1
309 800 2
310 800 3
316 800 2
318 800 3
319 800 2
320 800 2
327 800 2
329 800 2
330 800 2
335 800 2
342 800 1
350 800 1
351 800 1
361 800 1
366 800 1
369 800 1
370 800 1
374 800 3
376 800 2
377 800 1
379 800 2
389 800 3
394 800 3
