703 380 2
705 380 1
710 380 1
712 380 2
714 380 2
716 380 3
717 380 1
720 380 3
722 380 1
726 380 2
733 380 2
738 380 3
748 380 2
749 380 2
756 380 2
761 380 2
766 380 2
767 380 1
773 380 3
775 380 3
776 380 3
778 380 1
789 380 1
792 380 1
794 380 2
800 380 3
801 380 3
802 380 2
805 380 3
806 380 1
808 380 1
814 380 1
816 380 2
817 380 3
820 380 1
821 380 1
823 380 2
824 380 1
829 380 3
831 380 1
833 380 2
834 380 3
836 380 1
838 380 1
843 380 2
845 380 1
846 380 2
854 380 2
859 380 3
860 380 1
863 380 3
865 380 3
866 380 2
868 380 3
869 380 1
873 380 3
874 380 1
875 380 1
876 380 2
880 380 2
882 380 3
883 380 1
884 380 2
885 380 3
886 380 2
888 380 1
890 380 3
891 380 2
895 380 1
901 380 1
903 380 2
906 380 3
907 380 1
912 380 2
918 380 2
919 380 2
923 380 2
938 380 3
940 380 1
943 380 2
946 380 2
948 380 2
951 380 1
952 380 2
957 380 3
958 380 2
962 380 3
963 380 1
964 380 2
965 380 1
974 380 2
997 380 1
998 380 3
3 381 3
4 381 2
5 381 3
6 381 3
11 381 1
12 381 3
13 381 2
14 381 3
16 381 1
17 381 1
18 381 2
22 381 3
26 381 1
30 381 1
32 381 2
35 381 1
38 381 2
41 381 3
43 381 3
50 381 1
53 381 3
55 381 1
57 381 3
58 381 1
63 381 3
64 381 1
65 381 3
67 381 2
69 381 1
75 381 1
76 381 2
79 381 1
81 381 2
84 381 1
86 381 3
87 381 1
88 381 2
89 381 3
90 381 1
92 381 1
93 381 3
94 381 3
97 381 3
98 381 1
102 381 2
103 381 3
106 381 3
110 381 1
115 381 1
117 381 2
119 381 3
120 381 3
122 381 1
127 381 2
128 381 1
130 381 3
134 381 1
136 381 2
138 381 2
142 381 2
143 381 2
144 381 2
145 381 1
146 381 3
147 381 1
148 381 1
152 381 3
158 381 2
160 381 2
161 381 3
162 381 3
167 381 3
169 381 3
170 381 1
171 381 2
172 381 3
173 381 1
176 381 2
181 381 1
182 381 1
183 381 3
190 381 2
191 381 2
199 381 3
202 381 2
204 381 1
205 381 3
208 381 3
217 381 1
219 381 1
220 381 2
225 381 1
228 381 1
231 381 2
232 381 1
235 381 3
236 381 3
237 381 2
239 381 2
240 381 2
241 381 1
244 381 1
247 381 3
250 381 2
254 381 1
257 381 2
258 381 1
259 381 3
264 381 2
270 381 1
271 381 1
273 381 1
274 381 1
277 381 2
279 381 2
280 381 1
281 381 1
284 381 1
285 381 3
287 381 2
293 381 3
300 381 1
301 381 3
305 381 1
310 381 2
312 381 3
314 381 2
317 381 2
322 381 3
324 381 3
325 381 1
327 381 3
328 381 3
330 381 3
347 381 3
348 381 2
356 381 3
359 381 1
368 381 3
369 381 2
370 381 2
380 381 2
383 381 1
385 381 1
386 381 2
387 381 3
389 381 1
390 381 2
392 381 1
393 381 2
394 381 3
398 381 3
400 381 2
406 381 1
408 381 1
415 381 2
416 381 2
424 381 3
427 381 3
429 381 3
437 381 2
443 381 2
446 381 2
448 381 2
449 381 3
453 381 2
455 381 1
458 381 3
460 381 3
465 381 3
468 381 2
470 381 2
474 381 2
475 381 2
477 381 3
478 381 3
479 381 1
481 381 1
484 381 2
485 381 2
486 381 2
491 381 1
496 381 3
500 381 2
505 381 3
514 381 3
520 381 1
523 381 1
526 381 1
527 381 2
530 381 3
532 381 1
534 381 2
536 381 1
538 381 2
539 381 3
540 381 1
544 381 3
546 381 1
548 381 3
553 381 3
555 381 1
556 381 2
561 381 2
562 381 1
566 381 2
569 381 1
574 381 3
576 381 3
583 381 1
585 381 1
595 381 1
596 381 2
604 381 3
607 381 3
613 381 1
614 381 3
615 381 2
616 381 2
617 381 2
618 381 2
619 381 2
620 381 1
621 381 2
624 381 2
629 381 3
630 381 2
632 381 1
637 381 1
640 381 3
645 381 2
654 381 3
656 381 2
659 381 1
661 381 3
663 381 2
664 381 2
668 381 2
673 381 3
676 381 3
678 381 1
679 381 2
680 381 2
683 381 3
688 381 3
692 381 2
694 381 1
699 381 1
700 381 2
701 381 1
704 381 2
706 381 1
707 381 1
709 381 2
713 381 2
714 381 2
719 381 3
721 381 2
723 381 1
724 381 3
732 381 1
736 381 1
737 381 3
739 381 2
747 381 2
748 381 2
749 381 1
750 381 1
751 381 2
753 381 1
757 381 3
758 381 2
759 381 3
760 381 2
762 381 1
763 381 3
766 381 1
768 381 1
771 381 2
772 381 3
775 381 1
777 381 1
780 381 1
785 381 2
790 381 2
791 381 3
794 381 1
795 381 1
797 381 1
798 381 1
799 381 3
801 381 1
804 381 2
805 381 2
806 381 1
809 381 3
810 381 3
814 381 3
815 381 3
816 381 3
818 381 1
820 381 3
821 381 1
822 381 2
826 381 2
828 381 1
829 381 1
832 381 1
834 381 3
840 381 1
845 381 3
848 381 1
852 381 1
855 381 1
858 381 2
859 381 2
863 381 3
866 381 3
869 381 1
871 381 2
872 381 1
876 381 3
881 381 1
886 381 1
887 381 1
889 381 3
895 381 1
897 381 2
899 381 3
901 381 2
902 381 3
904 381 2
909 381 2
911 381 3
912 381 2
913 381 1
916 381 1
918 381 1
927 381 1
928 381 1
931 381 3
933 381 2
936 381 2
937 381 3
938 381 3
939 381 2
940 381 2
942 381 2
946 381 1
952 381 1
954 381 3
955 381 2
957 381 1
959 381 1
964 381 3
965 381 3
974 381 3
977 381 3
978 381 2
981 381 3
984 381 2
990 381 1
993 381 1
994 381 3
995 381 3
6 382 2
9 382 2
10 382 2
11 382 1
12 382 3
21 382 1
22 382 3
29 382 2
30 382 3
34 382 3
36 382 3
40 382 3
42 382 3
45 382 2
46 382 2
47 382 2
49 382 1
51 382 3
53 382 3
54 382 3
55 382 3
56 382 2
57 382 3
58 382 1
65 382 1
66 382 3
67 382 2
73 382 1
75 382 3
76 382 3
80 382 1
81 382 3
83 382 2
87 382 3
88 382 2
89 382 2
92 382 1
96 382 1
101 382 1
104 382 3
108 382 1
109 382 3
112 382 1
113 382 3
117 382 3
122 382 2
124 382 1
131 382 3
132 382 3
133 382 3
134 382 2
139 382 2
140 382 3
141 382 3
145 382 2
147 382 1
148 382 1
150 382 3
151 382 1
155 382 2
156 382 3
157 382 3
158 382 3
159 382 1
166 382 3
168 382 2
172 382 2
176 382 3
178 382 1
180 382 1
188 382 1
191 382 1
197 382 3
198 382 3
199 382 3
204 382 1
208 382 2
212 382 2
213 382 1
214 382 3
218 382 3
220 382 1
224 382 3
225 382 3
227 382 3
232 382 1
233 382 1
234 382 2
235 382 2
236 382 2
237 382 1
242 382 3
243 382 3
247 382 3
250 382 3
252 382 3
257 382 1
259 382 1
262 382 3
266 382 3
271 382 2
273 382 2
274 382 3
278 382 2
283 382 2
287 382 3
292 382 3
294 382 1
301 382 1
302 382 1
303 382 2
311 382 3
313 382 3
314 382 2
315 382 2
318 382 3
319 382 2
323 382 1
324 382 1
327 382 3
329 382 2
330 382 1
331 382 1
332 382 1
335 382 3
336 382 3
340 382 2
341 382 1
342 382 3
343 382 2
349 382 3
351 382 1
352 382 3
354 382 2
356 382 3
357 382 2
358 382 3
367 382 2
368 382 2
370 382 2
371 382 1
372 382 3
373 382 2
376 382 2
377 382 3
380 382 2
381 382 3
383 382 2
384 382 2
385 382 2
386 382 3
388 382 3
391 382 3
395 382 1
399 382 2
403 382 1
407 382 1
408 382 2
409 382 1
414 382 1
416 382 3
417 382 3
418 382 1
419 382 3
423 382 1
429 382 1
430 382 2
437 382 1
438 382 2
450 382 2
451 382 2
452 382 3
454 382 3
455 382 2
460 382 2
466 382 2
468 382 3
473 382 1
476 382 1
480 382 3
487 382 2
488 382 3
491 382 2
493 382 1
494 382 3
497 382 3
498 382 2
499 382 1
501 382 3
505 382 3
511 382 3
512 382 1
518 382 1
520 382 2
526 382 3
534 382 1
537 382 2
546 382 3
547 382 2
548 382 2
550 382 3
558 382 3
566 382 1
568 382 1
570 382 1
572 382 2
575 382 1
580 382 2
