51 12 1
57 12 2
60 12 1
63 12 1
66 12 3
75 12 3
77 12 1
87 12 1
88 12 2
91 12 1
92 12 2
101 12 1
104 12 3
112 12 1
113 12 3
116 12 1
123 12 2
128 12 1
129 12 3
131 12 2
134 12 2
142 12 1
143 12 2
148 12 3
150 12 1
151 12 1
155 12 2
160 12 3
162 12 1
168 12 1
174 12 2
175 12 3
176 12 3
177 12 1
180 12 2
182 12 3
184 12 1
185 12 3
186 12 1
190 12 1
206 12 1
207 12 1
208 12 1
215 12 2
217 12 1
221 12 3
223 12 1
228 12 3
229 12 2
231 12 1
236 12 2
238 12 3
239 12 2
241 12 1
242 12 1
246 12 3
247 12 2
251 12 3
261 12 1
262 12 3
263 12 3
269 12 2
271 12 1
276 12 1
280 12 2
284 12 1
286 12 1
287 12 1
289 12 1
294 12 1
296 12 2
297 12 3
299 12 2
304 12 3
306 12 2
307 12 1
308 12 2
309 12 3
314 12 1
315 12 1
316 12 3
317 12 2
323 12 3
325 12 3
326 12 2
330 12 3
331 12 1
332 12 2
333 12 2
342 12 1
346 12 2
347 12 3
348 12 1
353 12 3
356 12 2
359 12 2
360 12 3
366 12 3
369 12 3
373 12 1
375 12 1
376 12 3
378 12 3
380 12 2
382 12 1
384 12 3
389 12 3
391 12 2
392 12 1
399 12 1
404 12 1
407 12 1
410 12 3
411 12 2
412 12 1
415 12 2
418 12 2
420 12 1
425 12 2
428 12 2
433 12 2
435 12 1
438 12 2
444 12 3
446 12 2
447 12 2
448 12 3
449 12 3
452 12 1
454 12 1
458 12 3
461 12 2
462 12 1
464 12 3
466 12 1
467 12 3
469 12 2
478 12 3
479 12 1
480 12 3
482 12 3
486 12 1
487 12 2
489 12 2
492 12 1
493 12 2
495 12 1
497 12 3
499 12 3
501 12 3
505 12 2
506 12 1
508 12 3
510 12 1
511 12 3
517 12 1
518 12 2
519 12 3
520 12 3
521 12 1
525 12 2
527 12 1
532 12 1
534 12 3
540 12 1
543 12 1
545 12 1
546 12 2
549 12 1
555 12 3
560 12 1
563 12 2
567 12 3
577 12 2
579 12 3
582 12 3
586 12 1
587 12 2
589 12 3
590 12 1
593 12 3
595 12 3
596 12 3
597 12 2
598 12 1
603 12 3
606 12 1
609 12 2
610 12 1
611 12 2
615 12 2
618 12 3
624 12 1
628 12 3
631 12 2
633 12 3
637 12 1
647 12 1
650 12 2
652 12 2
654 12 2
656 12 2
657 12 1
659 12 2
662 12 3
668 12 1
670 12 2
671 12 1
672 12 2
676 12 3
681 12 3
685 12 2
689 12 3
692 12 3
694 12 3
698 12 2
699 12 1
700 12 3
704 12 2
708 12 1
709 12 2
710 12 1
714 12 1
721 12 2
724 12 2
725 12 2
726 12 2
728 12 3
729 12 1
734 12 2
736 12 3
737 12 2
740 12 1
742 12 2
743 12 1
744 12 1
747 12 1
748 12 3
760 12 2
764 12 3
766 12 1
767 12 2
770 12 3
772 12 3
775 12 2
776 12 2
777 12 2
778 12 2
781 12 2
782 12 2
783 12 3
786 12 2
788 12 2
800 12 2
801 12 2
808 12 3
810 12 2
819 12 2
821 12 1
822 12 2
824 12 1
826 12 3
830 12 2
838 12 1
848 12 3
850 12 3
851 12 3
856 12 1
859 12 1
861 12 2
863 12 3
864 12 2
865 12 1
866 12 1
869 12 1
876 12 1
879 12 2
881 12 3
884 12 2
886 12 3
891 12 1
893 12 3
895 12 2
896 12 1
899 12 1
903 12 3
904 12 1
907 12 3
908 12 2
912 12 2
913 12 2
916 12 3
920 12 3
922 12 3
925 12 1
926 12 3
932 12 1
934 12 1
937 12 1
941 12 3
947 12 1
949 12 1
951 12 1
954 12 1
955 12 2
958 12 3
966 12 2
968 12 1
975 12 3
985 12 3
993 12 1
996 12 3
2 13 2
3 13 1
4 13 3
7 13 3
9 13 2
14 13 1
18 13 1
22 13 1
30 13 2
32 13 3
33 13 1
37 13 1
39 13 1
47 13 3
51 13 2
54 13 1
55 13 2
70 13 2
73 13 3
74 13 2
75 13 3
76 13 2
77 13 3
78 13 1
79 13 2
80 13 2
94 13 3
96 13 1
98 13 2
102 13 1
106 13 1
108 13 3
109 13 3
118 13 2
119 13 3
120 13 3
124 13 1
130 13 3
131 13 1
136 13 2
142 13 1
144 13 3
147 13 2
151 13 2
158 13 3
160 13 1
163 13 3
167 13 1
174 13 1
176 13 2
183 13 2
186 13 3
187 13 1
188 13 2
191 13 2
196 13 3
202 13 3
220 13 1
221 13 1
223 13 2
224 13 3
229 13 2
230 13 3
233 13 3
237 13 1
238 13 2
239 13 1
246 13 2
248 13 2
249 13 1
250 13 2
253 13 2
256 13 2
259 13 1
274 13 3
275 13 2
277 13 1
280 13 3
281 13 1
285 13 3
287 13 2
293 13 2
308 13 2
322 13 2
329 13 1
332 13 1
333 13 1
338 13 3
342 13 2
354 13 2
362 13 2
364 13 3
365 13 3
366 13 1
368 13 2
369 13 1
371 13 2
372 13 1
373 13 1
374 13 3
375 13 3
377 13 1
380 13 3
383 13 3
384 13 1
387 13 1
402 13 3
403 13 1
414 13 1
415 13 3
421 13 1
430 13 3
433 13 2
439 13 3
440 13 2
446 13 3
452 13 2
457 13 2
458 13 2
460 13 2
464 13 3
467 13 3
471 13 1
472 13 2
474 13 3
481 13 3
490 13 3
492 13 2
496 13 1
500 13 3
502 13 1
504 13 1
505 13 3
508 13 2
514 13 2
518 13 3
519 13 3
524 13 1
530 13 3
532 13 2
533 13 2
535 13 3
544 13 3
549 13 3
554 13 1
562 13 2
563 13 3
564 13 3
568 13 3
574 13 2
575 13 3
577 13 1
578 13 3
579 13 2
586 13 1
587 13 3
590 13 1
592 13 3
593 13 3
594 13 2
598 13 2
600 13 2
616 13 1
623 13 3
625 13 2
627 13 3
632 13 2
636 13 2
638 13 3
639 13 2
640 13 2
643 13 2
651 13 3
652 13 2
654 13 1
657 13 2
661 13 2
663 13 2
664 13 1
668 13 2
669 13 1
670 13 1
678 13 1
680 13 1
685 13 1
686 13 2
690 13 1
691 13 2
697 13 3
699 13 3
701 13 1
703 13 3
710 13 2
712 13 1
714 13 3
718 13 2
719 13 3
721 13 2
723 13 2
730 13 3
743 13 3
744 13 2
746 13 1
751 13 2
753 13 2
756 13 1
758 13 3
768 13 3
769 13 3
770 13 3
774 13 3
777 13 2
778 13 3
783 13 1
784 13 1
791 13 1
793 13 2
798 13 3
800 13 1
811 13 2
813 13 3
814 13 2
817 13 1
818 13 1
820 13 1
821 13 2
827 13 1
831 13 2
835 13 1
836 13 2
837 13 1
838 13 3
844 13 1
845 13 1
854 13 2
855 13 1
858 13 1
859 13 2
869 13 1
872 13 2
873 13 3
874 13 3
876 13 2
878 13 1
879 13 2
880 13 2
881 13 2
882 13 1
884 13 2
889 13 1
892 13 3
894 13 1
896 13 1
899 13 3
903 13 2
907 13 1
910 13 3
913 13 2
917 13 3
918 13 3
920 13 2
924 13 3
928 13 2
932 13 1
933 13 2
935 13 3
936 13 1
937 13 1
945 13 1
949 13 3
952 13 2
953 13 1
954 13 3
957 13 3
960 13 1
966 13 2
969 13 2
970 13 3
972 13 3
976 13 2
979 13 3
983 13 1
984 13 2
985 13 3
986 13 3
987 13 3
989 13 3
994 13 3
1 14 3
4 14 2
5 14 1
6 14 1
9 14 3
10 14 2
11 14 2
14 14 1
16 14 1
20 14 3
23 14 1
25 14 3
28 14 2
29 14 2
34 14 1
36 14 3
38 14 3
41 14 2
47 14 3
51 14 3
53 14 2
56 14 1
58 14 1
60 14 1
64 14 1
71 14 1
72 14 3
73 14 2
77 14 3
78 14 3
81 14 3
84 14 3
86 14 2
88 14 3
89 14 2
90 14 3
94 14 1
110 14 2
111 14 2
123 14 2
126 14 3
131 14 2
135 14 3
148 14 3
149 14 2
151 14 1
152 14 2
161 14 1
164 14 3
165 14 1
166 14 3
167 14 3
169 14 2
172 14 3
174 14 3
177 14 2
181 14 1
182 14 3
193 14 2
194 14 2
200 14 1
201 14 1
205 14 1
210 14 3
212 14 3
214 14 3
