716 576 1
717 576 2
721 576 3
724 576 2
728 576 2
735 576 3
736 576 3
741 576 1
747 576 1
750 576 1
753 576 1
756 576 2
759 576 3
773 576 1
774 576 2
775 576 3
776 576 2
777 576 3
778 576 3
784 576 3
791 576 1
794 576 3
810 576 3
819 576 1
826 576 2
829 576 3
832 576 3
833 576 1
841 576 3
842 576 3
846 576 1
852 576 1
857 576 2
858 576 2
860 576 3
865 576 1
867 576 3
868 576 2
869 576 2
870 576 1
871 576 2
873 576 3
875 576 1
876 576 2
877 576 3
885 576 1
888 576 1
892 576 2
895 576 2
901 576 1
902 576 1
904 576 1
905 576 1
910 576 3
912 576 1
913 576 2
916 576 1
917 576 3
919 576 2
921 576 3
922 576 1
930 576 3
931 576 2
934 576 3
937 576 1
943 576 2
948 576 3
951 576 1
953 576 3
955 576 2
959 576 3
960 576 2
965 576 2
966 576 1
968 576 1
969 576 3
972 576 1
979 576 1
982 576 1
983 576 1
985 576 1
986 576 1
991 576 3
992 576 3
998 576 3
4 577 3
5 577 2
6 577 1
8 577 1
12 577 2
13 577 3
14 577 3
15 577 2
16 577 3
17 577 2
18 577 3
20 577 3
22 577 2
27 577 1
28 577 3
31 577 2
35 577 3
38 577 1
39 577 1
41 577 3
42 577 2
44 577 2
45 577 2
48 577 1
59 577 1
60 577 1
62 577 3
67 577 2
68 577 1
71 577 1
74 577 3
81 577 2
82 577 3
83 577 2
85 577 2
87 577 2
89 577 2
91 577 3
92 577 2
93 577 1
95 577 3
96 577 3
106 577 3
121 577 3
123 577 1
125 577 2
129 577 3
133 577 1
142 577 3
144 577 3
147 577 3
151 577 2
155 577 3
162 577 3
166 577 1
168 577 3
169 577 1
173 577 1
174 577 1
175 577 2
179 577 3
180 577 3
183 577 2
196 577 2
200 577 2
208 577 1
210 577 3
212 577 3
215 577 3
219 577 3
228 577 2
235 577 2
239 577 3
244 577 3
245 577 2
248 577 1
255 577 3
258 577 1
259 577 1
260 577 2
262 577 1
264 577 2
268 577 1
274 577 2
281 577 1
283 577 1
285 577 2
286 577 1
289 577 1
292 577 2
294 577 2
297 577 2
302 577 2
305 577 1
308 577 1
313 577 1
315 577 3
321 577 1
323 577 2
326 577 3
333 577 3
335 577 1
336 577 1
338 577 1
339 577 3
341 577 1
343 577 3
344 577 1
345 577 2
346 577 2
360 577 3
363 577 3
365 577 1
366 577 1
368 577 3
371 577 1
373 577 1
375 577 2
378 577 1
386 577 3
387 577 2
390 577 2
391 577 2
392 577 1
394 577 1
396 577 1
397 577 3
405 577 3
406 577 1
408 577 3
411 577 1
414 577 2
417 577 1
419 577 3
421 577 3
423 577 3
426 577 2
427 577 2
431 577 2
432 577 2
433 577 3
434 577 2
437 577 3
438 577 1
441 577 3
443 577 2
446 577 3
447 577 3
449 577 1
454 577 2
457 577 3
460 577 2
465 577 2
483 577 3
486 577 2
494 577 3
496 577 1
497 577 3
499 577 3
503 577 1
504 577 1
505 577 1
517 577 2
518 577 2
520 577 1
521 577 1
522 577 1
525 577 1
526 577 2
531 577 2
535 577 1
539 577 2
541 577 1
546 577 1
552 577 1
554 577 1
556 577 1
560 577 2
561 577 3
562 577 3
564 577 2
570 577 3
571 577 2
573 577 2
574 577 3
577 577 1
580 577 3
585 577 3
587 577 2
591 577 1
596 577 1
603 577 2
605 577 3
612 577 2
623 577 3
626 577 2
627 577 2
629 577 2
631 577 3
632 577 3
634 577 2
635 577 3
637 577 1
640 577 1
646 577 2
649 577 1
654 577 2
655 577 1
656 577 3
657 577 1
658 577 3
665 577 2
667 577 2
668 577 3
676 577 1
677 577 3
678 577 1
679 577 1
685 577 1
687 577 1
688 577 1
692 577 2
695 577 3
701 577 2
703 577 3
707 577 1
709 577 1
710 577 2
713 577 2
714 577 2
716 577 3
717 577 3
722 577 2
723 577 1
727 577 3
728 577 3
733 577 3
734 577 1
736 577 3
738 577 3
740 577 1
741 577 2
744 577 1
746 577 1
747 577 2
748 577 2
750 577 1
751 577 1
752 577 1
754 577 2
758 577 2
769 577 3
770 577 3
771 577 3
776 577 2
777 577 3
779 577 2
788 577 1
791 577 2
793 577 3
797 577 2
805 577 2
806 577 2
810 577 2
813 577 3
819 577 1
820 577 2
822 577 3
827 577 2
831 577 1
832 577 3
837 577 3
841 577 1
842 577 1
846 577 1
848 577 3
852 577 2
855 577 2
857 577 2
858 577 2
859 577 2
861 577 2
864 577 2
865 577 3
866 577 3
869 577 2
870 577 1
871 577 2
872 577 2
875 577 3
877 577 2
878 577 2
879 577 1
889 577 1
898 577 1
903 577 3
904 577 2
915 577 3
916 577 2
919 577 1
920 577 1
930 577 2
937 577 3
939 577 2
941 577 3
943 577 2
945 577 3
951 577 2
952 577 2
966 577 1
967 577 3
970 577 2
974 577 2
977 577 2
980 577 3
981 577 2
984 577 3
988 577 1
991 577 3
993 577 2
995 577 1
998 577 2
999 577 3
4 578 1
6 578 1
7 578 2
8 578 1
10 578 2
11 578 3
13 578 2
16 578 1
18 578 2
20 578 1
26 578 1
27 578 1
28 578 3
29 578 2
32 578 2
38 578 2
39 578 1
41 578 1
44 578 1
46 578 3
53 578 3
55 578 1
56 578 2
57 578 2
59 578 2
61 578 2
63 578 3
64 578 3
78 578 2
79 578 3
82 578 2
83 578 1
84 578 2
86 578 3
90 578 2
91 578 3
93 578 3
95 578 1
96 578 2
99 578 1
102 578 1
104 578 1
106 578 3
112 578 1
119 578 1
122 578 3
125 578 1
127 578 1
128 578 2
130 578 3
132 578 2
134 578 3
135 578 3
139 578 2
141 578 1
145 578 1
151 578 2
155 578 2
159 578 1
161 578 3
162 578 2
163 578 2
169 578 3
179 578 3
188 578 3
194 578 1
197 578 1
198 578 1
199 578 1
207 578 1
212 578 1
215 578 2
223 578 2
224 578 1
225 578 2
230 578 1
231 578 3
232 578 3
235 578 2
242 578 1
244 578 2
245 578 3
246 578 3
247 578 1
251 578 1
255 578 3
256 578 1
261 578 1
263 578 3
264 578 2
269 578 2
271 578 3
273 578 3
278 578 1
279 578 3
286 578 3
293 578 2
298 578 1
300 578 2
302 578 2
305 578 1
308 578 2
317 578 3
318 578 2
319 578 3
320 578 2
323 578 2
329 578 3
333 578 1
337 578 2
338 578 2
341 578 2
347 578 3
350 578 1
351 578 3
352 578 3
360 578 3
361 578 2
363 578 1
364 578 3
369 578 3
374 578 3
376 578 3
378 578 1
380 578 2
384 578 3
388 578 3
392 578 2
400 578 2
405 578 2
408 578 3
409 578 3
413 578 2
419 578 2
422 578 3
425 578 2
428 578 1
442 578 2
443 578 2
446 578 3
447 578 3
449 578 2
450 578 3
453 578 3
454 578 1
457 578 2
459 578 3
460 578 3
461 578 1
463 578 1
465 578 3
470 578 2
473 578 3
474 578 2
476 578 3
484 578 3
485 578 3
486 578 3
490 578 1
492 578 2
495 578 1
507 578 3
510 578 1
511 578 3
515 578 1
517 578 2
519 578 2
522 578 3
524 578 1
525 578 1
528 578 1
530 578 1
532 578 2
533 578 3
536 578 1
537 578 2
538 578 1
540 578 1
542 578 2
545 578 2
546 578 3
547 578 1
548 578 2
550 578 2
551 578 3
559 578 3
560 578 3
566 578 2
573 578 1
577 578 3
579 578 1
580 578 1
581 578 1
584 578 1
585 578 3
590 578 3
592 578 1
593 578 2
594 578 3
604 578 2
605 578 1
609 578 3
612 578 1
613 578 2
614 578 1
620 578 2
623 578 3
625 578 2
628 578 3
629 578 2
635 578 3
638 578 2
649 578 2
650 578 2
652 578 3
654 578 2
655 578 3
656 578 1
657 578 2
658 578 2
659 578 1
661 578 2
680 578 3
682 578 3
684 578 3
686 578 2
687 578 3
688 578 1
689 578 2
696 578 3
698 578 2
699 578 1
700 578 2
702 578 2
716 578 3
720 578 3
725 578 3
728 578 1
733 578 3
736 578 2
738 578 3
739 578 3
740 578 2
747 578 1
748 578 1
749 578 3
750 578 2
751 578 2
754 578 3
756 578 3
764 578 2
766 578 2
767 578 1
768 578 3
769 578 3
773 578 3
774 578 2
775 578 1
