268 756 3
269 756 2
271 756 2
275 756 3
276 756 1
277 756 2
284 756 3
285 756 2
289 756 2
292 756 1
299 756 2
303 756 2
304 756 3
305 756 3
307 756 1
308 756 2
315 756 3
316 756 1
318 756 3
320 756 2
321 756 2
322 756 2
326 756 1
334 756 1
336 756 2
342 756 2
346 756 1
348 756 3
350 756 1
352 756 1
355 756 3
358 756 1
360 756 3
366 756 1
368 756 2
369 756 1
375 756 1
376 756 3
381 756 2
383 756 1
386 756 2
389 756 3
391 756 1
392 756 2
396 756 1
398 756 3
399 756 3
401 756 3
403 756 1
406 756 3
407 756 2
411 756 3
413 756 2
414 756 3
416 756 1
420 756 3
424 756 3
425 756 3
427 756 2
431 756 3
432 756 1
433 756 1
442 756 3
476 756 2
477 756 1
481 756 2
485 756 2
486 756 3
489 756 2
492 756 3
495 756 3
497 756 2
499 756 2
503 756 1
504 756 3
506 756 1
510 756 1
514 756 2
516 756 1
519 756 2
524 756 3
525 756 1
527 756 3
532 756 2
535 756 1
539 756 2
540 756 3
544 756 3
547 756 1
548 756 1
552 756 3
554 756 2
556 756 2
560 756 1
562 756 3
566 756 2
574 756 2
575 756 2
576 756 2
577 756 1
582 756 1
594 756 2
596 756 1
597 756 1
603 756 1
605 756 2
612 756 1
613 756 3
616 756 3
619 756 3
620 756 2
621 756 2
623 756 2
625 756 1
627 756 1
630 756 2
632 756 1
633 756 2
638 756 3
647 756 2
657 756 1
662 756 2
664 756 3
665 756 3
668 756 2
672 756 3
680 756 1
683 756 2
688 756 3
691 756 2
692 756 2
693 756 1
696 756 3
700 756 1
704 756 3
707 756 3
709 756 1
713 756 2
716 756 2
720 756 3
722 756 1
723 756 3
725 756 1
729 756 1
730 756 2
732 756 2
733 756 3
736 756 1
737 756 3
738 756 1
741 756 2
742 756 2
743 756 2
745 756 2
746 756 1
747 756 2
748 756 1
749 756 3
756 756 2
757 756 1
767 756 2
771 756 2
775 756 2
776 756 2
782 756 1
783 756 2
785 756 2
789 756 2
791 756 2
793 756 1
794 756 1
795 756 1
797 756 3
799 756 2
812 756 1
813 756 2
815 756 1
816 756 2
819 756 3
822 756 3
824 756 1
829 756 3
832 756 3
834 756 3
835 756 2
836 756 1
837 756 3
840 756 3
843 756 1
844 756 3
849 756 2
851 756 3
852 756 2
854 756 2
855 756 3
861 756 2
864 756 2
868 756 1
870 756 3
872 756 2
877 756 2
878 756 2
879 756 2
880 756 2
884 756 2
886 756 3
894 756 3
895 756 3
900 756 2
903 756 3
909 756 2
910 756 1
913 756 2
914 756 3
919 756 3
922 756 2
923 756 3
927 756 3
928 756 1
929 756 3
932 756 2
933 756 1
934 756 1
937 756 2
940 756 1
941 756 1
943 756 2
945 756 1
952 756 1
954 756 2
955 756 3
958 756 3
965 756 2
967 756 2
974 756 2
979 756 2
980 756 1
982 756 1
986 756 2
988 756 2
993 756 2
996 756 2
997 756 2
0 757 3
1 757 3
4 757 2
5 757 3
8 757 1
13 757 2
18 757 2
19 757 2
20 757 3
28 757 2
36 757 3
39 757 2
43 757 2
48 757 1
52 757 1
54 757 1
58 757 1
59 757 2
62 757 1
64 757 1
65 757 2
66 757 2
67 757 3
75 757 1
80 757 2
92 757 3
93 757 1
97 757 1
98 757 1
100 757 2
103 757 1
104 757 1
107 757 3
110 757 2
117 757 3
122 757 3
123 757 2
129 757 3
136 757 2
137 757 2
138 757 2
145 757 3
148 757 1
150 757 2
158 757 1
160 757 1
167 757 2
168 757 1
170 757 3
175 757 1
176 757 2
177 757 2
182 757 3
185 757 1
187 757 1
190 757 2
191 757 1
198 757 3
203 757 3
206 757 1
210 757 2
213 757 2
216 757 3
226 757 2
227 757 1
228 757 1
229 757 3
233 757 1
237 757 1
238 757 1
240 757 1
244 757 2
247 757 2
253 757 3
257 757 2
264 757 3
267 757 3
270 757 3
272 757 3
275 757 2
276 757 1
286 757 1
287 757 2
288 757 3
291 757 2
292 757 3
293 757 3
297 757 3
299 757 2
302 757 2
305 757 2
306 757 3
307 757 1
308 757 2
313 757 2
314 757 3
315 757 3
317 757 2
319 757 3
320 757 1
325 757 3
331 757 3
334 757 1
338 757 3
344 757 3
345 757 2
346 757 2
347 757 3
349 757 2
350 757 1
361 757 2
362 757 2
365 757 1
366 757 3
370 757 1
376 757 2
380 757 2
382 757 2
384 757 1
389 757 3
390 757 3
391 757 1
395 757 1
397 757 2
398 757 3
399 757 1
406 757 2
407 757 3
409 757 3
411 757 3
414 757 1
418 757 1
431 757 3
437 757 3
438 757 3
439 757 1
442 757 3
443 757 1
445 757 2
446 757 2
447 757 3
453 757 3
455 757 2
459 757 3
460 757 3
463 757 2
466 757 2
469 757 1
472 757 1
474 757 1
476 757 2
477 757 1
479 757 1
486 757 2
489 757 1
490 757 3
493 757 1
494 757 1
495 757 1
497 757 2
499 757 3
500 757 3
501 757 2
503 757 3
504 757 2
505 757 1
510 757 1
512 757 1
518 757 2
521 757 2
526 757 2
532 757 3
540 757 1
541 757 3
542 757 1
543 757 1
544 757 1
551 757 1
554 757 3
555 757 3
558 757 3
560 757 2
562 757 2
564 757 1
570 757 1
574 757 1
581 757 1
586 757 2
587 757 3
589 757 2
591 757 3
595 757 2
596 757 1
597 757 3
598 757 3
605 757 1
606 757 1
607 757 3
610 757 1
615 757 3
620 757 2
626 757 1
632 757 2
635 757 3
637 757 3
642 757 2
645 757 1
648 757 2
657 757 1
664 757 1
667 757 3
669 757 2
670 757 3
673 757 3
677 757 1
678 757 2
680 757 1
685 757 2
686 757 3
687 757 2
689 757 1
702 757 2
705 757 2
706 757 1
709 757 2
711 757 3
712 757 2
714 757 3
717 757 2
718 757 2
722 757 3
723 757 3
729 757 1
730 757 3
733 757 2
736 757 3
737 757 1
743 757 3
746 757 1
747 757 3
748 757 3
750 757 1
753 757 2
756 757 1
758 757 3
759 757 1
762 757 1
765 757 1
766 757 3
770 757 1
772 757 1
774 757 3
775 757 1
779 757 2
781 757 2
789 757 2
791 757 1
797 757 2
803 757 1
804 757 3
805 757 1
813 757 3
815 757 3
816 757 2
817 757 3
824 757 2
825 757 3
826 757 2
836 757 2
840 757 1
841 757 2
851 757 3
852 757 3
855 757 3
856 757 1
857 757 2
860 757 2
862 757 3
866 757 1
868 757 1
874 757 2
875 757 1
881 757 1
886 757 3
888 757 3
889 757 1
893 757 3
896 757 3
897 757 2
899 757 2
901 757 2
904 757 3
905 757 1
908 757 1
910 757 2
914 757 2
917 757 3
921 757 2
923 757 2
927 757 2
928 757 2
930 757 1
931 757 1
934 757 2
940 757 1
944 757 2
949 757 3
950 757 3
952 757 1
955 757 3
959 757 3
961 757 3
962 757 1
967 757 1
971 757 1
977 757 2
981 757 2
986 757 1
988 757 1
993 757 1
998 757 3
0 758 3
1 758 1
6 758 2
9 758 3
12 758 1
15 758 2
16 758 3
18 758 2
19 758 3
23 758 2
27 758 1
32 758 1
40 758 2
41 758 2
43 758 1
47 758 1
51 758 1
52 758 3
55 758 2
59 758 2
62 758 3
63 758 3
64 758 3
66 758 3
68 758 3
70 758 3
71 758 3
74 758 2
77 758 3
78 758 2
79 758 3
83 758 1
84 758 2
85 758 1
86 758 2
90 758 3
92 758 3
99 758 3
102 758 2
103 758 2
104 758 2
105 758 3
113 758 2
120 758 2
126 758 2
131 758 1
132 758 1
135 758 1
136 758 2
140 758 1
142 758 3
143 758 1
144 758 2
148 758 2
152 758 2
153 758 1
154 758 3
158 758 1
163 758 1
166 758 2
169 758 1
170 758 1
172 758 3
178 758 3
181 758 1
182 758 1
183 758 1
185 758 1
188 758 1
190 758 3
200 758 2
206 758 2
207 758 2
209 758 2
213 758 1
214 758 1
215 758 2
217 758 1
220 758 2
221 758 2
222 758 3
224 758 2
226 758 2
228 758 3
229 758 2
235 758 3
236 758 1
238 758 2
242 758 3
246 758 3
248 758 1
251 758 3
252 758 3
253 758 1
256 758 3
258 758 1
260 758 3
261 758 3
274 758 3
275 758 2
279 758 2
282 758 2
