341 249 1
343 249 3
344 249 3
346 249 3
348 249 3
352 249 1
354 249 2
356 249 1
357 249 2
358 249 3
360 249 2
364 249 2
365 249 2
366 249 1
372 249 1
374 249 2
375 249 3
376 249 1
378 249 2
382 249 3
383 249 1
384 249 2
385 249 1
386 249 3
387 249 1
392 249 1
393 249 2
396 249 3
398 249 2
400 249 1
401 249 1
402 249 3
405 249 1
407 249 3
426 249 3
428 249 3
429 249 3
430 249 1
436 249 1
438 249 3
447 249 2
449 249 1
450 249 1
451 249 1
456 249 2
457 249 1
459 249 2
463 249 2
466 249 1
467 249 2
468 249 2
471 249 3
475 249 3
476 249 1
483 249 2
486 249 2
487 249 2
490 249 3
492 249 1
493 249 3
494 249 2
496 249 3
502 249 2
504 249 1
507 249 1
508 249 2
509 249 1
510 249 1
512 249 3
516 249 3
522 249 2
524 249 3
525 249 3
527 249 1
531 249 2
533 249 2
534 249 3
535 249 1
537 249 1
538 249 3
539 249 3
544 249 2
546 249 3
547 249 3
548 249 3
549 249 3
550 249 2
558 249 3
564 249 1
576 249 2
578 249 1
580 249 1
582 249 1
586 249 2
587 249 2
591 249 2
593 249 1
595 249 2
597 249 2
598 249 1
603 249 3
604 249 1
605 249 2
607 249 1
608 249 1
609 249 2
613 249 3
620 249 3
622 249 2
630 249 1
631 249 1
633 249 2
637 249 3
639 249 2
640 249 2
641 249 2
645 249 2
649 249 1
652 249 3
659 249 3
661 249 3
664 249 3
666 249 2
668 249 1
671 249 3
672 249 2
673 249 1
677 249 3
679 249 3
680 249 2
683 249 1
684 249 1
689 249 2
690 249 1
691 249 2
694 249 2
695 249 1
696 249 2
697 249 2
702 249 2
713 249 3
716 249 3
718 249 3
720 249 2
721 249 1
728 249 1
730 249 1
731 249 1
734 249 3
735 249 1
737 249 3
739 249 2
742 249 2
745 249 2
746 249 1
751 249 3
755 249 3
757 249 2
762 249 2
764 249 3
769 249 2
775 249 1
779 249 1
783 249 1
791 249 1
795 249 2
797 249 3
798 249 1
799 249 1
802 249 1
807 249 3
809 249 2
810 249 2
811 249 3
813 249 1
815 249 2
818 249 2
820 249 2
821 249 1
822 249 2
826 249 1
827 249 1
832 249 2
833 249 1
836 249 2
838 249 1
842 249 3
846 249 1
848 249 1
857 249 2
864 249 3
876 249 2
877 249 2
884 249 2
886 249 2
894 249 3
895 249 1
899 249 1
900 249 3
901 249 2
903 249 3
909 249 1
912 249 3
913 249 1
920 249 2
922 249 2
928 249 1
929 249 3
931 249 3
935 249 1
937 249 1
938 249 3
940 249 1
943 249 3
948 249 3
949 249 3
951 249 3
955 249 2
957 249 1
958 249 1
965 249 2
969 249 2
971 249 1
972 249 1
977 249 3
979 249 2
989 249 3
990 249 3
991 249 3
0 250 1
1 250 1
5 250 1
6 250 3
7 250 2
11 250 1
12 250 2
13 250 1
14 250 2
15 250 3
16 250 3
19 250 3
26 250 1
29 250 1
30 250 2
34 250 1
36 250 3
44 250 3
46 250 2
48 250 3
50 250 3
51 250 3
54 250 3
56 250 3
57 250 2
58 250 2
60 250 1
64 250 3
65 250 2
67 250 1
68 250 2
70 250 1
73 250 3
74 250 3
79 250 1
84 250 1
89 250 1
92 250 3
95 250 2
97 250 3
99 250 1
109 250 2
110 250 2
115 250 2
116 250 3
122 250 2
125 250 3
128 250 1
130 250 3
132 250 2
133 250 1
136 250 3
143 250 3
144 250 1
145 250 2
147 250 2
151 250 3
155 250 2
160 250 2
161 250 2
163 250 3
172 250 3
178 250 3
179 250 3
180 250 2
185 250 3
186 250 3
191 250 3
192 250 2
195 250 1
197 250 3
200 250 1
204 250 2
205 250 2
206 250 1
212 250 2
216 250 1
219 250 2
220 250 2
223 250 1
225 250 1
226 250 3
227 250 1
230 250 1
236 250 2
239 250 3
242 250 1
244 250 3
246 250 2
248 250 3
253 250 3
256 250 2
258 250 1
260 250 3
263 250 3
265 250 1
267 250 2
268 250 3
273 250 1
275 250 1
276 250 2
278 250 1
282 250 2
291 250 3
292 250 3
297 250 1
298 250 3
299 250 1
300 250 3
303 250 2
305 250 2
306 250 2
307 250 2
310 250 2
311 250 3
316 250 2
318 250 1
320 250 1
321 250 2
323 250 1
331 250 1
336 250 2
343 250 3
346 250 2
348 250 2
350 250 1
352 250 2
356 250 2
357 250 3
358 250 2
359 250 3
362 250 3
365 250 3
368 250 2
377 250 3
378 250 2
380 250 2
382 250 1
387 250 2
393 250 3
396 250 2
397 250 2
398 250 3
402 250 3
410 250 1
412 250 3
414 250 3
421 250 1
424 250 2
427 250 1
430 250 3
432 250 2
435 250 3
437 250 1
438 250 3
440 250 3
441 250 1
442 250 1
443 250 1
445 250 2
455 250 3
458 250 2
459 250 3
461 250 3
474 250 3
475 250 1
477 250 1
479 250 2
480 250 2
483 250 3
484 250 3
487 250 3
491 250 1
492 250 2
499 250 3
503 250 1
510 250 2
511 250 3
512 250 1
516 250 1
521 250 2
525 250 1
528 250 1
529 250 1
531 250 3
533 250 3
536 250 1
537 250 3
539 250 3
540 250 3
541 250 3
542 250 2
543 250 3
546 250 3
547 250 2
549 250 1
552 250 1
553 250 3
554 250 3
556 250 1
558 250 1
559 250 2
561 250 3
563 250 2
566 250 2
570 250 3
575 250 1
577 250 2
580 250 3
581 250 3
583 250 1
590 250 3
591 250 1
592 250 2
594 250 3
595 250 3
601 250 3
602 250 3
606 250 2
607 250 2
608 250 2
611 250 1
612 250 1
617 250 2
619 250 1
621 250 2
624 250 3
626 250 3
635 250 2
636 250 1
641 250 1
642 250 2
644 250 3
648 250 2
653 250 2
656 250 1
657 250 3
661 250 3
665 250 1
667 250 2
673 250 2
675 250 3
677 250 1
687 250 1
688 250 2
689 250 2
690 250 2
691 250 2
700 250 2
703 250 2
704 250 3
710 250 1
713 250 2
714 250 3
717 250 2
721 250 2
722 250 1
730 250 2
731 250 1
736 250 2
738 250 1
739 250 1
740 250 1
742 250 1
745 250 2
746 250 1
747 250 3
749 250 2
751 250 1
753 250 2
754 250 1
755 250 3
756 250 2
757 250 3
758 250 1
765 250 1
770 250 2
772 250 2
775 250 1
776 250 1
777 250 2
778 250 2
781 250 1
782 250 2
783 250 2
784 250 1
786 250 1
789 250 3
791 250 2
792 250 3
797 250 2
799 250 1
800 250 1
802 250 3
806 250 1
808 250 1
815 250 3
819 250 3
822 250 1
824 250 3
825 250 3
826 250 3
827 250 1
830 250 1
831 250 1
833 250 2
835 250 3
836 250 2
838 250 2
846 250 2
847 250 1
849 250 3
850 250 2
856 250 1
859 250 2
862 250 3
867 250 3
869 250 3
870 250 1
874 250 2
876 250 3
877 250 3
878 250 2
883 250 1
884 250 1
885 250 1
886 250 3
891 250 2
893 250 3
899 250 1
902 250 3
911 250 2
912 250 2
917 250 3
924 250 3
925 250 1
926 250 1
928 250 2
931 250 2
934 250 1
935 250 3
937 250 2
941 250 1
942 250 3
943 250 1
945 250 3
948 250 2
955 250 2
956 250 1
959 250 1
960 250 1
961 250 2
965 250 2
967 250 2
969 250 1
971 250 3
975 250 3
978 250 2
980 250 1
982 250 2
983 250 2
984 250 1
985 250 1
986 250 1
987 250 3
992 250 2
997 250 1
1 251 1
3 251 1
5 251 2
6 251 3
8 251 1
12 251 1
14 251 3
16 251 2
19 251 2
23 251 2
26 251 1
28 251 2
30 251 3
33 251 2
34 251 1
35 251 2
37 251 3
39 251 3
46 251 1
54 251 1
56 251 1
57 251 1
58 251 1
59 251 3
60 251 3
61 251 3
65 251 2
69 251 1
71 251 1
72 251 3
75 251 2
77 251 2
80 251 3
81 251 3
82 251 2
83 251 1
84 251 3
85 251 1
86 251 3
90 251 2
95 251 1
98 251 1
99 251 3
102 251 1
103 251 3
104 251 1
107 251 3
109 251 1
111 251 1
112 251 3
114 251 3
115 251 1
117 251 2
118 251 1
119 251 3
124 251 2
127 251 1
131 251 2
132 251 3
133 251 1
134 251 3
139 251 1
140 251 3
141 251 3
149 251 2
153 251 2
162 251 3
167 251 1
168 251 3
169 251 1
