581 99 1
584 99 2
588 99 3
594 99 2
597 99 1
603 99 3
604 99 3
607 99 2
608 99 1
611 99 2
617 99 2
618 99 2
619 99 2
621 99 3
622 99 3
625 99 3
627 99 2
632 99 2
633 99 3
635 99 2
647 99 1
654 99 1
656 99 1
658 99 3
660 99 1
667 99 1
670 99 2
673 99 3
675 99 2
679 99 2
680 99 1
685 99 1
688 99 2
689 99 1
702 99 3
703 99 2
705 99 3
712 99 1
714 99 2
716 99 1
718 99 1
719 99 2
720 99 1
722 99 3
724 99 2
733 99 3
740 99 1
743 99 3
750 99 1
751 99 1
754 99 1
755 99 2
757 99 1
760 99 1
761 99 3
762 99 3
763 99 2
764 99 1
770 99 3
774 99 1
776 99 3
779 99 3
780 99 1
783 99 2
784 99 2
786 99 2
788 99 1
789 99 1
802 99 1
805 99 1
807 99 1
810 99 1
811 99 1
817 99 3
818 99 1
819 99 1
822 99 2
824 99 1
825 99 3
828 99 1
833 99 1
835 99 3
837 99 2
839 99 2
845 99 1
852 99 1
856 99 1
857 99 1
875 99 1
878 99 3
879 99 2
882 99 3
884 99 2
889 99 3
892 99 2
893 99 1
895 99 2
896 99 1
900 99 3
901 99 3
902 99 3
904 99 1
907 99 3
909 99 3
911 99 1
916 99 3
920 99 2
922 99 2
923 99 3
924 99 3
926 99 1
927 99 2
938 99 3
939 99 1
941 99 1
943 99 3
948 99 2
949 99 3
951 99 1
952 99 3
953 99 3
957 99 1
960 99 1
962 99 1
963 99 2
964 99 1
966 99 1
967 99 3
968 99 3
988 99 3
991 99 2
992 99 1
997 99 1
0 100 1
6 100 2
8 100 1
10 100 1
11 100 2
14 100 2
21 100 1
22 100 2
27 100 2
32 100 3
39 100 1
45 100 1
51 100 3
55 100 1
56 100 3
57 100 2
72 100 1
74 100 1
76 100 1
77 100 3
79 100 3
81 100 1
84 100 3
86 100 3
89 100 1
93 100 3
94 100 1
100 100 2
101 100 1
104 100 2
109 100 2
110 100 1
111 100 3
114 100 1
116 100 1
117 100 3
118 100 3
122 100 3
128 100 1
130 100 1
133 100 1
134 100 2
135 100 1
137 100 1
141 100 2
142 100 3
147 100 3
151 100 3
158 100 2
159 100 2
164 100 3
172 100 2
173 100 1
174 100 3
175 100 3
180 100 2
183 100 2
184 100 3
187 100 3
191 100 1
193 100 3
194 100 3
196 100 1
205 100 3
206 100 1
210 100 3
213 100 1
219 100 3
221 100 1
224 100 2
226 100 1
233 100 3
237 100 2
238 100 1
241 100 3
248 100 1
251 100 2
252 100 1
254 100 2
257 100 2
259 100 2
263 100 3
264 100 1
266 100 2
267 100 3
268 100 2
275 100 1
280 100 3
286 100 3
290 100 3
292 100 1
296 100 1
299 100 3
301 100 1
306 100 1
307 100 3
308 100 1
311 100 2
313 100 2
314 100 1
315 100 2
316 100 2
327 100 2
331 100 1
332 100 3
334 100 2
338 100 1
346 100 1
350 100 1
356 100 3
358 100 1
359 100 3
365 100 3
366 100 3
367 100 1
368 100 2
369 100 1
371 100 3
373 100 3
374 100 1
376 100 1
382 100 1
386 100 2
399 100 1
404 100 1
422 100 2
423 100 1
430 100 1
432 100 3
438 100 2
441 100 1
443 100 3
445 100 3
446 100 3
448 100 3
451 100 1
456 100 1
457 100 3
462 100 1
464 100 2
466 100 1
467 100 1
470 100 1
471 100 1
472 100 1
474 100 3
479 100 2
484 100 3
485 100 3
489 100 3
491 100 2
496 100 3
500 100 1
503 100 2
504 100 2
506 100 3
510 100 2
512 100 3
514 100 2
520 100 2
524 100 2
527 100 2
530 100 2
531 100 2
533 100 1
535 100 2
541 100 1
542 100 1
543 100 2
544 100 1
545 100 2
546 100 3
561 100 3
562 100 3
565 100 1
566 100 2
568 100 3
570 100 1
571 100 3
572 100 1
575 100 1
579 100 3
581 100 1
582 100 3
585 100 1
586 100 2
588 100 1
591 100 3
596 100 3
597 100 3
602 100 1
608 100 2
610 100 1
619 100 2
632 100 2
639 100 2
640 100 1
644 100 1
646 100 2
649 100 2
656 100 3
658 100 2
659 100 3
660 100 3
664 100 3
674 100 3
675 100 1
676 100 1
678 100 1
681 100 1
682 100 1
683 100 3
685 100 3
694 100 2
695 100 1
701 100 1
704 100 1
705 100 1
707 100 3
709 100 2
712 100 3
715 100 2
717 100 1
718 100 2
731 100 3
732 100 2
734 100 1
736 100 2
737 100 3
741 100 1
744 100 1
745 100 2
748 100 2
749 100 1
752 100 1
757 100 1
760 100 1
764 100 2
772 100 1
775 100 2
777 100 1
779 100 2
783 100 2
786 100 3
787 100 1
788 100 2
789 100 1
794 100 3
801 100 1
803 100 2
804 100 3
807 100 3
810 100 2
811 100 3
812 100 3
814 100 1
815 100 3
817 100 1
819 100 1
820 100 1
822 100 3
823 100 2
826 100 1
827 100 2
828 100 3
830 100 3
831 100 3
832 100 3
833 100 2
835 100 1
836 100 3
837 100 1
838 100 2
839 100 1
844 100 2
845 100 1
850 100 2
856 100 1
857 100 2
863 100 1
867 100 2
877 100 2
880 100 2
884 100 1
885 100 1
887 100 3
889 100 3
890 100 1
893 100 1
896 100 3
901 100 3
904 100 2
908 100 3
909 100 1
911 100 1
912 100 3
918 100 2
920 100 3
925 100 1
926 100 1
929 100 3
930 100 3
931 100 2
933 100 1
939 100 2
940 100 2
946 100 1
953 100 3
954 100 3
957 100 1
958 100 1
961 100 3
964 100 1
965 100 1
968 100 2
969 100 1
971 100 2
973 100 2
976 100 1
978 100 1
980 100 2
982 100 3
988 100 2
990 100 3
992 100 3
993 100 2
996 100 1
997 100 1
998 100 1
1 101 2
4 101 3
8 101 2
14 101 1
17 101 3
19 101 3
22 101 2
26 101 3
34 101 3
38 101 1
42 101 1
46 101 3
49 101 1
50 101 1
53 101 2
57 101 2
62 101 2
64 101 1
66 101 3
72 101 1
73 101 3
79 101 3
85 101 2
88 101 2
89 101 2
91 101 3
106 101 2
112 101 1
115 101 3
119 101 3
120 101 2
122 101 2
131 101 1
133 101 2
135 101 3
136 101 2
139 101 3
140 101 2
143 101 2
144 101 3
148 101 2
151 101 3
153 101 3
157 101 2
179 101 1
182 101 1
183 101 2
190 101 1
194 101 2
198 101 2
199 101 3
200 101 1
201 101 3
203 101 2
205 101 1
210 101 2
211 101 3
212 101 3
222 101 2
224 101 3
225 101 2
231 101 3
234 101 1
242 101 1
244 101 2
245 101 3
248 101 1
256 101 2
262 101 3
264 101 2
268 101 3
272 101 2
273 101 1
274 101 1
275 101 2
276 101 2
280 101 2
281 101 2
295 101 1
296 101 2
299 101 1
301 101 1
302 101 1
304 101 3
305 101 2
310 101 1
312 101 2
314 101 1
317 101 1
318 101 1
323 101 2
325 101 3
327 101 2
328 101 2
329 101 1
330 101 3
331 101 3
335 101 2
336 101 3
338 101 3
343 101 2
345 101 3
348 101 3
349 101 3
352 101 1
357 101 3
359 101 3
361 101 1
363 101 2
369 101 2
375 101 2
383 101 2
384 101 1
385 101 3
388 101 3
393 101 2
403 101 3
405 101 2
406 101 1
408 101 2
412 101 3
416 101 2
423 101 1
425 101 1
427 101 1
428 101 2
430 101 3
433 101 2
446 101 3
447 101 3
448 101 3
449 101 3
450 101 1
451 101 1
454 101 3
456 101 1
458 101 1
460 101 2
466 101 2
470 101 1
474 101 3
478 101 3
480 101 2
481 101 2
482 101 2
484 101 2
489 101 2
508 101 2
511 101 1
512 101 1
515 101 1
516 101 3
517 101 3
518 101 3
520 101 2
523 101 3
525 101 2
526 101 3
531 101 1
533 101 3
537 101 3
539 101 2
545 101 3
546 101 3
549 101 3
552 101 3
553 101 1
555 101 3
556 101 2
558 101 1
560 101 1
561 101 2
573 101 3
574 101 3
577 101 2
581 101 1
582 101 2
586 101 2
589 101 3
592 101 3
594 101 2
597 101 2
599 101 1
600 101 1
601 101 3
602 101 3
603 101 2
608 101 1
609 101 1
614 101 3
616 101 2
618 101 2
619 101 2
624 101 1
626 101 2
632 101 1
633 101 1
637 101 3
639 101 3
640 101 2
645 101 3
659 101 1
660 101 2
661 101 2
