301 886 3
302 886 2
303 886 3
304 886 3
305 886 1
306 886 1
307 886 2
309 886 2
312 886 2
317 886 3
319 886 3
322 886 2
323 886 2
329 886 2
335 886 1
336 886 1
342 886 3
347 886 2
350 886 3
351 886 1
353 886 1
355 886 1
358 886 1
359 886 3
360 886 3
362 886 1
363 886 3
364 886 2
366 886 1
371 886 2
372 886 3
376 886 2
380 886 3
381 886 1
383 886 2
385 886 3
387 886 1
388 886 1
390 886 2
399 886 3
400 886 1
404 886 1
405 886 2
406 886 3
409 886 2
411 886 1
414 886 1
417 886 3
420 886 2
421 886 2
435 886 2
437 886 3
439 886 2
440 886 3
442 886 1
443 886 1
445 886 2
447 886 3
448 886 2
451 886 3
454 886 3
455 886 1
459 886 2
475 886 2
477 886 1
478 886 2
484 886 3
487 886 2
488 886 3
489 886 2
490 886 2
492 886 3
493 886 3
494 886 3
497 886 2
501 886 1
504 886 1
509 886 1
511 886 1
514 886 2
516 886 2
517 886 2
518 886 2
519 886 3
523 886 3
528 886 1
530 886 2
531 886 2
539 886 2
540 886 2
541 886 1
542 886 2
544 886 2
545 886 1
547 886 2
553 886 2
560 886 2
561 886 1
564 886 3
567 886 3
573 886 1
579 886 2
582 886 1
585 886 3
589 886 1
590 886 3
592 886 1
593 886 3
600 886 2
601 886 2
602 886 3
605 886 3
606 886 2
608 886 2
609 886 2
610 886 3
611 886 3
614 886 3
618 886 2
619 886 3
621 886 3
622 886 3
626 886 1
628 886 1
635 886 2
647 886 1
649 886 2
651 886 3
652 886 2
654 886 1
655 886 3
656 886 1
657 886 2
658 886 1
662 886 2
663 886 3
664 886 2
669 886 1
675 886 1
678 886 1
681 886 2
691 886 2
695 886 2
696 886 1
697 886 1
698 886 2
700 886 3
709 886 1
710 886 3
722 886 2
724 886 1
726 886 1
727 886 1
728 886 1
731 886 1
732 886 3
733 886 3
734 886 3
737 886 1
739 886 2
742 886 2
747 886 1
749 886 2
753 886 1
754 886 2
765 886 3
769 886 1
770 886 3
776 886 3
780 886 1
782 886 3
783 886 3
787 886 1
790 886 1
792 886 1
793 886 1
795 886 3
796 886 1
798 886 2
804 886 2
808 886 2
812 886 2
818 886 2
819 886 2
820 886 1
827 886 3
829 886 3
831 886 2
836 886 3
838 886 1
841 886 3
842 886 1
845 886 3
847 886 3
851 886 2
852 886 3
859 886 1
862 886 2
864 886 3
866 886 1
867 886 1
871 886 1
877 886 2
879 886 2
883 886 3
885 886 1
888 886 3
891 886 2
893 886 3
894 886 3
896 886 2
900 886 1
903 886 1
908 886 3
915 886 2
923 886 3
925 886 3
937 886 3
941 886 2
947 886 2
952 886 3
953 886 2
954 886 3
955 886 2
957 886 2
959 886 1
962 886 2
971 886 2
973 886 2
974 886 3
975 886 2
976 886 1
977 886 1
978 886 2
983 886 1
986 886 2
989 886 1
992 886 1
9 887 1
13 887 2
17 887 1
18 887 3
19 887 3
39 887 2
40 887 3
45 887 2
47 887 3
49 887 2
50 887 3
52 887 3
53 887 3
60 887 3
62 887 1
63 887 3
67 887 2
72 887 2
77 887 2
78 887 1
82 887 2
84 887 1
87 887 1
88 887 3
90 887 2
98 887 1
99 887 1
101 887 1
102 887 1
107 887 3
109 887 1
110 887 1
111 887 2
113 887 1
115 887 2
121 887 1
125 887 1
126 887 3
136 887 1
138 887 3
142 887 2
143 887 3
147 887 2
148 887 3
149 887 2
155 887 1
158 887 1
160 887 1
161 887 2
165 887 3
166 887 3
167 887 2
168 887 2
171 887 3
173 887 1
175 887 3
180 887 2
181 887 2
185 887 2
190 887 2
194 887 3
198 887 3
199 887 3
201 887 1
203 887 2
206 887 1
215 887 3
216 887 1
217 887 1
219 887 2
222 887 1
223 887 2
224 887 2
230 887 3
233 887 3
234 887 2
237 887 3
243 887 2
245 887 1
248 887 2
249 887 1
250 887 1
257 887 3
261 887 2
266 887 3
267 887 3
268 887 2
269 887 1
271 887 2
272 887 3
274 887 1
276 887 2
278 887 2
280 887 3
281 887 2
288 887 2
289 887 3
291 887 1
292 887 2
297 887 1
305 887 1
307 887 2
311 887 3
312 887 2
315 887 1
316 887 3
317 887 1
318 887 1
324 887 3
331 887 1
332 887 2
333 887 2
338 887 3
343 887 3
347 887 2
351 887 3
357 887 3
361 887 2
362 887 1
365 887 3
373 887 3
374 887 2
375 887 1
383 887 2
385 887 1
387 887 2
388 887 2
396 887 1
397 887 3
401 887 3
402 887 1
404 887 3
406 887 3
411 887 3
417 887 2
419 887 3
420 887 2
422 887 2
426 887 3
427 887 3
428 887 2
429 887 2
437 887 3
439 887 3
440 887 2
441 887 2
442 887 1
444 887 1
445 887 3
450 887 3
451 887 3
459 887 2
461 887 3
471 887 1
472 887 3
473 887 3
474 887 1
480 887 3
485 887 2
493 887 1
494 887 1
502 887 2
504 887 2
507 887 1
509 887 2
511 887 1
512 887 3
516 887 1
521 887 1
526 887 2
534 887 1
540 887 2
545 887 3
547 887 1
548 887 3
555 887 3
561 887 1
563 887 1
566 887 2
572 887 1
573 887 3
579 887 2
583 887 3
585 887 3
588 887 2
595 887 1
600 887 1
603 887 1
604 887 1
607 887 2
609 887 3
612 887 2
613 887 1
614 887 1
615 887 1
618 887 3
620 887 3
622 887 1
623 887 2
624 887 1
627 887 3
629 887 2
634 887 2
636 887 1
637 887 2
643 887 2
662 887 1
664 887 3
665 887 3
671 887 1
672 887 3
675 887 3
676 887 1
679 887 2
681 887 1
682 887 3
687 887 2
689 887 1
690 887 2
697 887 2
698 887 3
706 887 1
708 887 3
711 887 3
715 887 2
717 887 2
721 887 2
723 887 3
727 887 2
730 887 1
732 887 2
733 887 1
737 887 1
742 887 2
746 887 1
749 887 2
751 887 1
752 887 2
756 887 3
757 887 1
759 887 1
760 887 3
761 887 3
765 887 2
768 887 1
769 887 2
770 887 2
773 887 3
778 887 1
780 887 2
783 887 2
786 887 3
795 887 1
804 887 2
807 887 2
808 887 1
809 887 1
811 887 3
815 887 3
821 887 2
824 887 3
829 887 2
833 887 1
839 887 3
842 887 3
843 887 2
852 887 3
855 887 2
858 887 3
860 887 2
862 887 1
863 887 2
867 887 1
869 887 3
871 887 1
873 887 1
875 887 1
879 887 2
881 887 3
883 887 3
885 887 3
890 887 3
891 887 3
892 887 2
896 887 2
898 887 2
899 887 2
900 887 1
901 887 1
902 887 3
903 887 1
905 887 3
907 887 3
910 887 2
911 887 2
912 887 2
914 887 1
919 887 2
920 887 1
923 887 2
928 887 2
931 887 3
935 887 1
937 887 1
938 887 3
940 887 3
944 887 1
948 887 1
949 887 1
950 887 3
951 887 2
954 887 2
957 887 2
958 887 3
960 887 2
963 887 2
964 887 3
965 887 2
966 887 2
969 887 2
971 887 3
972 887 3
974 887 2
975 887 1
978 887 1
979 887 3
981 887 3
982 887 2
984 887 1
986 887 3
989 887 1
997 887 3
1 888 2
5 888 1
6 888 3
12 888 3
13 888 1
15 888 1
18 888 2
20 888 2
22 888 2
27 888 1
30 888 3
31 888 1
32 888 3
33 888 3
35 888 1
37 888 3
41 888 3
46 888 1
48 888 2
51 888 2
52 888 1
55 888 2
56 888 3
58 888 3
59 888 1
61 888 3
62 888 1
66 888 2
74 888 3
75 888 1
90 888 1
92 888 2
93 888 3
94 888 1
97 888 1
98 888 1
99 888 3
106 888 1
108 888 2
111 888 2
115 888 2
116 888 3
118 888 2
123 888 3
124 888 2
126 888 3
131 888 3
133 888 2
134 888 2
136 888 2
137 888 3
138 888 2
152 888 2
153 888 3
154 888 3
156 888 1
158 888 2
160 888 2
162 888 2
163 888 2
165 888 2
168 888 3
179 888 2
181 888 2
187 888 1
189 888 3
195 888 3
196 888 1
198 888 2
199 888 1
202 888 2
203 888 2
207 888 1
208 888 2
209 888 1
210 888 3
213 888 3
214 888 2
221 888 2
222 888 3
231 888 1
232 888 1
233 888 3
234 888 3
237 888 1
238 888 2
239 888 1
243 888 2
244 888 2
245 888 2
246 888 1
248 888 1
250 888 3
251 888 2
254 888 1
255 888 1
