681 133 1
683 133 2
686 133 1
688 133 2
689 133 2
691 133 3
693 133 1
694 133 3
696 133 2
697 133 1
708 133 2
709 133 2
710 133 3
714 133 2
716 133 1
718 133 3
719 133 3
724 133 1
725 133 2
730 133 3
739 133 1
740 133 1
744 133 3
746 133 3
749 133 1
750 133 2
752 133 2
754 133 3
757 133 1
764 133 2
765 133 2
770 133 1
771 133 3
772 133 1
776 133 1
777 133 3
778 133 1
780 133 3
783 133 2
786 133 3
788 133 2
789 133 1
790 133 3
792 133 2
794 133 3
795 133 3
796 133 3
801 133 3
803 133 2
807 133 1
809 133 2
814 133 1
819 133 2
824 133 1
827 133 2
830 133 1
832 133 1
833 133 3
840 133 1
844 133 1
846 133 1
851 133 2
852 133 2
855 133 3
856 133 2
858 133 2
860 133 3
861 133 2
864 133 3
867 133 1
872 133 1
879 133 1
880 133 1
881 133 1
884 133 2
895 133 2
896 133 1
897 133 1
901 133 1
905 133 1
906 133 2
908 133 3
912 133 1
918 133 1
919 133 2
926 133 1
927 133 2
929 133 1
930 133 2
933 133 3
934 133 2
937 133 2
943 133 1
946 133 3
953 133 2
955 133 1
957 133 1
961 133 3
966 133 1
967 133 2
968 133 2
969 133 3
973 133 1
976 133 1
977 133 1
979 133 2
984 133 2
987 133 3
988 133 1
996 133 3
997 133 2
1 134 1
2 134 1
3 134 1
10 134 3
11 134 3
12 134 1
13 134 1
17 134 3
22 134 3
23 134 2
25 134 2
26 134 2
27 134 1
29 134 3
32 134 1
34 134 1
37 134 1
39 134 1
41 134 2
46 134 3
49 134 2
53 134 2
55 134 3
58 134 2
63 134 3
66 134 1
71 134 1
72 134 3
73 134 1
75 134 3
77 134 3
86 134 2
87 134 2
88 134 2
91 134 3
92 134 2
93 134 3
103 134 3
107 134 2
108 134 2
109 134 1
110 134 2
111 134 3
114 134 2
120 134 2
123 134 2
124 134 2
125 134 3
128 134 2
135 134 2
137 134 2
138 134 2
140 134 2
141 134 3
142 134 1
149 134 1
151 134 3
152 134 1
154 134 1
156 134 2
158 134 1
160 134 1
161 134 3
162 134 3
165 134 3
167 134 1
170 134 1
176 134 1
182 134 2
186 134 1
188 134 3
196 134 2
197 134 2
198 134 3
200 134 3
202 134 3
206 134 2
211 134 1
212 134 2
213 134 1
218 134 2
219 134 1
220 134 2
225 134 1
232 134 2
234 134 3
236 134 1
238 134 2
239 134 2
240 134 1
242 134 2
243 134 2
246 134 3
255 134 1
256 134 3
257 134 3
260 134 1
262 134 3
263 134 2
264 134 1
270 134 2
273 134 2
287 134 3
288 134 2
289 134 3
291 134 3
292 134 2
295 134 2
300 134 2
301 134 2
306 134 3
307 134 3
308 134 3
311 134 2
318 134 3
324 134 2
325 134 3
331 134 2
334 134 3
336 134 2
339 134 3
342 134 2
349 134 2
350 134 1
354 134 2
355 134 1
357 134 2
361 134 2
364 134 2
367 134 3
369 134 1
374 134 2
375 134 2
376 134 3
385 134 2
386 134 3
388 134 1
393 134 3
401 134 1
405 134 3
406 134 2
413 134 2
417 134 3
419 134 2
420 134 1
424 134 2
427 134 1
431 134 1
436 134 3
437 134 2
440 134 3
446 134 3
447 134 1
448 134 3
452 134 3
453 134 1
454 134 1
455 134 2
458 134 3
459 134 3
463 134 2
469 134 3
470 134 3
472 134 1
473 134 1
477 134 2
478 134 2
480 134 2
481 134 1
485 134 3
486 134 2
495 134 1
497 134 1
498 134 2
501 134 2
504 134 1
505 134 2
507 134 3
508 134 2
510 134 3
511 134 1
512 134 3
515 134 2
517 134 1
519 134 1
523 134 2
524 134 1
528 134 2
530 134 2
533 134 2
536 134 3
544 134 2
565 134 1
569 134 3
571 134 1
574 134 1
579 134 1
582 134 2
584 134 1
587 134 3
591 134 2
593 134 3
594 134 2
596 134 3
598 134 3
599 134 3
600 134 2
603 134 2
604 134 3
605 134 3
608 134 3
619 134 2
620 134 3
621 134 2
624 134 3
626 134 2
627 134 1
631 134 2
637 134 2
639 134 2
642 134 1
643 134 1
644 134 3
649 134 1
654 134 2
655 134 1
662 134 2
666 134 1
670 134 3
671 134 3
673 134 3
676 134 3
678 134 1
681 134 1
683 134 2
684 134 2
685 134 2
699 134 2
700 134 1
701 134 1
704 134 3
710 134 3
711 134 2
712 134 3
713 134 1
714 134 2
715 134 2
717 134 3
721 134 3
723 134 3
733 134 1
734 134 1
737 134 2
742 134 1
743 134 3
745 134 1
747 134 3
761 134 1
767 134 2
769 134 2
770 134 1
773 134 2
774 134 3
781 134 3
793 134 3
794 134 2
800 134 3
802 134 2
804 134 2
806 134 2
810 134 2
812 134 1
815 134 2
824 134 1
826 134 2
827 134 2
834 134 1
835 134 1
836 134 2
837 134 2
838 134 2
843 134 1
844 134 2
853 134 3
857 134 3
860 134 1
866 134 2
868 134 3
871 134 2
880 134 2
886 134 2
889 134 1
896 134 3
897 134 1
898 134 1
901 134 1
905 134 3
906 134 2
908 134 2
916 134 2
929 134 1
930 134 3
933 134 2
935 134 1
936 134 3
942 134 1
945 134 1
947 134 3
949 134 1
951 134 2
955 134 2
956 134 2
964 134 1
965 134 1
966 134 2
968 134 2
969 134 1
970 134 2
975 134 1
978 134 1
982 134 3
983 134 3
988 134 2
993 134 3
999 134 3
0 135 3
5 135 3
11 135 2
13 135 3
14 135 1
18 135 1
29 135 3
31 135 2
35 135 2
37 135 3
39 135 3
40 135 1
42 135 3
43 135 2
44 135 3
48 135 2
51 135 2
53 135 3
54 135 1
63 135 3
70 135 3
71 135 1
73 135 2
74 135 3
76 135 2
78 135 2
80 135 1
81 135 1
82 135 1
83 135 3
84 135 1
85 135 1
87 135 2
88 135 3
91 135 3
92 135 3
108 135 1
111 135 2
116 135 2
122 135 2
124 135 3
125 135 1
126 135 1
128 135 3
129 135 3
131 135 2
133 135 3
136 135 3
140 135 2
142 135 2
143 135 2
144 135 2
151 135 2
152 135 1
153 135 2
155 135 2
159 135 1
171 135 2
175 135 3
176 135 3
178 135 3
179 135 3
182 135 3
190 135 1
191 135 1
194 135 2
198 135 3
202 135 3
206 135 1
212 135 2
213 135 1
216 135 1
220 135 3
221 135 3
224 135 2
226 135 1
230 135 3
231 135 1
232 135 3
234 135 3
237 135 1
238 135 1
241 135 1
243 135 1
244 135 3
245 135 3
247 135 1
250 135 1
251 135 3
252 135 2
254 135 3
255 135 2
256 135 2
258 135 1
263 135 2
268 135 2
272 135 2
280 135 2
281 135 1
288 135 1
293 135 1
294 135 2
304 135 3
305 135 2
306 135 1
308 135 3
312 135 3
320 135 2
323 135 1
327 135 1
328 135 1
329 135 3
330 135 1
332 135 2
333 135 2
336 135 1
343 135 3
345 135 1
350 135 2
352 135 1
359 135 2
373 135 3
377 135 1
382 135 1
392 135 2
395 135 1
399 135 2
402 135 1
409 135 2
413 135 1
414 135 2
415 135 3
416 135 2
421 135 3
423 135 2
433 135 3
434 135 3
436 135 1
441 135 3
442 135 3
443 135 1
446 135 3
449 135 2
450 135 2
452 135 2
462 135 2
463 135 1
471 135 3
475 135 3
478 135 1
479 135 2
480 135 2
482 135 3
483 135 2
484 135 3
485 135 2
486 135 1
488 135 2
489 135 2
493 135 1
494 135 3
495 135 1
496 135 1
505 135 1
508 135 3
510 135 3
511 135 2
512 135 3
515 135 3
519 135 3
527 135 3
528 135 1
534 135 1
544 135 3
545 135 1
546 135 3
547 135 1
548 135 1
550 135 1
551 135 2
552 135 1
555 135 1
558 135 2
560 135 3
563 135 3
565 135 2
569 135 1
575 135 3
577 135 3
579 135 3
582 135 2
583 135 1
584 135 3
585 135 2
586 135 3
589 135 1
590 135 3
593 135 1
597 135 2
598 135 1
601 135 3
603 135 1
606 135 1
613 135 3
618 135 3
620 135 2
621 135 1
625 135 2
627 135 1
631 135 3
634 135 2
639 135 2
641 135 3
648 135 1
656 135 2
658 135 2
662 135 1
664 135 3
666 135 1
674 135 2
675 135 1
681 135 2
682 135 2
686 135 2
688 135 3
692 135 1
697 135 1
699 135 3
701 135 2
704 135 2
