455 880 2
456 880 3
459 880 2
460 880 2
464 880 3
466 880 1
472 880 3
473 880 1
474 880 1
475 880 1
478 880 3
479 880 3
480 880 2
482 880 3
484 880 2
485 880 2
491 880 3
494 880 3
495 880 2
498 880 1
499 880 2
501 880 3
503 880 1
510 880 2
512 880 3
516 880 2
517 880 1
519 880 3
522 880 1
524 880 1
527 880 3
530 880 2
532 880 1
535 880 1
536 880 2
537 880 1
538 880 2
543 880 3
550 880 1
554 880 1
555 880 2
560 880 1
561 880 1
570 880 2
574 880 3
579 880 2
580 880 3
585 880 3
586 880 2
587 880 3
600 880 1
601 880 1
609 880 1
610 880 2
614 880 3
618 880 1
620 880 1
621 880 2
622 880 2
625 880 2
628 880 2
630 880 2
634 880 3
636 880 3
642 880 1
643 880 2
646 880 1
648 880 3
650 880 3
655 880 2
657 880 2
665 880 1
667 880 3
675 880 3
681 880 2
682 880 3
683 880 2
684 880 2
687 880 1
688 880 1
690 880 1
691 880 1
693 880 3
698 880 2
699 880 2
700 880 3
704 880 2
710 880 3
711 880 2
712 880 3
714 880 2
715 880 1
716 880 2
720 880 1
723 880 2
726 880 3
727 880 1
729 880 1
732 880 2
735 880 3
739 880 3
740 880 2
742 880 1
746 880 2
747 880 1
749 880 3
752 880 1
753 880 1
756 880 3
759 880 3
761 880 2
762 880 3
764 880 3
767 880 2
771 880 2
774 880 2
775 880 2
776 880 1
777 880 1
780 880 1
781 880 3
783 880 2
784 880 3
785 880 2
789 880 2
794 880 3
795 880 2
797 880 1
800 880 1
804 880 1
805 880 1
806 880 2
807 880 2
809 880 1
810 880 3
814 880 1
819 880 1
820 880 1
823 880 1
825 880 3
827 880 3
828 880 1
829 880 1
859 880 2
861 880 1
863 880 3
869 880 3
871 880 1
872 880 1
887 880 1
890 880 2
891 880 3
892 880 1
894 880 3
895 880 1
897 880 1
901 880 2
902 880 1
905 880 2
906 880 2
914 880 1
915 880 3
918 880 1
919 880 1
923 880 2
931 880 2
935 880 3
936 880 1
940 880 3
941 880 1
943 880 1
944 880 2
949 880 3
950 880 2
958 880 2
959 880 1
960 880 1
961 880 1
965 880 3
967 880 1
970 880 3
975 880 2
980 880 1
989 880 3
993 880 2
997 880 1
2 881 3
4 881 3
5 881 2
28 881 1
30 881 3
35 881 2
36 881 1
40 881 1
43 881 2
46 881 3
49 881 2
52 881 1
55 881 1
57 881 3
58 881 3
61 881 3
63 881 2
65 881 1
77 881 2
78 881 2
80 881 1
82 881 3
86 881 1
91 881 1
92 881 2
95 881 3
97 881 2
99 881 1
102 881 3
106 881 1
107 881 1
120 881 2
125 881 2
126 881 3
127 881 1
132 881 1
134 881 3
135 881 2
137 881 2
140 881 3
141 881 2
142 881 1
145 881 2
149 881 2
150 881 1
152 881 1
157 881 2
163 881 2
164 881 1
165 881 2
166 881 2
167 881 1
169 881 3
170 881 2
172 881 2
177 881 2
180 881 2
185 881 1
186 881 1
187 881 3
190 881 2
194 881 2
197 881 2
199 881 2
203 881 2
205 881 2
206 881 2
209 881 1
210 881 3
212 881 3
215 881 3
222 881 1
224 881 3
227 881 2
232 881 3
233 881 2
235 881 3
241 881 1
242 881 3
243 881 1
245 881 3
247 881 1
248 881 1
250 881 3
252 881 2
266 881 2
269 881 3
271 881 2
272 881 3
277 881 3
278 881 1
279 881 1
282 881 2
290 881 1
292 881 2
294 881 1
297 881 3
299 881 3
300 881 3
303 881 2
305 881 1
307 881 3
311 881 2
313 881 2
315 881 1
317 881 3
320 881 3
321 881 3
323 881 3
325 881 1
327 881 1
328 881 1
333 881 2
336 881 2
342 881 2
346 881 3
347 881 1
349 881 3
351 881 3
352 881 1
353 881 1
356 881 1
363 881 2
364 881 3
366 881 1
368 881 3
375 881 3
378 881 2
380 881 2
384 881 2
387 881 1
396 881 1
402 881 1
403 881 3
405 881 1
407 881 1
408 881 1
412 881 2
415 881 1
416 881 1
420 881 1
421 881 2
422 881 2
423 881 1
426 881 2
427 881 3
433 881 3
434 881 2
436 881 1
441 881 2
442 881 3
445 881 1
446 881 1
447 881 3
452 881 2
454 881 1
457 881 1
461 881 2
470 881 2
472 881 3
475 881 1
476 881 3
478 881 2
480 881 2
482 881 3
485 881 3
487 881 3
488 881 2
491 881 3
498 881 1
500 881 1
504 881 3
505 881 2
507 881 1
509 881 2
515 881 1
519 881 2
520 881 1
523 881 3
528 881 1
530 881 3
531 881 2
533 881 1
536 881 3
539 881 1
543 881 2
544 881 3
545 881 2
546 881 2
547 881 2
551 881 3
552 881 2
558 881 3
561 881 3
562 881 2
566 881 1
567 881 2
572 881 2
574 881 1
581 881 2
583 881 1
584 881 3
586 881 1
587 881 1
588 881 3
590 881 1
592 881 2
594 881 1
596 881 2
599 881 1
602 881 3
604 881 3
605 881 3
610 881 1
613 881 1
620 881 1
621 881 1
623 881 3
625 881 2
627 881 2
631 881 1
633 881 1
636 881 3
639 881 2
643 881 3
645 881 1
647 881 1
649 881 3
652 881 1
654 881 3
656 881 1
658 881 2
661 881 1
663 881 1
664 881 2
666 881 1
667 881 3
669 881 3
670 881 3
671 881 2
673 881 3
676 881 3
677 881 2
679 881 1
680 881 1
681 881 2
683 881 1
685 881 3
686 881 1
688 881 1
692 881 1
695 881 2
698 881 1
701 881 3
703 881 3
710 881 1
717 881 2
723 881 3
724 881 3
727 881 2
729 881 2
730 881 2
733 881 2
734 881 1
736 881 3
741 881 1
742 881 2
746 881 1
749 881 2
756 881 2
758 881 2
764 881 1
768 881 1
769 881 3
773 881 2
775 881 3
777 881 3
778 881 2
780 881 3
783 881 2
784 881 3
785 881 1
787 881 1
802 881 2
803 881 3
808 881 2
819 881 2
820 881 2
822 881 1
829 881 1
830 881 1
832 881 3
833 881 2
838 881 2
848 881 2
849 881 1
856 881 1
858 881 2
864 881 2
872 881 3
873 881 2
876 881 2
877 881 3
879 881 1
881 881 1
884 881 1
885 881 3
887 881 3
889 881 1
899 881 2
904 881 1
906 881 3
907 881 3
911 881 1
917 881 1
918 881 3
919 881 3
920 881 2
921 881 2
923 881 1
924 881 1
926 881 1
932 881 1
933 881 2
945 881 3
946 881 2
948 881 1
952 881 3
957 881 2
967 881 2
973 881 2
976 881 1
977 881 1
980 881 2
982 881 2
983 881 1
988 881 3
995 881 1
996 881 3
997 881 1
1 882 2
2 882 2
5 882 2
12 882 2
13 882 3
15 882 1
17 882 2
18 882 2
20 882 2
21 882 2
22 882 1
24 882 3
26 882 3
27 882 3
32 882 3
36 882 1
37 882 2
39 882 2
40 882 1
41 882 2
47 882 1
53 882 3
58 882 2
59 882 3
61 882 1
62 882 3
63 882 2
74 882 1
76 882 3
78 882 2
79 882 3
81 882 3
82 882 1
87 882 3
91 882 3
94 882 3
95 882 3
97 882 1
99 882 3
102 882 2
104 882 1
107 882 3
112 882 2
116 882 1
119 882 2
120 882 1
122 882 1
123 882 2
125 882 3
126 882 2
127 882 1
130 882 1
131 882 3
134 882 3
137 882 1
142 882 3
143 882 2
146 882 3
150 882 2
152 882 3
155 882 3
164 882 1
165 882 3
168 882 3
169 882 3
172 882 1
173 882 3
174 882 2
177 882 1
179 882 1
185 882 2
193 882 1
197 882 3
203 882 1
204 882 1
208 882 3
212 882 3
213 882 3
216 882 2
217 882 2
219 882 2
224 882 1
225 882 3
230 882 2
233 882 1
234 882 3
236 882 3
237 882 3
244 882 3
245 882 3
249 882 2
251 882 2
252 882 2
255 882 3
257 882 3
259 882 2
260 882 3
262 882 2
267 882 2
273 882 3
277 882 2
282 882 3
283 882 3
284 882 2
296 882 3
297 882 1
302 882 1
303 882 2
306 882 1
313 882 2
316 882 2
317 882 3
318 882 2
325 882 3
327 882 2
328 882 3
329 882 1
330 882 1
331 882 2
332 882 2
333 882 1
336 882 2
337 882 3
338 882 3
340 882 2
343 882 2
345 882 3
349 882 3
352 882 3
355 882 1
357 882 1
361 882 3
365 882 3
366 882 2
368 882 1
372 882 2
373 882 3
374 882 2
376 882 3
378 882 2
