696 157 3
702 157 1
709 157 2
710 157 2
718 157 2
721 157 1
727 157 3
728 157 3
737 157 2
743 157 3
744 157 2
746 157 1
747 157 3
748 157 1
752 157 2
754 157 1
757 157 2
761 157 3
762 157 2
764 157 1
765 157 3
766 157 2
767 157 1
769 157 3
773 157 3
776 157 1
777 157 1
781 157 3
783 157 1
789 157 3
791 157 1
792 157 3
794 157 1
797 157 2
798 157 2
802 157 3
814 157 1
815 157 1
818 157 3
821 157 3
822 157 3
824 157 1
827 157 3
829 157 3
834 157 1
835 157 3
836 157 2
837 157 1
838 157 1
839 157 2
844 157 1
846 157 2
847 157 3
853 157 2
856 157 2
862 157 3
864 157 2
872 157 3
876 157 1
879 157 2
880 157 1
883 157 3
886 157 2
889 157 3
891 157 2
894 157 3
895 157 3
896 157 2
900 157 3
901 157 3
902 157 3
906 157 3
907 157 1
913 157 1
918 157 2
919 157 1
920 157 1
924 157 3
931 157 1
934 157 2
935 157 1
937 157 3
943 157 2
944 157 3
945 157 3
947 157 1
949 157 1
953 157 2
958 157 3
961 157 2
965 157 1
969 157 1
972 157 2
975 157 3
976 157 1
979 157 1
983 157 3
985 157 3
987 157 2
988 157 1
992 157 1
995 157 2
998 157 1
1 158 2
2 158 2
4 158 1
6 158 3
7 158 3
9 158 3
10 158 2
14 158 2
15 158 1
16 158 1
18 158 3
19 158 1
20 158 3
24 158 2
25 158 3
26 158 2
34 158 2
38 158 3
42 158 2
44 158 3
45 158 2
52 158 3
53 158 1
54 158 2
56 158 2
59 158 2
63 158 3
66 158 2
67 158 1
69 158 3
76 158 2
77 158 2
83 158 2
92 158 3
94 158 2
96 158 3
97 158 2
99 158 2
102 158 3
103 158 3
104 158 2
106 158 1
108 158 2
111 158 2
119 158 1
120 158 3
124 158 3
125 158 3
127 158 3
132 158 2
135 158 2
136 158 3
144 158 2
146 158 1
154 158 2
157 158 1
161 158 1
164 158 2
168 158 2
169 158 2
170 158 2
173 158 2
174 158 1
175 158 2
178 158 1
179 158 2
182 158 3
189 158 2
191 158 1
194 158 3
198 158 3
201 158 3
203 158 2
206 158 1
213 158 2
216 158 3
218 158 2
220 158 3
225 158 1
227 158 1
228 158 2
230 158 1
232 158 1
241 158 1
242 158 2
243 158 2
246 158 1
249 158 2
258 158 2
259 158 2
260 158 3
274 158 1
275 158 3
276 158 2
279 158 2
282 158 2
283 158 1
286 158 2
288 158 1
293 158 1
294 158 1
295 158 3
296 158 3
297 158 2
298 158 3
299 158 1
303 158 2
306 158 2
307 158 3
310 158 1
320 158 2
324 158 3
325 158 2
327 158 1
329 158 3
332 158 3
335 158 1
346 158 3
354 158 2
355 158 2
360 158 2
362 158 1
363 158 3
366 158 3
371 158 1
377 158 1
378 158 2
384 158 1
385 158 2
390 158 1
391 158 2
395 158 1
396 158 1
397 158 3
399 158 3
401 158 3
403 158 2
405 158 2
408 158 3
409 158 3
412 158 3
414 158 3
415 158 2
418 158 2
419 158 2
422 158 3
427 158 3
429 158 3
430 158 3
431 158 1
432 158 2
434 158 3
435 158 3
441 158 1
445 158 2
446 158 2
447 158 1
448 158 1
451 158 2
452 158 2
455 158 2
458 158 3
459 158 3
461 158 2
462 158 2
464 158 2
466 158 3
467 158 1
470 158 1
475 158 1
483 158 3
484 158 2
485 158 2
486 158 2
491 158 1
493 158 1
494 158 3
497 158 1
498 158 3
499 158 2
501 158 3
504 158 2
507 158 2
509 158 2
511 158 3
512 158 2
518 158 2
523 158 2
530 158 2
532 158 1
536 158 3
537 158 1
539 158 3
541 158 1
544 158 1
547 158 3
549 158 3
552 158 3
553 158 2
554 158 1
557 158 1
558 158 2
560 158 2
568 158 1
569 158 1
573 158 2
581 158 1
585 158 2
586 158 1
587 158 2
588 158 3
601 158 3
603 158 3
606 158 2
613 158 1
614 158 1
617 158 1
619 158 2
621 158 3
624 158 2
627 158 2
628 158 3
630 158 3
631 158 1
635 158 1
638 158 2
641 158 2
642 158 3
645 158 3
650 158 2
651 158 2
654 158 1
657 158 1
658 158 1
660 158 2
661 158 3
666 158 3
667 158 3
672 158 3
673 158 1
674 158 1
679 158 2
682 158 2
683 158 2
685 158 1
686 158 2
687 158 1
689 158 2
691 158 2
693 158 3
695 158 1
700 158 3
702 158 1
703 158 2
704 158 3
707 158 3
708 158 1
709 158 3
710 158 2
712 158 2
715 158 1
717 158 2
720 158 1
723 158 3
728 158 3
730 158 3
736 158 2
741 158 2
744 158 2
746 158 1
752 158 3
753 158 3
762 158 2
764 158 3
766 158 2
768 158 2
769 158 3
770 158 3
771 158 3
772 158 2
776 158 2
781 158 3
782 158 3
786 158 2
794 158 3
797 158 3
799 158 1
804 158 2
808 158 2
809 158 1
811 158 1
812 158 3
819 158 3
821 158 2
823 158 2
826 158 2
827 158 2
829 158 2
830 158 3
837 158 1
838 158 2
839 158 2
841 158 1
843 158 2
845 158 3
846 158 3
847 158 2
852 158 3
856 158 3
857 158 1
858 158 2
860 158 1
862 158 3
870 158 3
875 158 2
878 158 3
879 158 3
880 158 2
884 158 3
888 158 3
889 158 1
904 158 3
905 158 2
907 158 2
910 158 1
913 158 2
914 158 3
918 158 2
919 158 2
924 158 1
932 158 3
933 158 3
935 158 2
936 158 2
939 158 1
940 158 3
941 158 1
943 158 2
945 158 2
946 158 3
952 158 3
958 158 2
960 158 3
964 158 1
965 158 3
966 158 2
971 158 1
976 158 3
978 158 2
981 158 2
987 158 3
988 158 3
989 158 2
994 158 3
996 158 1
1 159 1
3 159 2
4 159 1
5 159 3
8 159 1
19 159 3
22 159 2
25 159 3
27 159 2
28 159 1
34 159 2
37 159 3
38 159 2
39 159 1
44 159 1
48 159 2
57 159 1
58 159 2
63 159 2
64 159 2
72 159 3
75 159 2
79 159 1
81 159 2
84 159 2
89 159 2
90 159 1
92 159 2
95 159 2
101 159 2
104 159 3
115 159 2
117 159 3
118 159 1
119 159 1
120 159 3
122 159 3
125 159 2
130 159 3
134 159 3
139 159 1
141 159 2
142 159 3
143 159 3
144 159 2
147 159 1
148 159 2
150 159 2
151 159 3
154 159 3
159 159 2
160 159 3
165 159 2
166 159 2
167 159 1
177 159 1
179 159 3
180 159 1
182 159 2
186 159 1
189 159 1
193 159 2
194 159 1
195 159 1
196 159 3
199 159 1
202 159 2
206 159 3
211 159 2
214 159 3
215 159 1
217 159 1
218 159 1
219 159 1
220 159 3
224 159 3
225 159 1
227 159 3
233 159 2
235 159 1
237 159 1
244 159 3
245 159 2
246 159 2
253 159 1
254 159 1
255 159 1
256 159 3
258 159 2
260 159 2
262 159 3
265 159 2
268 159 3
271 159 2
276 159 2
278 159 3
282 159 1
294 159 1
295 159 2
306 159 2
321 159 2
323 159 1
326 159 1
327 159 2
328 159 2
334 159 2
339 159 1
342 159 1
343 159 1
352 159 3
353 159 3
355 159 1
359 159 2
364 159 3
365 159 2
366 159 1
368 159 1
369 159 3
372 159 1
373 159 1
385 159 2
386 159 1
393 159 2
395 159 3
405 159 3
406 159 2
407 159 2
408 159 3
410 159 1
411 159 1
412 159 3
414 159 2
415 159 2
421 159 3
424 159 1
429 159 3
431 159 2
434 159 1
435 159 2
444 159 2
446 159 1
447 159 3
454 159 2
456 159 1
457 159 1
458 159 2
460 159 3
462 159 2
467 159 2
479 159 3
480 159 3
481 159 1
484 159 3
485 159 2
491 159 1
495 159 3
497 159 2
498 159 2
501 159 1
503 159 2
504 159 1
505 159 1
507 159 3
512 159 2
515 159 3
519 159 3
523 159 1
524 159 3
525 159 1
527 159 3
530 159 3
532 159 1
533 159 1
536 159 2
537 159 1
543 159 1
544 159 1
552 159 3
560 159 2
563 159 3
564 159 2
565 159 1
567 159 1
569 159 2
570 159 1
571 159 2
572 159 3
574 159 2
575 159 2
582 159 1
585 159 3
586 159 2
589 159 1
590 159 2
596 159 2
597 159 3
602 159 1
605 159 2
612 159 1
616 159 3
617 159 3
619 159 3
630 159 1
632 159 1
633 159 3
635 159 1
637 159 1
639 159 3
