432 786 1
434 786 3
437 786 2
443 786 1
454 786 1
461 786 2
462 786 3
467 786 1
470 786 1
472 786 3
474 786 3
477 786 1
479 786 2
481 786 3
482 786 1
485 786 3
487 786 1
488 786 3
489 786 3
491 786 3
498 786 3
503 786 2
504 786 2
506 786 3
509 786 3
511 786 1
514 786 1
515 786 2
519 786 1
520 786 3
522 786 2
524 786 1
527 786 1
533 786 3
535 786 3
538 786 1
542 786 2
543 786 2
548 786 2
549 786 3
558 786 3
560 786 1
561 786 3
565 786 3
570 786 3
574 786 1
580 786 1
581 786 1
583 786 3
587 786 2
592 786 3
593 786 3
597 786 3
602 786 1
604 786 1
607 786 3
608 786 1
609 786 1
611 786 1
613 786 1
614 786 1
619 786 1
622 786 3
626 786 1
627 786 2
628 786 3
631 786 3
633 786 3
636 786 2
638 786 3
639 786 1
643 786 1
647 786 2
649 786 1
660 786 2
663 786 3
665 786 2
666 786 1
668 786 2
670 786 3
675 786 1
676 786 2
684 786 2
686 786 1
690 786 2
693 786 3
697 786 2
698 786 2
699 786 1
700 786 3
705 786 1
706 786 1
707 786 2
709 786 3
710 786 1
714 786 3
715 786 2
716 786 2
719 786 1
727 786 1
733 786 3
736 786 2
737 786 1
742 786 3
745 786 3
749 786 1
751 786 3
758 786 2
762 786 2
773 786 3
779 786 1
780 786 3
782 786 1
784 786 2
789 786 3
790 786 1
795 786 1
803 786 1
812 786 2
814 786 2
819 786 3
820 786 2
826 786 2
832 786 2
837 786 3
839 786 3
840 786 2
841 786 2
843 786 1
845 786 3
848 786 1
851 786 2
853 786 2
855 786 1
859 786 1
860 786 1
868 786 2
871 786 3
877 786 3
880 786 2
882 786 3
883 786 3
891 786 3
892 786 2
894 786 3
898 786 1
900 786 2
903 786 3
907 786 2
908 786 2
912 786 1
913 786 2
915 786 2
916 786 3
917 786 3
920 786 1
921 786 2
923 786 2
927 786 3
928 786 1
931 786 1
934 786 3
935 786 3
936 786 2
938 786 2
939 786 3
940 786 1
942 786 3
948 786 3
951 786 1
952 786 3
956 786 3
957 786 3
959 786 2
962 786 3
964 786 3
968 786 3
972 786 1
974 786 3
977 786 2
978 786 3
979 786 1
980 786 3
981 786 3
982 786 3
983 786 3
984 786 2
986 786 2
989 786 1
990 786 3
996 786 3
997 786 1
998 786 1
0 787 1
1 787 1
9 787 2
12 787 1
18 787 2
20 787 1
23 787 3
24 787 3
31 787 2
41 787 2
42 787 2
45 787 3
46 787 3
51 787 1
53 787 3
55 787 1
60 787 2
61 787 2
62 787 1
66 787 3
68 787 3
70 787 3
72 787 3
77 787 2
78 787 1
83 787 3
84 787 2
88 787 2
89 787 3
90 787 3
92 787 3
95 787 2
100 787 2
110 787 3
111 787 2
122 787 1
123 787 1
134 787 3
135 787 1
137 787 3
139 787 1
143 787 3
146 787 1
151 787 2
152 787 3
153 787 2
156 787 1
161 787 1
167 787 3
169 787 1
176 787 3
187 787 3
188 787 1
189 787 1
190 787 2
193 787 1
194 787 3
198 787 2
200 787 1
204 787 3
205 787 2
207 787 2
209 787 3
213 787 3
216 787 2
218 787 2
219 787 1
222 787 3
224 787 1
226 787 2
232 787 1
233 787 2
240 787 3
241 787 1
242 787 2
243 787 1
254 787 2
255 787 3
260 787 3
262 787 1
264 787 3
265 787 3
266 787 3
270 787 3
271 787 2
272 787 3
276 787 3
278 787 3
282 787 1
284 787 1
289 787 1
296 787 1
306 787 1
307 787 2
311 787 1
313 787 3
315 787 2
316 787 2
317 787 3
319 787 2
322 787 3
324 787 2
326 787 1
338 787 1
340 787 2
344 787 1
349 787 3
350 787 3
351 787 2
352 787 3
356 787 3
358 787 1
362 787 3
363 787 1
364 787 3
368 787 3
370 787 2
371 787 1
373 787 2
374 787 3
377 787 3
378 787 2
380 787 2
384 787 2
393 787 2
396 787 3
397 787 3
406 787 2
411 787 3
415 787 2
417 787 2
424 787 3
429 787 1
430 787 2
432 787 2
440 787 3
441 787 3
443 787 1
450 787 2
451 787 1
453 787 3
457 787 1
458 787 3
467 787 1
468 787 3
471 787 1
473 787 3
474 787 3
482 787 1
486 787 2
487 787 1
490 787 1
496 787 3
499 787 1
501 787 1
502 787 1
503 787 1
514 787 1
517 787 2
522 787 2
524 787 1
526 787 3
529 787 1
533 787 3
535 787 1
537 787 2
540 787 1
541 787 3
556 787 3
558 787 2
561 787 1
565 787 2
568 787 3
569 787 1
574 787 2
577 787 2
578 787 3
581 787 1
587 787 3
588 787 3
590 787 2
591 787 2
592 787 3
595 787 3
596 787 2
597 787 2
600 787 1
617 787 3
618 787 2
620 787 3
621 787 1
622 787 1
626 787 2
631 787 2
634 787 2
635 787 3
636 787 2
642 787 2
645 787 1
646 787 1
648 787 1
653 787 1
655 787 3
656 787 3
665 787 2
669 787 2
670 787 1
672 787 3
677 787 3
679 787 1
681 787 3
682 787 1
683 787 1
688 787 2
690 787 2
693 787 1
696 787 3
698 787 2
704 787 1
705 787 1
710 787 1
711 787 1
712 787 2
716 787 2
719 787 2
720 787 2
721 787 2
722 787 1
724 787 2
726 787 3
727 787 2
728 787 1
730 787 2
739 787 3
740 787 3
747 787 1
748 787 1
749 787 1
754 787 1
761 787 3
769 787 3
773 787 2
776 787 1
782 787 2
784 787 2
786 787 1
790 787 1
791 787 2
793 787 1
796 787 1
797 787 3
805 787 1
806 787 3
808 787 2
810 787 2
814 787 3
818 787 2
821 787 3
823 787 3
825 787 3
828 787 3
835 787 3
840 787 3
841 787 1
848 787 1
850 787 1
853 787 2
859 787 3
861 787 3
863 787 1
864 787 1
866 787 1
867 787 2
871 787 2
872 787 3
874 787 3
876 787 3
877 787 3
878 787 2
880 787 3
882 787 3
883 787 3
885 787 2
886 787 2
889 787 3
897 787 2
900 787 3
901 787 2
910 787 3
912 787 1
916 787 1
917 787 2
921 787 2
923 787 1
924 787 2
930 787 2
933 787 2
934 787 3
936 787 1
937 787 2
939 787 1
943 787 1
951 787 1
952 787 3
953 787 3
954 787 2
956 787 1
965 787 3
967 787 2
972 787 2
973 787 3
976 787 1
977 787 1
980 787 2
982 787 2
984 787 3
988 787 2
989 787 1
995 787 1
0 788 2
4 788 1
7 788 1
9 788 3
10 788 1
12 788 1
14 788 3
18 788 1
34 788 2
39 788 1
43 788 1
48 788 3
49 788 1
51 788 3
55 788 2
59 788 1
73 788 1
75 788 3
81 788 1
83 788 1
84 788 1
86 788 3
87 788 2
89 788 1
90 788 1
96 788 2
97 788 2
98 788 1
100 788 3
101 788 3
102 788 3
103 788 3
107 788 1
109 788 2
112 788 2
120 788 1
121 788 2
126 788 3
129 788 3
130 788 1
135 788 3
136 788 2
138 788 3
139 788 3
142 788 1
145 788 2
146 788 3
150 788 1
151 788 2
152 788 1
159 788 2
165 788 1
166 788 1
168 788 1
169 788 2
170 788 3
177 788 2
178 788 3
179 788 2
180 788 1
181 788 3
183 788 2
184 788 2
189 788 3
198 788 2
200 788 3
201 788 3
203 788 3
210 788 3
218 788 2
219 788 2
225 788 2
228 788 2
229 788 3
237 788 2
238 788 3
244 788 2
246 788 2
247 788 3
248 788 1
249 788 2
251 788 2
252 788 3
256 788 1
259 788 2
260 788 1
268 788 3
272 788 3
273 788 3
275 788 1
277 788 1
284 788 1
290 788 1
293 788 2
295 788 2
296 788 1
304 788 1
305 788 2
306 788 2
307 788 2
310 788 2
312 788 1
316 788 2
319 788 1
320 788 1
321 788 2
326 788 2
328 788 3
329 788 3
334 788 3
337 788 2
339 788 2
342 788 3
343 788 3
352 788 3
353 788 2
356 788 2
358 788 3
364 788 2
366 788 2
367 788 1
368 788 3
370 788 1
373 788 1
376 788 2
377 788 2
380 788 3
385 788 1
387 788 1
388 788 2
389 788 2
392 788 1
401 788 2
408 788 3
411 788 2
413 788 3
415 788 3
416 788 3
417 788 3
422 788 2
424 788 2
425 788 2
428 788 3
430 788 1
438 788 3
445 788 2
446 788 1
451 788 3
454 788 1
455 788 2
458 788 2
459 788 2
461 788 1
462 788 2
