216 532 1
223 532 2
237 532 3
238 532 1
240 532 1
241 532 3
242 532 1
244 532 1
248 532 2
252 532 2
254 532 1
263 532 1
269 532 2
270 532 1
271 532 1
275 532 2
276 532 2
277 532 3
278 532 2
280 532 1
281 532 1
282 532 3
283 532 2
285 532 2
287 532 2
288 532 3
289 532 3
290 532 3
293 532 2
294 532 2
300 532 3
307 532 3
313 532 2
314 532 2
319 532 2
326 532 3
329 532 2
331 532 3
332 532 2
333 532 3
334 532 3
337 532 1
338 532 1
340 532 1
348 532 1
358 532 1
360 532 1
366 532 2
367 532 1
370 532 1
378 532 3
379 532 3
385 532 3
390 532 3
395 532 3
403 532 1
404 532 1
406 532 2
408 532 1
411 532 3
412 532 1
413 532 3
414 532 2
417 532 2
426 532 1
428 532 2
430 532 1
431 532 1
433 532 1
434 532 1
437 532 3
439 532 1
443 532 2
446 532 1
447 532 3
448 532 3
455 532 2
456 532 2
459 532 3
463 532 2
468 532 1
469 532 2
470 532 1
474 532 2
475 532 1
477 532 3
486 532 3
489 532 2
491 532 2
494 532 2
496 532 3
497 532 1
499 532 1
500 532 1
501 532 2
504 532 2
506 532 3
513 532 3
516 532 1
518 532 1
520 532 3
522 532 2
523 532 1
524 532 2
529 532 1
530 532 2
533 532 1
535 532 3
539 532 3
540 532 1
541 532 2
546 532 1
547 532 1
550 532 1
553 532 1
555 532 1
556 532 3
560 532 1
561 532 2
562 532 2
568 532 3
570 532 3
574 532 1
575 532 2
576 532 1
578 532 2
579 532 3
582 532 1
584 532 1
586 532 3
589 532 1
591 532 2
592 532 3
597 532 1
599 532 2
600 532 3
601 532 3
602 532 1
605 532 3
606 532 1
607 532 1
610 532 2
611 532 1
613 532 2
614 532 1
616 532 1
617 532 2
621 532 1
624 532 1
627 532 2
629 532 2
640 532 3
643 532 2
648 532 2
654 532 3
655 532 1
663 532 1
665 532 1
672 532 1
673 532 1
674 532 2
678 532 3
681 532 3
682 532 1
684 532 3
690 532 3
693 532 3
700 532 2
703 532 2
709 532 1
714 532 2
717 532 2
718 532 3
725 532 3
729 532 1
733 532 3
736 532 3
740 532 3
747 532 1
750 532 3
755 532 3
757 532 3
760 532 3
761 532 2
762 532 2
763 532 3
770 532 1
771 532 2
775 532 3
779 532 2
780 532 1
782 532 3
784 532 3
788 532 1
789 532 2
794 532 1
798 532 2
800 532 1
801 532 3
803 532 1
805 532 3
807 532 2
808 532 2
809 532 1
811 532 3
813 532 2
815 532 3
821 532 3
829 532 3
831 532 2
832 532 2
833 532 3
834 532 2
836 532 2
839 532 1
848 532 2
855 532 3
859 532 3
860 532 3
864 532 1
867 532 3
870 532 2
878 532 3
883 532 1
891 532 2
896 532 3
897 532 3
898 532 3
900 532 2
902 532 1
903 532 3
905 532 3
909 532 1
910 532 1
915 532 1
917 532 3
918 532 1
920 532 3
923 532 3
932 532 2
940 532 3
942 532 1
943 532 2
945 532 1
953 532 2
955 532 2
961 532 1
967 532 2
971 532 3
974 532 3
975 532 1
980 532 1
982 532 2
983 532 1
987 532 1
988 532 3
989 532 2
990 532 1
997 532 1
999 532 1
0 533 3
1 533 2
2 533 1
7 533 3
9 533 1
12 533 2
14 533 2
15 533 2
19 533 2
22 533 2
27 533 3
29 533 1
31 533 1
32 533 1
34 533 2
35 533 3
37 533 1
39 533 2
46 533 1
52 533 1
54 533 2
57 533 3
58 533 1
69 533 1
70 533 1
71 533 3
75 533 3
76 533 1
77 533 1
79 533 3
84 533 1
85 533 1
86 533 2
91 533 2
96 533 3
97 533 1
98 533 1
108 533 2
110 533 3
115 533 3
116 533 2
125 533 3
126 533 3
131 533 2
140 533 3
142 533 2
144 533 1
154 533 2
158 533 1
163 533 1
165 533 2
173 533 2
174 533 3
176 533 3
182 533 1
187 533 3
188 533 3
189 533 2
193 533 2
195 533 1
196 533 3
197 533 1
198 533 1
199 533 2
204 533 3
206 533 2
208 533 3
217 533 2
218 533 2
219 533 3
223 533 1
228 533 3
230 533 2
231 533 3
232 533 1
234 533 1
237 533 2
239 533 2
244 533 3
248 533 2
249 533 3
250 533 3
252 533 3
256 533 3
264 533 3
268 533 1
271 533 1
276 533 3
277 533 3
279 533 1
281 533 3
283 533 3
284 533 3
287 533 3
292 533 2
293 533 3
302 533 3
306 533 2
307 533 2
310 533 1
313 533 3
314 533 1
315 533 1
321 533 3
327 533 2
331 533 2
332 533 2
334 533 1
339 533 2
341 533 3
344 533 2
348 533 2
354 533 2
355 533 3
359 533 2
360 533 3
362 533 1
363 533 1
365 533 3
367 533 2
373 533 2
376 533 1
377 533 1
378 533 3
380 533 2
383 533 3
387 533 3
388 533 1
389 533 2
391 533 1
395 533 2
396 533 2
398 533 3
399 533 2
401 533 3
416 533 2
417 533 3
418 533 2
421 533 1
423 533 1
428 533 2
430 533 1
431 533 1
434 533 1
435 533 3
437 533 2
438 533 1
446 533 1
449 533 1
457 533 2
458 533 1
460 533 2
466 533 2
468 533 1
469 533 2
471 533 3
473 533 2
481 533 3
482 533 1
483 533 1
486 533 1
491 533 3
493 533 1
495 533 2
497 533 1
498 533 2
499 533 3
500 533 2
507 533 3
508 533 3
513 533 2
520 533 2
524 533 2
529 533 2
530 533 1
535 533 2
539 533 2
549 533 2
552 533 2
553 533 2
557 533 3
558 533 3
559 533 3
563 533 2
565 533 3
569 533 1
570 533 3
571 533 1
573 533 3
576 533 3
577 533 2
579 533 2
580 533 2
581 533 3
582 533 2
585 533 3
586 533 1
597 533 2
598 533 2
599 533 2
600 533 1
602 533 2
606 533 2
614 533 3
615 533 2
619 533 2
623 533 3
626 533 3
628 533 3
629 533 3
633 533 1
635 533 2
644 533 1
645 533 1
656 533 2
657 533 1
658 533 2
663 533 2
664 533 1
667 533 3
669 533 2
672 533 1
673 533 3
676 533 3
680 533 1
683 533 3
685 533 1
686 533 2
690 533 3
694 533 1
695 533 3
701 533 2
708 533 3
710 533 2
715 533 2
718 533 2
720 533 2
722 533 3
724 533 3
726 533 3
734 533 3
736 533 1
737 533 3
740 533 1
745 533 3
747 533 2
749 533 1
756 533 1
758 533 3
761 533 3
765 533 2
766 533 1
768 533 2
771 533 3
773 533 2
775 533 2
776 533 1
777 533 1
782 533 2
787 533 2
788 533 1
792 533 1
794 533 2
798 533 2
803 533 2
804 533 1
805 533 2
806 533 2
807 533 1
809 533 3
810 533 2
814 533 2
815 533 3
819 533 2
820 533 2
821 533 1
822 533 3
823 533 3
828 533 2
829 533 2
832 533 3
840 533 1
846 533 3
847 533 3
848 533 3
849 533 3
853 533 1
854 533 1
858 533 2
859 533 3
860 533 3
862 533 3
871 533 1
874 533 2
878 533 2
879 533 3
882 533 3
883 533 2
886 533 1
888 533 2
889 533 3
891 533 1
892 533 3
895 533 3
898 533 2
899 533 3
901 533 1
902 533 1
905 533 2
911 533 1
912 533 2
919 533 3
926 533 1
929 533 1
932 533 3
934 533 2
936 533 2
937 533 1
942 533 1
946 533 3
947 533 3
948 533 3
953 533 3
956 533 2
961 533 3
964 533 2
966 533 2
970 533 3
974 533 2
986 533 2
993 533 3
996 533 3
999 533 2
7 534 2
8 534 3
9 534 2
16 534 1
19 534 2
21 534 1
29 534 3
31 534 3
33 534 3
35 534 1
36 534 3
39 534 1
41 534 2
42 534 1
44 534 3
49 534 1
50 534 3
52 534 1
56 534 1
59 534 2
63 534 3
64 534 1
68 534 1
69 534 2
70 534 3
71 534 2
72 534 1
76 534 1
80 534 3
84 534 1
85 534 3
87 534 3
90 534 1
93 534 1
95 534 2
96 534 3
97 534 2
100 534 3
103 534 2
106 534 2
107 534 3
109 534 2
112 534 2
116 534 3
117 534 1
120 534 1
126 534 3
128 534 2
133 534 2
138 534 2
141 534 3
146 534 2
150 534 2
153 534 3
154 534 3
160 534 1
165 534 1
167 534 2
168 534 1
169 534 2
171 534 1
172 534 2
175 534 1
177 534 3
180 534 2
182 534 2
186 534 1
190 534 1
191 534 3
192 534 1
194 534 3
196 534 3
198 534 2
