583 684 2
587 684 1
594 684 2
600 684 1
602 684 3
605 684 1
611 684 1
612 684 2
613 684 2
616 684 2
622 684 2
630 684 2
631 684 3
634 684 1
635 684 1
636 684 1
638 684 1
642 684 2
644 684 2
658 684 2
659 684 3
660 684 1
662 684 2
667 684 3
673 684 2
678 684 2
680 684 1
685 684 2
686 684 3
687 684 2
688 684 3
690 684 2
696 684 3
699 684 3
703 684 3
705 684 3
706 684 1
709 684 1
710 684 1
711 684 2
713 684 1
719 684 1
725 684 1
729 684 2
731 684 1
732 684 1
739 684 3
740 684 2
741 684 3
742 684 3
744 684 3
752 684 1
754 684 1
768 684 3
773 684 3
777 684 3
778 684 3
782 684 3
783 684 3
784 684 3
786 684 2
787 684 3
788 684 1
789 684 2
794 684 3
795 684 1
801 684 3
803 684 2
812 684 2
813 684 1
815 684 1
816 684 3
818 684 3
820 684 2
822 684 3
826 684 3
836 684 1
841 684 1
845 684 2
847 684 3
848 684 3
850 684 2
852 684 2
857 684 3
858 684 2
860 684 1
861 684 2
862 684 1
867 684 2
868 684 2
869 684 2
874 684 1
879 684 3
880 684 3
881 684 3
882 684 3
884 684 3
885 684 2
886 684 2
887 684 1
888 684 2
891 684 3
894 684 2
895 684 2
896 684 1
898 684 1
899 684 2
904 684 3
905 684 2
906 684 3
913 684 1
915 684 2
916 684 2
917 684 3
918 684 3
929 684 3
930 684 1
935 684 1
936 684 1
939 684 2
941 684 2
942 684 2
945 684 3
952 684 1
953 684 3
958 684 1
960 684 3
961 684 1
963 684 2
964 684 1
965 684 2
966 684 2
971 684 1
973 684 2
975 684 1
976 684 2
978 684 2
982 684 1
987 684 1
988 684 2
991 684 1
994 684 1
998 684 3
0 685 3
2 685 1
4 685 3
7 685 2
15 685 2
22 685 3
28 685 1
38 685 1
46 685 2
49 685 3
51 685 2
52 685 2
53 685 1
57 685 2
59 685 1
60 685 1
61 685 3
63 685 1
65 685 3
68 685 3
69 685 2
70 685 3
74 685 2
75 685 1
77 685 2
78 685 3
80 685 3
81 685 1
84 685 1
89 685 3
90 685 3
91 685 2
92 685 1
94 685 1
97 685 3
99 685 1
103 685 2
106 685 3
107 685 2
109 685 2
110 685 2
111 685 1
112 685 2
118 685 1
119 685 3
121 685 3
131 685 3
132 685 2
133 685 2
135 685 3
140 685 2
141 685 3
142 685 1
144 685 2
146 685 2
149 685 2
150 685 1
151 685 3
165 685 2
168 685 3
175 685 1
176 685 1
178 685 2
181 685 3
184 685 1
185 685 2
186 685 1
189 685 2
196 685 3
202 685 1
204 685 2
205 685 2
207 685 2
215 685 3
216 685 3
222 685 3
224 685 3
225 685 2
226 685 1
236 685 1
241 685 1
247 685 2
248 685 1
249 685 2
251 685 1
253 685 2
256 685 2
258 685 3
272 685 1
276 685 1
277 685 3
280 685 2
282 685 1
283 685 2
286 685 2
293 685 2
297 685 3
298 685 1
309 685 2
312 685 1
317 685 2
319 685 3
326 685 2
328 685 2
332 685 1
334 685 3
335 685 2
341 685 1
344 685 3
345 685 1
349 685 2
355 685 1
356 685 1
361 685 2
362 685 2
365 685 3
366 685 3
377 685 2
379 685 1
381 685 2
384 685 3
386 685 3
387 685 2
392 685 2
393 685 1
394 685 1
398 685 1
401 685 1
402 685 3
405 685 1
406 685 3
407 685 1
413 685 2
415 685 1
419 685 3
423 685 2
425 685 1
429 685 2
430 685 1
433 685 2
436 685 1
438 685 3
439 685 1
444 685 2
447 685 1
449 685 3
451 685 2
453 685 3
455 685 1
456 685 3
459 685 3
463 685 3
465 685 1
468 685 1
469 685 3
473 685 1
474 685 3
475 685 2
476 685 3
477 685 2
478 685 2
479 685 2
481 685 1
484 685 1
486 685 3
487 685 2
488 685 3
489 685 2
494 685 2
495 685 1
496 685 1
501 685 1
502 685 3
505 685 2
507 685 3
509 685 2
511 685 3
513 685 3
515 685 2
516 685 3
520 685 1
524 685 2
527 685 1
528 685 2
532 685 2
534 685 2
540 685 3
542 685 1
543 685 2
549 685 1
551 685 3
557 685 1
558 685 1
559 685 3
560 685 3
562 685 3
563 685 3
565 685 1
566 685 3
569 685 3
571 685 3
575 685 1
576 685 2
580 685 1
583 685 1
584 685 1
589 685 3
591 685 3
602 685 2
603 685 2
613 685 2
614 685 1
620 685 2
623 685 1
624 685 1
626 685 3
629 685 3
631 685 1
632 685 1
638 685 1
640 685 2
642 685 1
645 685 3
647 685 1
650 685 1
651 685 1
652 685 1
653 685 2
657 685 1
658 685 2
665 685 3
666 685 2
668 685 3
669 685 3
674 685 2
675 685 3
678 685 2
681 685 2
682 685 2
689 685 1
693 685 2
699 685 2
700 685 2
703 685 3
723 685 2
725 685 1
729 685 2
730 685 1
731 685 3
732 685 3
734 685 2
737 685 1
738 685 2
739 685 1
742 685 2
747 685 1
750 685 3
751 685 3
753 685 1
756 685 2
758 685 2
761 685 2
764 685 2
765 685 3
768 685 2
770 685 1
774 685 3
776 685 1
777 685 3
778 685 3
783 685 2
787 685 3
790 685 1
791 685 1
792 685 1
797 685 3
798 685 1
799 685 3
803 685 2
806 685 3
807 685 1
808 685 1
809 685 1
810 685 1
811 685 1
819 685 2
820 685 1
830 685 1
831 685 1
835 685 1
841 685 2
845 685 1
847 685 3
850 685 3
856 685 1
862 685 1
864 685 2
865 685 2
867 685 2
868 685 1
871 685 3
872 685 1
877 685 3
878 685 1
880 685 3
882 685 1
884 685 1
886 685 3
888 685 2
890 685 1
892 685 2
895 685 2
897 685 1
898 685 2
902 685 2
908 685 2
913 685 3
914 685 2
915 685 3
917 685 3
918 685 1
920 685 2
923 685 1
924 685 1
925 685 2
926 685 3
928 685 1
937 685 1
944 685 2
945 685 1
946 685 2
951 685 2
954 685 2
956 685 3
957 685 2
959 685 1
961 685 3
969 685 2
970 685 2
974 685 2
976 685 1
977 685 1
985 685 1
990 685 3
991 685 2
996 685 3
997 685 2
998 685 1
0 686 1
3 686 3
4 686 2
5 686 3
6 686 1
8 686 1
15 686 2
19 686 2
20 686 1
21 686 1
22 686 1
25 686 1
28 686 2
30 686 1
33 686 3
37 686 2
38 686 3
39 686 3
42 686 3
43 686 2
46 686 2
47 686 3
50 686 2
51 686 1
54 686 1
56 686 2
57 686 1
62 686 1
63 686 1
68 686 2
71 686 3
73 686 3
76 686 1
78 686 1
81 686 3
84 686 2
89 686 3
93 686 1
95 686 1
96 686 1
97 686 2
101 686 2
103 686 2
106 686 3
108 686 3
110 686 1
114 686 3
115 686 2
118 686 2
126 686 1
130 686 1
132 686 1
136 686 2
139 686 2
148 686 1
150 686 3
156 686 1
157 686 3
158 686 2
162 686 2
166 686 2
168 686 2
169 686 1
171 686 2
174 686 2
177 686 3
181 686 1
188 686 3
195 686 2
197 686 1
199 686 1
200 686 3
211 686 1
217 686 2
224 686 1
227 686 1
228 686 2
230 686 1
231 686 3
232 686 2
240 686 2
242 686 3
244 686 1
245 686 3
246 686 2
249 686 3
260 686 1
263 686 2
264 686 1
269 686 3
270 686 1
271 686 3
272 686 3
275 686 2
277 686 1
281 686 2
282 686 1
285 686 3
286 686 3
291 686 1
292 686 1
295 686 1
296 686 3
300 686 2
306 686 2
308 686 3
313 686 1
317 686 3
329 686 3
330 686 2
332 686 3
335 686 3
337 686 1
338 686 2
346 686 2
348 686 2
350 686 3
352 686 2
354 686 1
356 686 3
357 686 2
358 686 1
359 686 2
365 686 2
369 686 1
370 686 1
372 686 3
373 686 1
374 686 2
377 686 3
378 686 3
379 686 3
387 686 1
388 686 1
390 686 2
395 686 2
397 686 2
400 686 2
401 686 2
403 686 1
404 686 1
407 686 3
408 686 1
410 686 3
412 686 2
413 686 1
414 686 1
415 686 2
417 686 3
423 686 2
425 686 1
426 686 2
427 686 1
428 686 1
430 686 2
433 686 3
434 686 3
436 686 2
437 686 2
439 686 1
440 686 1
441 686 3
442 686 1
446 686 3
451 686 1
452 686 1
453 686 2
454 686 3
456 686 1
459 686 1
467 686 1
473 686 3
476 686 2
479 686 3
480 686 1
