485 698 3
500 698 2
505 698 1
508 698 1
516 698 3
518 698 1
529 698 1
534 698 3
537 698 1
542 698 2
543 698 1
553 698 2
554 698 3
560 698 2
569 698 1
570 698 3
571 698 2
575 698 1
577 698 1
586 698 2
587 698 2
591 698 3
597 698 2
601 698 2
602 698 1
603 698 1
604 698 2
605 698 2
611 698 3
612 698 3
615 698 1
617 698 2
620 698 1
621 698 3
625 698 2
627 698 1
630 698 3
632 698 1
635 698 1
639 698 3
647 698 2
651 698 3
657 698 2
660 698 3
661 698 2
662 698 1
666 698 1
667 698 1
675 698 1
678 698 1
688 698 3
689 698 1
695 698 1
697 698 2
700 698 2
710 698 1
712 698 1
719 698 3
720 698 3
721 698 1
724 698 3
734 698 3
735 698 3
737 698 2
738 698 2
741 698 2
743 698 3
745 698 1
748 698 1
750 698 3
751 698 3
752 698 3
756 698 2
759 698 1
762 698 2
766 698 2
767 698 1
769 698 1
770 698 1
778 698 3
780 698 2
781 698 2
782 698 3
784 698 2
786 698 1
787 698 2
788 698 2
791 698 2
798 698 3
799 698 3
800 698 3
803 698 2
805 698 2
806 698 2
807 698 1
818 698 1
823 698 3
828 698 3
829 698 1
830 698 2
832 698 3
845 698 1
846 698 2
849 698 3
851 698 1
853 698 1
855 698 3
857 698 3
859 698 3
860 698 2
864 698 1
866 698 3
869 698 1
874 698 3
879 698 2
885 698 3
886 698 1
889 698 2
901 698 3
902 698 3
903 698 2
904 698 1
909 698 3
917 698 1
919 698 2
925 698 3
926 698 2
929 698 2
931 698 3
932 698 1
938 698 2
940 698 2
946 698 1
948 698 1
950 698 1
952 698 2
953 698 1
954 698 3
958 698 2
959 698 2
961 698 1
963 698 1
966 698 1
972 698 1
974 698 2
975 698 2
976 698 1
980 698 3
985 698 3
987 698 3
989 698 2
991 698 1
993 698 2
997 698 2
998 698 2
999 698 2
2 699 2
3 699 1
7 699 2
8 699 1
15 699 2
22 699 3
23 699 1
24 699 2
29 699 1
30 699 1
31 699 2
32 699 1
34 699 1
37 699 1
39 699 2
40 699 1
44 699 2
46 699 1
47 699 3
48 699 3
51 699 1
52 699 2
55 699 3
56 699 1
60 699 2
61 699 3
63 699 1
64 699 3
68 699 1
74 699 1
78 699 1
79 699 1
81 699 2
83 699 2
88 699 3
92 699 2
94 699 1
96 699 3
97 699 3
98 699 1
100 699 1
101 699 3
102 699 2
103 699 3
109 699 2
112 699 1
114 699 2
122 699 3
123 699 3
129 699 3
130 699 2
131 699 3
134 699 2
135 699 2
137 699 2
138 699 1
141 699 1
143 699 3
144 699 3
145 699 3
146 699 3
148 699 3
149 699 3
151 699 2
153 699 3
157 699 1
160 699 3
162 699 1
163 699 2
164 699 2
165 699 2
171 699 2
172 699 2
174 699 3
175 699 1
176 699 1
180 699 3
181 699 3
183 699 2
184 699 2
185 699 3
187 699 1
189 699 2
191 699 1
197 699 3
200 699 1
202 699 2
209 699 1
211 699 2
212 699 1
217 699 1
224 699 3
225 699 1
226 699 2
228 699 1
229 699 3
230 699 1
235 699 1
238 699 1
239 699 2
240 699 1
241 699 2
243 699 2
245 699 1
248 699 2
252 699 2
253 699 1
255 699 2
256 699 2
257 699 3
259 699 1
260 699 1
263 699 3
265 699 3
269 699 1
270 699 2
272 699 1
274 699 1
280 699 3
281 699 3
282 699 1
287 699 3
292 699 3
293 699 2
304 699 2
306 699 2
309 699 1
315 699 2
321 699 2
322 699 1
327 699 2
331 699 3
333 699 2
334 699 2
335 699 2
336 699 1
338 699 3
341 699 2
342 699 3
343 699 3
351 699 1
353 699 3
357 699 3
363 699 2
364 699 3
365 699 1
368 699 3
371 699 2
373 699 1
374 699 1
381 699 1
382 699 3
385 699 2
390 699 2
394 699 2
395 699 1
396 699 2
402 699 2
404 699 3
407 699 2
409 699 1
412 699 3
413 699 1
417 699 1
418 699 2
419 699 2
421 699 2
422 699 1
423 699 3
431 699 2
433 699 3
434 699 1
447 699 1
449 699 1
450 699 2
452 699 1
455 699 3
456 699 2
459 699 1
461 699 3
462 699 1
463 699 3
464 699 1
465 699 2
466 699 2
469 699 3
470 699 2
473 699 3
476 699 2
479 699 3
485 699 1
489 699 1
491 699 2
494 699 2
499 699 2
501 699 1
504 699 2
505 699 2
513 699 2
516 699 3
519 699 2
520 699 3
521 699 3
522 699 2
524 699 2
526 699 2
527 699 3
529 699 3
533 699 3
534 699 2
537 699 1
538 699 2
540 699 2
541 699 2
542 699 1
543 699 2
546 699 3
548 699 1
552 699 1
556 699 1
558 699 2
559 699 1
563 699 1
564 699 3
569 699 1
571 699 2
583 699 1
589 699 3
594 699 3
596 699 3
600 699 1
601 699 3
604 699 1
611 699 3
616 699 2
619 699 3
625 699 2
630 699 2
632 699 2
634 699 3
637 699 1
643 699 2
644 699 2
648 699 1
650 699 1
653 699 2
656 699 2
659 699 2
660 699 3
661 699 2
662 699 1
663 699 3
666 699 3
667 699 2
668 699 1
669 699 1
673 699 3
677 699 1
680 699 3
681 699 3
682 699 3
683 699 2
686 699 1
689 699 2
695 699 2
700 699 1
706 699 1
707 699 2
714 699 2
716 699 2
717 699 3
720 699 3
721 699 2
724 699 2
728 699 3
731 699 3
732 699 3
735 699 3
736 699 1
737 699 1
738 699 3
739 699 2
742 699 2
744 699 1
751 699 3
757 699 2
758 699 2
759 699 3
761 699 1
762 699 3
768 699 2
769 699 3
770 699 1
772 699 3
774 699 1
777 699 1
782 699 3
788 699 3
791 699 3
795 699 2
801 699 2
802 699 1
805 699 1
807 699 1
814 699 1
816 699 3
820 699 2
821 699 2
823 699 3
827 699 1
828 699 3
833 699 3
834 699 2
838 699 1
844 699 3
849 699 2
851 699 3
853 699 3
854 699 3
855 699 1
858 699 3
859 699 1
860 699 2
862 699 3
864 699 2
867 699 1
869 699 3
871 699 2
873 699 3
876 699 3
879 699 1
883 699 3
886 699 1
894 699 2
899 699 1
902 699 3
904 699 3
911 699 1
912 699 2
914 699 3
918 699 2
922 699 2
925 699 3
927 699 2
931 699 3
934 699 2
935 699 1
936 699 1
940 699 3
943 699 2
945 699 2
946 699 1
948 699 2
951 699 3
957 699 1
961 699 1
962 699 3
964 699 1
965 699 2
966 699 1
967 699 3
969 699 2
972 699 2
973 699 2
975 699 1
984 699 1
987 699 2
996 699 1
997 699 1
6 700 2
11 700 2
13 700 3
15 700 2
17 700 1
18 700 3
21 700 2
22 700 2
26 700 1
31 700 3
32 700 3
33 700 1
39 700 1
41 700 3
42 700 3
47 700 3
53 700 1
55 700 2
60 700 1
61 700 1
68 700 2
71 700 3
73 700 2
76 700 1
79 700 1
80 700 3
85 700 2
86 700 3
91 700 2
93 700 2
97 700 1
100 700 1
101 700 2
103 700 1
107 700 3
112 700 1
113 700 2
115 700 3
117 700 1
118 700 1
119 700 1
120 700 3
121 700 2
123 700 3
128 700 2
131 700 2
132 700 3
135 700 1
136 700 3
138 700 2
140 700 1
142 700 3
144 700 1
145 700 3
146 700 1
147 700 3
150 700 1
154 700 1
155 700 1
156 700 2
163 700 2
168 700 3
170 700 2
171 700 3
172 700 1
174 700 3
175 700 3
177 700 1
180 700 2
181 700 2
182 700 3
189 700 2
192 700 3
193 700 3
194 700 3
196 700 2
197 700 1
199 700 2
201 700 2
204 700 2
206 700 2
210 700 3
211 700 1
212 700 3
214 700 3
216 700 1
220 700 2
221 700 1
222 700 2
224 700 1
226 700 2
228 700 2
232 700 3
233 700 2
235 700 1
236 700 1
243 700 2
244 700 1
249 700 1
260 700 3
262 700 1
268 700 3
274 700 2
276 700 3
277 700 1
279 700 3
283 700 3
284 700 2
286 700 1
287 700 3
293 700 3
294 700 1
299 700 1
301 700 2
302 700 3
307 700 2
311 700 1
313 700 2
314 700 3
316 700 2
317 700 1
318 700 1
321 700 2
328 700 1
330 700 3
331 700 2
333 700 1
338 700 1
339 700 3
340 700 3
341 700 3
343 700 1
347 700 1
352 700 2
356 700 1
360 700 2
363 700 2
366 700 1
369 700 2
370 700 3
371 700 1
