146 289 2
147 289 1
148 289 3
151 289 3
152 289 1
153 289 2
158 289 3
163 289 3
166 289 3
168 289 2
173 289 3
174 289 1
176 289 3
180 289 2
181 289 3
187 289 3
196 289 1
198 289 2
200 289 1
203 289 3
208 289 2
210 289 3
211 289 2
214 289 2
218 289 1
219 289 3
220 289 1
227 289 2
229 289 1
231 289 1
233 289 1
234 289 1
235 289 1
236 289 2
243 289 1
246 289 2
247 289 1
252 289 1
256 289 1
262 289 2
266 289 3
267 289 2
274 289 1
276 289 2
286 289 2
291 289 2
294 289 3
301 289 1
302 289 2
303 289 1
306 289 1
308 289 1
309 289 2
312 289 1
318 289 2
320 289 2
322 289 2
328 289 1
333 289 3
335 289 1
338 289 1
339 289 3
342 289 1
343 289 2
344 289 3
348 289 1
349 289 2
361 289 3
366 289 1
367 289 3
369 289 2
370 289 3
377 289 1
379 289 1
381 289 1
390 289 3
393 289 3
395 289 3
396 289 2
397 289 1
398 289 3
399 289 1
400 289 3
404 289 3
406 289 3
410 289 3
411 289 3
416 289 2
418 289 1
421 289 1
428 289 3
430 289 1
431 289 2
435 289 1
436 289 2
438 289 1
439 289 2
440 289 2
448 289 3
454 289 2
459 289 2
468 289 1
470 289 1
475 289 2
476 289 2
479 289 3
481 289 2
486 289 3
489 289 3
491 289 2
494 289 2
495 289 3
497 289 2
498 289 3
502 289 1
504 289 2
511 289 1
514 289 2
516 289 2
517 289 3
518 289 2
523 289 1
525 289 2
529 289 1
531 289 1
536 289 2
537 289 3
538 289 3
543 289 2
546 289 3
548 289 3
549 289 3
550 289 1
553 289 3
563 289 1
564 289 1
566 289 1
567 289 1
577 289 3
578 289 1
580 289 1
581 289 3
584 289 1
587 289 2
588 289 1
603 289 2
604 289 1
607 289 3
609 289 1
613 289 2
614 289 2
617 289 2
625 289 2
629 289 2
632 289 1
638 289 2
639 289 2
640 289 2
641 289 2
642 289 2
648 289 2
651 289 1
652 289 2
653 289 1
655 289 1
659 289 2
662 289 1
664 289 1
669 289 1
674 289 2
675 289 1
680 289 3
684 289 2
685 289 2
691 289 1
692 289 1
693 289 3
696 289 3
699 289 3
701 289 3
704 289 3
705 289 3
706 289 3
708 289 2
709 289 2
712 289 1
718 289 2
721 289 3
722 289 3
723 289 1
724 289 2
731 289 3
738 289 3
740 289 3
741 289 2
749 289 3
750 289 1
751 289 1
754 289 2
760 289 3
763 289 3
765 289 1
769 289 3
770 289 2
780 289 1
781 289 1
787 289 1
790 289 1
792 289 3
796 289 3
798 289 1
801 289 3
803 289 1
812 289 2
815 289 3
819 289 3
820 289 3
821 289 2
835 289 3
837 289 3
841 289 2
846 289 3
849 289 2
852 289 3
853 289 3
854 289 2
857 289 3
860 289 3
863 289 1
865 289 3
877 289 2
879 289 1
882 289 1
883 289 2
886 289 3
887 289 2
888 289 1
889 289 3
900 289 2
903 289 2
909 289 3
913 289 3
915 289 1
920 289 2
922 289 3
923 289 3
924 289 1
927 289 1
933 289 1
937 289 1
938 289 2
940 289 3
946 289 3
947 289 1
949 289 1
957 289 3
960 289 2
962 289 1
964 289 1
968 289 3
970 289 2
972 289 3
974 289 1
975 289 2
977 289 3
982 289 3
983 289 3
991 289 3
6 290 2
7 290 3
10 290 3
13 290 1
17 290 2
24 290 3
25 290 2
29 290 1
30 290 2
31 290 1
32 290 2
40 290 1
43 290 1
45 290 3
47 290 3
49 290 2
51 290 1
53 290 3
56 290 1
58 290 1
62 290 2
70 290 3
72 290 3
74 290 1
75 290 2
77 290 3
78 290 2
84 290 1
86 290 3
88 290 1
92 290 1
98 290 1
102 290 2
103 290 1
104 290 2
106 290 1
107 290 2
110 290 1
111 290 1
116 290 1
118 290 2
119 290 3
123 290 1
125 290 1
132 290 1
148 290 1
150 290 2
153 290 2
154 290 2
155 290 1
158 290 2
159 290 3
160 290 3
161 290 2
162 290 2
168 290 2
169 290 1
170 290 1
171 290 3
173 290 2
177 290 2
181 290 3
182 290 1
184 290 3
185 290 1
194 290 2
195 290 1
198 290 1
200 290 2
205 290 3
206 290 2
207 290 3
214 290 2
215 290 2
217 290 1
219 290 1
221 290 1
223 290 1
225 290 3
226 290 1
227 290 1
228 290 3
229 290 2
231 290 3
233 290 3
236 290 2
238 290 2
241 290 1
243 290 1
248 290 3
251 290 3
255 290 3
256 290 3
259 290 3
260 290 1
268 290 2
272 290 2
275 290 3
281 290 1
282 290 2
284 290 3
287 290 3
292 290 3
293 290 3
294 290 3
296 290 1
300 290 2
304 290 1
305 290 1
307 290 1
309 290 1
310 290 3
312 290 1
314 290 2
315 290 2
316 290 2
318 290 1
320 290 2
323 290 1
325 290 1
326 290 1
328 290 1
335 290 2
339 290 2
340 290 3
342 290 1
344 290 2
349 290 3
352 290 3
355 290 2
360 290 3
364 290 1
367 290 3
368 290 1
372 290 1
377 290 1
378 290 2
379 290 2
382 290 2
386 290 3
387 290 3
393 290 2
395 290 2
400 290 2
407 290 2
415 290 3
423 290 3
430 290 1
433 290 1
436 290 1
440 290 3
445 290 1
447 290 3
448 290 3
450 290 1
454 290 1
457 290 2
460 290 2
464 290 3
469 290 3
470 290 2
473 290 1
476 290 2
478 290 3
479 290 2
482 290 2
485 290 2
486 290 2
491 290 2
492 290 2
496 290 2
498 290 3
500 290 1
502 290 1
505 290 2
509 290 3
511 290 3
514 290 1
518 290 2
519 290 1
521 290 1
527 290 3
530 290 1
531 290 2
536 290 3
537 290 3
543 290 1
548 290 1
550 290 1
554 290 1
558 290 1
560 290 1
561 290 3
562 290 3
568 290 3
571 290 3
574 290 2
576 290 3
577 290 2
578 290 1
579 290 2
584 290 2
586 290 3
588 290 3
590 290 2
594 290 1
598 290 1
603 290 1
606 290 2
610 290 3
615 290 1
617 290 3
619 290 2
620 290 2
624 290 1
626 290 2
627 290 3
630 290 2
632 290 2
639 290 1
644 290 1
645 290 1
646 290 3
656 290 2
658 290 2
659 290 1
662 290 2
665 290 2
668 290 3
673 290 2
676 290 2
679 290 3
685 290 1
687 290 3
690 290 3
692 290 2
693 290 1
694 290 2
697 290 2
700 290 3
702 290 3
705 290 1
706 290 3
707 290 1
711 290 2
713 290 1
715 290 1
718 290 2
721 290 2
728 290 3
729 290 3
734 290 1
735 290 3
742 290 3
744 290 1
745 290 2
746 290 3
748 290 3
749 290 3
751 290 2
752 290 1
755 290 1
757 290 3
758 290 1
759 290 1
761 290 1
764 290 2
769 290 2
770 290 2
771 290 1
772 290 2
774 290 2
782 290 2
783 290 2
784 290 2
786 290 1
794 290 3
800 290 3
804 290 2
805 290 2
814 290 1
816 290 1
817 290 3
823 290 2
826 290 3
827 290 3
829 290 1
832 290 1
839 290 3
841 290 2
845 290 2
847 290 1
848 290 1
850 290 2
852 290 1
853 290 2
857 290 3
860 290 3
864 290 3
865 290 3
867 290 2
868 290 2
873 290 1
874 290 2
877 290 3
879 290 3
880 290 3
890 290 2
892 290 2
896 290 3
898 290 3
903 290 2
909 290 2
911 290 1
912 290 2
914 290 1
916 290 2
917 290 2
921 290 2
922 290 1
923 290 2
927 290 2
928 290 2
934 290 2
937 290 1
944 290 1
945 290 3
949 290 2
951 290 2
956 290 1
959 290 2
962 290 3
964 290 2
968 290 3
970 290 2
971 290 3
977 290 2
979 290 3
983 290 3
985 290 3
988 290 1
990 290 1
993 290 1
998 290 2
1 291 1
3 291 3
5 291 1
11 291 2
12 291 1
14 291 2
16 291 2
23 291 2
36 291 1
38 291 2
41 291 3
45 291 1
50 291 2
54 291 3
56 291 3
59 291 2
63 291 1
65 291 1
69 291 3
71 291 1
72 291 3
75 291 1
77 291 3
78 291 3
80 291 3
84 291 1
90 291 1
94 291 3
95 291 1
96 291 1
100 291 3
101 291 3
102 291 1
104 291 2
107 291 3
108 291 1
109 291 3
112 291 1
122 291 2
128 291 3
134 291 3
135 291 1
138 291 2
145 291 1
146 291 2
149 291 2
155 291 3
157 291 2
166 291 3
176 291 3
177 291 1
179 291 3
180 291 3
181 291 2
