431 626 3
432 626 2
434 626 1
435 626 1
437 626 2
438 626 3
440 626 1
447 626 3
448 626 2
449 626 3
450 626 1
452 626 1
457 626 1
473 626 1
476 626 2
479 626 3
481 626 2
482 626 3
484 626 3
485 626 2
491 626 3
494 626 1
496 626 2
502 626 2
504 626 2
507 626 1
509 626 3
511 626 3
512 626 3
513 626 1
515 626 2
520 626 3
523 626 2
525 626 1
526 626 3
528 626 3
530 626 3
534 626 1
545 626 1
550 626 3
551 626 1
554 626 2
556 626 1
557 626 2
562 626 1
569 626 3
571 626 3
574 626 3
577 626 1
578 626 2
579 626 2
586 626 3
587 626 3
589 626 2
590 626 1
595 626 2
596 626 2
597 626 2
603 626 2
610 626 2
614 626 2
615 626 2
617 626 1
621 626 3
624 626 2
632 626 3
634 626 2
638 626 3
644 626 2
645 626 2
646 626 1
647 626 1
650 626 2
653 626 2
659 626 1
662 626 3
665 626 3
669 626 3
670 626 1
672 626 2
674 626 3
676 626 1
678 626 2
685 626 3
686 626 2
688 626 2
691 626 2
695 626 2
698 626 3
705 626 3
706 626 1
722 626 2
723 626 3
729 626 1
732 626 1
733 626 1
748 626 3
749 626 1
751 626 1
752 626 1
753 626 3
757 626 3
760 626 2
763 626 2
766 626 3
767 626 1
769 626 2
770 626 1
774 626 2
778 626 1
780 626 3
783 626 1
784 626 1
788 626 2
789 626 3
790 626 1
795 626 1
796 626 3
802 626 2
803 626 2
804 626 1
808 626 1
812 626 1
815 626 3
819 626 2
820 626 1
821 626 1
823 626 3
825 626 2
826 626 3
829 626 1
833 626 1
834 626 1
836 626 2
838 626 1
839 626 3
840 626 2
843 626 3
846 626 1
848 626 3
852 626 1
857 626 3
858 626 3
859 626 3
863 626 2
865 626 3
868 626 2
872 626 3
874 626 2
878 626 2
879 626 1
881 626 2
883 626 3
888 626 2
889 626 3
890 626 1
892 626 2
893 626 2
895 626 3
900 626 1
901 626 1
904 626 3
905 626 3
906 626 1
911 626 1
912 626 2
917 626 1
918 626 2
922 626 3
925 626 1
934 626 3
937 626 1
938 626 2
942 626 3
943 626 3
944 626 2
945 626 2
947 626 3
955 626 3
958 626 3
960 626 3
965 626 1
973 626 2
982 626 3
988 626 1
989 626 3
990 626 2
993 626 1
996 626 1
999 626 1
0 627 1
2 627 2
5 627 3
6 627 1
7 627 3
8 627 1
16 627 1
18 627 3
36 627 1
39 627 3
42 627 3
44 627 1
45 627 1
49 627 3
54 627 2
56 627 3
58 627 3
67 627 1
68 627 1
71 627 3
72 627 1
75 627 1
78 627 3
79 627 1
81 627 2
94 627 3
95 627 3
98 627 3
99 627 2
101 627 2
103 627 1
109 627 3
122 627 2
127 627 3
128 627 2
129 627 1
130 627 2
132 627 3
133 627 1
135 627 3
137 627 3
144 627 2
145 627 3
146 627 1
152 627 1
153 627 2
158 627 2
159 627 2
160 627 2
163 627 1
165 627 3
166 627 2
174 627 2
179 627 2
181 627 3
183 627 1
191 627 1
192 627 2
202 627 3
203 627 2
205 627 1
207 627 3
208 627 2
211 627 1
212 627 1
216 627 1
218 627 3
219 627 1
221 627 2
223 627 1
224 627 2
227 627 2
228 627 1
233 627 2
234 627 1
236 627 3
237 627 1
238 627 3
241 627 2
247 627 2
250 627 2
252 627 2
254 627 3
256 627 1
257 627 2
260 627 3
266 627 2
276 627 3
277 627 1
279 627 2
280 627 2
284 627 3
285 627 1
287 627 3
292 627 3
298 627 2
299 627 2
300 627 2
302 627 2
303 627 2
304 627 3
307 627 1
316 627 2
319 627 2
320 627 1
326 627 2
328 627 3
330 627 2
334 627 3
339 627 3
340 627 2
342 627 3
343 627 3
345 627 3
350 627 2
351 627 3
354 627 1
359 627 3
360 627 3
362 627 1
365 627 1
369 627 3
370 627 1
373 627 2
377 627 1
383 627 1
390 627 3
392 627 3
399 627 3
412 627 3
413 627 1
419 627 3
422 627 1
425 627 3
429 627 1
430 627 2
431 627 1
433 627 2
434 627 3
439 627 2
441 627 3
442 627 1
443 627 1
445 627 2
447 627 1
450 627 2
451 627 3
452 627 1
457 627 3
461 627 2
463 627 3
473 627 2
478 627 1
480 627 2
481 627 1
482 627 1
485 627 2
487 627 3
489 627 3
494 627 3
496 627 1
498 627 3
499 627 2
501 627 2
510 627 1
513 627 2
514 627 3
518 627 2
523 627 1
525 627 1
526 627 1
527 627 2
528 627 2
533 627 1
535 627 3
536 627 1
538 627 2
543 627 1
544 627 1
545 627 2
546 627 2
547 627 1
549 627 3
552 627 1
554 627 1
558 627 1
559 627 2
562 627 2
563 627 2
567 627 1
569 627 1
573 627 3
574 627 3
577 627 3
579 627 2
581 627 3
582 627 3
583 627 2
586 627 2
587 627 1
589 627 1
606 627 2
608 627 1
614 627 3
616 627 1
622 627 1
623 627 2
627 627 1
629 627 3
630 627 3
631 627 2
634 627 3
636 627 2
645 627 2
648 627 2
652 627 2
654 627 1
656 627 1
657 627 3
659 627 1
660 627 1
661 627 1
665 627 3
668 627 1
669 627 3
673 627 3
674 627 3
675 627 1
676 627 3
685 627 1
687 627 3
692 627 2
696 627 1
708 627 2
710 627 2
714 627 2
724 627 2
725 627 1
728 627 2
729 627 2
730 627 2
731 627 2
737 627 3
738 627 3
744 627 2
745 627 1
746 627 3
748 627 1
752 627 3
754 627 1
759 627 1
763 627 2
767 627 3
770 627 1
777 627 3
778 627 1
791 627 3
795 627 1
798 627 1
799 627 2
800 627 1
802 627 1
803 627 1
806 627 3
812 627 2
820 627 3
823 627 3
825 627 1
827 627 2
829 627 1
834 627 2
836 627 2
838 627 3
839 627 1
842 627 3
843 627 2
847 627 1
849 627 1
851 627 1
855 627 2
856 627 2
860 627 1
861 627 1
863 627 2
864 627 1
866 627 2
868 627 3
872 627 3
873 627 3
875 627 2
876 627 1
878 627 3
882 627 1
891 627 2
893 627 1
901 627 3
902 627 1
903 627 3
906 627 1
910 627 3
911 627 1
914 627 1
918 627 1
926 627 1
927 627 2
928 627 2
931 627 2
934 627 1
935 627 2
937 627 2
939 627 2
941 627 3
942 627 3
943 627 3
945 627 1
949 627 3
955 627 2
956 627 1
959 627 1
961 627 3
963 627 2
965 627 2
966 627 1
968 627 2
969 627 3
972 627 3
973 627 3
974 627 3
977 627 2
979 627 3
986 627 2
992 627 1
993 627 1
995 627 3
0 628 3
2 628 3
3 628 2
5 628 2
7 628 3
10 628 1
11 628 1
17 628 2
18 628 3
20 628 1
24 628 2
25 628 3
27 628 3
30 628 3
31 628 3
32 628 3
33 628 2
34 628 3
35 628 3
37 628 2
40 628 1
41 628 2
42 628 3
50 628 1
51 628 2
54 628 2
56 628 1
57 628 1
62 628 2
74 628 1
75 628 1
77 628 1
83 628 2
91 628 1
92 628 2
95 628 2
96 628 2
98 628 3
100 628 1
101 628 2
103 628 2
104 628 3
110 628 2
111 628 2
119 628 3
123 628 2
131 628 1
133 628 2
135 628 3
142 628 3
143 628 1
149 628 3
154 628 1
155 628 3
168 628 2
169 628 3
175 628 2
176 628 1
177 628 2
178 628 1
182 628 1
186 628 2
188 628 3
193 628 3
194 628 1
197 628 3
201 628 1
207 628 2
208 628 3
209 628 3
210 628 2
211 628 1
215 628 2
218 628 3
219 628 3
223 628 3
229 628 3
235 628 1
238 628 3
245 628 1
249 628 2
255 628 2
256 628 2
257 628 1
262 628 3
263 628 3
269 628 1
273 628 1
274 628 1
279 628 3
281 628 2
282 628 1
286 628 3
288 628 1
289 628 1
292 628 2
296 628 2
298 628 1
312 628 1
313 628 3
317 628 2
319 628 2
321 628 2
322 628 1
323 628 1
324 628 2
328 628 1
330 628 1
332 628 3
333 628 2
334 628 2
341 628 3
343 628 2
344 628 1
346 628 1
348 628 2
352 628 1
355 628 2
358 628 3
363 628 1
367 628 3
369 628 2
372 628 1
374 628 1
381 628 3
383 628 1
384 628 2
385 628 3
386 628 2
387 628 3
388 628 3
389 628 2
390 628 3
393 628 2
397 628 2
401 628 1
402 628 1
406 628 3
410 628 2
416 628 1
420 628 2
422 628 2
