256 526 2
257 526 3
264 526 1
265 526 2
269 526 3
282 526 1
283 526 2
284 526 3
287 526 3
289 526 1
290 526 2
293 526 2
294 526 2
295 526 3
298 526 3
300 526 2
301 526 1
302 526 3
306 526 1
311 526 2
323 526 3
326 526 3
331 526 2
334 526 1
339 526 1
340 526 2
344 526 3
348 526 3
351 526 1
355 526 3
356 526 2
358 526 2
365 526 2
366 526 3
367 526 1
368 526 2
370 526 3
380 526 2
382 526 1
383 526 3
389 526 3
394 526 2
400 526 2
404 526 2
405 526 1
407 526 1
408 526 1
410 526 1
412 526 1
413 526 1
416 526 3
424 526 3
425 526 2
426 526 3
427 526 1
428 526 3
429 526 1
436 526 2
439 526 1
444 526 2
447 526 1
455 526 2
456 526 1
458 526 2
463 526 1
467 526 3
468 526 1
469 526 3
470 526 1
471 526 3
475 526 1
477 526 3
479 526 3
487 526 3
500 526 3
501 526 2
505 526 1
507 526 3
510 526 1
512 526 1
514 526 2
515 526 2
517 526 1
518 526 1
521 526 3
527 526 1
530 526 1
535 526 2
539 526 3
541 526 2
543 526 2
545 526 1
547 526 2
550 526 1
551 526 1
555 526 2
563 526 2
564 526 3
568 526 1
573 526 3
577 526 3
578 526 1
580 526 2
581 526 1
582 526 1
584 526 3
586 526 1
596 526 3
598 526 2
601 526 2
602 526 1
604 526 1
609 526 2
614 526 1
615 526 2
617 526 2
620 526 3
624 526 2
625 526 2
629 526 3
632 526 3
634 526 1
636 526 3
644 526 3
645 526 1
652 526 1
654 526 2
655 526 1
656 526 1
661 526 3
663 526 2
668 526 1
670 526 2
674 526 2
677 526 3
679 526 3
680 526 1
683 526 1
686 526 2
688 526 3
690 526 2
693 526 3
695 526 2
696 526 3
697 526 2
703 526 2
704 526 3
705 526 1
712 526 2
713 526 3
721 526 1
724 526 1
726 526 3
730 526 3
731 526 1
732 526 3
735 526 3
737 526 2
738 526 2
739 526 1
740 526 3
742 526 3
746 526 3
747 526 2
748 526 3
756 526 1
758 526 1
762 526 2
764 526 2
765 526 2
766 526 2
769 526 3
772 526 1
775 526 1
778 526 2
779 526 1
782 526 2
783 526 3
784 526 3
789 526 2
791 526 3
795 526 1
801 526 3
803 526 2
805 526 1
806 526 3
813 526 2
817 526 3
819 526 2
820 526 1
821 526 2
825 526 2
831 526 2
834 526 3
838 526 1
839 526 3
842 526 3
843 526 3
847 526 1
849 526 2
850 526 1
853 526 3
855 526 3
856 526 2
860 526 3
861 526 3
867 526 3
871 526 3
876 526 2
878 526 1
881 526 2
884 526 3
885 526 1
890 526 3
891 526 2
898 526 2
900 526 1
905 526 3
908 526 1
909 526 3
914 526 3
916 526 1
923 526 1
926 526 1
927 526 3
931 526 2
933 526 3
934 526 1
940 526 2
941 526 1
943 526 3
947 526 2
949 526 1
950 526 2
951 526 3
957 526 1
960 526 2
961 526 2
967 526 3
974 526 3
979 526 1
981 526 1
982 526 2
985 526 3
991 526 2
998 526 1
999 526 1
1 527 3
8 527 2
9 527 1
18 527 1
21 527 3
22 527 2
23 527 1
28 527 3
29 527 1
33 527 2
34 527 1
36 527 1
37 527 2
38 527 1
43 527 3
46 527 1
47 527 1
50 527 3
51 527 2
52 527 1
54 527 2
56 527 1
58 527 2
59 527 3
61 527 2
66 527 1
70 527 3
71 527 3
74 527 1
79 527 1
83 527 3
85 527 1
88 527 1
89 527 2
92 527 3
96 527 3
100 527 3
102 527 3
104 527 1
105 527 2
109 527 1
115 527 2
122 527 2
131 527 3
133 527 3
134 527 1
137 527 1
141 527 3
144 527 2
148 527 1
150 527 2
154 527 2
155 527 2
162 527 1
170 527 1
171 527 3
172 527 3
174 527 3
175 527 1
180 527 3
188 527 2
191 527 1
202 527 2
208 527 3
209 527 1
211 527 2
214 527 1
217 527 2
219 527 2
223 527 3
224 527 3
225 527 1
226 527 2
228 527 3
229 527 3
236 527 2
237 527 2
243 527 2
249 527 3
250 527 2
259 527 2
261 527 2
264 527 3
268 527 1
269 527 2
270 527 1
272 527 1
275 527 3
278 527 2
282 527 3
301 527 2
302 527 2
304 527 3
305 527 3
315 527 1
319 527 2
323 527 1
324 527 3
325 527 2
327 527 2
328 527 3
330 527 1
336 527 3
338 527 3
345 527 3
349 527 3
350 527 1
356 527 3
357 527 2
361 527 1
362 527 3
368 527 2
373 527 2
375 527 2
377 527 1
381 527 2
388 527 3
393 527 3
395 527 3
400 527 2
401 527 3
412 527 3
414 527 3
415 527 3
416 527 1
417 527 2
418 527 1
422 527 1
428 527 1
429 527 3
434 527 3
435 527 1
436 527 3
438 527 3
439 527 3
456 527 1
459 527 3
466 527 2
467 527 2
468 527 1
470 527 1
472 527 2
474 527 3
476 527 3
480 527 1
481 527 2
482 527 1
486 527 3
488 527 3
493 527 2
497 527 1
498 527 2
503 527 1
510 527 3
528 527 3
531 527 2
535 527 2
537 527 1
538 527 3
544 527 2
547 527 2
548 527 1
554 527 1
555 527 1
558 527 1
561 527 2
563 527 3
564 527 1
565 527 1
578 527 1
583 527 3
584 527 2
586 527 1
589 527 2
590 527 2
592 527 1
593 527 3
605 527 3
611 527 1
614 527 3
615 527 1
619 527 2
622 527 3
623 527 2
624 527 2
630 527 3
636 527 2
637 527 3
644 527 3
646 527 2
648 527 1
650 527 3
655 527 1
657 527 2
659 527 1
663 527 3
667 527 3
668 527 2
671 527 2
679 527 3
684 527 2
686 527 3
687 527 3
689 527 2
690 527 1
693 527 1
695 527 3
696 527 1
697 527 1
698 527 3
699 527 3
701 527 1
702 527 1
705 527 2
707 527 1
708 527 2
713 527 2
714 527 2
715 527 3
718 527 1
719 527 2
721 527 2
725 527 3
726 527 1
729 527 2
731 527 1
732 527 3
733 527 1
736 527 3
737 527 2
738 527 2
743 527 3
747 527 3
748 527 2
752 527 3
753 527 3
763 527 2
765 527 1
769 527 2
770 527 1
775 527 3
776 527 2
781 527 1
782 527 1
788 527 1
789 527 3
791 527 3
800 527 1
802 527 2
807 527 2
808 527 1
809 527 2
811 527 2
813 527 2
828 527 1
829 527 1
832 527 2
833 527 3
834 527 3
835 527 2
838 527 2
841 527 1
844 527 3
845 527 2
846 527 3
851 527 3
853 527 2
857 527 2
859 527 2
865 527 2
866 527 3
868 527 3
870 527 1
871 527 2
873 527 2
880 527 2
882 527 1
888 527 1
890 527 2
892 527 1
894 527 2
895 527 3
897 527 3
899 527 1
901 527 3
903 527 2
905 527 3
911 527 3
913 527 1
914 527 2
918 527 3
920 527 3
930 527 3
935 527 1
940 527 3
943 527 1
946 527 3
948 527 1
949 527 3
954 527 3
956 527 2
959 527 2
961 527 3
965 527 2
967 527 2
968 527 2
969 527 3
970 527 2
974 527 2
978 527 2
979 527 2
981 527 3
982 527 2
990 527 2
993 527 2
996 527 2
7 528 3
8 528 2
12 528 2
25 528 1
28 528 1
31 528 3
33 528 3
42 528 1
46 528 1
49 528 3
52 528 2
53 528 1
55 528 1
71 528 2
73 528 1
74 528 2
76 528 3
80 528 1
83 528 1
85 528 2
88 528 1
90 528 3
93 528 2
110 528 1
113 528 3
117 528 2
120 528 1
121 528 1
123 528 1
128 528 2
135 528 2
136 528 2
138 528 1
139 528 1
147 528 3
154 528 1
155 528 1
156 528 3
157 528 2
159 528 3
160 528 3
161 528 3
167 528 1
169 528 1
173 528 1
175 528 1
176 528 1
184 528 2
192 528 2
194 528 3
199 528 1
207 528 1
210 528 2
216 528 1
220 528 3
224 528 1
226 528 2
228 528 2
229 528 3
230 528 2
235 528 1
241 528 2
242 528 3
245 528 2
250 528 3
253 528 1
255 528 2
258 528 3
259 528 1
261 528 2
262 528 3
266 528 3
269 528 1
272 528 2
275 528 3
277 528 3
278 528 3
280 528 2
282 528 2
289 528 2
290 528 2
291 528 2
294 528 1
295 528 3
298 528 2
303 528 2
307 528 3
308 528 3
312 528 2
316 528 3
318 528 3
323 528 2
324 528 3
325 528 2
326 528 2
333 528 3
344 528 3
351 528 2
352 528 3
353 528 1
357 528 2
358 528 2
362 528 1
