374 810 2
379 810 2
380 810 3
383 810 2
386 810 2
387 810 3
389 810 2
395 810 2
399 810 3
400 810 1
405 810 2
408 810 2
412 810 3
413 810 2
414 810 1
415 810 2
426 810 2
434 810 1
436 810 3
439 810 1
442 810 1
444 810 1
447 810 3
457 810 1
477 810 2
479 810 3
481 810 2
482 810 1
485 810 1
486 810 2
489 810 3
491 810 3
494 810 1
495 810 2
498 810 1
499 810 2
503 810 1
504 810 3
508 810 3
513 810 1
516 810 3
517 810 3
521 810 3
528 810 3
530 810 3
536 810 2
537 810 2
538 810 2
539 810 2
545 810 3
552 810 3
561 810 3
562 810 2
563 810 2
564 810 3
566 810 2
567 810 1
568 810 1
569 810 3
571 810 1
574 810 3
575 810 3
579 810 2
585 810 1
586 810 2
590 810 3
599 810 3
602 810 1
603 810 3
605 810 1
610 810 3
612 810 3
614 810 3
615 810 2
617 810 1
618 810 1
623 810 3
629 810 1
632 810 2
635 810 3
644 810 2
647 810 1
649 810 1
656 810 3
664 810 2
671 810 3
672 810 2
673 810 3
680 810 3
686 810 3
694 810 3
695 810 3
696 810 3
700 810 2
702 810 1
705 810 2
709 810 2
710 810 3
711 810 2
715 810 1
716 810 2
724 810 2
726 810 1
732 810 3
735 810 2
739 810 2
742 810 3
746 810 3
747 810 3
751 810 1
757 810 3
759 810 2
761 810 3
762 810 1
765 810 2
766 810 3
768 810 1
772 810 3
773 810 1
775 810 3
776 810 2
777 810 2
779 810 1
780 810 2
783 810 2
784 810 2
785 810 2
789 810 2
792 810 1
793 810 3
794 810 3
796 810 2
797 810 2
801 810 1
803 810 3
805 810 1
813 810 3
818 810 1
820 810 1
828 810 2
831 810 3
834 810 3
835 810 2
836 810 1
838 810 1
839 810 3
841 810 2
846 810 3
850 810 1
851 810 1
853 810 2
854 810 3
855 810 1
856 810 2
862 810 2
865 810 3
872 810 1
876 810 2
878 810 3
881 810 1
887 810 3
888 810 3
894 810 2
897 810 3
900 810 1
906 810 1
908 810 1
909 810 1
916 810 1
919 810 1
921 810 2
922 810 2
929 810 1
930 810 3
932 810 2
933 810 3
936 810 2
938 810 3
941 810 2
943 810 3
951 810 1
957 810 3
959 810 3
963 810 2
965 810 1
966 810 3
967 810 1
968 810 1
971 810 3
976 810 1
977 810 3
987 810 1
991 810 2
992 810 1
994 810 3
0 811 3
5 811 2
6 811 2
9 811 1
14 811 3
23 811 1
27 811 1
30 811 3
33 811 3
37 811 2
38 811 3
39 811 1
44 811 2
45 811 2
46 811 2
49 811 3
53 811 3
56 811 1
58 811 1
59 811 2
63 811 3
81 811 1
86 811 3
91 811 3
95 811 3
96 811 3
97 811 2
100 811 3
101 811 3
105 811 3
108 811 1
109 811 2
113 811 1
122 811 2
125 811 2
126 811 1
128 811 3
132 811 1
141 811 3
144 811 1
145 811 1
147 811 3
148 811 1
154 811 2
155 811 3
157 811 3
159 811 2
160 811 1
162 811 2
166 811 2
171 811 1
172 811 3
173 811 2
182 811 1
185 811 3
187 811 1
192 811 3
197 811 1
198 811 1
199 811 2
200 811 3
201 811 1
202 811 3
203 811 1
204 811 2
206 811 3
208 811 2
212 811 2
213 811 1
214 811 1
216 811 1
217 811 3
220 811 3
222 811 1
227 811 2
229 811 1
234 811 2
238 811 2
243 811 3
245 811 1
247 811 2
248 811 1
249 811 3
254 811 2
255 811 2
260 811 3
265 811 1
266 811 1
268 811 1
276 811 2
280 811 1
288 811 3
289 811 2
295 811 2
297 811 1
299 811 3
300 811 2
301 811 2
306 811 2
309 811 1
311 811 2
313 811 1
314 811 1
315 811 2
325 811 1
326 811 1
328 811 3
329 811 2
334 811 2
337 811 1
342 811 2
344 811 3
348 811 3
350 811 2
351 811 1
352 811 3
355 811 2
360 811 1
361 811 1
362 811 3
364 811 3
366 811 2
371 811 1
372 811 1
373 811 1
382 811 1
383 811 2
384 811 3
385 811 1
388 811 2
389 811 2
391 811 1
393 811 2
394 811 1
395 811 2
396 811 2
397 811 3
398 811 2
403 811 1
404 811 1
409 811 3
415 811 3
430 811 3
432 811 3
433 811 3
434 811 1
439 811 3
440 811 1
442 811 3
447 811 1
450 811 2
451 811 2
452 811 2
454 811 2
455 811 1
461 811 1
463 811 2
466 811 2
467 811 1
470 811 1
472 811 2
477 811 1
478 811 1
484 811 2
485 811 2
487 811 1
490 811 1
491 811 2
492 811 3
497 811 2
499 811 2
501 811 3
504 811 3
510 811 2
511 811 3
515 811 2
517 811 3
518 811 2
519 811 3
520 811 2
524 811 2
531 811 2
534 811 2
535 811 2
537 811 1
539 811 2
544 811 1
545 811 3
549 811 2
550 811 3
551 811 3
554 811 1
560 811 1
573 811 1
574 811 2
576 811 3
577 811 1
578 811 3
579 811 1
583 811 3
586 811 1
588 811 2
589 811 1
590 811 3
592 811 2
594 811 2
595 811 3
598 811 1
599 811 2
601 811 2
602 811 3
606 811 3
608 811 2
610 811 3
612 811 2
613 811 2
615 811 2
617 811 2
618 811 3
619 811 2
625 811 1
627 811 2
628 811 2
630 811 2
631 811 2
633 811 1
636 811 3
638 811 3
639 811 2
642 811 3
643 811 3
649 811 2
650 811 1
654 811 2
658 811 1
660 811 3
663 811 1
667 811 3
669 811 2
671 811 2
675 811 1
677 811 3
686 811 2
689 811 3
691 811 2
694 811 2
696 811 3
700 811 3
701 811 2
703 811 3
709 811 3
710 811 3
711 811 1
715 811 1
716 811 2
718 811 2
719 811 3
720 811 2
722 811 1
730 811 1
731 811 2
733 811 2
738 811 2
740 811 1
742 811 1
745 811 2
746 811 2
758 811 2
762 811 2
763 811 2
766 811 1
770 811 3
774 811 3
775 811 2
776 811 3
778 811 1
781 811 3
782 811 1
787 811 3
788 811 1
799 811 3
809 811 1
810 811 1
816 811 3
818 811 1
820 811 1
822 811 3
823 811 2
824 811 3
833 811 2
840 811 1
842 811 3
847 811 3
853 811 2
857 811 3
859 811 1
861 811 2
862 811 1
863 811 3
866 811 3
867 811 3
870 811 2
873 811 2
886 811 3
889 811 1
891 811 2
894 811 1
901 811 3
902 811 3
903 811 1
906 811 2
908 811 3
910 811 2
911 811 2
916 811 2
918 811 3
924 811 2
925 811 1
928 811 3
931 811 1
932 811 1
934 811 2
936 811 2
937 811 3
938 811 1
941 811 2
953 811 2
955 811 1
956 811 2
962 811 2
963 811 2
966 811 2
968 811 2
980 811 2
986 811 2
994 811 1
998 811 2
999 811 2
1 812 3
5 812 2
8 812 2
10 812 1
11 812 2
12 812 1
15 812 2
19 812 1
22 812 1
25 812 2
31 812 2
34 812 2
37 812 1
39 812 1
47 812 3
50 812 1
55 812 2
58 812 3
60 812 3
61 812 2
63 812 2
64 812 2
67 812 1
69 812 1
72 812 3
73 812 3
76 812 3
77 812 1
89 812 2
94 812 2
98 812 3
100 812 2
107 812 3
109 812 3
112 812 3
113 812 1
119 812 2
126 812 1
128 812 3
131 812 1
134 812 1
135 812 2
136 812 1
137 812 1
138 812 2
142 812 1
143 812 1
146 812 3
148 812 2
150 812 1
151 812 1
152 812 1
155 812 3
157 812 1
158 812 1
163 812 2
168 812 3
169 812 2
171 812 2
181 812 1
182 812 2
183 812 1
184 812 1
185 812 2
186 812 3
187 812 1
189 812 1
192 812 1
194 812 1
202 812 3
205 812 1
206 812 1
210 812 1
211 812 1
215 812 1
218 812 2
228 812 3
229 812 2
235 812 3
238 812 2
239 812 1
242 812 3
243 812 2
250 812 2
252 812 3
254 812 1
263 812 3
265 812 1
267 812 2
270 812 1
273 812 3
283 812 2
284 812 2
285 812 3
289 812 3
292 812 3
297 812 1
298 812 3
299 812 2
300 812 1
307 812 3
309 812 2
312 812 2
313 812 1
314 812 1
315 812 3
324 812 1
326 812 1
331 812 3
337 812 1
339 812 3
340 812 2
347 812 1
348 812 1
349 812 3
352 812 3
357 812 3
360 812 3
366 812 3
367 812 1
369 812 1
370 812 3
371 812 2
377 812 3
381 812 1
382 812 1
385 812 1
386 812 1
394 812 3
402 812 1
403 812 1
404 812 1
409 812 2
