679 332 1
684 332 1
685 332 1
690 332 1
693 332 1
700 332 1
702 332 2
709 332 3
711 332 1
712 332 3
716 332 1
722 332 1
727 332 1
728 332 3
729 332 3
731 332 2
733 332 1
734 332 2
742 332 3
743 332 3
746 332 1
749 332 2
753 332 2
755 332 1
760 332 2
762 332 1
769 332 1
772 332 2
774 332 1
778 332 2
780 332 1
781 332 1
782 332 2
783 332 2
784 332 3
793 332 2
794 332 2
797 332 3
799 332 1
802 332 2
804 332 1
808 332 3
809 332 2
810 332 2
811 332 3
812 332 3
819 332 3
821 332 3
822 332 2
825 332 1
828 332 1
831 332 1
833 332 3
837 332 3
842 332 2
846 332 1
849 332 2
851 332 3
854 332 2
859 332 2
862 332 3
863 332 2
873 332 1
877 332 1
880 332 2
883 332 2
885 332 2
886 332 2
898 332 3
899 332 1
900 332 1
909 332 2
910 332 3
912 332 2
916 332 2
919 332 3
924 332 1
926 332 2
936 332 3
941 332 3
942 332 2
944 332 3
945 332 2
946 332 2
947 332 1
948 332 1
949 332 1
954 332 3
956 332 1
962 332 2
964 332 2
965 332 3
967 332 2
970 332 2
973 332 2
978 332 1
984 332 1
993 332 1
995 332 1
996 332 3
998 332 2
1 333 2
2 333 2
3 333 3
4 333 3
5 333 2
6 333 2
8 333 2
11 333 3
16 333 2
17 333 2
30 333 1
31 333 2
34 333 3
37 333 3
42 333 2
43 333 3
46 333 1
48 333 2
51 333 2
60 333 2
61 333 2
70 333 2
78 333 2
79 333 3
83 333 1
84 333 1
86 333 2
92 333 1
94 333 1
99 333 3
101 333 3
102 333 1
105 333 3
114 333 3
117 333 1
122 333 3
125 333 2
127 333 1
133 333 1
135 333 3
137 333 3
141 333 3
146 333 2
147 333 2
154 333 1
155 333 3
157 333 1
159 333 3
161 333 3
164 333 3
165 333 3
166 333 3
172 333 3
173 333 1
174 333 1
175 333 1
183 333 1
189 333 3
191 333 1
192 333 2
193 333 2
194 333 1
196 333 1
199 333 3
200 333 3
203 333 2
204 333 2
211 333 3
216 333 3
220 333 3
222 333 1
227 333 2
228 333 3
231 333 3
236 333 2
237 333 1
238 333 2
239 333 2
243 333 2
246 333 1
248 333 3
249 333 1
254 333 3
257 333 1
261 333 1
263 333 3
264 333 2
265 333 1
268 333 1
269 333 3
275 333 2
276 333 3
280 333 3
281 333 3
284 333 3
286 333 2
288 333 1
293 333 2
296 333 2
298 333 3
300 333 3
303 333 2
305 333 1
306 333 2
307 333 3
308 333 2
310 333 1
312 333 3
314 333 1
317 333 1
318 333 3
322 333 2
324 333 1
339 333 2
347 333 1
348 333 3
350 333 1
357 333 3
358 333 2
360 333 2
366 333 3
368 333 2
370 333 2
372 333 1
377 333 3
380 333 3
382 333 1
385 333 3
386 333 1
388 333 2
390 333 3
399 333 3
402 333 2
403 333 2
405 333 2
406 333 2
407 333 1
408 333 3
412 333 2
414 333 3
415 333 3
418 333 2
420 333 1
421 333 3
424 333 2
425 333 1
429 333 2
430 333 1
437 333 3
438 333 3
439 333 2
443 333 1
447 333 3
448 333 2
452 333 3
453 333 3
457 333 2
461 333 2
462 333 1
463 333 3
465 333 2
470 333 2
473 333 2
474 333 3
475 333 3
487 333 3
495 333 1
500 333 3
506 333 3
508 333 3
511 333 3
512 333 1
516 333 2
519 333 3
520 333 1
524 333 3
528 333 1
537 333 1
538 333 1
541 333 1
543 333 3
546 333 2
554 333 1
555 333 1
557 333 3
559 333 2
563 333 3
564 333 3
570 333 2
573 333 2
578 333 3
579 333 2
584 333 1
587 333 2
588 333 1
592 333 1
596 333 3
598 333 2
600 333 1
601 333 1
604 333 1
605 333 2
611 333 1
612 333 2
616 333 1
618 333 1
622 333 1
623 333 3
630 333 2
634 333 1
638 333 2
639 333 1
648 333 2
649 333 2
650 333 3
652 333 1
663 333 2
664 333 3
666 333 3
668 333 3
671 333 3
675 333 2
684 333 3
687 333 3
693 333 1
694 333 3
696 333 2
699 333 3
702 333 2
703 333 3
706 333 1
707 333 1
708 333 2
710 333 3
712 333 1
715 333 2
716 333 1
723 333 1
726 333 3
727 333 1
735 333 3
736 333 1
738 333 1
740 333 2
742 333 1
745 333 2
755 333 2
759 333 2
765 333 3
768 333 1
772 333 1
775 333 3
778 333 1
780 333 2
781 333 1
783 333 1
791 333 1
794 333 1
801 333 2
804 333 1
809 333 3
810 333 3
811 333 3
814 333 3
816 333 2
817 333 2
820 333 3
822 333 1
830 333 3
832 333 3
834 333 2
837 333 1
838 333 2
840 333 3
841 333 1
842 333 2
844 333 1
848 333 2
850 333 1
854 333 2
857 333 3
859 333 2
862 333 3
866 333 1
869 333 2
875 333 2
886 333 3
889 333 1
896 333 1
897 333 1
899 333 2
910 333 3
911 333 2
915 333 2
919 333 3
924 333 1
925 333 1
934 333 2
935 333 3
936 333 1
937 333 3
938 333 2
950 333 2
952 333 3
954 333 3
960 333 1
962 333 3
965 333 1
967 333 3
974 333 3
976 333 3
978 333 3
980 333 2
981 333 2
983 333 2
985 333 2
988 333 2
990 333 3
994 333 3
995 333 3
996 333 3
998 333 1
3 334 3
4 334 3
6 334 2
8 334 1
9 334 2
11 334 2
13 334 3
14 334 3
16 334 2
27 334 2
33 334 1
44 334 2
47 334 2
52 334 1
53 334 3
57 334 1
58 334 1
62 334 3
64 334 1
68 334 2
69 334 1
76 334 1
77 334 2
78 334 1
79 334 3
83 334 1
86 334 3
89 334 3
93 334 2
94 334 3
96 334 1
99 334 3
102 334 1
104 334 3
105 334 1
107 334 1
108 334 2
109 334 3
116 334 3
118 334 2
119 334 2
123 334 2
128 334 3
129 334 2
131 334 3
134 334 3
137 334 2
140 334 3
145 334 2
156 334 1
158 334 3
162 334 1
164 334 1
165 334 3
167 334 3
168 334 1
171 334 2
176 334 3
180 334 2
184 334 3
187 334 2
193 334 2
196 334 1
198 334 1
201 334 1
206 334 3
211 334 2
217 334 3
218 334 3
223 334 3
227 334 2
228 334 3
236 334 3
237 334 1
238 334 2
239 334 2
243 334 1
244 334 2
248 334 2
255 334 1
256 334 1
257 334 2
265 334 2
267 334 2
268 334 3
278 334 2
280 334 2
282 334 3
284 334 3
285 334 1
287 334 3
288 334 2
289 334 1
300 334 3
302 334 3
307 334 2
312 334 2
316 334 3
318 334 3
319 334 2
320 334 2
326 334 3
330 334 1
331 334 1
332 334 1
339 334 2
340 334 1
348 334 2
350 334 1
352 334 3
357 334 1
358 334 2
361 334 3
365 334 1
368 334 1
375 334 1
376 334 1
377 334 2
384 334 2
385 334 1
387 334 2
388 334 2
391 334 1
394 334 1
397 334 3
398 334 3
399 334 1
400 334 2
402 334 3
408 334 1
411 334 1
413 334 1
414 334 2
417 334 2
418 334 1
423 334 1
426 334 1
427 334 3
429 334 1
430 334 3
431 334 3
433 334 3
434 334 3
439 334 1
442 334 1
451 334 3
460 334 1
462 334 1
466 334 2
471 334 1
474 334 3
475 334 2
479 334 3
483 334 3
484 334 2
487 334 3
491 334 1
498 334 1
505 334 2
506 334 3
507 334 1
511 334 2
513 334 1
516 334 1
517 334 1
519 334 3
523 334 1
524 334 3
526 334 2
529 334 2
530 334 1
533 334 1
544 334 3
545 334 2
548 334 2
552 334 1
557 334 1
560 334 2
561 334 3
573 334 3
574 334 2
579 334 2
580 334 1
581 334 3
582 334 3
584 334 3
589 334 2
595 334 2
596 334 2
597 334 3
600 334 1
602 334 3
603 334 2
606 334 3
611 334 2
615 334 1
620 334 3
627 334 3
628 334 1
630 334 2
634 334 3
640 334 1
642 334 1
644 334 2
648 334 3
650 334 1
652 334 2
656 334 2
658 334 3
664 334 1
666 334 3
669 334 1
670 334 3
671 334 2
672 334 2
674 334 1
677 334 1
678 334 2
679 334 1
681 334 2
685 334 3
688 334 1
689 334 1
691 334 2
694 334 1
696 334 3
697 334 3
699 334 1
700 334 3
702 334 1
711 334 3
712 334 2
715 334 1
718 334 2
721 334 3
722 334 3
725 334 3
727 334 1
728 334 2
730 334 1
731 334 3
732 334 2
733 334 3
