547 876 1
549 876 2
555 876 3
558 876 2
559 876 1
560 876 3
561 876 3
562 876 2
569 876 1
571 876 3
573 876 1
574 876 1
576 876 1
577 876 2
584 876 2
585 876 2
587 876 2
589 876 1
590 876 3
593 876 1
597 876 2
598 876 1
599 876 3
601 876 2
606 876 3
611 876 2
612 876 2
615 876 3
617 876 1
618 876 3
621 876 3
623 876 1
625 876 2
631 876 2
632 876 3
635 876 2
636 876 2
638 876 3
640 876 1
642 876 3
646 876 3
652 876 1
653 876 2
660 876 2
661 876 1
663 876 1
665 876 2
668 876 3
670 876 2
674 876 1
675 876 3
683 876 2
687 876 1
690 876 2
692 876 3
695 876 1
696 876 1
697 876 3
700 876 1
704 876 1
711 876 3
714 876 2
715 876 1
716 876 1
721 876 3
724 876 2
729 876 1
730 876 3
733 876 2
736 876 2
738 876 3
744 876 1
750 876 3
752 876 2
753 876 1
755 876 3
768 876 1
775 876 1
779 876 1
783 876 1
790 876 3
795 876 2
797 876 3
802 876 2
803 876 2
805 876 3
808 876 3
811 876 1
813 876 2
814 876 1
815 876 1
820 876 1
825 876 3
828 876 3
829 876 3
830 876 2
831 876 3
834 876 3
835 876 3
837 876 3
842 876 2
843 876 3
846 876 3
848 876 2
849 876 3
851 876 3
855 876 1
857 876 3
858 876 2
862 876 3
863 876 2
866 876 1
870 876 3
873 876 3
876 876 1
882 876 2
886 876 3
890 876 1
892 876 3
893 876 1
899 876 3
901 876 3
903 876 1
904 876 1
905 876 3
907 876 3
908 876 3
910 876 1
911 876 2
912 876 3
914 876 1
915 876 3
922 876 2
926 876 3
927 876 1
930 876 2
933 876 2
941 876 3
945 876 3
946 876 1
952 876 2
953 876 2
956 876 2
957 876 2
959 876 2
966 876 3
973 876 3
976 876 2
982 876 2
989 876 2
992 876 1
999 876 1
5 877 2
8 877 2
10 877 1
14 877 3
16 877 3
19 877 1
20 877 1
21 877 1
23 877 3
25 877 1
31 877 1
32 877 2
33 877 3
34 877 3
35 877 2
37 877 3
38 877 1
40 877 2
42 877 1
44 877 2
46 877 1
47 877 3
50 877 3
51 877 3
53 877 2
56 877 2
57 877 2
58 877 3
59 877 1
61 877 1
64 877 1
65 877 3
69 877 2
71 877 3
72 877 1
73 877 3
77 877 3
82 877 3
84 877 1
86 877 2
87 877 2
88 877 3
93 877 1
97 877 2
99 877 2
102 877 2
105 877 3
106 877 3
107 877 3
110 877 2
113 877 3
117 877 3
120 877 1
121 877 2
122 877 3
125 877 3
126 877 2
129 877 3
132 877 1
136 877 3
140 877 1
142 877 2
148 877 3
150 877 1
151 877 1
153 877 3
158 877 3
161 877 1
169 877 2
170 877 3
173 877 2
174 877 1
176 877 1
180 877 1
182 877 2
185 877 1
189 877 1
190 877 1
191 877 3
194 877 3
195 877 2
197 877 3
199 877 1
201 877 2
202 877 1
203 877 3
208 877 2
214 877 3
215 877 3
216 877 1
221 877 1
222 877 2
223 877 2
225 877 2
226 877 2
229 877 1
230 877 2
231 877 3
232 877 1
235 877 2
238 877 2
240 877 3
241 877 3
248 877 1
249 877 2
250 877 1
252 877 2
255 877 1
267 877 2
268 877 3
269 877 3
272 877 1
277 877 2
282 877 2
283 877 2
286 877 2
292 877 3
293 877 3
294 877 2
300 877 2
301 877 1
305 877 3
306 877 1
308 877 3
309 877 2
314 877 2
316 877 3
323 877 2
324 877 3
325 877 3
328 877 1
329 877 1
330 877 2
331 877 2
332 877 2
334 877 1
335 877 3
336 877 1
337 877 2
338 877 1
341 877 2
349 877 1
353 877 1
359 877 2
364 877 1
370 877 2
374 877 2
375 877 1
377 877 2
385 877 1
386 877 2
391 877 2
392 877 1
393 877 2
394 877 2
395 877 2
402 877 3
403 877 1
407 877 1
409 877 1
412 877 3
415 877 3
420 877 1
421 877 2
423 877 1
426 877 3
427 877 1
428 877 1
429 877 2
439 877 3
444 877 3
445 877 2
451 877 2
464 877 3
465 877 1
466 877 2
472 877 2
473 877 1
475 877 1
476 877 2
478 877 3
482 877 2
483 877 1
484 877 3
485 877 2
491 877 2
495 877 1
502 877 2
504 877 3
506 877 1
510 877 1
515 877 2
523 877 2
525 877 1
526 877 3
528 877 3
529 877 3
532 877 2
533 877 2
537 877 3
541 877 3
544 877 3
545 877 2
551 877 3
556 877 2
557 877 3
560 877 2
561 877 3
562 877 2
564 877 1
565 877 1
566 877 2
569 877 1
581 877 2
582 877 1
583 877 1
585 877 2
587 877 3
588 877 2
593 877 1
596 877 2
598 877 2
600 877 3
604 877 1
609 877 3
620 877 3
623 877 1
624 877 2
626 877 1
627 877 3
629 877 1
631 877 1
634 877 2
636 877 2
637 877 1
642 877 2
650 877 3
651 877 1
652 877 2
663 877 1
664 877 2
665 877 1
666 877 2
670 877 1
675 877 2
678 877 2
679 877 1
681 877 2
683 877 1
685 877 2
686 877 1
692 877 1
694 877 1
696 877 2
697 877 2
699 877 1
700 877 2
704 877 2
706 877 3
707 877 2
722 877 3
724 877 1
725 877 3
727 877 1
728 877 2
731 877 1
732 877 2
733 877 1
736 877 3
743 877 1
744 877 3
747 877 1
754 877 2
755 877 1
757 877 2
759 877 2
763 877 1
765 877 3
766 877 3
767 877 2
769 877 3
773 877 1
783 877 3
788 877 3
789 877 1
791 877 3
792 877 3
800 877 1
802 877 3
803 877 1
804 877 2
805 877 2
806 877 2
807 877 1
809 877 2
812 877 3
813 877 1
814 877 1
815 877 1
818 877 1
822 877 1
823 877 3
824 877 3
833 877 3
837 877 3
842 877 3
844 877 3
846 877 2
847 877 1
848 877 2
849 877 2
854 877 1
858 877 2
859 877 1
861 877 1
864 877 1
865 877 3
866 877 3
871 877 1
875 877 1
876 877 2
878 877 1
879 877 1
881 877 2
886 877 1
891 877 3
900 877 1
902 877 3
903 877 1
904 877 2
906 877 3
908 877 3
909 877 2
910 877 1
913 877 3
916 877 2
917 877 2
919 877 1
925 877 1
926 877 1
927 877 3
928 877 3
931 877 3
932 877 2
934 877 2
936 877 3
938 877 2
939 877 3
941 877 2
942 877 2
953 877 3
955 877 2
968 877 1
972 877 3
974 877 3
975 877 1
976 877 3
981 877 2
983 877 1
988 877 2
989 877 1
991 877 2
995 877 1
997 877 3
998 877 3
999 877 3
1 878 3
3 878 3
5 878 3
11 878 3
19 878 1
20 878 3
23 878 3
25 878 1
26 878 3
27 878 2
30 878 1
31 878 1
32 878 1
35 878 3
37 878 3
46 878 1
53 878 2
55 878 1
59 878 2
65 878 2
66 878 3
71 878 2
74 878 1
75 878 1
79 878 2
81 878 2
84 878 3
88 878 1
89 878 3
94 878 1
96 878 2
98 878 3
105 878 2
107 878 1
110 878 2
112 878 2
116 878 3
119 878 2
126 878 1
129 878 2
131 878 3
135 878 2
136 878 1
138 878 2
141 878 3
143 878 2
146 878 2
147 878 3
154 878 3
155 878 3
156 878 3
162 878 1
163 878 2
165 878 3
166 878 3
167 878 2
170 878 3
173 878 2
175 878 3
179 878 1
185 878 1
186 878 3
189 878 1
193 878 1
195 878 2
197 878 1
200 878 2
204 878 2
214 878 3
215 878 1
217 878 1
219 878 1
221 878 2
222 878 2
232 878 3
234 878 2
235 878 2
236 878 3
238 878 3
249 878 3
252 878 2
257 878 3
258 878 2
260 878 2
263 878 2
264 878 3
266 878 3
267 878 2
270 878 3
280 878 2
281 878 2
285 878 2
286 878 1
287 878 3
288 878 1
289 878 1
291 878 1
293 878 3
295 878 2
298 878 3
302 878 1
303 878 1
312 878 3
314 878 1
316 878 1
318 878 1
319 878 1
322 878 2
323 878 2
326 878 2
329 878 3
330 878 1
332 878 3
334 878 3
335 878 3
337 878 2
338 878 1
345 878 1
348 878 1
351 878 3
356 878 1
357 878 3
359 878 2
362 878 1
368 878 2
370 878 1
372 878 1
373 878 1
376 878 2
379 878 2
381 878 1
387 878 1
392 878 2
394 878 2
396 878 1
405 878 2
407 878 2
412 878 1
415 878 1
416 878 3
420 878 2
421 878 2
423 878 1
424 878 1
430 878 2
434 878 1
436 878 2
437 878 1
