178 750 1
180 750 2
183 750 1
188 750 2
192 750 2
198 750 3
199 750 2
205 750 1
211 750 3
217 750 2
219 750 1
221 750 1
222 750 3
229 750 2
231 750 2
233 750 3
238 750 2
242 750 2
248 750 2
251 750 1
253 750 3
255 750 2
258 750 3
259 750 2
263 750 1
266 750 2
268 750 2
269 750 2
270 750 2
281 750 1
288 750 2
290 750 1
297 750 2
300 750 2
302 750 2
305 750 2
307 750 3
311 750 2
312 750 2
315 750 1
317 750 1
323 750 1
324 750 3
325 750 1
328 750 1
334 750 3
336 750 3
342 750 3
347 750 2
350 750 3
356 750 2
357 750 2
359 750 3
370 750 2
371 750 3
376 750 1
377 750 1
378 750 2
380 750 3
387 750 1
388 750 1
392 750 3
401 750 2
407 750 1
408 750 2
411 750 2
418 750 2
419 750 2
421 750 1
424 750 3
431 750 1
437 750 2
438 750 3
443 750 3
446 750 1
448 750 3
451 750 2
453 750 1
456 750 2
460 750 3
461 750 2
465 750 1
466 750 1
471 750 1
473 750 2
475 750 3
476 750 3
480 750 2
488 750 3
489 750 1
491 750 1
492 750 2
497 750 2
505 750 1
506 750 3
507 750 3
508 750 2
510 750 1
511 750 2
513 750 2
515 750 1
520 750 1
522 750 1
528 750 3
533 750 2
535 750 3
536 750 1
537 750 2
539 750 3
541 750 2
542 750 3
544 750 2
546 750 2
551 750 1
552 750 1
553 750 1
554 750 3
559 750 2
564 750 3
566 750 2
567 750 2
575 750 3
577 750 1
578 750 2
583 750 3
584 750 3
594 750 3
598 750 2
600 750 2
604 750 2
611 750 1
618 750 1
620 750 2
623 750 1
627 750 3
634 750 3
636 750 3
637 750 2
639 750 3
642 750 1
645 750 2
648 750 3
650 750 3
651 750 2
654 750 2
656 750 2
657 750 2
660 750 3
662 750 2
663 750 3
664 750 1
665 750 1
668 750 3
670 750 1
677 750 1
688 750 1
690 750 1
692 750 1
695 750 2
696 750 1
697 750 3
699 750 1
700 750 1
704 750 3
708 750 1
709 750 3
710 750 2
711 750 2
714 750 1
716 750 1
719 750 3
720 750 3
725 750 3
726 750 2
727 750 3
728 750 3
733 750 3
734 750 3
735 750 3
736 750 2
737 750 2
738 750 1
742 750 2
746 750 1
749 750 2
750 750 2
751 750 1
754 750 1
760 750 1
764 750 2
766 750 3
767 750 1
771 750 1
778 750 2
779 750 2
781 750 2
782 750 3
787 750 3
788 750 1
791 750 3
793 750 1
795 750 2
796 750 1
800 750 1
802 750 3
803 750 1
804 750 3
806 750 3
807 750 1
810 750 3
813 750 3
815 750 2
818 750 1
819 750 2
821 750 2
826 750 2
828 750 2
830 750 2
831 750 3
835 750 2
836 750 3
840 750 3
844 750 2
847 750 1
849 750 3
854 750 2
855 750 3
858 750 1
860 750 3
866 750 2
870 750 3
872 750 3
880 750 3
881 750 3
883 750 3
884 750 3
886 750 3
888 750 3
894 750 3
896 750 3
899 750 2
901 750 3
903 750 1
904 750 1
907 750 1
909 750 1
910 750 1
911 750 2
915 750 2
916 750 1
920 750 3
921 750 2
923 750 2
927 750 3
928 750 1
931 750 1
932 750 1
933 750 1
935 750 1
939 750 2
944 750 2
947 750 1
948 750 1
952 750 3
955 750 2
958 750 2
963 750 2
968 750 3
969 750 2
972 750 2
974 750 2
976 750 2
992 750 1
997 750 2
998 750 3
0 751 1
2 751 2
5 751 2
8 751 3
10 751 1
11 751 2
13 751 3
19 751 3
21 751 2
23 751 3
24 751 3
27 751 1
33 751 1
35 751 3
44 751 2
48 751 2
56 751 2
59 751 3
60 751 3
61 751 2
64 751 2
66 751 1
67 751 1
70 751 3
72 751 2
82 751 1
83 751 2
84 751 2
85 751 3
86 751 1
96 751 2
99 751 1
101 751 1
102 751 3
111 751 3
119 751 3
120 751 1
122 751 3
123 751 3
130 751 3
134 751 3
142 751 2
147 751 2
148 751 1
152 751 3
153 751 1
156 751 1
157 751 2
159 751 3
161 751 1
166 751 2
169 751 1
176 751 2
181 751 3
183 751 3
190 751 3
191 751 3
194 751 2
197 751 1
204 751 2
208 751 1
210 751 1
214 751 1
215 751 2
220 751 1
221 751 3
222 751 3
225 751 1
226 751 1
233 751 1
235 751 1
236 751 3
237 751 1
245 751 3
249 751 2
256 751 1
257 751 3
259 751 1
262 751 1
263 751 1
264 751 2
266 751 2
272 751 3
275 751 3
278 751 3
280 751 2
284 751 3
290 751 1
291 751 1
298 751 3
300 751 2
301 751 3
306 751 1
310 751 1
311 751 1
313 751 3
329 751 3
334 751 1
335 751 1
336 751 3
343 751 2
345 751 1
349 751 1
350 751 1
351 751 1
352 751 3
354 751 1
357 751 2
359 751 3
360 751 2
361 751 1
364 751 2
368 751 1
371 751 2
372 751 2
380 751 1
387 751 1
388 751 2
390 751 3
391 751 2
393 751 2
394 751 2
395 751 2
397 751 3
398 751 2
408 751 1
412 751 2
414 751 3
416 751 2
417 751 1
425 751 3
428 751 2
430 751 2
432 751 2
435 751 2
441 751 2
450 751 3
451 751 3
452 751 3
456 751 2
460 751 2
461 751 1
463 751 3
464 751 3
466 751 2
469 751 1
474 751 3
475 751 2
476 751 3
477 751 2
481 751 1
483 751 3
489 751 3
490 751 3
493 751 3
497 751 3
498 751 3
499 751 3
500 751 1
502 751 3
512 751 1
517 751 1
518 751 3
522 751 3
523 751 2
525 751 2
526 751 3
527 751 1
528 751 2
529 751 3
536 751 1
540 751 1
544 751 1
547 751 3
549 751 1
550 751 1
554 751 2
562 751 1
566 751 2
568 751 3
574 751 3
586 751 1
592 751 3
596 751 2
600 751 3
605 751 1
608 751 1
613 751 3
615 751 1
621 751 2
623 751 2
624 751 1
629 751 2
631 751 1
635 751 2
636 751 3
638 751 3
642 751 2
644 751 1
650 751 1
652 751 3
653 751 3
655 751 1
656 751 2
657 751 3
663 751 1
665 751 3
666 751 3
670 751 1
674 751 1
675 751 3
676 751 2
683 751 1
685 751 2
697 751 1
699 751 2
700 751 3
702 751 2
703 751 1
705 751 3
707 751 1
712 751 2
715 751 3
718 751 3
719 751 1
721 751 1
724 751 1
725 751 2
726 751 3
727 751 2
730 751 1
732 751 1
736 751 2
740 751 1
742 751 2
743 751 1
745 751 2
747 751 2
748 751 2
752 751 3
753 751 1
754 751 1
757 751 3
760 751 3
763 751 1
764 751 2
765 751 1
766 751 3
773 751 2
774 751 1
776 751 1
777 751 2
783 751 3
785 751 1
786 751 3
790 751 3
792 751 1
795 751 3
803 751 3
804 751 1
807 751 3
810 751 2
812 751 1
816 751 2
821 751 2
825 751 3
830 751 1
831 751 2
834 751 2
837 751 3
840 751 2
844 751 2
845 751 3
847 751 1
849 751 2
850 751 3
852 751 2
853 751 2
854 751 2
856 751 1
862 751 3
866 751 1
870 751 1
880 751 1
886 751 2
888 751 1
889 751 3
891 751 3
893 751 3
897 751 2
899 751 2
904 751 2
907 751 2
910 751 2
917 751 1
919 751 1
921 751 3
926 751 3
927 751 2
929 751 3
931 751 3
933 751 1
934 751 3
945 751 3
946 751 3
947 751 3
949 751 3
955 751 1
956 751 1
961 751 1
966 751 2
973 751 2
975 751 2
979 751 3
985 751 3
990 751 3
991 751 3
994 751 2
995 751 2
996 751 3
998 751 2
0 752 1
3 752 3
4 752 1
8 752 1
13 752 3
15 752 2
17 752 3
18 752 2
21 752 1
27 752 2
28 752 2
29 752 2
30 752 1
32 752 1
34 752 2
37 752 3
44 752 1
45 752 3
46 752 1
51 752 2
56 752 2
60 752 3
66 752 1
69 752 2
70 752 1
77 752 1
78 752 2
81 752 2
85 752 3
86 752 3
88 752 2
90 752 1
91 752 3
92 752 2
94 752 1
99 752 2
100 752 1
101 752 3
102 752 1
112 752 1
114 752 1
118 752 1
123 752 1
124 752 2
127 752 1
129 752 3
132 752 3
136 752 3
150 752 3
152 752 3
154 752 3
156 752 1
157 752 3
160 752 1
163 752 2
164 752 3
165 752 2
166 752 3
169 752 3
171 752 3
177 752 1
179 752 2
183 752 3
185 752 1
189 752 2
194 752 1
195 752 2
196 752 3
202 752 3
203 752 3
