603 402 3
608 402 2
609 402 2
611 402 2
613 402 3
614 402 3
615 402 1
616 402 1
623 402 3
628 402 3
630 402 3
633 402 3
637 402 3
639 402 2
643 402 1
648 402 2
651 402 3
652 402 3
653 402 1
654 402 1
658 402 1
659 402 1
663 402 2
664 402 1
667 402 1
668 402 1
669 402 3
670 402 1
671 402 1
672 402 1
674 402 1
680 402 2
687 402 1
688 402 1
692 402 2
694 402 1
697 402 1
703 402 3
706 402 2
708 402 2
710 402 1
711 402 2
712 402 1
713 402 2
716 402 1
717 402 1
722 402 1
732 402 2
735 402 3
736 402 2
739 402 2
741 402 1
744 402 2
745 402 2
746 402 3
748 402 1
749 402 2
757 402 1
758 402 3
759 402 1
761 402 1
765 402 1
769 402 2
770 402 1
772 402 1
773 402 2
778 402 1
782 402 1
784 402 1
786 402 2
788 402 1
789 402 2
792 402 1
801 402 3
803 402 1
806 402 1
809 402 1
816 402 3
817 402 1
821 402 2
825 402 1
827 402 2
830 402 2
832 402 3
835 402 1
836 402 1
840 402 1
846 402 1
848 402 2
850 402 1
856 402 2
857 402 2
860 402 2
864 402 3
866 402 2
868 402 1
869 402 2
870 402 3
872 402 1
873 402 3
874 402 2
880 402 3
881 402 1
883 402 1
887 402 2
888 402 3
889 402 3
891 402 3
897 402 2
900 402 1
902 402 2
903 402 3
908 402 3
919 402 3
924 402 1
928 402 1
934 402 2
935 402 1
938 402 1
940 402 1
942 402 1
946 402 1
947 402 2
949 402 3
952 402 3
954 402 2
957 402 3
958 402 1
962 402 3
967 402 3
968 402 2
970 402 2
973 402 1
980 402 1
981 402 3
982 402 3
984 402 2
987 402 2
992 402 2
995 402 2
996 402 2
0 403 1
5 403 3
6 403 2
7 403 1
9 403 2
10 403 2
11 403 1
13 403 1
19 403 1
20 403 1
21 403 3
22 403 1
25 403 1
29 403 3
31 403 3
38 403 1
43 403 1
44 403 3
45 403 2
46 403 3
47 403 3
48 403 3
50 403 2
51 403 3
52 403 2
56 403 1
57 403 3
61 403 1
63 403 2
64 403 1
66 403 3
70 403 2
73 403 3
74 403 1
76 403 3
79 403 3
80 403 1
81 403 1
85 403 2
92 403 1
93 403 1
94 403 2
98 403 1
99 403 2
101 403 3
106 403 2
110 403 1
115 403 2
118 403 3
119 403 3
120 403 1
121 403 1
123 403 1
126 403 1
131 403 1
132 403 3
133 403 3
134 403 2
136 403 1
140 403 2
144 403 1
145 403 2
146 403 2
147 403 2
150 403 1
151 403 2
153 403 2
154 403 3
156 403 1
159 403 1
161 403 1
163 403 3
167 403 3
170 403 3
172 403 2
175 403 2
176 403 3
177 403 2
181 403 3
182 403 3
185 403 1
188 403 2
189 403 3
192 403 1
194 403 2
196 403 1
200 403 2
202 403 2
203 403 3
205 403 2
210 403 3
216 403 1
217 403 3
218 403 1
219 403 1
221 403 1
225 403 3
230 403 3
231 403 3
233 403 2
234 403 1
237 403 2
238 403 2
242 403 1
247 403 2
248 403 1
250 403 2
251 403 3
252 403 1
255 403 2
264 403 1
266 403 2
267 403 2
270 403 3
271 403 3
272 403 3
273 403 1
274 403 1
279 403 3
284 403 1
285 403 3
286 403 2
287 403 1
292 403 1
294 403 3
297 403 1
300 403 3
302 403 3
304 403 3
305 403 3
306 403 2
307 403 2
310 403 1
311 403 1
313 403 3
317 403 2
318 403 1
319 403 2
325 403 1
327 403 3
331 403 1
334 403 1
335 403 2
337 403 1
339 403 2
340 403 3
345 403 2
347 403 1
348 403 1
353 403 3
357 403 3
359 403 2
363 403 2
371 403 1
372 403 1
373 403 1
376 403 2
381 403 3
382 403 3
392 403 1
393 403 2
394 403 3
400 403 1
401 403 1
406 403 2
409 403 3
411 403 3
416 403 3
417 403 3
432 403 3
435 403 1
436 403 1
440 403 1
442 403 1
446 403 2
451 403 1
452 403 2
454 403 2
455 403 2
456 403 2
457 403 2
464 403 1
467 403 3
469 403 1
471 403 1
475 403 2
477 403 2
478 403 3
479 403 1
482 403 1
489 403 3
490 403 2
491 403 1
494 403 3
497 403 2
504 403 1
506 403 2
511 403 1
517 403 1
519 403 3
525 403 1
526 403 2
527 403 3
531 403 2
533 403 2
536 403 3
542 403 3
544 403 3
549 403 1
556 403 1
562 403 1
571 403 3
575 403 3
577 403 1
580 403 1
582 403 3
585 403 2
586 403 3
589 403 2
595 403 1
601 403 3
603 403 1
605 403 2
606 403 3
613 403 1
614 403 1
618 403 2
619 403 1
622 403 2
625 403 1
633 403 3
638 403 3
639 403 2
640 403 1
641 403 3
642 403 2
644 403 3
649 403 1
650 403 2
653 403 2
660 403 2
661 403 2
666 403 1
669 403 3
676 403 3
677 403 3
678 403 3
682 403 3
683 403 3
684 403 1
685 403 3
686 403 3
690 403 2
692 403 2
695 403 3
697 403 3
698 403 1
700 403 1
704 403 1
713 403 1
721 403 2
723 403 3
728 403 1
729 403 2
732 403 3
734 403 2
738 403 1
745 403 2
746 403 1
754 403 3
755 403 1
759 403 3
761 403 2
764 403 1
773 403 1
774 403 2
776 403 2
780 403 1
781 403 3
786 403 1
792 403 3
793 403 1
794 403 1
797 403 3
798 403 1
799 403 2
806 403 1
807 403 1
808 403 1
811 403 3
812 403 3
813 403 3
814 403 3
815 403 2
817 403 1
818 403 2
822 403 3
826 403 2
832 403 1
833 403 2
836 403 2
841 403 2
843 403 3
845 403 3
847 403 3
849 403 3
851 403 1
855 403 2
856 403 3
858 403 1
861 403 1
863 403 1
865 403 1
872 403 2
875 403 1
876 403 3
878 403 2
884 403 2
885 403 1
889 403 1
893 403 3
894 403 2
896 403 3
897 403 1
899 403 2
906 403 3
911 403 2
915 403 2
919 403 1
922 403 1
925 403 2
926 403 2
928 403 1
929 403 2
930 403 3
934 403 1
937 403 1
940 403 2
941 403 2
944 403 3
946 403 1
947 403 2
948 403 3
951 403 3
953 403 1
956 403 2
959 403 3
962 403 3
976 403 2
978 403 2
979 403 1
984 403 3
986 403 2
990 403 3
992 403 2
994 403 1
995 403 3
999 403 2
4 404 3
10 404 3
18 404 2
21 404 2
22 404 2
24 404 2
27 404 2
30 404 1
31 404 2
32 404 3
33 404 1
35 404 1
36 404 2
39 404 3
41 404 1
45 404 3
51 404 1
52 404 1
53 404 2
54 404 3
56 404 2
58 404 3
63 404 3
65 404 3
69 404 3
71 404 2
72 404 2
73 404 1
74 404 1
75 404 2
76 404 3
78 404 2
84 404 2
85 404 1
89 404 1
90 404 3
97 404 2
98 404 1
100 404 1
107 404 1
108 404 3
109 404 1
110 404 1
111 404 3
115 404 1
125 404 3
126 404 1
129 404 1
131 404 3
133 404 3
136 404 1
145 404 1
152 404 2
155 404 3
160 404 2
164 404 3
165 404 3
167 404 2
177 404 2
178 404 1
181 404 2
185 404 1
190 404 1
193 404 3
196 404 1
203 404 1
204 404 3
206 404 3
209 404 2
211 404 1
215 404 3
218 404 3
219 404 3
221 404 1
222 404 1
228 404 3
233 404 3
235 404 2
237 404 2
238 404 2
240 404 2
246 404 2
247 404 1
250 404 2
251 404 3
254 404 1
255 404 1
256 404 1
260 404 1
261 404 2
263 404 3
270 404 3
271 404 1
272 404 1
275 404 3
285 404 2
286 404 2
287 404 2
288 404 3
289 404 2
293 404 2
294 404 1
295 404 3
302 404 3
307 404 2
312 404 1
316 404 3
318 404 2
327 404 3
330 404 1
331 404 1
337 404 1
340 404 3
341 404 2
343 404 3
344 404 2
346 404 2
352 404 2
353 404 2
360 404 3
361 404 1
370 404 3
372 404 1
375 404 2
378 404 1
384 404 1
389 404 3
390 404 3
391 404 2
393 404 3
398 404 2
403 404 1
404 404 1
405 404 2
408 404 2
409 404 3
414 404 1
415 404 3
416 404 1
422 404 3
427 404 1
430 404 1
435 404 2
440 404 1
443 404 2
445 404 1
448 404 1
460 404 3
464 404 1
465 404 2
471 404 1
473 404 2
475 404 2
476 404 2
477 404 2
479 404 3
480 404 3
481 404 1
484 404 2
486 404 1
491 404 3
497 404 1
499 404 1
500 404 3
502 404 1
505 404 3
507 404 2
