808 105 3
809 105 1
817 105 2
820 105 1
824 105 1
829 105 1
834 105 1
837 105 3
838 105 2
843 105 2
845 105 2
849 105 2
850 105 3
851 105 2
858 105 1
859 105 3
861 105 1
864 105 3
866 105 2
868 105 2
871 105 1
873 105 1
874 105 3
879 105 3
880 105 2
882 105 1
886 105 1
888 105 2
890 105 1
894 105 3
895 105 1
896 105 1
897 105 1
904 105 1
905 105 2
906 105 1
908 105 3
910 105 1
911 105 1
916 105 1
919 105 3
920 105 3
932 105 1
933 105 3
934 105 2
936 105 1
937 105 3
938 105 3
941 105 3
943 105 2
945 105 1
948 105 1
950 105 3
952 105 2
958 105 3
959 105 1
965 105 1
967 105 2
969 105 3
970 105 1
972 105 3
976 105 2
980 105 1
984 105 1
991 105 1
995 105 1
1 106 3
2 106 1
8 106 2
10 106 1
11 106 1
20 106 1
22 106 3
24 106 3
27 106 2
30 106 3
35 106 3
37 106 1
38 106 3
40 106 1
41 106 3
43 106 3
47 106 2
49 106 1
52 106 1
56 106 1
57 106 1
58 106 3
60 106 3
69 106 2
70 106 2
71 106 3
73 106 2
76 106 3
85 106 3
87 106 3
89 106 2
94 106 1
95 106 1
102 106 3
107 106 1
108 106 2
111 106 2
113 106 1
119 106 1
121 106 2
124 106 1
127 106 2
130 106 3
132 106 2
134 106 1
137 106 2
138 106 1
141 106 3
144 106 1
149 106 1
157 106 3
159 106 1
160 106 3
161 106 1
164 106 1
165 106 1
168 106 1
171 106 2
173 106 2
174 106 2
175 106 2
181 106 3
182 106 2
187 106 1
188 106 3
190 106 1
193 106 1
195 106 1
197 106 1
200 106 1
202 106 2
204 106 2
205 106 1
215 106 1
216 106 3
218 106 2
219 106 1
230 106 1
231 106 1
234 106 2
236 106 1
238 106 1
239 106 3
241 106 2
242 106 3
243 106 3
244 106 1
247 106 2
250 106 3
253 106 1
256 106 2
260 106 2
261 106 3
262 106 3
267 106 3
268 106 1
269 106 1
272 106 1
275 106 3
276 106 3
279 106 3
280 106 2
281 106 2
295 106 2
298 106 3
300 106 2
301 106 3
303 106 1
304 106 3
312 106 2
316 106 3
322 106 3
327 106 2
331 106 3
332 106 2
336 106 1
337 106 2
340 106 1
347 106 2
350 106 1
351 106 1
352 106 2
353 106 1
355 106 3
360 106 2
362 106 3
365 106 2
366 106 1
371 106 2
373 106 3
374 106 1
375 106 3
376 106 3
378 106 2
385 106 1
394 106 1
396 106 3
400 106 3
403 106 1
404 106 3
405 106 2
406 106 3
407 106 1
409 106 2
410 106 1
411 106 2
414 106 3
417 106 2
419 106 3
420 106 1
422 106 2
423 106 3
425 106 3
431 106 3
433 106 3
434 106 3
436 106 3
440 106 1
441 106 2
442 106 3
443 106 1
445 106 3
446 106 2
447 106 2
451 106 2
453 106 3
457 106 2
460 106 3
462 106 3
465 106 2
469 106 2
473 106 3
474 106 2
475 106 3
476 106 1
482 106 1
483 106 2
485 106 2
488 106 3
489 106 3
490 106 3
493 106 3
500 106 3
502 106 3
506 106 3
509 106 1
513 106 3
515 106 2
516 106 2
521 106 1
526 106 1
528 106 2
534 106 1
543 106 3
549 106 3
550 106 1
552 106 2
560 106 3
562 106 1
566 106 3
567 106 1
568 106 3
569 106 2
571 106 2
579 106 1
581 106 1
582 106 1
586 106 2
588 106 1
590 106 2
594 106 2
599 106 1
600 106 1
601 106 1
602 106 2
603 106 2
606 106 3
608 106 1
611 106 1
614 106 3
615 106 3
616 106 1
620 106 3
623 106 1
627 106 3
628 106 3
630 106 2
631 106 2
633 106 1
634 106 1
644 106 2
649 106 1
650 106 1
651 106 2
653 106 2
657 106 3
658 106 2
662 106 1
663 106 3
664 106 1
669 106 3
674 106 1
685 106 1
686 106 3
689 106 1
692 106 3
697 106 2
699 106 1
702 106 3
706 106 3
708 106 1
711 106 1
715 106 2
720 106 3
723 106 2
724 106 3
734 106 1
735 106 3
736 106 3
737 106 2
738 106 1
743 106 3
745 106 3
754 106 2
757 106 3
761 106 2
773 106 3
777 106 1
779 106 1
782 106 3
788 106 3
790 106 1
792 106 2
793 106 1
794 106 1
799 106 1
802 106 2
806 106 1
807 106 3
811 106 1
812 106 2
813 106 3
815 106 1
816 106 1
818 106 1
827 106 3
828 106 2
829 106 3
832 106 3
834 106 3
836 106 3
837 106 2
838 106 2
840 106 1
843 106 3
846 106 1
848 106 2
851 106 1
852 106 1
856 106 1
861 106 3
871 106 2
873 106 2
875 106 3
880 106 3
884 106 3
890 106 1
893 106 2
896 106 1
897 106 3
900 106 3
904 106 3
908 106 3
910 106 2
913 106 2
916 106 2
917 106 3
920 106 1
922 106 2
925 106 2
927 106 2
928 106 2
929 106 3
932 106 2
935 106 1
939 106 3
940 106 3
941 106 2
942 106 2
945 106 3
948 106 3
949 106 1
951 106 2
954 106 2
955 106 1
959 106 2
960 106 3
964 106 3
965 106 2
966 106 3
974 106 2
977 106 2
980 106 3
988 106 3
989 106 2
990 106 3
992 106 2
993 106 3
998 106 1
7 107 1
10 107 2
11 107 2
12 107 1
15 107 2
18 107 1
24 107 2
28 107 2
30 107 2
31 107 3
33 107 3
34 107 3
41 107 2
42 107 3
46 107 1
59 107 1
60 107 3
61 107 3
62 107 2
63 107 2
64 107 3
67 107 1
82 107 3
83 107 2
89 107 3
91 107 3
95 107 1
100 107 2
102 107 2
103 107 1
109 107 2
110 107 1
113 107 1
115 107 3
117 107 1
121 107 2
123 107 1
125 107 3
126 107 1
128 107 3
129 107 1
130 107 1
133 107 3
139 107 3
147 107 2
148 107 1
152 107 2
165 107 2
169 107 1
171 107 1
172 107 1
177 107 3
178 107 2
181 107 1
182 107 1
183 107 3
184 107 1
187 107 1
188 107 2
190 107 1
198 107 3
199 107 3
203 107 1
204 107 2
207 107 1
211 107 1
215 107 1
217 107 3
218 107 2
223 107 1
224 107 1
226 107 3
227 107 3
229 107 1
231 107 1
232 107 1
235 107 3
242 107 3
248 107 2
249 107 2
250 107 3
252 107 3
253 107 3
257 107 3
263 107 3
265 107 2
267 107 3
269 107 2
271 107 1
272 107 1
273 107 2
274 107 2
275 107 3
277 107 2
282 107 3
284 107 2
288 107 2
289 107 3
294 107 2
296 107 2
297 107 2
299 107 3
300 107 2
302 107 1
306 107 3
310 107 3
311 107 3
318 107 2
320 107 2
327 107 1
328 107 2
329 107 2
330 107 3
333 107 2
334 107 3
335 107 1
339 107 2
341 107 1
343 107 1
353 107 3
354 107 1
355 107 2
356 107 3
369 107 2
375 107 1
376 107 3
380 107 2
385 107 1
392 107 2
393 107 1
394 107 2
398 107 1
401 107 2
410 107 1
411 107 2
413 107 1
419 107 3
421 107 2
427 107 1
428 107 1
429 107 1
431 107 2
437 107 1
438 107 3
439 107 2
440 107 1
441 107 2
443 107 2
447 107 2
448 107 3
451 107 3
452 107 2
453 107 3
454 107 1
456 107 2
463 107 3
467 107 3
468 107 3
470 107 2
471 107 3
472 107 3
474 107 3
475 107 2
476 107 3
477 107 1
482 107 1
484 107 1
485 107 1
488 107 2
491 107 1
492 107 1
493 107 2
497 107 1
503 107 3
505 107 3
506 107 3
507 107 3
511 107 1
513 107 2
517 107 1
521 107 3
524 107 2
531 107 3
537 107 3
539 107 3
543 107 2
544 107 3
546 107 2
548 107 3
551 107 2
563 107 3
565 107 2
570 107 2
572 107 2
580 107 1
582 107 3
583 107 1
589 107 1
595 107 3
602 107 1
603 107 2
605 107 2
606 107 2
608 107 1
616 107 2
618 107 2
624 107 2
628 107 3
630 107 2
631 107 3
632 107 3
633 107 3
640 107 3
641 107 2
642 107 2
643 107 2
645 107 2
648 107 2
653 107 2
655 107 3
656 107 3
661 107 2
663 107 1
664 107 2
667 107 3
674 107 2
677 107 3
683 107 2
687 107 2
688 107 1
692 107 2
697 107 3
701 107 1
704 107 1
707 107 2
709 107 3
710 107 3
714 107 1
716 107 1
718 107 1
722 107 3
731 107 2
732 107 1
736 107 2
738 107 3
744 107 2
748 107 1
751 107 3
752 107 3
753 107 3
758 107 3
