530 820 2
533 820 2
535 820 2
536 820 2
540 820 3
543 820 3
545 820 2
547 820 2
550 820 1
556 820 2
557 820 1
558 820 2
561 820 1
566 820 2
569 820 3
572 820 3
578 820 3
580 820 3
581 820 3
582 820 1
585 820 3
588 820 3
590 820 1
591 820 2
592 820 3
593 820 1
597 820 3
598 820 1
600 820 3
603 820 2
607 820 3
611 820 3
613 820 1
616 820 2
621 820 2
622 820 1
623 820 1
629 820 2
631 820 3
633 820 2
639 820 2
641 820 3
647 820 3
657 820 1
659 820 2
665 820 1
667 820 2
668 820 2
683 820 2
687 820 2
688 820 2
692 820 3
703 820 1
706 820 2
710 820 2
715 820 3
716 820 1
717 820 1
718 820 1
721 820 2
723 820 3
724 820 2
728 820 1
729 820 3
731 820 2
732 820 3
735 820 1
738 820 2
744 820 1
747 820 2
751 820 2
754 820 1
759 820 2
762 820 1
764 820 1
767 820 3
769 820 3
773 820 3
774 820 2
776 820 3
780 820 1
781 820 1
783 820 2
786 820 1
790 820 3
792 820 1
793 820 2
794 820 2
795 820 1
797 820 1
799 820 2
804 820 1
805 820 2
807 820 3
818 820 2
819 820 2
821 820 1
822 820 1
826 820 3
828 820 3
831 820 2
839 820 2
840 820 3
843 820 2
850 820 3
851 820 2
852 820 3
854 820 1
858 820 2
859 820 3
860 820 2
863 820 1
867 820 1
869 820 3
871 820 3
874 820 2
877 820 1
884 820 3
889 820 1
890 820 2
892 820 1
893 820 2
895 820 2
896 820 2
898 820 3
900 820 2
901 820 2
908 820 1
915 820 2
923 820 3
924 820 1
925 820 2
927 820 3
930 820 2
933 820 3
939 820 1
940 820 3
941 820 1
943 820 2
945 820 1
947 820 2
952 820 1
954 820 2
955 820 1
959 820 3
962 820 1
965 820 1
968 820 2
969 820 2
970 820 1
972 820 3
974 820 1
981 820 2
982 820 1
983 820 2
984 820 2
985 820 3
987 820 1
990 820 1
992 820 2
995 820 3
997 820 2
0 821 1
1 821 1
2 821 2
3 821 2
4 821 3
5 821 3
12 821 1
15 821 2
17 821 3
19 821 2
25 821 3
27 821 1
28 821 3
29 821 3
33 821 3
36 821 3
41 821 1
42 821 1
52 821 1
55 821 3
57 821 1
60 821 1
62 821 3
64 821 2
66 821 1
68 821 1
71 821 2
72 821 1
73 821 2
83 821 3
86 821 1
89 821 3
93 821 2
96 821 1
100 821 3
101 821 1
102 821 2
104 821 1
107 821 1
108 821 2
112 821 3
114 821 2
122 821 2
123 821 3
126 821 2
128 821 3
137 821 3
139 821 3
140 821 1
144 821 2
145 821 2
150 821 1
151 821 2
154 821 1
155 821 3
156 821 1
158 821 3
160 821 1
168 821 1
170 821 3
176 821 2
178 821 2
179 821 3
180 821 2
181 821 3
185 821 1
188 821 1
189 821 1
197 821 3
201 821 1
204 821 2
206 821 3
208 821 3
211 821 2
212 821 3
216 821 2
217 821 2
220 821 3
223 821 2
224 821 3
229 821 2
230 821 1
232 821 3
241 821 3
245 821 1
247 821 1
250 821 2
251 821 2
254 821 2
255 821 3
258 821 3
259 821 1
261 821 3
264 821 1
267 821 3
268 821 2
270 821 2
272 821 1
274 821 1
275 821 1
288 821 3
289 821 2
293 821 3
300 821 1
301 821 2
306 821 1
307 821 2
309 821 1
311 821 3
314 821 2
315 821 1
319 821 1
320 821 1
322 821 3
327 821 2
331 821 2
337 821 3
338 821 1
345 821 2
349 821 2
353 821 1
354 821 1
356 821 1
358 821 1
361 821 3
362 821 1
363 821 1
366 821 3
369 821 1
370 821 3
379 821 3
380 821 3
385 821 1
386 821 3
387 821 3
388 821 1
392 821 3
393 821 2
397 821 1
400 821 1
401 821 2
409 821 2
416 821 3
418 821 2
420 821 3
421 821 1
423 821 2
424 821 3
428 821 2
430 821 1
437 821 3
442 821 1
446 821 3
448 821 2
449 821 3
451 821 3
453 821 3
460 821 2
461 821 1
463 821 2
467 821 3
468 821 1
470 821 1
471 821 3
472 821 1
473 821 3
477 821 2
479 821 1
490 821 2
494 821 3
497 821 3
499 821 3
502 821 1
503 821 2
504 821 3
506 821 2
510 821 3
512 821 2
516 821 2
520 821 2
521 821 1
526 821 3
531 821 3
534 821 2
541 821 2
547 821 3
548 821 1
553 821 2
554 821 3
558 821 3
569 821 3
571 821 1
572 821 3
575 821 3
576 821 3
580 821 1
582 821 1
588 821 3
590 821 3
591 821 2
592 821 1
594 821 2
601 821 3
603 821 1
604 821 3
608 821 2
609 821 1
612 821 3
617 821 3
619 821 1
622 821 3
625 821 2
628 821 2
633 821 3
640 821 2
643 821 2
645 821 2
648 821 2
654 821 1
655 821 1
657 821 2
663 821 1
669 821 2
675 821 1
687 821 3
699 821 3
702 821 3
710 821 3
712 821 3
713 821 2
714 821 3
721 821 3
723 821 1
725 821 2
727 821 2
729 821 3
734 821 2
736 821 1
737 821 1
739 821 2
741 821 1
744 821 1
747 821 1
753 821 2
755 821 3
756 821 1
759 821 2
761 821 3
764 821 1
765 821 2
767 821 2
770 821 3
771 821 3
773 821 2
774 821 3
777 821 1
779 821 1
781 821 3
783 821 2
787 821 2
790 821 2
791 821 3
794 821 2
799 821 3
802 821 1
806 821 1
807 821 3
812 821 2
815 821 1
819 821 2
820 821 2
831 821 2
834 821 2
837 821 3
841 821 1
846 821 2
850 821 1
851 821 3
854 821 1
858 821 2
860 821 3
861 821 3
864 821 1
865 821 2
866 821 3
867 821 2
868 821 2
872 821 2
875 821 3
877 821 3
882 821 3
884 821 1
887 821 3
889 821 3
892 821 2
893 821 3
894 821 2
896 821 3
898 821 2
903 821 3
907 821 2
909 821 2
912 821 1
914 821 2
928 821 1
929 821 3
934 821 1
937 821 1
940 821 1
943 821 3
955 821 3
958 821 1
960 821 3
961 821 2
963 821 3
965 821 1
967 821 1
968 821 2
971 821 2
975 821 2
981 821 2
982 821 1
983 821 3
985 821 2
986 821 1
992 821 3
995 821 2
998 821 2
1 822 3
5 822 2
6 822 2
7 822 1
9 822 2
19 822 3
27 822 2
30 822 3
31 822 3
32 822 3
33 822 3
42 822 2
43 822 3
46 822 1
48 822 3
50 822 1
60 822 1
62 822 1
64 822 2
66 822 2
70 822 3
71 822 3
74 822 3
75 822 1
77 822 3
79 822 3
81 822 1
82 822 3
86 822 2
88 822 1
89 822 3
90 822 3
96 822 1
98 822 3
100 822 1
101 822 2
102 822 2
105 822 1
107 822 1
109 822 2
111 822 1
112 822 1
116 822 2
119 822 2
122 822 1
123 822 2
124 822 2
125 822 2
126 822 3
132 822 2
134 822 2
136 822 1
137 822 3
138 822 1
141 822 2
143 822 2
145 822 3
147 822 1
148 822 2
153 822 3
157 822 1
162 822 1
167 822 1
168 822 1
171 822 3
175 822 1
180 822 2
189 822 3
191 822 3
204 822 1
210 822 1
212 822 2
216 822 2
217 822 3
221 822 1
225 822 3
231 822 1
232 822 2
238 822 1
239 822 3
240 822 1
245 822 2
253 822 2
254 822 3
257 822 1
258 822 2
262 822 2
264 822 1
268 822 1
272 822 3
274 822 2
275 822 3
277 822 3
280 822 2
284 822 2
291 822 1
292 822 3
294 822 3
295 822 2
299 822 2
301 822 1
302 822 3
303 822 1
304 822 1
307 822 1
308 822 3
321 822 3
326 822 2
329 822 2
331 822 2
335 822 1
336 822 2
338 822 1
340 822 1
341 822 2
343 822 1
345 822 3
349 822 2
350 822 1
358 822 3
360 822 1
363 822 2
365 822 3
367 822 1
370 822 2
386 822 1
387 822 3
388 822 1
389 822 1
391 822 2
399 822 2
409 822 2
410 822 3
414 822 1
416 822 2
425 822 1
429 822 3
430 822 3
434 822 2
435 822 3
437 822 2
441 822 3
443 822 3
444 822 1
449 822 1
456 822 3
457 822 3
462 822 2
465 822 3
467 822 3
468 822 2
474 822 1
475 822 1
476 822 1
479 822 2
484 822 3
486 822 1
490 822 2
492 822 2
493 822 3
496 822 1
501 822 2
502 822 1
506 822 2
509 822 2
511 822 2
512 822 1
517 822 1
522 822 3
524 822 3
525 822 1
534 822 2
537 822 2
538 822 2
540 822 1
541 822 1
