174 269 3
175 269 1
176 269 1
178 269 2
179 269 1
184 269 3
191 269 1
192 269 2
194 269 1
197 269 3
204 269 2
205 269 1
208 269 2
209 269 1
215 269 1
216 269 2
219 269 2
220 269 3
222 269 2
223 269 2
229 269 3
233 269 2
234 269 1
236 269 2
237 269 1
244 269 3
247 269 3
251 269 3
254 269 1
257 269 2
259 269 3
261 269 2
263 269 3
264 269 2
265 269 3
272 269 2
277 269 3
278 269 1
281 269 2
284 269 2
285 269 1
287 269 3
288 269 1
307 269 2
310 269 1
318 269 3
319 269 1
320 269 2
324 269 2
329 269 2
335 269 1
336 269 3
337 269 1
341 269 3
346 269 3
348 269 1
349 269 1
352 269 1
355 269 2
356 269 1
361 269 3
365 269 3
366 269 2
368 269 3
370 269 3
376 269 3
377 269 2
380 269 1
382 269 2
383 269 1
393 269 3
400 269 2
403 269 3
410 269 3
411 269 2
417 269 3
421 269 1
426 269 2
428 269 2
430 269 3
431 269 3
433 269 3
434 269 3
436 269 2
441 269 2
442 269 3
450 269 1
455 269 3
460 269 2
463 269 1
465 269 2
466 269 2
469 269 1
473 269 1
481 269 2
482 269 1
487 269 3
491 269 1
494 269 2
496 269 1
498 269 2
499 269 2
502 269 2
503 269 1
504 269 2
506 269 3
507 269 3
509 269 1
510 269 1
514 269 2
517 269 2
519 269 2
520 269 3
521 269 3
524 269 2
535 269 1
539 269 3
540 269 1
542 269 2
545 269 2
546 269 2
547 269 1
555 269 2
556 269 2
558 269 3
559 269 3
562 269 1
564 269 1
566 269 3
567 269 2
571 269 3
574 269 2
575 269 1
576 269 3
581 269 3
582 269 3
589 269 2
590 269 2
591 269 2
594 269 2
595 269 3
597 269 1
604 269 1
608 269 3
609 269 2
614 269 3
615 269 3
620 269 1
622 269 2
623 269 3
625 269 2
627 269 3
628 269 1
631 269 2
633 269 1
636 269 3
637 269 2
640 269 3
641 269 1
642 269 1
644 269 3
651 269 3
653 269 2
654 269 1
655 269 1
658 269 1
661 269 1
664 269 3
665 269 3
667 269 1
670 269 1
671 269 3
672 269 3
674 269 1
679 269 1
682 269 1
684 269 1
685 269 1
686 269 1
687 269 3
689 269 3
690 269 2
693 269 1
694 269 2
696 269 2
702 269 1
706 269 3
708 269 1
716 269 1
718 269 2
719 269 2
721 269 3
722 269 2
723 269 3
727 269 1
736 269 2
738 269 1
748 269 2
750 269 3
752 269 2
753 269 2
754 269 1
755 269 2
763 269 2
765 269 3
767 269 2
769 269 1
773 269 2
775 269 2
782 269 1
783 269 2
786 269 1
788 269 1
789 269 2
793 269 3
794 269 1
797 269 3
798 269 1
799 269 2
800 269 3
808 269 1
811 269 3
813 269 2
814 269 1
816 269 2
817 269 1
818 269 3
820 269 3
821 269 2
822 269 3
826 269 2
828 269 3
829 269 2
835 269 1
840 269 1
842 269 3
844 269 3
846 269 2
849 269 1
850 269 3
852 269 2
854 269 2
856 269 2
857 269 2
863 269 2
876 269 1
879 269 2
880 269 2
881 269 2
889 269 2
892 269 1
893 269 2
894 269 1
895 269 2
898 269 3
899 269 3
903 269 1
904 269 2
905 269 1
907 269 2
909 269 3
910 269 2
912 269 1
918 269 3
919 269 3
920 269 1
921 269 1
924 269 2
926 269 2
930 269 3
931 269 1
932 269 3
935 269 2
942 269 3
944 269 2
947 269 2
949 269 1
953 269 1
955 269 2
957 269 2
963 269 3
968 269 3
970 269 1
972 269 1
974 269 1
979 269 1
981 269 3
984 269 3
989 269 2
991 269 3
992 269 1
993 269 1
999 269 3
0 270 2
6 270 1
7 270 1
11 270 2
15 270 1
16 270 1
19 270 2
27 270 2
30 270 1
35 270 2
37 270 2
41 270 2
49 270 3
51 270 2
54 270 3
65 270 2
69 270 3
71 270 3
72 270 3
73 270 1
74 270 1
83 270 1
85 270 3
88 270 2
92 270 1
95 270 1
97 270 1
102 270 3
104 270 2
106 270 1
108 270 2
114 270 2
117 270 1
122 270 3
126 270 2
127 270 2
128 270 3
132 270 3
133 270 2
146 270 1
148 270 1
151 270 1
153 270 2
154 270 2
155 270 1
156 270 2
161 270 2
163 270 3
167 270 2
168 270 1
170 270 3
171 270 1
177 270 2
179 270 3
181 270 3
184 270 3
188 270 2
190 270 2
194 270 2
195 270 1
196 270 2
197 270 1
199 270 1
203 270 2
204 270 1
205 270 2
207 270 1
208 270 2
214 270 1
216 270 1
217 270 2
223 270 1
224 270 3
228 270 1
229 270 1
231 270 2
234 270 2
235 270 3
239 270 2
242 270 2
245 270 1
246 270 2
251 270 1
253 270 3
257 270 3
259 270 2
261 270 1
267 270 2
273 270 3
279 270 3
281 270 2
288 270 1
289 270 1
291 270 2
292 270 2
294 270 3
297 270 2
299 270 1
300 270 2
307 270 2
313 270 2
315 270 1
316 270 1
317 270 3
318 270 3
328 270 1
332 270 2
336 270 1
337 270 2
345 270 3
346 270 1
349 270 3
352 270 1
355 270 3
356 270 1
357 270 2
361 270 3
363 270 3
366 270 3
367 270 2
370 270 3
372 270 1
382 270 3
384 270 3
387 270 3
392 270 1
394 270 1
396 270 1
398 270 3
402 270 1
403 270 1
407 270 3
412 270 1
413 270 2
418 270 1
426 270 2
428 270 3
431 270 3
433 270 3
434 270 1
435 270 3
436 270 3
445 270 3
447 270 1
451 270 1
452 270 1
455 270 3
459 270 3
460 270 2
462 270 1
464 270 1
466 270 2
475 270 3
476 270 3
477 270 2
480 270 2
481 270 2
486 270 2
487 270 3
488 270 1
490 270 2
499 270 2
502 270 2
512 270 2
515 270 3
516 270 2
517 270 1
518 270 3
519 270 3
524 270 3
527 270 2
528 270 2
538 270 3
539 270 2
544 270 1
545 270 3
547 270 3
549 270 3
551 270 3
555 270 2
557 270 1
559 270 2
560 270 1
561 270 2
562 270 3
563 270 3
568 270 1
574 270 3
586 270 3
587 270 2
589 270 3
590 270 2
591 270 2
593 270 2
595 270 1
599 270 2
603 270 3
607 270 3
618 270 2
623 270 1
628 270 2
633 270 1
642 270 1
644 270 3
646 270 2
648 270 2
652 270 2
658 270 1
660 270 2
665 270 3
666 270 2
667 270 1
676 270 3
679 270 2
680 270 2
684 270 2
687 270 2
695 270 2
701 270 3
703 270 2
711 270 2
723 270 2
727 270 3
731 270 1
732 270 1
733 270 2
734 270 2
735 270 3
742 270 2
743 270 1
744 270 1
745 270 2
747 270 2
752 270 2
754 270 2
762 270 1
763 270 3
766 270 2
774 270 2
775 270 2
776 270 3
787 270 1
788 270 3
789 270 1
790 270 3
791 270 2
792 270 1
795 270 2
796 270 2
798 270 2
799 270 1
801 270 2
802 270 1
803 270 2
804 270 3
810 270 3
818 270 2
820 270 2
825 270 1
827 270 2
832 270 2
833 270 1
835 270 3
837 270 3
841 270 3
842 270 1
848 270 3
851 270 2
853 270 3
854 270 2
859 270 1
860 270 1
864 270 2
865 270 2
875 270 2
877 270 2
878 270 3
881 270 2
882 270 2
885 270 1
887 270 2
889 270 1
890 270 2
896 270 1
900 270 2
901 270 2
902 270 1
903 270 3
904 270 1
906 270 1
911 270 2
916 270 3
917 270 2
927 270 1
928 270 3
929 270 2
930 270 3
931 270 1
936 270 3
937 270 3
939 270 3
940 270 2
941 270 3
942 270 2
946 270 3
951 270 1
955 270 1
956 270 3
957 270 3
958 270 3
961 270 2
965 270 2
972 270 3
974 270 3
976 270 3
979 270 2
981 270 1
982 270 2
987 270 2
988 270 2
996 270 3
999 270 2
1 271 1
2 271 2
8 271 3
10 271 1
19 271 2
22 271 2
23 271 1
30 271 3
32 271 3
34 271 2
38 271 2
42 271 1
43 271 1
45 271 1
47 271 3
49 271 3
55 271 1
57 271 2
61 271 1
62 271 1
64 271 3
65 271 3
70 271 2
72 271 3
75 271 3
77 271 2
79 271 2
81 271 3
82 271 3
86 271 3
91 271 1
93 271 1
100 271 2
106 271 1
120 271 3
121 271 2
132 271 1
133 271 3
135 271 2
136 271 2
137 271 2
138 271 1
139 271 3
142 271 3
147 271 2
148 271 3
150 271 3
155 271 1
162 271 2
164 271 2
165 271 3
