358 279 1
359 279 1
365 279 1
366 279 1
367 279 3
370 279 3
371 279 1
373 279 2
378 279 3
379 279 2
380 279 3
381 279 1
385 279 3
387 279 1
390 279 1
394 279 1
395 279 1
396 279 2
398 279 2
402 279 3
403 279 1
406 279 2
409 279 3
411 279 2
413 279 2
419 279 2
421 279 2
422 279 3
424 279 2
427 279 3
428 279 3
431 279 2
436 279 2
438 279 2
441 279 3
442 279 1
447 279 2
449 279 3
450 279 2
453 279 1
454 279 3
455 279 2
458 279 1
465 279 1
474 279 3
476 279 1
479 279 3
483 279 3
484 279 3
486 279 3
487 279 3
490 279 3
491 279 1
496 279 1
503 279 1
505 279 3
506 279 2
509 279 1
511 279 3
515 279 1
518 279 3
519 279 1
521 279 1
523 279 3
533 279 2
534 279 3
535 279 2
537 279 1
540 279 1
544 279 1
545 279 1
546 279 1
547 279 2
549 279 3
551 279 2
556 279 1
558 279 2
563 279 1
573 279 3
576 279 2
579 279 3
580 279 3
581 279 3
582 279 3
584 279 2
587 279 2
588 279 2
591 279 1
598 279 1
600 279 1
601 279 2
602 279 3
604 279 2
607 279 2
611 279 3
615 279 3
616 279 1
619 279 2
623 279 2
629 279 3
632 279 1
633 279 3
638 279 3
644 279 2
645 279 1
649 279 1
651 279 2
654 279 3
660 279 3
665 279 1
666 279 1
667 279 1
669 279 3
672 279 2
674 279 1
675 279 2
679 279 1
683 279 2
686 279 1
691 279 2
696 279 1
697 279 3
699 279 3
704 279 3
705 279 3
706 279 2
709 279 2
712 279 1
715 279 2
718 279 2
733 279 1
734 279 1
735 279 2
739 279 1
742 279 1
744 279 2
746 279 1
747 279 2
748 279 3
749 279 2
750 279 1
757 279 1
762 279 2
768 279 1
770 279 1
781 279 2
782 279 1
783 279 3
786 279 3
787 279 2
788 279 1
790 279 3
792 279 3
796 279 2
797 279 1
799 279 3
803 279 2
809 279 2
814 279 2
815 279 2
819 279 1
821 279 1
822 279 2
823 279 1
825 279 3
827 279 2
833 279 1
839 279 1
840 279 1
841 279 2
845 279 1
853 279 1
855 279 3
862 279 2
863 279 3
864 279 2
865 279 1
866 279 2
874 279 3
876 279 3
879 279 2
881 279 3
883 279 1
884 279 1
885 279 2
889 279 2
896 279 3
898 279 1
904 279 2
911 279 3
913 279 3
915 279 2
919 279 3
925 279 3
927 279 1
930 279 1
937 279 3
938 279 3
939 279 2
941 279 2
942 279 3
943 279 3
948 279 1
960 279 2
962 279 3
963 279 1
964 279 1
965 279 3
968 279 1
971 279 1
972 279 3
974 279 1
977 279 2
978 279 3
979 279 3
981 279 3
983 279 1
988 279 2
991 279 3
997 279 1
998 279 3
999 279 3
4 280 1
7 280 3
8 280 2
12 280 1
13 280 3
14 280 1
16 280 2
19 280 3
24 280 1
27 280 2
31 280 1
32 280 3
35 280 2
41 280 2
42 280 3
44 280 3
45 280 1
47 280 3
49 280 3
50 280 1
53 280 1
56 280 1
57 280 2
59 280 3
60 280 3
65 280 1
70 280 2
71 280 1
73 280 2
76 280 2
77 280 2
79 280 2
81 280 2
82 280 3
86 280 2
94 280 1
95 280 3
102 280 3
104 280 3
114 280 2
115 280 2
116 280 2
120 280 3
124 280 3
125 280 1
126 280 1
138 280 1
146 280 3
148 280 3
149 280 3
150 280 1
151 280 3
154 280 3
156 280 1
157 280 1
158 280 1
165 280 3
168 280 3
170 280 2
171 280 3
173 280 1
175 280 1
179 280 2
184 280 2
186 280 1
187 280 3
193 280 2
194 280 1
201 280 3
204 280 1
205 280 1
215 280 1
220 280 1
222 280 3
223 280 2
224 280 1
225 280 1
231 280 3
232 280 2
233 280 2
235 280 3
236 280 2
238 280 3
239 280 3
242 280 1
247 280 3
250 280 1
253 280 3
254 280 1
256 280 1
257 280 3
259 280 2
260 280 1
262 280 3
265 280 1
271 280 2
273 280 1
275 280 2
276 280 3
277 280 3
280 280 3
281 280 3
285 280 2
297 280 2
298 280 2
304 280 1
305 280 2
306 280 1
308 280 2
310 280 1
317 280 2
318 280 2
319 280 2
322 280 3
323 280 3
324 280 2
336 280 3
345 280 1
346 280 2
350 280 3
353 280 3
357 280 1
359 280 3
361 280 1
362 280 2
363 280 2
364 280 3
367 280 1
369 280 3
372 280 2
376 280 2
377 280 2
380 280 1
390 280 2
393 280 3
394 280 3
401 280 2
406 280 3
410 280 2
411 280 1
412 280 2
413 280 1
414 280 3
417 280 3
419 280 2
425 280 1
426 280 3
427 280 2
428 280 1
430 280 1
431 280 3
434 280 1
435 280 2
436 280 2
437 280 1
438 280 1
440 280 3
441 280 2
443 280 3
444 280 3
445 280 1
449 280 3
450 280 3
452 280 1
453 280 2
457 280 3
458 280 1
461 280 3
462 280 3
463 280 3
469 280 3
472 280 1
474 280 3
484 280 2
488 280 2
489 280 3
490 280 3
492 280 3
494 280 3
497 280 3
505 280 1
507 280 2
508 280 3
514 280 3
517 280 2
518 280 1
520 280 1
521 280 1
523 280 1
525 280 3
531 280 3
535 280 1
550 280 1
551 280 1
555 280 1
559 280 3
564 280 2
575 280 2
578 280 1
579 280 1
580 280 2
583 280 2
584 280 3
586 280 1
590 280 2
595 280 1
598 280 1
605 280 2
607 280 2
611 280 1
615 280 2
616 280 3
619 280 2
621 280 3
623 280 3
627 280 1
628 280 1
631 280 2
633 280 2
637 280 3
641 280 2
642 280 2
643 280 3
648 280 1
653 280 3
655 280 2
660 280 3
661 280 3
662 280 3
666 280 2
671 280 3
672 280 3
675 280 3
676 280 1
677 280 2
678 280 1
680 280 3
683 280 2
686 280 1
688 280 3
690 280 2
695 280 2
703 280 3
706 280 3
708 280 1
709 280 3
712 280 1
714 280 1
717 280 3
718 280 2
721 280 2
724 280 3
725 280 3
726 280 2
732 280 3
734 280 1
735 280 1
738 280 1
743 280 2
745 280 1
747 280 2
749 280 2
751 280 3
752 280 3
756 280 3
758 280 3
760 280 1
761 280 1
762 280 2
764 280 1
768 280 1
775 280 1
780 280 2
782 280 2
790 280 3
794 280 1
796 280 2
797 280 2
803 280 3
805 280 2
809 280 1
818 280 1
822 280 1
832 280 1
833 280 1
835 280 3
837 280 3
847 280 2
848 280 3
849 280 1
865 280 2
867 280 1
875 280 1
880 280 3
882 280 1
887 280 2
889 280 3
903 280 1
908 280 3
909 280 3
912 280 2
914 280 2
916 280 1
918 280 1
920 280 3
923 280 3
924 280 1
928 280 2
938 280 3
944 280 1
947 280 3
952 280 1
955 280 1
958 280 2
959 280 3
967 280 3
978 280 2
979 280 1
980 280 1
981 280 1
986 280 3
987 280 3
989 280 2
992 280 3
3 281 1
6 281 2
10 281 3
11 281 1
15 281 2
16 281 3
18 281 1
19 281 3
21 281 3
25 281 3
29 281 3
30 281 2
32 281 1
35 281 1
37 281 2
41 281 1
42 281 3
53 281 2
56 281 2
58 281 1
63 281 1
64 281 1
66 281 3
70 281 1
75 281 3
77 281 1
78 281 2
81 281 2
85 281 2
87 281 3
90 281 1
91 281 2
92 281 2
95 281 1
96 281 3
98 281 1
99 281 2
100 281 2
107 281 2
112 281 2
114 281 2
117 281 3
118 281 3
126 281 1
134 281 2
136 281 1
139 281 2
141 281 1
142 281 1
144 281 2
155 281 1
156 281 3
157 281 3
160 281 3
162 281 1
163 281 2
164 281 3
165 281 1
166 281 2
167 281 3
168 281 2
169 281 1
172 281 1
173 281 3
176 281 3
181 281 2
184 281 3
187 281 3
195 281 3
196 281 1
197 281 1
199 281 3
202 281 3
212 281 1
215 281 2
216 281 1
217 281 1
225 281 3
227 281 2
230 281 3
235 281 3
236 281 3
241 281 2
247 281 3
248 281 1
258 281 3
261 281 3
263 281 1
266 281 3
269 281 2
270 281 2
272 281 3
275 281 1
292 281 1
294 281 1
295 281 1
296 281 3
297 281 3
300 281 2
303 281 2
313 281 3
316 281 1
322 281 1
324 281 1
337 281 1
338 281 2
339 281 2
342 281 1
344 281 1
346 281 3
351 281 1
354 281 3
355 281 1
357 281 2
358 281 3
359 281 1
361 281 1
362 281 1
363 281 3
365 281 1
