229 225 3
230 225 2
231 225 3
233 225 1
238 225 3
240 225 1
241 225 2
244 225 1
245 225 3
246 225 1
247 225 2
252 225 1
257 225 3
259 225 3
260 225 3
265 225 3
269 225 1
270 225 2
271 225 2
273 225 3
276 225 1
278 225 3
281 225 2
283 225 2
285 225 2
289 225 3
290 225 2
294 225 2
297 225 2
304 225 2
305 225 1
306 225 2
307 225 2
308 225 2
310 225 1
311 225 2
313 225 2
315 225 2
316 225 2
321 225 3
322 225 1
323 225 2
326 225 1
331 225 1
334 225 2
338 225 3
340 225 2
343 225 3
345 225 3
348 225 3
351 225 3
352 225 1
357 225 3
360 225 3
371 225 2
380 225 2
384 225 2
388 225 3
391 225 2
392 225 3
393 225 3
394 225 2
396 225 3
398 225 3
402 225 1
408 225 1
411 225 3
413 225 1
416 225 3
423 225 1
424 225 2
425 225 1
426 225 2
434 225 1
435 225 1
436 225 3
440 225 3
441 225 1
442 225 2
444 225 1
445 225 2
446 225 1
447 225 2
448 225 2
450 225 1
452 225 1
459 225 1
463 225 1
464 225 3
465 225 3
467 225 1
470 225 2
472 225 3
473 225 2
474 225 2
478 225 2
479 225 3
480 225 3
481 225 2
482 225 3
487 225 3
489 225 3
494 225 2
495 225 3
496 225 3
499 225 1
500 225 2
501 225 2
505 225 3
506 225 2
510 225 1
512 225 3
515 225 2
516 225 3
518 225 2
519 225 2
521 225 1
524 225 2
526 225 2
527 225 3
531 225 1
532 225 1
534 225 3
535 225 2
541 225 3
542 225 3
545 225 3
547 225 3
548 225 3
551 225 1
552 225 3
554 225 1
555 225 3
559 225 2
561 225 2
563 225 3
566 225 2
567 225 3
571 225 3
574 225 3
583 225 1
584 225 1
586 225 1
595 225 2
599 225 1
609 225 2
611 225 2
616 225 1
617 225 3
618 225 3
623 225 3
624 225 3
625 225 3
626 225 3
632 225 3
633 225 1
636 225 1
645 225 3
646 225 2
649 225 3
656 225 2
658 225 3
663 225 1
665 225 1
668 225 1
670 225 2
675 225 1
679 225 1
680 225 1
681 225 3
682 225 2
685 225 1
686 225 2
690 225 2
692 225 1
698 225 2
702 225 1
704 225 2
706 225 3
707 225 2
709 225 3
710 225 2
712 225 2
713 225 1
716 225 1
719 225 1
721 225 1
722 225 3
724 225 2
727 225 3
729 225 3
732 225 1
738 225 3
739 225 2
741 225 3
742 225 2
743 225 3
745 225 1
753 225 2
754 225 3
756 225 3
757 225 1
758 225 1
762 225 2
769 225 3
770 225 3
772 225 3
773 225 2
776 225 3
777 225 1
780 225 2
781 225 3
782 225 3
785 225 2
789 225 3
790 225 2
792 225 2
799 225 1
801 225 1
803 225 3
804 225 3
805 225 1
807 225 3
808 225 1
809 225 1
810 225 1
812 225 1
813 225 1
817 225 3
819 225 2
821 225 3
822 225 2
828 225 3
834 225 1
836 225 1
839 225 3
840 225 3
841 225 2
843 225 2
846 225 3
849 225 3
851 225 1
856 225 3
859 225 3
860 225 3
861 225 1
863 225 1
864 225 1
868 225 2
869 225 1
871 225 2
873 225 1
879 225 2
882 225 3
884 225 3
886 225 3
888 225 1
889 225 2
890 225 2
892 225 1
893 225 3
898 225 3
901 225 1
903 225 2
904 225 2
906 225 2
907 225 3
909 225 3
910 225 3
911 225 2
914 225 3
915 225 1
923 225 2
924 225 3
925 225 2
926 225 1
930 225 1
935 225 2
937 225 3
940 225 1
945 225 1
946 225 2
949 225 2
951 225 1
953 225 1
963 225 1
966 225 1
969 225 3
971 225 2
976 225 2
978 225 2
982 225 1
987 225 2
990 225 2
996 225 3
997 225 1
4 226 2
7 226 1
11 226 3
13 226 2
16 226 2
17 226 3
19 226 3
22 226 1
23 226 3
24 226 1
26 226 3
28 226 3
31 226 3
32 226 2
33 226 2
35 226 1
40 226 1
42 226 3
43 226 1
45 226 3
51 226 2
52 226 2
53 226 1
54 226 3
58 226 3
59 226 2
65 226 1
67 226 3
70 226 3
74 226 2
75 226 1
79 226 1
87 226 1
90 226 2
91 226 3
92 226 1
97 226 1
101 226 3
104 226 3
106 226 1
108 226 1
111 226 1
117 226 3
123 226 3
124 226 2
126 226 1
127 226 2
128 226 3
129 226 3
131 226 2
132 226 1
133 226 3
135 226 3
136 226 1
139 226 1
143 226 1
144 226 1
145 226 3
154 226 2
156 226 1
160 226 3
161 226 1
170 226 1
172 226 1
181 226 3
182 226 1
185 226 1
187 226 3
188 226 2
189 226 1
190 226 2
191 226 3
193 226 3
194 226 1
196 226 3
199 226 3
200 226 2
202 226 2
208 226 2
209 226 1
214 226 3
217 226 3
219 226 1
224 226 3
225 226 1
227 226 2
229 226 2
234 226 1
241 226 1
243 226 2
244 226 1
245 226 1
247 226 3
253 226 3
259 226 1
263 226 2
269 226 1
288 226 1
292 226 2
294 226 3
297 226 1
298 226 3
300 226 1
302 226 2
307 226 1
313 226 3
316 226 3
318 226 2
319 226 1
323 226 3
325 226 3
326 226 3
329 226 1
331 226 2
339 226 1
342 226 2
345 226 1
346 226 1
358 226 1
363 226 2
365 226 1
366 226 1
367 226 2
371 226 2
372 226 1
373 226 2
374 226 1
376 226 1
378 226 1
382 226 1
384 226 2
386 226 2
388 226 2
390 226 2
392 226 1
393 226 1
396 226 3
399 226 1
400 226 3
402 226 1
403 226 2
409 226 3
410 226 3
413 226 3
415 226 3
416 226 3
420 226 1
421 226 1
422 226 1
424 226 2
425 226 3
428 226 2
432 226 1
436 226 3
442 226 2
450 226 2
452 226 1
455 226 2
463 226 3
466 226 1
469 226 3
470 226 2
472 226 1
474 226 1
477 226 3
481 226 2
485 226 2
486 226 1
488 226 3
491 226 3
494 226 2
496 226 3
499 226 2
500 226 3
503 226 3
507 226 3
510 226 2
512 226 3
518 226 2
520 226 2
522 226 2
527 226 1
529 226 2
531 226 3
538 226 1
540 226 2
544 226 1
545 226 2
548 226 2
552 226 3
553 226 3
554 226 1
558 226 2
562 226 1
568 226 3
569 226 2
577 226 1
579 226 2
582 226 2
583 226 2
584 226 3
587 226 3
588 226 1
593 226 1
595 226 3
597 226 1
598 226 3
601 226 2
605 226 3
608 226 2
609 226 3
610 226 3
615 226 2
618 226 1
621 226 2
624 226 2
625 226 1
626 226 3
630 226 3
632 226 1
633 226 2
639 226 1
648 226 1
652 226 2
656 226 3
667 226 3
669 226 3
672 226 3
676 226 1
677 226 1
679 226 2
681 226 2
683 226 1
684 226 3
685 226 1
691 226 1
697 226 3
701 226 3
702 226 2
703 226 3
711 226 2
712 226 2
714 226 2
715 226 3
717 226 1
721 226 3
727 226 2
728 226 3
744 226 2
748 226 1
749 226 1
751 226 2
753 226 1
754 226 1
757 226 1
758 226 1
759 226 2
763 226 2
764 226 2
767 226 3
774 226 2
779 226 2
781 226 1
782 226 2
788 226 2
790 226 1
791 226 2
794 226 3
804 226 3
805 226 3
806 226 2
807 226 1
809 226 3
811 226 3
813 226 3
815 226 1
816 226 2
817 226 1
821 226 2
829 226 3
833 226 3
835 226 1
836 226 3
841 226 3
842 226 1
845 226 1
846 226 2
852 226 2
856 226 3
858 226 1
860 226 3
864 226 2
865 226 2
866 226 1
869 226 2
870 226 3
872 226 3
874 226 2
876 226 3
881 226 1
882 226 3
883 226 2
885 226 2
891 226 1
892 226 1
894 226 2
895 226 2
896 226 2
897 226 1
901 226 3
902 226 3
903 226 2
906 226 3
909 226 3
911 226 1
912 226 3
913 226 2
915 226 2
920 226 2
921 226 1
928 226 1
930 226 3
931 226 1
932 226 2
935 226 2
942 226 1
944 226 1
946 226 1
949 226 1
950 226 1
952 226 3
966 226 2
973 226 1
976 226 2
982 226 1
989 226 1
993 226 2
994 226 1
996 226 2
999 226 3
0 227 1
2 227 3
5 227 2
11 227 1
13 227 2
19 227 3
25 227 2
28 227 2
36 227 2
37 227 3
43 227 2
48 227 1
51 227 2
52 227 2
54 227 1
55 227 1
56 227 1
57 227 3
59 227 2
61 227 1
63 227 3
65 227 3
66 227 1
67 227 2
69 227 3
73 227 1
77 227 3
80 227 3
85 227 1
88 227 2
