657 115 1
662 115 3
664 115 3
665 115 3
667 115 1
670 115 1
674 115 3
682 115 3
683 115 3
686 115 1
688 115 1
691 115 2
693 115 1
695 115 2
698 115 3
699 115 2
701 115 3
702 115 1
706 115 2
707 115 2
708 115 3
714 115 3
717 115 2
721 115 2
722 115 1
724 115 2
728 115 3
731 115 3
735 115 1
741 115 2
748 115 1
750 115 2
752 115 2
754 115 3
755 115 3
756 115 3
759 115 2
760 115 3
761 115 2
769 115 2
771 115 3
772 115 3
774 115 2
778 115 3
791 115 3
792 115 2
794 115 2
795 115 3
800 115 1
811 115 3
813 115 1
814 115 3
815 115 2
816 115 1
819 115 3
820 115 2
822 115 1
824 115 1
825 115 1
831 115 2
843 115 2
844 115 1
850 115 1
852 115 1
858 115 1
863 115 3
864 115 1
866 115 2
869 115 3
874 115 3
877 115 3
879 115 3
882 115 1
884 115 1
887 115 2
890 115 3
894 115 3
900 115 2
901 115 3
902 115 3
904 115 3
905 115 3
906 115 2
909 115 2
910 115 1
911 115 2
912 115 1
914 115 1
916 115 2
923 115 1
924 115 3
934 115 2
935 115 2
937 115 1
938 115 2
944 115 1
946 115 1
949 115 1
957 115 1
959 115 1
964 115 2
973 115 3
981 115 2
983 115 2
984 115 3
989 115 2
990 115 2
991 115 1
992 115 1
995 115 1
5 116 1
6 116 1
13 116 1
14 116 2
19 116 2
21 116 1
22 116 2
23 116 1
33 116 3
37 116 3
41 116 1
44 116 1
46 116 1
55 116 1
64 116 1
70 116 1
71 116 1
72 116 1
75 116 2
78 116 3
81 116 3
84 116 2
86 116 2
93 116 2
94 116 3
95 116 2
97 116 3
99 116 3
101 116 3
104 116 2
105 116 2
107 116 2
109 116 1
115 116 1
116 116 3
120 116 1
126 116 3
129 116 3
132 116 1
134 116 2
135 116 2
137 116 1
138 116 3
141 116 3
142 116 3
145 116 3
151 116 3
161 116 1
165 116 3
167 116 3
173 116 3
174 116 1
175 116 3
177 116 3
178 116 3
180 116 3
184 116 3
193 116 1
198 116 3
199 116 3
201 116 3
203 116 1
205 116 3
209 116 2
210 116 2
213 116 1
215 116 2
224 116 2
227 116 1
232 116 3
234 116 3
239 116 2
246 116 1
249 116 1
258 116 1
259 116 3
260 116 2
261 116 1
262 116 2
265 116 3
269 116 1
273 116 3
277 116 1
278 116 1
279 116 2
281 116 1
286 116 1
288 116 2
292 116 1
294 116 3
297 116 1
299 116 2
305 116 2
310 116 3
311 116 2
314 116 2
316 116 2
318 116 3
319 116 1
321 116 3
323 116 2
325 116 1
326 116 3
328 116 2
329 116 1
331 116 2
332 116 3
335 116 2
336 116 2
338 116 2
339 116 1
340 116 2
344 116 3
347 116 3
351 116 2
356 116 1
358 116 3
362 116 1
364 116 2
365 116 1
367 116 2
369 116 2
371 116 3
373 116 1
375 116 3
377 116 3
381 116 1
383 116 2
385 116 3
388 116 3
389 116 1
391 116 1
394 116 2
398 116 3
399 116 2
400 116 1
402 116 2
408 116 1
409 116 2
414 116 2
416 116 2
421 116 1
424 116 2
433 116 2
440 116 2
443 116 3
447 116 3
462 116 3
463 116 2
464 116 2
468 116 3
473 116 1
474 116 2
475 116 3
479 116 3
482 116 3
484 116 2
485 116 3
491 116 1
492 116 3
495 116 3
498 116 1
499 116 1
500 116 1
504 116 2
506 116 2
509 116 2
510 116 1
514 116 2
515 116 1
517 116 2
518 116 3
525 116 3
532 116 2
533 116 2
538 116 2
540 116 1
546 116 1
554 116 1
560 116 2
564 116 1
566 116 3
569 116 1
571 116 1
572 116 3
578 116 2
581 116 3
588 116 2
591 116 3
595 116 3
596 116 1
597 116 3
598 116 3
602 116 2
605 116 2
606 116 2
610 116 3
611 116 3
612 116 1
615 116 3
617 116 2
620 116 1
628 116 3
631 116 1
633 116 2
642 116 2
643 116 3
645 116 2
647 116 3
651 116 3
654 116 3
656 116 2
657 116 3
660 116 3
662 116 3
664 116 3
666 116 1
671 116 1
673 116 3
679 116 3
682 116 3
683 116 2
687 116 1
689 116 3
690 116 2
694 116 2
695 116 2
697 116 2
698 116 2
703 116 1
706 116 1
707 116 1
710 116 2
712 116 3
714 116 2
716 116 2
717 116 2
718 116 2
719 116 2
720 116 3
722 116 1
724 116 2
729 116 2
730 116 1
735 116 2
737 116 2
741 116 1
744 116 1
745 116 3
748 116 1
749 116 2
752 116 1
753 116 3
757 116 3
761 116 1
762 116 2
764 116 1
765 116 2
770 116 1
771 116 1
772 116 1
773 116 1
775 116 2
776 116 2
783 116 1
790 116 1
791 116 2
797 116 1
799 116 2
802 116 2
804 116 1
805 116 2
807 116 1
808 116 3
811 116 1
814 116 3
815 116 1
822 116 2
823 116 1
825 116 2
830 116 1
837 116 1
838 116 2
839 116 1
840 116 2
842 116 2
849 116 2
851 116 2
857 116 2
859 116 2
863 116 2
864 116 1
868 116 1
870 116 2
877 116 1
879 116 3
883 116 3
886 116 3
889 116 3
892 116 1
895 116 1
899 116 1
901 116 2
906 116 1
911 116 3
914 116 1
918 116 3
923 116 1
929 116 1
933 116 2
937 116 1
939 116 2
943 116 1
945 116 3
948 116 3
950 116 1
953 116 1
954 116 2
961 116 1
965 116 3
970 116 3
975 116 3
976 116 3
977 116 1
982 116 3
984 116 3
985 116 3
986 116 1
992 116 2
994 116 1
995 116 3
997 116 2
3 117 1
5 117 3
19 117 1
20 117 1
23 117 1
24 117 2
27 117 2
28 117 1
32 117 1
33 117 3
34 117 1
35 117 2
37 117 3
39 117 1
43 117 3
45 117 2
46 117 2
50 117 2
60 117 1
63 117 2
70 117 1
71 117 2
72 117 3
76 117 2
77 117 2
78 117 3
79 117 1
80 117 2
81 117 2
82 117 1
88 117 2
92 117 2
93 117 2
98 117 1
117 117 3
118 117 1
121 117 2
131 117 3
137 117 3
141 117 3
145 117 3
150 117 2
151 117 2
152 117 1
156 117 2
158 117 3
159 117 3
165 117 2
166 117 1
167 117 3
170 117 2
171 117 1
172 117 1
177 117 2
178 117 2
179 117 2
181 117 1
189 117 3
191 117 1
194 117 2
201 117 2
202 117 1
206 117 3
208 117 2
221 117 2
226 117 1
229 117 2
231 117 1
234 117 3
236 117 3
237 117 3
240 117 1
241 117 3
244 117 2
245 117 3
248 117 2
250 117 2
251 117 3
259 117 3
263 117 3
267 117 2
268 117 3
269 117 2
272 117 3
274 117 2
276 117 1
277 117 1
279 117 2
283 117 3
285 117 1
286 117 3
289 117 3
296 117 1
297 117 1
298 117 3
304 117 3
306 117 1
307 117 2
309 117 2
320 117 1
326 117 1
327 117 1
339 117 3
346 117 3
347 117 2
349 117 1
350 117 3
357 117 2
358 117 2
361 117 1
366 117 2
368 117 1
369 117 3
371 117 2
374 117 2
376 117 3
382 117 3
384 117 2
388 117 3
389 117 3
390 117 3
393 117 2
394 117 2
397 117 3
400 117 1
401 117 2
402 117 2
404 117 1
412 117 1
416 117 2
417 117 2
421 117 3
425 117 1
426 117 2
428 117 2
429 117 3
430 117 3
443 117 2
452 117 2
453 117 2
459 117 3
460 117 1
464 117 3
465 117 1
467 117 1
469 117 1
470 117 3
472 117 1
473 117 3
476 117 1
477 117 2
482 117 1
485 117 2
486 117 1
488 117 2
489 117 2
492 117 1
494 117 3
495 117 3
497 117 2
501 117 1
504 117 3
505 117 1
506 117 1
514 117 1
522 117 1
523 117 2
526 117 2
527 117 2
530 117 3
540 117 1
542 117 3
548 117 2
550 117 1
562 117 1
565 117 3
568 117 3
570 117 1
571 117 2
572 117 2
575 117 3
576 117 3
578 117 2
580 117 1
583 117 1
587 117 3
590 117 3
592 117 3
593 117 3
595 117 3
598 117 3
600 117 3
601 117 2
602 117 3
603 117 1
610 117 2
611 117 3
612 117 3
614 117 2
615 117 3
621 117 3
624 117 3
625 117 1
626 117 1
627 117 1
629 117 3
631 117 1
632 117 3
635 117 2
637 117 1
642 117 1
643 117 3
644 117 1
651 117 3
654 117 3
660 117 2
672 117 2
673 117 2
674 117 1
676 117 3
678 117 3
680 117 3
683 117 3
691 117 1
