617 119 2
618 119 2
620 119 3
629 119 2
631 119 3
636 119 1
640 119 1
641 119 3
646 119 3
648 119 1
649 119 2
650 119 3
659 119 3
660 119 2
665 119 3
671 119 3
672 119 2
673 119 1
674 119 3
676 119 1
680 119 1
681 119 3
683 119 3
684 119 2
686 119 2
690 119 3
692 119 2
696 119 1
699 119 1
703 119 2
704 119 3
705 119 1
707 119 3
708 119 3
709 119 3
711 119 3
713 119 1
719 119 1
721 119 2
726 119 1
729 119 2
732 119 3
734 119 2
737 119 3
739 119 2
744 119 2
748 119 1
752 119 3
754 119 3
755 119 3
757 119 1
761 119 3
762 119 1
765 119 1
770 119 2
772 119 1
774 119 3
777 119 1
779 119 2
780 119 3
781 119 1
783 119 2
791 119 2
792 119 2
793 119 2
799 119 3
801 119 3
805 119 2
812 119 1
814 119 3
816 119 2
817 119 3
830 119 1
831 119 3
837 119 2
856 119 1
859 119 2
861 119 3
862 119 3
865 119 2
866 119 3
867 119 3
868 119 1
871 119 1
874 119 1
875 119 2
878 119 1
879 119 2
880 119 3
881 119 3
883 119 3
884 119 1
885 119 1
889 119 2
897 119 2
898 119 3
901 119 1
905 119 3
911 119 1
917 119 2
919 119 2
920 119 3
925 119 2
926 119 3
933 119 1
934 119 3
935 119 1
957 119 3
960 119 2
962 119 2
963 119 2
967 119 1
972 119 1
974 119 2
977 119 3
979 119 2
989 119 3
990 119 2
993 119 2
998 119 2
999 119 3
1 120 1
4 120 1
13 120 2
14 120 1
16 120 1
18 120 3
20 120 3
22 120 2
23 120 2
28 120 3
29 120 3
30 120 2
31 120 2
33 120 2
34 120 3
37 120 1
40 120 3
41 120 2
42 120 1
43 120 3
44 120 3
47 120 2
49 120 1
64 120 1
72 120 1
73 120 1
74 120 3
75 120 3
78 120 1
79 120 3
82 120 3
86 120 2
95 120 1
99 120 2
101 120 3
102 120 2
107 120 3
109 120 1
112 120 2
113 120 2
114 120 3
115 120 2
118 120 1
121 120 2
123 120 3
129 120 2
130 120 3
131 120 3
134 120 2
137 120 3
140 120 2
148 120 2
153 120 2
154 120 2
159 120 2
163 120 1
164 120 2
165 120 3
166 120 2
170 120 2
171 120 2
173 120 3
174 120 3
176 120 3
181 120 2
187 120 2
188 120 3
189 120 3
191 120 3
195 120 2
197 120 2
199 120 3
201 120 1
212 120 1
218 120 1
219 120 1
221 120 1
223 120 1
229 120 2
230 120 3
231 120 2
232 120 3
233 120 3
241 120 2
242 120 2
244 120 3
251 120 1
252 120 2
255 120 2
259 120 1
261 120 1
265 120 3
267 120 2
270 120 3
271 120 3
272 120 2
274 120 3
276 120 2
278 120 1
279 120 2
280 120 2
282 120 1
283 120 2
284 120 3
288 120 3
289 120 1
297 120 1
300 120 2
302 120 1
304 120 2
305 120 3
306 120 1
312 120 1
313 120 2
314 120 2
315 120 1
321 120 2
324 120 2
330 120 1
334 120 2
335 120 1
336 120 2
340 120 2
345 120 3
346 120 1
347 120 2
352 120 1
353 120 2
354 120 3
355 120 2
356 120 2
358 120 3
362 120 2
364 120 3
365 120 2
371 120 3
379 120 2
380 120 2
381 120 3
384 120 3
386 120 2
391 120 1
393 120 2
394 120 2
395 120 1
410 120 2
411 120 1
413 120 3
417 120 1
419 120 1
427 120 3
433 120 2
436 120 2
437 120 2
439 120 2
440 120 2
445 120 2
448 120 1
451 120 3
454 120 2
455 120 3
456 120 1
457 120 3
467 120 3
469 120 3
470 120 3
474 120 1
481 120 3
482 120 2
483 120 3
485 120 2
492 120 1
495 120 3
496 120 2
498 120 3
500 120 3
501 120 1
502 120 3
507 120 1
517 120 2
520 120 2
523 120 3
524 120 3
528 120 3
529 120 3
535 120 1
540 120 2
541 120 1
546 120 1
547 120 3
548 120 2
549 120 3
555 120 3
556 120 2
557 120 2
561 120 2
564 120 3
565 120 3
576 120 2
586 120 1
587 120 3
590 120 1
591 120 3
593 120 1
596 120 3
599 120 1
601 120 1
604 120 1
605 120 3
606 120 1
608 120 3
613 120 1
614 120 2
615 120 3
618 120 1
621 120 1
622 120 2
632 120 2
638 120 2
642 120 1
644 120 3
645 120 1
647 120 3
649 120 3
652 120 1
654 120 1
655 120 2
657 120 2
658 120 3
661 120 3
662 120 3
666 120 1
672 120 2
674 120 1
678 120 3
683 120 3
684 120 3
688 120 2
691 120 1
692 120 3
695 120 1
705 120 3
711 120 2
715 120 2
718 120 2
723 120 3
727 120 3
729 120 3
734 120 3
738 120 2
739 120 3
741 120 1
747 120 1
749 120 3
753 120 2
755 120 3
756 120 3
759 120 2
761 120 1
767 120 2
769 120 2
770 120 3
773 120 3
774 120 2
777 120 1
778 120 2
780 120 2
781 120 2
788 120 2
791 120 2
792 120 3
794 120 1
798 120 2
801 120 1
803 120 1
812 120 1
815 120 2
817 120 1
822 120 1
826 120 2
831 120 2
833 120 3
834 120 2
840 120 3
841 120 1
842 120 3
844 120 1
845 120 2
850 120 1
853 120 2
854 120 3
857 120 3
858 120 1
862 120 2
866 120 2
868 120 3
869 120 1
870 120 1
871 120 3
872 120 2
874 120 3
876 120 2
877 120 2
880 120 1
887 120 1
888 120 2
889 120 1
891 120 2
892 120 3
894 120 2
895 120 1
896 120 2
903 120 1
910 120 1
911 120 3
913 120 3
916 120 3
919 120 2
927 120 1
928 120 2
929 120 1
931 120 3
934 120 3
937 120 3
947 120 1
954 120 2
955 120 1
958 120 3
959 120 1
960 120 3
964 120 3
968 120 3
969 120 1
970 120 1
974 120 3
975 120 2
976 120 1
978 120 1
982 120 1
985 120 2
990 120 2
996 120 2
998 120 3
1 121 2
6 121 2
8 121 2
11 121 1
15 121 1
16 121 3
20 121 1
32 121 1
35 121 3
36 121 3
39 121 1
42 121 2
45 121 2
48 121 2
50 121 1
53 121 3
57 121 2
58 121 3
60 121 3
61 121 1
63 121 2
76 121 3
80 121 1
81 121 1
83 121 1
86 121 3
87 121 1
92 121 3
94 121 2
95 121 1
100 121 1
102 121 1
103 121 1
106 121 1
108 121 1
109 121 2
111 121 1
115 121 3
122 121 3
125 121 1
127 121 1
129 121 1
130 121 1
131 121 3
133 121 3
137 121 2
142 121 3
144 121 3
145 121 2
153 121 2
159 121 1
162 121 1
166 121 1
173 121 2
175 121 1
179 121 3
180 121 3
186 121 3
189 121 3
190 121 1
191 121 3
194 121 2
196 121 1
197 121 1
202 121 1
206 121 2
208 121 3
209 121 2
210 121 3
213 121 2
219 121 1
224 121 1
229 121 2
231 121 3
236 121 1
238 121 1
239 121 3
249 121 1
250 121 1
254 121 3
255 121 2
259 121 3
260 121 2
262 121 2
269 121 2
270 121 3
278 121 3
279 121 3
280 121 2
285 121 2
289 121 1
291 121 2
297 121 2
299 121 1
301 121 2
304 121 3
305 121 3
306 121 3
307 121 1
308 121 2
311 121 3
313 121 1
315 121 3
317 121 1
318 121 2
319 121 2
320 121 3
322 121 2
325 121 1
326 121 1
339 121 3
341 121 2
345 121 1
346 121 2
348 121 2
351 121 1
359 121 2
361 121 1
372 121 3
376 121 1
379 121 1
380 121 3
381 121 3
383 121 2
385 121 3
386 121 1
389 121 2
391 121 1
392 121 2
393 121 2
398 121 3
401 121 1
402 121 3
403 121 2
407 121 1
412 121 2
418 121 2
419 121 2
423 121 1
431 121 2
434 121 1
435 121 2
437 121 3
448 121 1
449 121 3
451 121 2
452 121 1
454 121 1
455 121 3
459 121 2
460 121 1
469 121 2
474 121 1
475 121 1
476 121 2
481 121 2
491 121 3
493 121 1
495 121 2
497 121 2
500 121 2
504 121 2
511 121 1
521 121 1
523 121 1
525 121 1
531 121 2
532 121 3
534 121 2
537 121 2
541 121 2
544 121 1
545 121 2
546 121 1
548 121 2
552 121 2
553 121 1
554 121 2
563 121 3
564 121 2
565 121 3
567 121 1
570 121 2
577 121 1
578 121 3
579 121 1
580 121 1
582 121 2
584 121 1
587 121 3
591 121 1
592 121 3
595 121 1
599 121 2
603 121 2
605 121 2
606 121 3
608 121 1
610 121 3
613 121 3
617 121 1
620 121 2
