797 103 2
798 103 1
800 103 3
802 103 2
803 103 3
805 103 2
807 103 2
809 103 3
811 103 3
812 103 2
814 103 3
815 103 1
816 103 3
818 103 1
819 103 3
820 103 3
821 103 3
822 103 3
824 103 2
826 103 3
827 103 2
832 103 3
840 103 2
841 103 3
842 103 3
846 103 3
849 103 3
857 103 3
858 103 2
860 103 3
866 103 2
868 103 1
870 103 1
871 103 2
872 103 3
875 103 2
876 103 1
878 103 3
881 103 2
884 103 1
890 103 3
895 103 1
897 103 1
902 103 3
909 103 3
911 103 1
912 103 1
913 103 1
915 103 2
918 103 2
919 103 2
920 103 1
922 103 3
923 103 3
924 103 1
926 103 2
929 103 1
932 103 1
935 103 1
936 103 2
939 103 1
941 103 2
942 103 3
943 103 1
944 103 2
947 103 3
951 103 3
952 103 3
956 103 1
959 103 3
960 103 3
961 103 3
971 103 1
973 103 3
981 103 1
983 103 3
984 103 1
986 103 3
987 103 2
993 103 3
995 103 2
997 103 3
998 103 3
999 103 2
0 104 3
2 104 1
4 104 1
6 104 1
12 104 3
14 104 1
18 104 2
21 104 1
22 104 1
24 104 1
25 104 3
27 104 2
32 104 1
41 104 1
45 104 1
49 104 1
50 104 3
51 104 2
52 104 2
54 104 1
55 104 1
57 104 2
59 104 2
61 104 3
73 104 3
74 104 1
76 104 2
77 104 1
83 104 3
86 104 2
89 104 3
93 104 2
110 104 2
112 104 2
113 104 2
114 104 3
118 104 3
119 104 3
121 104 2
122 104 2
123 104 1
124 104 3
125 104 3
128 104 1
129 104 1
130 104 3
133 104 1
136 104 3
138 104 3
140 104 1
144 104 1
146 104 2
149 104 3
153 104 1
155 104 2
160 104 1
161 104 2
173 104 1
176 104 1
184 104 3
187 104 3
191 104 3
192 104 1
196 104 3
197 104 2
203 104 1
204 104 2
208 104 1
211 104 2
212 104 1
220 104 3
224 104 3
226 104 1
227 104 2
230 104 1
232 104 3
239 104 2
240 104 2
246 104 2
248 104 2
251 104 1
252 104 2
255 104 2
259 104 2
260 104 1
261 104 1
262 104 2
266 104 1
273 104 3
279 104 2
287 104 3
288 104 3
292 104 1
296 104 3
303 104 2
310 104 2
311 104 3
313 104 3
318 104 1
320 104 1
322 104 2
327 104 1
329 104 2
333 104 3
334 104 3
335 104 3
336 104 1
337 104 3
339 104 1
341 104 2
344 104 2
345 104 2
358 104 2
366 104 2
368 104 2
370 104 3
375 104 2
376 104 1
378 104 1
379 104 1
381 104 1
385 104 1
386 104 1
389 104 3
390 104 2
391 104 3
392 104 2
395 104 1
396 104 3
397 104 3
401 104 1
406 104 1
407 104 2
422 104 2
428 104 1
432 104 1
433 104 3
439 104 3
440 104 2
441 104 2
443 104 1
444 104 3
451 104 1
453 104 3
456 104 3
459 104 2
460 104 3
463 104 3
466 104 1
469 104 2
472 104 1
473 104 3
476 104 1
482 104 1
484 104 1
485 104 2
486 104 2
490 104 1
491 104 2
493 104 2
495 104 2
496 104 1
499 104 2
502 104 2
505 104 2
513 104 1
514 104 1
515 104 2
518 104 1
521 104 1
525 104 2
534 104 3
535 104 1
536 104 3
539 104 1
540 104 2
543 104 2
547 104 1
550 104 1
551 104 3
556 104 3
557 104 3
558 104 2
564 104 3
567 104 1
573 104 3
575 104 3
579 104 2
583 104 2
585 104 1
588 104 1
591 104 1
592 104 1
593 104 1
594 104 2
598 104 2
600 104 2
613 104 3
615 104 1
616 104 3
617 104 3
624 104 2
625 104 3
626 104 1
627 104 2
630 104 2
631 104 1
636 104 1
639 104 2
640 104 1
641 104 2
648 104 2
650 104 1
656 104 2
657 104 2
661 104 3
664 104 2
665 104 1
672 104 1
677 104 1
683 104 2
684 104 1
687 104 3
688 104 3
690 104 1
691 104 1
697 104 3
702 104 3
704 104 2
705 104 2
706 104 3
712 104 2
713 104 2
715 104 3
716 104 1
717 104 2
718 104 1
719 104 1
723 104 3
736 104 3
738 104 2
740 104 2
742 104 1
745 104 1
748 104 3
750 104 1
752 104 2
754 104 2
755 104 1
760 104 3
761 104 2
762 104 1
768 104 3
769 104 1
772 104 3
773 104 3
774 104 3
777 104 3
778 104 3
780 104 3
782 104 3
783 104 1
787 104 1
799 104 2
800 104 2
805 104 3
806 104 1
811 104 2
813 104 1
817 104 3
818 104 3
820 104 3
822 104 2
826 104 1
834 104 3
838 104 2
840 104 3
848 104 2
849 104 1
850 104 2
854 104 3
855 104 1
856 104 2
858 104 3
862 104 2
863 104 2
865 104 2
870 104 1
873 104 1
878 104 2
879 104 1
887 104 2
891 104 3
897 104 1
903 104 1
904 104 3
911 104 2
914 104 2
919 104 1
920 104 1
922 104 3
931 104 2
932 104 3
933 104 3
934 104 1
935 104 3
936 104 2
937 104 1
939 104 1
941 104 3
942 104 3
945 104 2
951 104 2
952 104 2
957 104 3
960 104 3
973 104 3
974 104 2
976 104 1
987 104 2
988 104 3
989 104 2
990 104 2
992 104 3
993 104 1
995 104 3
998 104 1
0 105 2
2 105 1
10 105 2
11 105 1
14 105 2
20 105 1
21 105 1
27 105 3
28 105 1
29 105 2
36 105 1
38 105 3
40 105 1
43 105 3
58 105 1
60 105 2
64 105 1
65 105 1
68 105 3
69 105 1
73 105 1
77 105 3
78 105 2
80 105 1
84 105 1
86 105 2
87 105 2
95 105 2
96 105 2
102 105 2
104 105 1
105 105 3
112 105 1
116 105 2
117 105 3
119 105 1
123 105 3
127 105 3
128 105 1
139 105 1
140 105 2
145 105 3
146 105 2
147 105 3
153 105 1
164 105 2
166 105 3
170 105 1
172 105 3
173 105 3
174 105 2
176 105 3
178 105 1
181 105 2
184 105 1
186 105 1
187 105 1
188 105 2
190 105 1
192 105 3
194 105 1
195 105 2
206 105 2
212 105 3
214 105 1
215 105 1
218 105 3
219 105 1
222 105 2
227 105 1
233 105 2
239 105 1
240 105 3
245 105 1
247 105 2
253 105 1
255 105 3
256 105 1
258 105 2
264 105 3
265 105 1
268 105 2
270 105 1
272 105 2
283 105 1
287 105 3
291 105 3
293 105 3
300 105 2
301 105 1
303 105 1
308 105 3
311 105 1
312 105 1
314 105 2
318 105 2
321 105 3
322 105 1
325 105 2
331 105 1
333 105 3
334 105 1
335 105 2
337 105 2
338 105 1
339 105 1
340 105 3
341 105 3
343 105 1
344 105 2
347 105 2
351 105 2
352 105 2
360 105 2
361 105 1
362 105 3
363 105 3
365 105 2
370 105 2
371 105 2
374 105 2
378 105 3
379 105 2
380 105 2
385 105 3
386 105 1
388 105 2
389 105 2
393 105 2
410 105 2
414 105 1
415 105 2
417 105 1
419 105 2
436 105 2
437 105 3
440 105 1
441 105 2
447 105 1
452 105 1
457 105 1
461 105 2
466 105 3
468 105 1
471 105 3
480 105 1
482 105 1
490 105 2
493 105 2
496 105 1
497 105 2
499 105 1
501 105 2
504 105 3
509 105 2
510 105 3
512 105 3
514 105 3
518 105 2
521 105 2
522 105 1
527 105 1
529 105 2
531 105 1
532 105 1
534 105 1
537 105 1
539 105 1
540 105 1
541 105 3
546 105 3
550 105 2
552 105 3
554 105 2
562 105 1
563 105 3
565 105 2
566 105 3
567 105 2
569 105 1
571 105 3
573 105 2
575 105 3
576 105 2
580 105 1
589 105 2
590 105 1
595 105 2
598 105 2
606 105 3
610 105 3
613 105 3
614 105 1
621 105 2
622 105 2
624 105 2
625 105 2
626 105 2
627 105 3
635 105 3
636 105 2
639 105 2
642 105 1
650 105 3
653 105 3
656 105 2
659 105 3
660 105 3
662 105 2
664 105 2
668 105 1
669 105 3
676 105 2
681 105 2
682 105 2
686 105 2
690 105 1
692 105 2
696 105 1
699 105 3
701 105 3
704 105 1
706 105 3
708 105 3
709 105 3
711 105 3
712 105 2
718 105 1
722 105 3
728 105 3
732 105 3
734 105 1
736 105 1
737 105 1
738 105 1
744 105 2
747 105 1
748 105 3
750 105 2
755 105 1
762 105 3
768 105 1
769 105 1
772 105 3
775 105 2
776 105 1
777 105 3
779 105 1
780 105 3
782 105 1
791 105 1
795 105 1
797 105 2
803 105 3
805 105 1
