243 538 1
246 538 1
253 538 2
254 538 1
257 538 3
258 538 2
267 538 3
269 538 2
270 538 2
271 538 3
280 538 3
281 538 2
283 538 2
284 538 2
285 538 2
286 538 1
288 538 2
289 538 1
298 538 1
301 538 1
304 538 1
311 538 3
313 538 3
316 538 3
321 538 3
322 538 2
324 538 1
328 538 1
332 538 1
333 538 1
338 538 2
344 538 3
346 538 2
348 538 3
349 538 3
351 538 2
352 538 1
356 538 1
357 538 3
360 538 2
363 538 3
365 538 2
375 538 2
376 538 2
379 538 3
380 538 1
382 538 1
384 538 3
388 538 2
392 538 3
394 538 3
398 538 2
402 538 1
404 538 3
405 538 3
407 538 1
414 538 2
416 538 3
419 538 3
420 538 2
421 538 1
424 538 2
426 538 1
427 538 1
428 538 2
430 538 1
432 538 2
434 538 3
435 538 2
437 538 3
439 538 2
441 538 1
442 538 3
447 538 3
449 538 3
452 538 2
456 538 3
457 538 3
463 538 2
464 538 3
468 538 1
470 538 3
476 538 1
481 538 1
483 538 2
484 538 3
487 538 3
492 538 2
495 538 3
496 538 1
498 538 2
499 538 3
500 538 3
503 538 1
506 538 3
509 538 1
511 538 3
513 538 2
518 538 3
522 538 2
525 538 1
531 538 1
532 538 3
541 538 2
545 538 1
547 538 3
548 538 2
553 538 1
562 538 3
569 538 2
571 538 3
579 538 1
582 538 2
586 538 2
591 538 1
592 538 1
597 538 1
607 538 2
608 538 3
613 538 3
620 538 2
622 538 2
624 538 2
633 538 2
634 538 3
636 538 1
640 538 2
642 538 3
643 538 1
647 538 1
648 538 3
656 538 1
658 538 3
661 538 2
662 538 1
665 538 3
667 538 3
668 538 3
673 538 1
674 538 1
680 538 1
682 538 2
687 538 2
692 538 1
695 538 3
697 538 2
699 538 2
701 538 1
702 538 2
703 538 1
704 538 3
706 538 3
707 538 3
715 538 3
716 538 1
722 538 2
723 538 2
724 538 1
725 538 1
728 538 3
729 538 1
730 538 1
733 538 3
734 538 3
748 538 2
749 538 3
751 538 2
752 538 2
753 538 2
758 538 3
760 538 2
769 538 3
771 538 1
775 538 2
778 538 2
784 538 2
786 538 2
795 538 3
798 538 1
804 538 2
807 538 1
810 538 1
819 538 1
820 538 2
822 538 1
823 538 1
828 538 2
835 538 3
838 538 3
839 538 2
841 538 3
842 538 2
851 538 1
853 538 2
859 538 3
861 538 2
869 538 1
870 538 3
872 538 1
873 538 2
879 538 2
885 538 1
886 538 1
887 538 1
899 538 1
903 538 3
906 538 3
909 538 2
910 538 3
914 538 1
915 538 2
918 538 1
922 538 1
923 538 1
938 538 2
940 538 2
941 538 2
944 538 3
947 538 2
948 538 3
949 538 3
950 538 3
951 538 1
958 538 3
962 538 1
965 538 3
966 538 3
971 538 1
975 538 2
990 538 2
992 538 1
2 539 2
3 539 1
5 539 3
9 539 1
15 539 1
27 539 2
29 539 2
32 539 1
33 539 3
35 539 2
39 539 1
40 539 1
46 539 3
50 539 2
52 539 1
53 539 2
61 539 3
62 539 2
64 539 1
71 539 1
73 539 1
74 539 2
79 539 2
85 539 3
87 539 2
90 539 2
91 539 2
98 539 2
104 539 3
105 539 2
106 539 2
108 539 3
110 539 2
113 539 1
114 539 3
117 539 2
119 539 2
135 539 1
138 539 2
142 539 2
147 539 3
150 539 1
152 539 1
153 539 3
154 539 1
155 539 1
156 539 1
158 539 2
164 539 2
166 539 1
168 539 2
172 539 1
173 539 2
175 539 2
176 539 3
178 539 3
181 539 1
186 539 1
187 539 1
191 539 2
192 539 1
193 539 3
195 539 2
198 539 3
199 539 3
204 539 2
205 539 3
206 539 3
208 539 1
215 539 2
218 539 3
219 539 1
224 539 2
226 539 3
228 539 1
229 539 1
235 539 2
236 539 1
239 539 1
241 539 1
242 539 1
243 539 1
244 539 2
245 539 1
246 539 1
249 539 1
250 539 2
253 539 3
256 539 2
257 539 2
258 539 2
259 539 3
262 539 3
263 539 3
275 539 1
276 539 1
278 539 1
279 539 1
292 539 1
295 539 1
296 539 1
298 539 2
303 539 2
304 539 2
307 539 2
308 539 1
310 539 1
312 539 3
314 539 3
315 539 3
318 539 2
321 539 3
324 539 1
325 539 3
332 539 1
338 539 3
345 539 1
352 539 2
353 539 1
354 539 2
355 539 3
366 539 1
367 539 2
368 539 2
370 539 2
371 539 1
374 539 1
378 539 1
382 539 1
384 539 3
392 539 2
394 539 3
397 539 1
405 539 2
411 539 3
412 539 2
416 539 1
420 539 2
422 539 1
424 539 1
426 539 3
428 539 2
432 539 3
434 539 1
436 539 2
437 539 2
442 539 3
445 539 3
448 539 2
458 539 3
465 539 1
469 539 3
470 539 2
477 539 2
485 539 3
490 539 1
495 539 2
499 539 3
501 539 2
502 539 2
503 539 3
508 539 3
512 539 2
513 539 3
516 539 3
521 539 2
527 539 3
533 539 3
536 539 2
538 539 2
540 539 1
545 539 3
549 539 1
551 539 1
558 539 1
564 539 1
566 539 1
568 539 2
569 539 2
570 539 3
574 539 1
579 539 1
586 539 2
588 539 1
589 539 1
600 539 2
603 539 1
605 539 3
606 539 2
610 539 1
611 539 3
612 539 1
614 539 3
615 539 1
617 539 1
620 539 1
634 539 2
639 539 3
642 539 3
644 539 1
645 539 3
652 539 1
653 539 2
654 539 1
658 539 3
660 539 3
662 539 3
664 539 2
666 539 2
671 539 3
674 539 2
675 539 1
676 539 2
680 539 2
690 539 3
693 539 2
696 539 1
698 539 2
699 539 3
701 539 3
708 539 3
709 539 1
711 539 3
712 539 2
713 539 1
715 539 1
724 539 2
730 539 2
732 539 3
734 539 3
735 539 2
741 539 3
745 539 3
746 539 1
747 539 2
748 539 2
753 539 1
757 539 1
758 539 1
762 539 3
763 539 2
764 539 2
767 539 1
768 539 2
771 539 2
778 539 1
779 539 3
783 539 2
786 539 1
789 539 3
790 539 3
792 539 3
797 539 1
800 539 2
804 539 1
806 539 2
815 539 3
816 539 2
818 539 2
819 539 1
822 539 1
827 539 1
831 539 3
834 539 2
835 539 1
839 539 3
843 539 3
845 539 2
846 539 3
847 539 3
848 539 3
849 539 1
852 539 2
857 539 2
858 539 3
860 539 1
863 539 3
873 539 2
875 539 3
876 539 3
878 539 2
879 539 2
881 539 2
882 539 2
888 539 2
891 539 2
902 539 2
906 539 2
907 539 3
910 539 3
911 539 2
912 539 3
913 539 2
914 539 1
915 539 2
917 539 3
920 539 2
921 539 1
923 539 2
927 539 1
930 539 2
931 539 1
933 539 2
934 539 1
940 539 3
944 539 1
946 539 1
948 539 3
951 539 3
964 539 3
965 539 1
968 539 2
969 539 2
970 539 1
972 539 1
973 539 3
976 539 1
978 539 2
979 539 1
983 539 1
988 539 3
989 539 1
994 539 2
996 539 1
998 539 2
999 539 2
1 540 2
6 540 2
8 540 1
9 540 2
11 540 1
12 540 1
14 540 1
15 540 2
23 540 2
27 540 3
30 540 2
32 540 3
36 540 1
39 540 1
40 540 1
42 540 3
45 540 3
46 540 1
49 540 3
52 540 2
53 540 1
55 540 1
58 540 1
60 540 3
61 540 2
73 540 2
74 540 1
76 540 1
78 540 1
83 540 1
84 540 2
86 540 3
87 540 3
89 540 3
91 540 1
93 540 2
96 540 1
97 540 2
101 540 3
102 540 3
105 540 3
108 540 2
110 540 1
118 540 3
119 540 2
126 540 3
127 540 1
128 540 3
134 540 1
135 540 1
136 540 3
138 540 1
140 540 2
141 540 3
148 540 2
151 540 3
154 540 2
162 540 3
166 540 2
175 540 1
176 540 2
180 540 1
188 540 2
190 540 2
195 540 1
196 540 3
204 540 1
206 540 3
211 540 3
212 540 3
214 540 2
215 540 3
216 540 2
221 540 2
224 540 3
225 540 3
229 540 1
231 540 3
236 540 2
238 540 1
240 540 3
243 540 2
246 540 1
251 540 1
252 540 2
253 540 2
254 540 1
258 540 1
259 540 3
260 540 2
263 540 2
265 540 3
267 540 2
269 540 3
271 540 1
273 540 2
275 540 3
277 540 3
281 540 3
282 540 1
291 540 2
292 540 1
294 540 1
295 540 2
297 540 1
298 540 1
301 540 3
303 540 1
304 540 1
