584 382 2
585 382 3
587 382 3
588 382 1
591 382 1
592 382 1
598 382 2
600 382 3
601 382 1
604 382 2
605 382 1
607 382 2
608 382 3
610 382 3
613 382 3
617 382 1
627 382 3
635 382 3
641 382 3
646 382 1
647 382 2
649 382 2
650 382 1
651 382 1
659 382 1
661 382 3
662 382 2
664 382 1
665 382 2
668 382 3
674 382 3
676 382 3
683 382 2
687 382 2
689 382 2
692 382 2
694 382 2
695 382 1
696 382 2
703 382 1
705 382 2
707 382 3
710 382 3
712 382 2
713 382 1
715 382 3
721 382 3
724 382 2
730 382 3
732 382 2
734 382 1
737 382 3
738 382 2
742 382 3
746 382 3
749 382 3
750 382 3
756 382 1
759 382 2
760 382 2
761 382 2
766 382 3
770 382 3
771 382 1
776 382 3
780 382 2
784 382 1
786 382 1
788 382 3
789 382 1
792 382 2
794 382 2
795 382 1
803 382 1
807 382 3
809 382 1
814 382 1
815 382 3
817 382 3
819 382 2
820 382 2
821 382 2
823 382 2
828 382 3
829 382 1
840 382 2
843 382 1
845 382 1
846 382 3
849 382 3
852 382 3
853 382 2
858 382 1
862 382 2
864 382 1
865 382 3
870 382 2
872 382 1
873 382 2
876 382 2
880 382 3
882 382 3
883 382 3
884 382 3
885 382 1
887 382 2
891 382 1
893 382 3
894 382 2
897 382 2
899 382 3
904 382 2
906 382 3
909 382 2
913 382 2
918 382 3
919 382 3
920 382 3
922 382 1
923 382 1
926 382 2
928 382 2
929 382 2
931 382 2
937 382 3
939 382 2
941 382 3
945 382 3
951 382 3
952 382 1
953 382 1
955 382 1
956 382 2
959 382 1
961 382 1
962 382 2
963 382 3
965 382 2
972 382 2
974 382 1
976 382 2
977 382 1
981 382 3
984 382 2
985 382 1
989 382 3
990 382 2
991 382 1
994 382 1
998 382 3
999 382 2
7 383 2
9 383 1
10 383 1
11 383 2
19 383 3
22 383 1
24 383 3
30 383 1
34 383 1
35 383 2
36 383 2
37 383 1
38 383 1
39 383 2
40 383 3
45 383 1
47 383 1
49 383 3
52 383 3
53 383 2
65 383 3
67 383 1
71 383 2
73 383 1
74 383 2
77 383 1
80 383 3
82 383 2
83 383 2
84 383 1
85 383 1
89 383 1
93 383 3
96 383 1
97 383 2
98 383 1
99 383 3
106 383 2
113 383 1
114 383 3
119 383 3
121 383 1
122 383 1
123 383 1
129 383 3
134 383 1
136 383 1
137 383 1
141 383 1
142 383 3
143 383 2
144 383 1
145 383 3
146 383 2
148 383 1
150 383 1
151 383 3
152 383 3
153 383 2
156 383 2
158 383 1
163 383 1
165 383 1
166 383 3
171 383 1
172 383 2
175 383 2
177 383 1
179 383 1
186 383 1
187 383 3
188 383 2
190 383 3
191 383 2
196 383 2
201 383 3
202 383 3
205 383 2
206 383 3
207 383 2
211 383 1
213 383 1
215 383 1
220 383 3
223 383 3
226 383 2
227 383 1
230 383 2
231 383 3
232 383 3
234 383 2
237 383 2
239 383 1
246 383 3
248 383 2
250 383 1
251 383 1
253 383 3
255 383 3
267 383 2
272 383 1
277 383 2
279 383 3
280 383 2
287 383 3
289 383 1
291 383 3
293 383 3
298 383 3
299 383 1
302 383 2
305 383 3
306 383 1
312 383 2
322 383 3
327 383 3
339 383 3
340 383 1
344 383 1
346 383 1
347 383 2
349 383 3
357 383 3
358 383 2
359 383 3
360 383 3
362 383 1
363 383 3
365 383 1
366 383 1
367 383 2
375 383 1
381 383 3
383 383 2
385 383 2
386 383 2
389 383 3
390 383 3
391 383 1
393 383 2
394 383 1
395 383 3
397 383 1
402 383 3
404 383 3
406 383 1
409 383 3
415 383 2
418 383 2
419 383 2
421 383 3
423 383 3
427 383 2
430 383 2
433 383 3
438 383 3
440 383 2
446 383 2
447 383 2
451 383 1
459 383 1
462 383 2
464 383 2
466 383 2
468 383 3
469 383 2
471 383 2
478 383 1
479 383 3
480 383 1
481 383 2
482 383 3
485 383 1
488 383 1
492 383 1
493 383 3
498 383 2
499 383 1
500 383 3
502 383 3
503 383 2
506 383 1
507 383 1
508 383 2
509 383 1
512 383 3
513 383 1
516 383 3
517 383 3
521 383 2
522 383 1
526 383 1
531 383 1
532 383 3
535 383 1
536 383 3
544 383 2
554 383 3
566 383 1
571 383 3
573 383 3
577 383 3
580 383 1
581 383 2
582 383 3
583 383 1
589 383 3
590 383 2
592 383 2
598 383 1
603 383 3
608 383 1
609 383 1
613 383 3
620 383 3
622 383 3
628 383 1
638 383 3
650 383 3
656 383 1
659 383 2
662 383 3
665 383 2
667 383 2
670 383 3
673 383 2
674 383 3
676 383 3
681 383 2
682 383 3
686 383 3
687 383 1
692 383 1
696 383 1
697 383 2
699 383 2
703 383 2
706 383 3
712 383 2
713 383 3
714 383 1
715 383 3
716 383 3
718 383 1
723 383 2
724 383 3
726 383 3
728 383 3
729 383 3
730 383 1
734 383 3
741 383 2
746 383 1
748 383 1
753 383 3
758 383 3
762 383 1
768 383 2
772 383 1
778 383 2
781 383 2
782 383 1
786 383 2
789 383 1
790 383 2
792 383 3
793 383 1
799 383 2
800 383 2
801 383 1
804 383 3
805 383 3
808 383 3
811 383 2
813 383 3
821 383 3
822 383 2
823 383 3
827 383 3
833 383 3
834 383 2
837 383 2
841 383 3
845 383 3
848 383 1
850 383 2
851 383 1
852 383 1
855 383 2
857 383 3
858 383 2
861 383 1
862 383 2
865 383 2
866 383 1
869 383 2
871 383 2
875 383 2
881 383 3
882 383 1
884 383 1
886 383 2
887 383 1
888 383 3
900 383 1
902 383 1
905 383 2
906 383 1
910 383 1
911 383 1
912 383 2
914 383 1
917 383 2
920 383 3
924 383 1
926 383 3
932 383 3
937 383 1
938 383 3
942 383 1
945 383 2
947 383 1
950 383 1
952 383 3
953 383 1
959 383 1
968 383 3
975 383 1
976 383 1
978 383 1
979 383 2
982 383 3
988 383 1
990 383 2
991 383 3
995 383 1
996 383 3
5 384 3
7 384 1
9 384 3
11 384 1
12 384 2
13 384 3
14 384 2
17 384 1
18 384 3
22 384 3
28 384 1
33 384 3
36 384 3
40 384 2
42 384 3
52 384 2
54 384 2
58 384 2
59 384 2
60 384 1
70 384 2
74 384 2
77 384 1
80 384 3
81 384 1
83 384 3
95 384 2
98 384 3
103 384 3
107 384 3
113 384 2
116 384 2
117 384 3
119 384 3
122 384 1
125 384 1
126 384 1
128 384 1
131 384 3
142 384 2
143 384 2
146 384 2
148 384 3
156 384 2
157 384 1
160 384 3
161 384 1
163 384 2
172 384 2
173 384 1
176 384 3
187 384 3
190 384 1
192 384 1
193 384 3
199 384 1
201 384 3
204 384 3
208 384 3
210 384 3
215 384 3
216 384 1
217 384 3
222 384 3
223 384 1
224 384 2
226 384 1
227 384 1
228 384 1
234 384 2
237 384 3
238 384 3
241 384 2
243 384 2
244 384 1
248 384 2
252 384 1
253 384 2
256 384 3
259 384 2
260 384 3
263 384 1
268 384 1
271 384 2
274 384 1
275 384 3
280 384 2
283 384 3
288 384 1
289 384 2
293 384 3
299 384 1
302 384 1
304 384 1
305 384 3
309 384 1
312 384 2
314 384 3
317 384 3
323 384 1
325 384 3
327 384 3
328 384 1
331 384 3
336 384 1
337 384 1
339 384 3
342 384 2
343 384 2
344 384 3
349 384 2
357 384 1
359 384 1
362 384 3
363 384 3
364 384 2
366 384 2
367 384 1
370 384 3
371 384 3
373 384 3
377 384 2
385 384 2
391 384 1
395 384 1
397 384 3
399 384 2
401 384 3
414 384 2
420 384 3
424 384 2
428 384 2
430 384 1
432 384 1
433 384 1
436 384 3
437 384 3
440 384 1
444 384 1
446 384 1
448 384 1
451 384 2
455 384 1
458 384 1
460 384 1
464 384 3
466 384 2
467 384 2
468 384 1
472 384 1
475 384 3
477 384 2
478 384 1
479 384 3
481 384 3
485 384 2
492 384 2
496 384 1
499 384 3
500 384 1
501 384 1
505 384 3
507 384 3
509 384 1
515 384 3
518 384 1
519 384 2
520 384 3
521 384 3
523 384 2
525 384 1
534 384 3
540 384 2
543 384 3
544 384 3
546 384 2
549 384 3
550 384 2
