485 654 1
487 654 2
490 654 2
492 654 1
493 654 2
494 654 2
498 654 2
502 654 2
503 654 2
516 654 1
517 654 2
518 654 1
519 654 2
531 654 3
532 654 2
535 654 2
537 654 2
539 654 3
544 654 3
547 654 3
551 654 3
553 654 2
556 654 2
561 654 1
563 654 3
574 654 2
578 654 2
579 654 2
580 654 2
581 654 3
584 654 2
586 654 1
588 654 2
593 654 3
595 654 1
596 654 1
598 654 3
603 654 1
607 654 3
615 654 1
616 654 2
617 654 1
623 654 2
625 654 3
626 654 3
629 654 1
635 654 3
636 654 1
639 654 2
645 654 3
647 654 2
650 654 1
653 654 1
654 654 3
664 654 1
668 654 2
674 654 3
679 654 3
681 654 3
688 654 1
689 654 1
692 654 1
695 654 3
697 654 3
701 654 2
702 654 2
705 654 3
706 654 3
708 654 1
711 654 3
713 654 1
714 654 2
716 654 3
720 654 3
726 654 2
730 654 1
734 654 2
736 654 3
739 654 1
740 654 2
741 654 2
743 654 2
752 654 2
755 654 2
756 654 3
757 654 1
761 654 2
765 654 3
767 654 2
768 654 2
775 654 3
777 654 3
778 654 3
779 654 3
780 654 1
781 654 1
783 654 1
785 654 3
786 654 1
788 654 1
789 654 3
795 654 2
796 654 3
798 654 2
803 654 2
804 654 1
806 654 1
808 654 2
809 654 1
813 654 3
815 654 3
820 654 1
821 654 2
822 654 1
823 654 1
826 654 2
828 654 2
833 654 3
836 654 3
837 654 3
841 654 2
844 654 1
862 654 3
868 654 1
872 654 1
873 654 2
874 654 3
875 654 1
877 654 2
890 654 1
892 654 1
898 654 2
905 654 3
908 654 3
909 654 2
914 654 2
918 654 2
923 654 3
925 654 3
927 654 2
929 654 3
934 654 2
938 654 3
943 654 3
947 654 3
950 654 2
953 654 1
955 654 2
959 654 1
962 654 3
966 654 3
968 654 3
970 654 3
973 654 3
974 654 1
980 654 3
981 654 2
982 654 2
983 654 2
987 654 3
989 654 1
991 654 3
997 654 1
1 655 1
2 655 1
3 655 3
6 655 2
8 655 2
9 655 1
10 655 3
11 655 1
15 655 2
20 655 1
22 655 2
27 655 1
28 655 1
34 655 1
35 655 1
39 655 3
40 655 1
43 655 3
49 655 2
50 655 1
56 655 1
61 655 3
62 655 3
82 655 2
83 655 1
85 655 2
91 655 2
95 655 3
96 655 2
97 655 2
103 655 1
111 655 3
112 655 3
115 655 2
116 655 2
119 655 2
125 655 1
130 655 2
131 655 1
133 655 2
135 655 1
138 655 1
140 655 2
141 655 1
144 655 2
146 655 2
149 655 2
153 655 1
158 655 1
160 655 1
162 655 2
163 655 3
167 655 2
172 655 3
175 655 2
186 655 1
188 655 1
190 655 1
191 655 3
192 655 2
193 655 1
196 655 3
197 655 1
200 655 3
206 655 2
207 655 3
209 655 3
211 655 1
215 655 3
218 655 2
220 655 2
222 655 1
223 655 3
228 655 3
233 655 2
236 655 1
238 655 1
242 655 2
247 655 3
256 655 1
264 655 3
265 655 3
267 655 3
272 655 2
273 655 3
277 655 3
278 655 3
279 655 3
280 655 2
281 655 3
286 655 2
289 655 3
291 655 2
293 655 3
294 655 1
298 655 3
300 655 3
301 655 2
302 655 2
304 655 3
306 655 3
310 655 1
311 655 1
312 655 1
316 655 3
325 655 1
327 655 3
330 655 3
331 655 3
332 655 1
334 655 1
337 655 3
340 655 3
342 655 3
344 655 2
345 655 1
347 655 3
349 655 3
360 655 3
362 655 2
372 655 2
376 655 2
383 655 2
387 655 1
393 655 3
399 655 2
405 655 2
406 655 3
407 655 3
408 655 1
409 655 3
414 655 1
417 655 1
419 655 1
423 655 3
424 655 2
427 655 1
429 655 3
432 655 2
433 655 2
434 655 1
436 655 2
438 655 1
448 655 1
449 655 2
450 655 2
452 655 3
453 655 2
457 655 1
458 655 2
459 655 1
460 655 2
469 655 2
472 655 2
475 655 2
479 655 3
481 655 3
482 655 3
483 655 1
485 655 1
491 655 3
493 655 3
495 655 3
502 655 1
506 655 1
508 655 3
514 655 2
515 655 2
516 655 2
521 655 3
529 655 3
535 655 1
536 655 1
537 655 3
540 655 3
541 655 2
542 655 2
543 655 1
545 655 2
546 655 1
549 655 2
550 655 2
555 655 2
558 655 2
563 655 3
566 655 3
569 655 2
571 655 3
575 655 3
580 655 3
582 655 1
583 655 3
584 655 3
588 655 1
589 655 3
591 655 3
592 655 3
593 655 2
595 655 3
596 655 2
605 655 3
606 655 1
615 655 2
618 655 1
621 655 3
622 655 1
626 655 3
627 655 2
630 655 3
633 655 2
634 655 3
636 655 1
637 655 3
638 655 3
645 655 3
648 655 1
649 655 2
650 655 3
651 655 1
656 655 3
661 655 3
662 655 3
663 655 3
670 655 1
671 655 2
673 655 2
678 655 1
685 655 2
687 655 1
688 655 1
692 655 2
693 655 3
696 655 2
702 655 3
703 655 2
707 655 1
714 655 1
716 655 3
717 655 1
720 655 2
722 655 1
723 655 2
726 655 3
727 655 1
728 655 2
734 655 2
737 655 2
741 655 3
744 655 3
748 655 3
749 655 2
751 655 1
753 655 3
754 655 1
758 655 1
759 655 2
770 655 3
777 655 3
782 655 3
783 655 1
787 655 1
789 655 2
797 655 2
799 655 3
800 655 2
801 655 2
803 655 3
806 655 1
807 655 2
811 655 3
812 655 2
816 655 2
820 655 2
823 655 3
829 655 2
831 655 1
840 655 2
845 655 3
853 655 2
857 655 3
859 655 1
860 655 1
862 655 1
873 655 1
877 655 3
879 655 1
896 655 1
897 655 3
900 655 1
901 655 2
903 655 3
904 655 3
910 655 1
911 655 1
912 655 1
913 655 1
914 655 2
919 655 3
920 655 3
923 655 2
930 655 3
932 655 2
935 655 2
939 655 1
941 655 1
945 655 2
952 655 1
955 655 1
957 655 3
962 655 2
966 655 2
969 655 3
973 655 1
974 655 3
976 655 1
980 655 3
981 655 2
985 655 1
988 655 3
992 655 1
993 655 2
994 655 2
995 655 1
996 655 2
998 655 3
0 656 1
1 656 2
5 656 1
8 656 3
10 656 1
12 656 2
14 656 2
15 656 1
16 656 2
19 656 2
24 656 2
25 656 3
30 656 3
34 656 3
35 656 3
37 656 1
38 656 1
39 656 2
40 656 3
46 656 2
50 656 2
55 656 1
56 656 1
57 656 2
60 656 1
66 656 2
67 656 1
68 656 2
75 656 1
76 656 3
78 656 3
81 656 2
82 656 2
83 656 2
85 656 3
92 656 1
97 656 1
112 656 2
117 656 2
119 656 1
123 656 2
124 656 1
125 656 1
127 656 1
128 656 1
130 656 1
133 656 2
134 656 2
140 656 3
153 656 2
154 656 3
155 656 1
156 656 1
161 656 3
167 656 3
170 656 2
171 656 2
172 656 3
179 656 1
182 656 3
185 656 1
187 656 3
188 656 3
195 656 3
201 656 1
202 656 3
205 656 2
209 656 3
211 656 3
212 656 2
221 656 2
222 656 1
223 656 1
225 656 2
227 656 1
230 656 1
232 656 2
233 656 1
241 656 1
243 656 1
245 656 1
249 656 1
250 656 1
256 656 2
257 656 2
258 656 3
260 656 1
262 656 2
264 656 2
266 656 2
271 656 3
272 656 1
276 656 3
278 656 3
279 656 1
297 656 1
304 656 2
306 656 3
307 656 2
308 656 2
315 656 2
319 656 3
321 656 1
324 656 2
329 656 2
330 656 1
334 656 2
337 656 2
338 656 2
343 656 3
345 656 3
347 656 3
350 656 3
351 656 1
355 656 1
357 656 2
358 656 2
362 656 3
366 656 1
367 656 2
370 656 3
371 656 2
373 656 1
374 656 3
380 656 1
384 656 3
387 656 1
389 656 3
390 656 3
396 656 1
398 656 1
399 656 3
407 656 3
410 656 2
411 656 3
415 656 2
418 656 1
421 656 2
425 656 2
427 656 3
428 656 2
431 656 1
434 656 2
442 656 3
443 656 2
446 656 2
449 656 3
450 656 3
452 656 1
454 656 2
456 656 3
464 656 2
481 656 3
484 656 3
485 656 1
488 656 1
489 656 3
492 656 3
493 656 1
494 656 1
495 656 3
496 656 2
500 656 3
506 656 1
507 656 2
508 656 3
510 656 3
511 656 1
515 656 2
516 656 2
517 656 1
518 656 1
522 656 3
524 656 1
533 656 2
535 656 2
536 656 2
537 656 1
