756 582 1
762 582 2
763 582 3
766 582 3
767 582 2
768 582 1
770 582 3
774 582 3
775 582 1
777 582 3
781 582 2
783 582 3
789 582 3
790 582 3
791 582 2
794 582 1
795 582 2
797 582 2
803 582 1
804 582 2
811 582 1
813 582 3
818 582 1
819 582 2
820 582 2
821 582 3
822 582 3
823 582 3
825 582 2
829 582 1
832 582 3
833 582 1
834 582 3
835 582 3
836 582 2
837 582 1
844 582 1
847 582 2
848 582 1
850 582 3
856 582 2
859 582 2
860 582 2
861 582 1
862 582 2
863 582 2
866 582 1
869 582 2
877 582 2
882 582 1
887 582 1
890 582 1
891 582 3
894 582 3
896 582 1
897 582 2
900 582 3
901 582 3
904 582 1
905 582 1
906 582 2
908 582 1
910 582 1
914 582 1
915 582 1
922 582 3
930 582 3
931 582 2
934 582 1
937 582 2
943 582 3
944 582 1
945 582 3
946 582 3
948 582 1
958 582 1
961 582 1
967 582 2
970 582 3
974 582 1
977 582 1
979 582 2
981 582 2
982 582 2
983 582 1
987 582 1
1 583 3
3 583 3
7 583 2
9 583 1
14 583 1
16 583 3
25 583 3
28 583 3
30 583 3
35 583 3
36 583 1
40 583 1
42 583 2
47 583 3
54 583 1
55 583 1
59 583 3
61 583 2
62 583 3
63 583 2
64 583 2
65 583 1
66 583 3
76 583 2
77 583 2
78 583 2
81 583 2
82 583 3
83 583 3
84 583 3
87 583 3
88 583 3
90 583 1
91 583 3
95 583 1
99 583 2
102 583 3
105 583 3
106 583 2
107 583 3
111 583 3
112 583 1
124 583 3
130 583 3
131 583 1
133 583 1
140 583 1
147 583 2
150 583 3
151 583 2
154 583 1
155 583 2
157 583 1
158 583 2
165 583 2
169 583 3
170 583 2
172 583 3
181 583 3
182 583 2
186 583 3
188 583 3
190 583 1
194 583 1
197 583 2
200 583 1
221 583 1
222 583 3
223 583 2
226 583 1
227 583 3
230 583 1
231 583 3
232 583 3
234 583 2
239 583 1
240 583 1
252 583 1
257 583 3
258 583 2
259 583 3
261 583 2
271 583 2
272 583 2
276 583 2
281 583 2
282 583 3
283 583 1
285 583 3
287 583 1
291 583 1
294 583 3
296 583 3
298 583 1
300 583 1
305 583 1
306 583 2
307 583 3
308 583 1
313 583 3
314 583 2
330 583 3
331 583 1
340 583 2
342 583 1
345 583 1
346 583 2
350 583 1
351 583 3
352 583 3
353 583 2
356 583 1
357 583 1
363 583 1
365 583 2
377 583 2
387 583 2
388 583 3
389 583 2
395 583 2
396 583 1
401 583 2
405 583 3
420 583 1
425 583 1
429 583 3
432 583 2
436 583 3
437 583 1
441 583 1
444 583 1
447 583 3
450 583 2
452 583 1
456 583 3
457 583 1
458 583 2
459 583 2
463 583 1
468 583 3
474 583 2
478 583 1
487 583 2
488 583 3
489 583 1
490 583 3
494 583 2
501 583 3
502 583 2
503 583 2
506 583 1
508 583 1
517 583 1
518 583 3
519 583 3
522 583 2
526 583 3
528 583 1
534 583 2
536 583 2
538 583 1
541 583 1
542 583 3
544 583 1
546 583 2
548 583 3
549 583 3
554 583 3
559 583 3
561 583 1
562 583 3
567 583 3
568 583 3
572 583 1
575 583 3
576 583 2
581 583 1
584 583 2
586 583 1
590 583 1
592 583 3
593 583 3
594 583 1
596 583 1
598 583 3
600 583 2
601 583 1
602 583 3
605 583 2
610 583 2
612 583 2
613 583 2
615 583 1
620 583 1
627 583 1
631 583 3
633 583 3
634 583 1
638 583 1
643 583 1
644 583 1
649 583 3
652 583 3
655 583 3
658 583 1
674 583 2
676 583 3
677 583 1
681 583 3
683 583 1
690 583 1
692 583 3
695 583 2
696 583 1
700 583 3
701 583 3
702 583 3
706 583 1
707 583 3
708 583 3
712 583 3
717 583 1
719 583 1
720 583 2
724 583 3
725 583 2
728 583 1
729 583 1
730 583 2
736 583 3
738 583 1
739 583 1
740 583 1
741 583 1
743 583 1
745 583 1
747 583 3
749 583 1
755 583 3
756 583 3
759 583 1
760 583 2
763 583 1
765 583 1
767 583 2
769 583 2
770 583 1
781 583 2
786 583 1
787 583 3
788 583 2
789 583 2
795 583 1
800 583 3
802 583 1
803 583 1
806 583 3
812 583 2
814 583 1
816 583 2
817 583 2
821 583 3
826 583 2
830 583 1
832 583 1
833 583 2
834 583 1
840 583 3
843 583 3
846 583 3
847 583 2
848 583 1
852 583 3
857 583 3
860 583 2
864 583 2
867 583 2
868 583 2
872 583 2
874 583 2
875 583 1
876 583 2
881 583 1
882 583 1
883 583 1
885 583 3
890 583 1
893 583 2
894 583 2
899 583 2
903 583 1
904 583 3
911 583 2
923 583 3
926 583 1
929 583 3
930 583 2
932 583 1
935 583 1
937 583 1
939 583 1
940 583 3
942 583 2
944 583 3
945 583 2
948 583 1
954 583 1
971 583 3
976 583 2
980 583 3
981 583 3
983 583 2
985 583 2
986 583 2
988 583 1
993 583 3
996 583 1
1 584 1
5 584 3
7 584 1
14 584 1
15 584 1
18 584 3
21 584 3
23 584 3
24 584 3
28 584 3
29 584 1
31 584 3
35 584 1
37 584 1
40 584 3
42 584 3
44 584 1
46 584 3
47 584 1
48 584 3
52 584 1
53 584 3
56 584 3
59 584 3
62 584 3
65 584 1
66 584 3
67 584 2
73 584 2
74 584 3
75 584 2
81 584 3
83 584 3
85 584 1
86 584 3
91 584 1
97 584 1
100 584 1
101 584 3
102 584 1
107 584 3
109 584 3
110 584 1
115 584 2
119 584 3
123 584 3
126 584 3
127 584 2
132 584 2
133 584 2
135 584 1
136 584 1
142 584 3
147 584 2
152 584 1
161 584 3
163 584 3
167 584 1
169 584 1
170 584 1
175 584 3
178 584 1
185 584 3
188 584 1
192 584 3
194 584 1
198 584 3
202 584 1
206 584 2
210 584 1
215 584 1
217 584 1
221 584 3
223 584 3
226 584 2
229 584 1
231 584 2
233 584 2
238 584 3
239 584 3
244 584 3
246 584 2
251 584 3
254 584 1
255 584 3
267 584 2
276 584 1
287 584 1
289 584 3
298 584 1
299 584 2
300 584 2
301 584 1
304 584 2
305 584 1
306 584 1
309 584 3
313 584 2
315 584 2
316 584 2
317 584 2
318 584 2
320 584 3
326 584 2
327 584 3
332 584 1
336 584 3
338 584 1
342 584 2
346 584 2
347 584 3
350 584 3
354 584 3
357 584 2
358 584 3
360 584 3
362 584 1
364 584 1
366 584 1
367 584 1
368 584 1
369 584 3
370 584 3
378 584 2
379 584 1
381 584 2
382 584 1
387 584 1
388 584 3
390 584 1
391 584 3
394 584 2
395 584 1
399 584 3
409 584 2
416 584 3
421 584 1
423 584 2
429 584 2
431 584 3
434 584 2
438 584 1
442 584 1
443 584 3
444 584 1
445 584 1
446 584 2
450 584 2
452 584 3
454 584 3
458 584 3
462 584 1
465 584 3
468 584 2
471 584 3
472 584 1
473 584 2
476 584 1
478 584 2
481 584 1
483 584 1
486 584 2
488 584 2
490 584 2
492 584 2
493 584 1
495 584 3
497 584 3
499 584 2
508 584 2
514 584 1
519 584 2
523 584 1
528 584 3
532 584 3
533 584 3
536 584 3
537 584 1
541 584 1
543 584 1
544 584 2
547 584 1
550 584 1
552 584 2
553 584 3
564 584 3
567 584 3
570 584 1
574 584 1
578 584 2
581 584 1
582 584 2
584 584 3
586 584 3
587 584 2
589 584 1
591 584 2
592 584 2
593 584 1
594 584 1
595 584 3
600 584 3
603 584 3
604 584 3
606 584 1
610 584 2
612 584 2
617 584 3
623 584 3
627 584 1
628 584 2
629 584 2
632 584 2
636 584 3
643 584 3
647 584 1
650 584 2
651 584 3
653 584 2
655 584 2
656 584 3
658 584 1
660 584 2
661 584 3
662 584 1
665 584 2
668 584 3
670 584 2
673 584 2
674 584 2
675 584 1
676 584 2
680 584 2
681 584 3
684 584 1
685 584 1
686 584 1
689 584 3
691 584 3
696 584 2
697 584 3
699 584 3
700 584 2
701 584 1
702 584 2
705 584 3
706 584 1
707 584 1
710 584 3
714 584 1
721 584 2
722 584 2
724 584 2
730 584 1
734 584 3
737 584 2
741 584 1
742 584 1
744 584 1
745 584 3
748 584 1
751 584 3
754 584 3
