484 622 3
485 622 2
486 622 3
489 622 3
492 622 2
499 622 1
501 622 3
503 622 1
504 622 3
507 622 1
513 622 1
514 622 3
516 622 2
518 622 1
522 622 1
536 622 2
539 622 3
542 622 2
544 622 3
548 622 2
549 622 3
551 622 2
553 622 3
555 622 3
556 622 2
557 622 3
558 622 3
560 622 3
562 622 3
565 622 2
571 622 2
576 622 1
581 622 2
582 622 1
587 622 2
590 622 2
592 622 3
596 622 3
600 622 3
602 622 2
603 622 2
604 622 2
616 622 1
623 622 3
624 622 1
625 622 2
626 622 2
630 622 1
631 622 3
632 622 3
633 622 3
636 622 1
638 622 3
642 622 3
644 622 1
645 622 2
649 622 2
650 622 1
651 622 3
655 622 3
656 622 1
660 622 3
661 622 1
664 622 1
667 622 1
668 622 3
669 622 2
670 622 2
672 622 2
673 622 2
675 622 1
677 622 3
680 622 3
681 622 3
682 622 2
687 622 3
688 622 1
693 622 3
700 622 1
701 622 3
702 622 2
706 622 3
707 622 1
712 622 1
718 622 2
721 622 1
722 622 1
723 622 1
726 622 2
727 622 3
728 622 3
730 622 2
733 622 3
735 622 1
740 622 2
748 622 3
759 622 2
764 622 1
777 622 2
779 622 3
782 622 2
789 622 3
795 622 1
798 622 2
803 622 1
804 622 3
808 622 3
809 622 3
810 622 1
812 622 3
813 622 2
816 622 2
819 622 2
822 622 3
826 622 3
828 622 2
830 622 1
834 622 3
840 622 1
845 622 1
852 622 2
856 622 2
858 622 3
860 622 1
861 622 1
863 622 1
864 622 2
865 622 1
869 622 2
870 622 1
876 622 1
877 622 2
878 622 1
882 622 1
883 622 2
887 622 1
888 622 2
892 622 3
895 622 3
896 622 2
897 622 2
898 622 3
899 622 1
901 622 2
903 622 3
904 622 2
905 622 2
907 622 2
908 622 1
910 622 3
912 622 3
916 622 1
917 622 1
920 622 3
922 622 2
926 622 3
929 622 3
933 622 3
934 622 3
935 622 3
938 622 3
939 622 1
940 622 2
941 622 2
943 622 2
945 622 1
946 622 2
947 622 3
950 622 2
951 622 3
955 622 1
957 622 1
958 622 2
960 622 3
961 622 1
965 622 1
966 622 3
969 622 3
978 622 2
980 622 1
981 622 1
988 622 2
992 622 1
995 622 3
996 622 2
999 622 2
0 623 3
8 623 2
11 623 2
15 623 1
16 623 1
17 623 1
25 623 1
26 623 1
27 623 3
31 623 1
32 623 3
40 623 3
41 623 1
42 623 3
51 623 1
56 623 1
57 623 3
61 623 2
63 623 2
68 623 2
71 623 3
72 623 2
73 623 1
77 623 1
82 623 2
86 623 1
88 623 2
93 623 2
96 623 1
99 623 3
102 623 3
110 623 2
112 623 2
113 623 2
116 623 3
129 623 3
132 623 1
138 623 1
140 623 2
141 623 1
142 623 3
144 623 2
145 623 2
148 623 1
155 623 3
156 623 3
161 623 1
162 623 2
163 623 3
167 623 3
173 623 2
177 623 3
180 623 3
184 623 1
186 623 3
187 623 3
190 623 2
196 623 2
198 623 3
199 623 2
201 623 2
202 623 3
205 623 1
206 623 1
208 623 1
209 623 3
211 623 3
215 623 2
218 623 3
220 623 1
221 623 3
226 623 3
229 623 2
230 623 1
231 623 1
232 623 2
234 623 1
235 623 2
236 623 2
238 623 3
240 623 2
241 623 2
245 623 2
247 623 3
249 623 3
250 623 3
251 623 2
252 623 1
253 623 2
254 623 3
257 623 3
258 623 1
260 623 1
266 623 3
272 623 2
274 623 1
276 623 2
284 623 3
287 623 3
289 623 2
292 623 1
294 623 2
306 623 1
308 623 2
314 623 2
315 623 1
321 623 2
325 623 1
328 623 1
331 623 1
333 623 3
335 623 3
340 623 1
341 623 1
345 623 1
347 623 3
352 623 1
353 623 1
354 623 1
356 623 2
364 623 2
369 623 2
374 623 3
376 623 3
377 623 1
381 623 3
383 623 1
386 623 1
391 623 1
392 623 3
396 623 2
401 623 3
405 623 1
407 623 3
409 623 2
410 623 1
412 623 3
413 623 3
417 623 1
419 623 1
422 623 3
426 623 2
429 623 3
432 623 1
447 623 3
451 623 3
455 623 2
456 623 3
461 623 2
462 623 3
467 623 1
468 623 3
469 623 1
474 623 1
476 623 2
481 623 1
482 623 2
485 623 3
487 623 3
488 623 3
489 623 3
493 623 3
495 623 1
497 623 1
502 623 3
507 623 3
515 623 1
516 623 1
520 623 3
521 623 2
522 623 1
523 623 3
526 623 3
527 623 2
528 623 1
529 623 3
534 623 3
536 623 2
537 623 3
543 623 2
546 623 1
547 623 3
548 623 2
552 623 3
554 623 2
557 623 1
561 623 2
562 623 3
566 623 3
570 623 3
573 623 2
577 623 2
580 623 1
588 623 3
589 623 2
593 623 1
594 623 1
595 623 1
597 623 1
601 623 1
606 623 3
608 623 1
609 623 1
610 623 3
611 623 1
616 623 3
619 623 2
621 623 2
622 623 2
623 623 3
624 623 2
627 623 3
629 623 2
630 623 3
633 623 1
637 623 2
641 623 2
643 623 1
644 623 2
646 623 1
647 623 3
651 623 1
656 623 3
659 623 3
660 623 3
661 623 1
663 623 2
664 623 3
670 623 1
673 623 1
675 623 3
678 623 2
684 623 3
686 623 2
687 623 3
689 623 1
690 623 3
692 623 1
695 623 3
702 623 3
703 623 1
704 623 3
705 623 3
711 623 2
714 623 1
715 623 2
716 623 2
720 623 3
724 623 2
725 623 2
731 623 3
733 623 3
735 623 2
739 623 2
747 623 2
749 623 3
752 623 2
754 623 3
756 623 1
759 623 2
761 623 3
763 623 3
765 623 3
769 623 3
770 623 2
772 623 1
774 623 1
783 623 3
784 623 1
785 623 2
786 623 1
791 623 1
794 623 1
795 623 2
797 623 3
804 623 1
807 623 2
813 623 2
814 623 1
815 623 2
817 623 2
818 623 1
821 623 1
822 623 3
824 623 3
829 623 2
833 623 1
835 623 2
839 623 1
840 623 3
847 623 2
849 623 1
850 623 1
851 623 3
858 623 3
860 623 1
864 623 3
866 623 2
869 623 1
871 623 2
874 623 2
875 623 2
876 623 3
878 623 2
881 623 1
883 623 2
885 623 1
886 623 2
887 623 1
890 623 3
891 623 3
893 623 2
895 623 1
897 623 1
900 623 2
901 623 2
903 623 2
906 623 3
911 623 2
919 623 1
923 623 1
924 623 2
928 623 1
934 623 1
935 623 3
937 623 2
938 623 3
940 623 2
941 623 2
945 623 2
947 623 2
951 623 1
959 623 1
962 623 3
964 623 2
971 623 2
972 623 3
974 623 1
979 623 2
980 623 2
982 623 2
983 623 2
985 623 1
994 623 1
995 623 1
997 623 2
998 623 1
999 623 2
3 624 1
15 624 2
16 624 3
17 624 1
19 624 3
28 624 2
30 624 2
34 624 2
35 624 3
36 624 2
37 624 3
38 624 1
39 624 3
40 624 1
47 624 3
49 624 1
53 624 3
54 624 1
60 624 3
61 624 3
67 624 2
68 624 3
70 624 3
73 624 3
83 624 1
85 624 3
86 624 3
87 624 3
88 624 3
89 624 1
91 624 3
93 624 3
96 624 2
98 624 2
99 624 1
101 624 1
102 624 3
103 624 3
107 624 1
109 624 1
110 624 3
114 624 2
119 624 1
121 624 2
122 624 1
124 624 1
125 624 2
129 624 1
134 624 3
137 624 3
139 624 3
141 624 2
148 624 1
155 624 1
157 624 2
158 624 1
160 624 1
162 624 3
163 624 3
164 624 2
169 624 1
173 624 3
179 624 1
180 624 1
181 624 3
183 624 1
184 624 2
185 624 1
186 624 3
188 624 1
196 624 2
197 624 1
199 624 2
205 624 3
207 624 3
224 624 1
238 624 3
243 624 3
244 624 1
246 624 2
249 624 1
250 624 3
252 624 2
263 624 2
264 624 3
266 624 1
269 624 2
274 624 1
283 624 3
286 624 2
289 624 2
291 624 3
292 624 3
299 624 3
301 624 2
302 624 3
304 624 1
306 624 1
307 624 2
308 624 2
309 624 3
310 624 1
311 624 2
313 624 1
314 624 1
322 624 1
325 624 3
326 624 2
327 624 1
330 624 2
335 624 3
340 624 3
347 624 3
351 624 3
352 624 2
358 624 2
364 624 1
368 624 1
369 624 2
372 624 2
375 624 1
379 624 1
381 624 3
386 624 3
387 624 3
390 624 3
391 624 1
395 624 2
397 624 2
400 624 1
401 624 3
406 624 3
