759 584 2
762 584 1
766 584 2
770 584 3
776 584 2
779 584 2
784 584 3
790 584 2
792 584 3
801 584 1
804 584 3
805 584 3
808 584 1
809 584 1
812 584 1
815 584 3
821 584 2
825 584 2
826 584 1
827 584 1
837 584 1
838 584 3
839 584 3
844 584 3
845 584 3
853 584 2
854 584 1
860 584 1
865 584 2
866 584 1
867 584 2
868 584 2
871 584 2
873 584 1
874 584 2
876 584 2
878 584 3
880 584 3
881 584 2
886 584 1
895 584 1
900 584 3
903 584 3
905 584 1
906 584 3
909 584 3
911 584 2
916 584 2
919 584 1
928 584 2
934 584 3
935 584 3
936 584 3
937 584 3
938 584 2
945 584 3
949 584 2
951 584 2
953 584 1
954 584 2
955 584 3
958 584 1
961 584 2
966 584 1
970 584 2
971 584 3
984 584 3
986 584 1
989 584 2
993 584 2
994 584 3
997 584 3
999 584 3
0 585 2
1 585 1
4 585 1
5 585 2
6 585 2
7 585 1
8 585 1
11 585 1
12 585 3
15 585 1
16 585 2
17 585 3
21 585 1
22 585 1
26 585 3
28 585 1
29 585 2
30 585 1
33 585 3
39 585 1
40 585 2
43 585 2
45 585 2
46 585 2
47 585 2
51 585 2
55 585 1
57 585 3
68 585 3
70 585 1
71 585 3
73 585 3
74 585 3
75 585 1
83 585 1
84 585 3
91 585 3
92 585 3
96 585 1
97 585 3
98 585 2
99 585 1
101 585 1
102 585 3
103 585 2
107 585 3
113 585 3
115 585 1
120 585 1
121 585 3
122 585 2
125 585 3
126 585 1
130 585 1
138 585 2
141 585 1
146 585 1
147 585 2
148 585 1
154 585 1
157 585 2
158 585 2
163 585 1
164 585 1
166 585 1
167 585 3
170 585 2
175 585 3
177 585 2
179 585 1
182 585 3
184 585 1
185 585 3
187 585 2
189 585 1
193 585 2
202 585 1
206 585 3
209 585 3
213 585 1
214 585 3
219 585 2
220 585 3
221 585 1
222 585 1
225 585 2
227 585 1
228 585 2
231 585 3
236 585 1
237 585 3
238 585 3
245 585 3
249 585 2
252 585 1
253 585 3
254 585 1
259 585 3
266 585 3
268 585 2
269 585 2
270 585 3
272 585 2
275 585 2
278 585 1
279 585 3
280 585 2
285 585 2
290 585 1
292 585 2
295 585 1
298 585 2
300 585 1
308 585 3
312 585 2
316 585 2
318 585 1
323 585 2
329 585 1
330 585 3
332 585 2
334 585 2
335 585 3
340 585 2
342 585 2
343 585 2
344 585 3
347 585 1
350 585 1
353 585 2
359 585 3
368 585 1
370 585 3
380 585 3
390 585 2
394 585 2
397 585 1
399 585 3
406 585 3
414 585 2
416 585 3
418 585 1
436 585 3
443 585 3
444 585 1
446 585 1
447 585 3
448 585 2
453 585 3
455 585 3
457 585 2
458 585 2
459 585 1
463 585 2
469 585 3
470 585 1
472 585 2
473 585 2
475 585 2
476 585 2
477 585 1
478 585 3
479 585 1
482 585 2
487 585 1
488 585 3
489 585 1
490 585 3
492 585 1
495 585 3
497 585 3
498 585 2
500 585 1
503 585 3
509 585 1
511 585 1
512 585 3
514 585 2
517 585 2
518 585 1
520 585 2
521 585 3
523 585 1
527 585 3
528 585 1
529 585 3
531 585 1
535 585 2
541 585 3
542 585 2
544 585 1
546 585 3
548 585 3
555 585 3
557 585 2
558 585 1
561 585 1
564 585 1
566 585 3
568 585 1
578 585 1
579 585 3
581 585 1
586 585 1
594 585 2
597 585 3
605 585 1
606 585 2
608 585 1
610 585 2
614 585 3
619 585 3
624 585 1
632 585 1
634 585 3
635 585 1
637 585 1
638 585 2
643 585 1
647 585 2
648 585 3
654 585 1
656 585 3
658 585 3
660 585 1
662 585 3
665 585 1
666 585 3
669 585 1
677 585 2
688 585 1
697 585 2
702 585 3
704 585 3
707 585 1
714 585 1
719 585 3
720 585 3
723 585 1
730 585 2
731 585 2
733 585 1
735 585 2
738 585 1
746 585 3
749 585 1
752 585 1
756 585 2
758 585 3
759 585 1
761 585 3
767 585 3
770 585 1
777 585 1
778 585 1
781 585 2
784 585 2
785 585 1
786 585 1
789 585 2
791 585 2
792 585 3
794 585 3
795 585 1
801 585 1
802 585 1
803 585 1
808 585 1
818 585 3
820 585 3
821 585 2
823 585 1
824 585 2
825 585 1
826 585 1
828 585 2
831 585 1
833 585 3
834 585 3
836 585 1
838 585 3
839 585 2
845 585 2
847 585 1
850 585 1
852 585 1
856 585 1
861 585 2
866 585 2
870 585 3
874 585 2
875 585 2
876 585 3
877 585 3
882 585 3
883 585 3
890 585 3
891 585 1
892 585 1
896 585 1
898 585 1
901 585 1
904 585 2
905 585 3
907 585 3
913 585 3
916 585 3
925 585 2
928 585 1
931 585 3
932 585 3
933 585 2
935 585 2
936 585 1
938 585 3
939 585 2
945 585 1
947 585 2
952 585 3
953 585 3
958 585 1
959 585 1
961 585 2
962 585 2
966 585 3
968 585 2
970 585 1
973 585 1
974 585 2
976 585 1
979 585 1
984 585 2
987 585 3
990 585 2
991 585 3
992 585 3
993 585 1
994 585 2
995 585 2
999 585 3
2 586 2
8 586 2
11 586 3
14 586 3
17 586 2
18 586 2
21 586 1
22 586 1
26 586 2
29 586 3
30 586 1
35 586 3
40 586 1
42 586 3
44 586 2
46 586 3
49 586 3
52 586 2
54 586 2
56 586 2
57 586 1
58 586 2
66 586 3
68 586 1
69 586 3
71 586 1
76 586 2
80 586 2
88 586 1
89 586 1
90 586 1
91 586 2
97 586 3
102 586 3
103 586 3
105 586 3
115 586 2
120 586 1
124 586 2
127 586 2
136 586 2
141 586 2
142 586 2
143 586 2
147 586 3
149 586 3
150 586 1
151 586 3
154 586 2
155 586 1
159 586 3
161 586 2
165 586 1
168 586 3
169 586 2
172 586 1
173 586 2
175 586 2
178 586 2
180 586 1
185 586 2
186 586 2
187 586 1
191 586 3
193 586 3
196 586 3
198 586 2
200 586 2
202 586 1
203 586 3
205 586 2
208 586 2
210 586 1
213 586 1
215 586 2
218 586 1
223 586 3
224 586 3
225 586 2
226 586 1
233 586 2
234 586 3
235 586 2
236 586 3
238 586 1
239 586 3
240 586 3
247 586 1
248 586 3
249 586 1
253 586 3
255 586 1
260 586 2
262 586 3
268 586 3
270 586 3
273 586 1
276 586 1
279 586 2
286 586 1
288 586 3
290 586 3
295 586 3
296 586 1
301 586 3
302 586 3
312 586 2
313 586 2
314 586 1
315 586 2
320 586 1
323 586 2
324 586 3
325 586 3
326 586 1
336 586 3
338 586 3
340 586 2
342 586 1
351 586 3
356 586 1
357 586 1
369 586 1
371 586 1
372 586 1
373 586 1
375 586 2
376 586 2
377 586 1
378 586 1
383 586 3
386 586 3
388 586 3
389 586 3
395 586 2
399 586 1
403 586 3
407 586 3
410 586 1
413 586 2
414 586 1
415 586 3
418 586 1
421 586 1
426 586 3
429 586 3
432 586 2
433 586 3
434 586 3
435 586 3
436 586 3
437 586 2
439 586 2
442 586 3
444 586 3
445 586 1
450 586 1
456 586 2
459 586 3
461 586 3
466 586 3
467 586 3
469 586 1
472 586 1
473 586 2
476 586 2
480 586 3
482 586 3
495 586 3
500 586 2
501 586 1
503 586 2
505 586 1
511 586 2
513 586 2
516 586 1
519 586 3
520 586 1
522 586 2
524 586 2
526 586 2
528 586 3
534 586 2
535 586 1
539 586 1
541 586 2
544 586 2
546 586 2
551 586 2
556 586 2
557 586 1
559 586 1
561 586 2
563 586 3
564 586 1
565 586 1
567 586 3
573 586 3
576 586 2
577 586 2
578 586 2
585 586 1
591 586 1
594 586 1
597 586 3
602 586 3
603 586 3
604 586 3
605 586 2
606 586 3
607 586 2
608 586 2
612 586 1
620 586 2
625 586 1
626 586 2
631 586 3
633 586 3
634 586 1
642 586 3
644 586 1
645 586 1
646 586 3
647 586 3
655 586 1
657 586 2
658 586 2
662 586 3
669 586 1
671 586 1
672 586 3
677 586 1
685 586 3
687 586 3
689 586 1
693 586 3
698 586 2
699 586 1
705 586 2
706 586 2
707 586 1
712 586 3
713 586 2
716 586 1
717 586 2
719 586 2
720 586 1
728 586 3
729 586 1
730 586 1
731 586 1
732 586 1
733 586 1
