710 368 1
711 368 2
712 368 2
714 368 2
716 368 3
718 368 3
721 368 3
724 368 3
729 368 1
730 368 1
732 368 3
735 368 2
739 368 3
741 368 3
749 368 3
757 368 1
758 368 3
760 368 2
761 368 3
764 368 1
769 368 3
772 368 2
774 368 2
776 368 1
779 368 2
781 368 2
782 368 3
783 368 3
785 368 1
786 368 1
790 368 3
797 368 2
799 368 2
803 368 3
804 368 3
807 368 3
812 368 2
813 368 3
816 368 1
819 368 3
821 368 3
822 368 3
823 368 3
827 368 1
830 368 2
833 368 2
837 368 1
839 368 3
841 368 2
842 368 1
850 368 1
856 368 2
857 368 1
859 368 2
861 368 1
862 368 3
863 368 1
865 368 1
873 368 2
876 368 2
877 368 1
879 368 1
882 368 2
883 368 2
885 368 2
887 368 3
890 368 2
901 368 2
904 368 3
905 368 1
908 368 1
917 368 2
918 368 1
921 368 3
922 368 2
923 368 1
927 368 3
928 368 1
929 368 2
931 368 3
932 368 2
934 368 1
937 368 2
939 368 1
942 368 2
944 368 1
949 368 2
950 368 1
952 368 2
953 368 3
958 368 3
959 368 3
965 368 1
967 368 2
970 368 3
971 368 3
972 368 1
974 368 2
975 368 3
978 368 2
983 368 3
991 368 3
992 368 3
1 369 2
7 369 3
8 369 3
10 369 1
12 369 2
17 369 3
19 369 1
23 369 2
29 369 3
30 369 1
38 369 2
39 369 1
45 369 1
48 369 1
52 369 2
55 369 3
59 369 3
60 369 2
62 369 1
65 369 2
72 369 1
74 369 1
76 369 2
80 369 2
83 369 3
85 369 1
86 369 1
89 369 1
96 369 2
99 369 3
101 369 3
106 369 2
107 369 1
109 369 1
111 369 2
113 369 2
114 369 2
117 369 2
118 369 3
122 369 1
123 369 1
125 369 3
128 369 2
129 369 1
130 369 3
135 369 2
136 369 2
139 369 3
145 369 1
151 369 1
156 369 2
157 369 2
166 369 1
167 369 2
173 369 3
175 369 2
176 369 2
177 369 2
178 369 1
179 369 1
181 369 1
184 369 1
185 369 1
189 369 2
191 369 3
192 369 1
193 369 1
194 369 3
198 369 1
199 369 2
200 369 3
201 369 2
206 369 2
207 369 1
215 369 2
220 369 3
225 369 3
228 369 1
229 369 2
230 369 2
231 369 3
232 369 2
233 369 2
237 369 2
238 369 1
241 369 2
242 369 3
249 369 2
251 369 1
253 369 1
256 369 3
264 369 3
272 369 2
273 369 3
274 369 3
275 369 3
278 369 2
280 369 2
281 369 3
282 369 2
285 369 3
286 369 3
288 369 3
291 369 2
294 369 2
300 369 2
307 369 2
309 369 1
314 369 2
315 369 1
318 369 3
321 369 1
325 369 1
327 369 2
334 369 2
341 369 1
343 369 1
348 369 3
351 369 1
352 369 3
359 369 1
364 369 3
365 369 1
369 369 3
373 369 2
374 369 2
387 369 1
388 369 3
392 369 3
396 369 1
399 369 1
400 369 2
402 369 1
406 369 3
407 369 2
410 369 3
415 369 2
416 369 3
426 369 3
427 369 3
429 369 2
430 369 1
431 369 3
432 369 1
434 369 3
435 369 3
439 369 3
446 369 3
451 369 1
453 369 2
454 369 3
460 369 3
464 369 3
474 369 3
477 369 2
480 369 3
486 369 2
488 369 3
489 369 1
497 369 1
498 369 3
504 369 2
505 369 3
508 369 3
509 369 1
511 369 2
513 369 1
514 369 3
516 369 1
518 369 1
522 369 3
525 369 3
530 369 3
531 369 1
534 369 2
537 369 2
539 369 1
540 369 2
541 369 2
543 369 2
545 369 2
547 369 1
548 369 3
549 369 1
550 369 1
552 369 2
554 369 1
556 369 1
559 369 3
561 369 1
567 369 2
568 369 3
569 369 3
571 369 3
582 369 3
585 369 1
586 369 2
587 369 2
591 369 1
592 369 3
600 369 2
602 369 1
604 369 3
606 369 2
609 369 2
614 369 3
615 369 1
616 369 3
618 369 3
619 369 1
620 369 2
625 369 1
627 369 2
630 369 2
634 369 2
638 369 3
642 369 1
649 369 3
651 369 3
652 369 3
658 369 2
663 369 2
669 369 1
670 369 2
674 369 2
677 369 1
678 369 1
684 369 2
685 369 3
690 369 2
704 369 3
706 369 3
708 369 2
713 369 1
714 369 2
715 369 3
719 369 1
727 369 2
729 369 3
730 369 3
736 369 1
737 369 2
738 369 2
742 369 3
744 369 2
746 369 2
748 369 3
752 369 1
755 369 3
758 369 1
765 369 3
766 369 2
767 369 1
772 369 1
774 369 2
776 369 2
778 369 3
782 369 2
784 369 3
787 369 3
788 369 1
789 369 3
790 369 2
794 369 2
799 369 3
805 369 3
807 369 1
809 369 3
811 369 3
812 369 2
820 369 2
821 369 2
826 369 3
838 369 2
839 369 1
842 369 2
843 369 2
844 369 3
845 369 3
846 369 2
849 369 3
850 369 3
855 369 2
856 369 1
857 369 2
858 369 1
860 369 3
861 369 3
863 369 2
864 369 2
866 369 3
868 369 3
875 369 1
884 369 1
885 369 1
886 369 1
887 369 3
889 369 3
893 369 1
895 369 1
896 369 3
897 369 1
899 369 1
900 369 1
904 369 2
909 369 3
912 369 1
918 369 2
921 369 3
928 369 3
935 369 3
938 369 1
947 369 1
948 369 2
953 369 2
955 369 2
960 369 1
970 369 1
971 369 2
972 369 3
985 369 2
988 369 2
992 369 1
994 369 1
995 369 1
4 370 2
7 370 3
9 370 2
14 370 2
15 370 1
18 370 2
21 370 3
24 370 3
25 370 2
32 370 2
39 370 3
43 370 3
45 370 3
46 370 3
52 370 3
53 370 2
55 370 2
58 370 1
63 370 2
64 370 1
67 370 1
68 370 1
73 370 1
75 370 2
78 370 1
79 370 1
83 370 1
86 370 2
98 370 2
105 370 2
106 370 2
112 370 2
113 370 1
116 370 3
118 370 3
119 370 3
120 370 3
125 370 3
127 370 3
128 370 3
129 370 2
133 370 2
135 370 3
138 370 1
139 370 1
141 370 1
149 370 1
151 370 1
154 370 1
157 370 1
159 370 3
168 370 2
172 370 1
173 370 2
183 370 1
185 370 1
187 370 3
190 370 1
195 370 3
196 370 3
203 370 3
204 370 2
223 370 2
224 370 3
225 370 1
226 370 1
229 370 2
231 370 3
237 370 1
244 370 2
249 370 1
251 370 2
265 370 2
267 370 3
268 370 2
269 370 1
274 370 1
284 370 2
287 370 3
292 370 3
296 370 3
297 370 1
298 370 2
301 370 2
305 370 1
306 370 2
307 370 1
313 370 3
316 370 1
318 370 3
321 370 1
322 370 2
325 370 2
328 370 3
331 370 3
336 370 2
339 370 2
345 370 1
348 370 2
355 370 3
358 370 1
364 370 3
369 370 3
371 370 2
372 370 1
378 370 3
380 370 2
386 370 2
390 370 3
398 370 2
399 370 3
400 370 2
403 370 2
405 370 1
411 370 3
414 370 2
415 370 3
416 370 3
420 370 1
421 370 3
425 370 2
429 370 1
430 370 2
435 370 1
438 370 1
445 370 3
446 370 1
447 370 3
449 370 2
453 370 1
454 370 1
456 370 1
460 370 3
462 370 3
463 370 3
464 370 3
465 370 3
466 370 2
468 370 3
469 370 2
472 370 1
476 370 1
477 370 2
478 370 2
481 370 3
483 370 2
484 370 2
485 370 2
487 370 1
491 370 1
492 370 3
494 370 2
498 370 1
502 370 2
506 370 1
508 370 3
510 370 2
513 370 3
515 370 1
517 370 3
528 370 3
530 370 2
536 370 3
537 370 2
542 370 3
544 370 2
546 370 2
547 370 3
548 370 1
549 370 3
550 370 3
552 370 1
554 370 3
556 370 3
558 370 2
559 370 3
563 370 1
565 370 2
569 370 2
571 370 2
575 370 1
576 370 1
577 370 1
583 370 2
587 370 3
591 370 3
594 370 3
596 370 3
599 370 1
600 370 2
603 370 1
608 370 3
611 370 1
613 370 1
614 370 2
619 370 1
622 370 1
623 370 2
637 370 1
641 370 3
642 370 1
644 370 3
645 370 2
646 370 1
649 370 1
655 370 2
657 370 1
660 370 2
662 370 1
664 370 2
666 370 1
668 370 1
669 370 1
670 370 1
672 370 3
677 370 1
678 370 2
679 370 3
680 370 3
681 370 3
683 370 3
684 370 2
688 370 3
691 370 2
698 370 3
699 370 2
707 370 1
709 370 3
711 370 3
714 370 2
715 370 2
716 370 3
717 370 2
720 370 3
722 370 3
724 370 2
739 370 1
740 370 2
