745 161 1
746 161 2
747 161 1
749 161 3
750 161 2
751 161 2
752 161 2
754 161 2
757 161 3
760 161 3
762 161 2
764 161 1
765 161 2
770 161 1
771 161 2
775 161 1
779 161 3
782 161 2
785 161 3
786 161 1
787 161 1
788 161 1
790 161 1
795 161 3
798 161 2
807 161 1
821 161 2
824 161 3
826 161 3
828 161 2
832 161 1
835 161 1
837 161 2
838 161 3
841 161 1
849 161 2
853 161 2
854 161 1
861 161 2
863 161 3
871 161 2
873 161 2
876 161 2
879 161 3
881 161 3
882 161 1
884 161 3
889 161 2
890 161 3
895 161 2
897 161 1
899 161 3
900 161 3
901 161 2
902 161 1
906 161 1
907 161 1
908 161 1
912 161 1
913 161 2
919 161 3
924 161 3
927 161 3
929 161 2
931 161 1
935 161 2
936 161 2
943 161 3
945 161 2
947 161 3
950 161 2
954 161 2
955 161 2
956 161 2
957 161 2
962 161 3
963 161 1
965 161 1
968 161 2
971 161 3
973 161 3
978 161 3
979 161 3
982 161 1
983 161 2
985 161 1
987 161 2
988 161 2
991 161 1
992 161 3
993 161 1
994 161 2
996 161 2
1 162 2
3 162 1
6 162 1
7 162 3
12 162 3
14 162 2
17 162 2
20 162 1
22 162 1
24 162 1
26 162 3
27 162 1
29 162 2
30 162 1
34 162 3
37 162 2
40 162 3
41 162 2
42 162 2
44 162 1
49 162 3
50 162 3
55 162 1
58 162 1
59 162 3
60 162 1
62 162 3
63 162 2
64 162 2
66 162 1
67 162 1
69 162 2
75 162 3
76 162 2
81 162 3
87 162 2
91 162 2
92 162 1
93 162 3
95 162 1
97 162 2
99 162 1
110 162 2
111 162 3
112 162 2
115 162 2
117 162 3
121 162 1
124 162 2
125 162 2
126 162 2
127 162 3
128 162 3
129 162 3
131 162 2
136 162 1
146 162 3
148 162 3
151 162 3
152 162 1
156 162 3
157 162 2
163 162 1
164 162 1
165 162 3
171 162 1
174 162 2
176 162 3
178 162 3
179 162 3
183 162 2
185 162 1
186 162 1
187 162 3
191 162 2
192 162 1
193 162 1
194 162 1
198 162 3
201 162 2
206 162 2
207 162 3
209 162 1
212 162 1
216 162 2
219 162 1
221 162 3
223 162 2
224 162 1
227 162 2
230 162 2
232 162 3
235 162 2
236 162 1
237 162 1
239 162 3
241 162 3
242 162 1
243 162 3
246 162 1
249 162 3
250 162 2
257 162 1
258 162 1
260 162 3
265 162 2
268 162 1
275 162 1
277 162 3
280 162 1
283 162 2
284 162 3
288 162 1
291 162 2
292 162 1
300 162 2
303 162 1
307 162 1
308 162 2
311 162 3
312 162 2
313 162 3
315 162 1
320 162 3
321 162 3
329 162 1
330 162 3
334 162 3
335 162 1
339 162 2
341 162 3
344 162 1
345 162 2
349 162 2
350 162 3
353 162 1
356 162 3
362 162 3
368 162 2
369 162 1
377 162 3
390 162 2
392 162 3
402 162 2
407 162 3
409 162 1
413 162 1
414 162 1
415 162 2
416 162 2
423 162 1
427 162 2
430 162 1
431 162 3
433 162 3
435 162 2
438 162 2
439 162 3
443 162 3
451 162 2
454 162 1
457 162 1
459 162 2
461 162 1
463 162 1
466 162 3
470 162 2
471 162 1
472 162 2
473 162 3
478 162 2
479 162 1
484 162 2
489 162 1
496 162 2
504 162 1
507 162 3
511 162 1
512 162 2
514 162 2
515 162 1
516 162 1
519 162 3
522 162 3
524 162 3
525 162 3
535 162 3
537 162 2
539 162 1
540 162 3
542 162 3
551 162 3
553 162 1
566 162 1
571 162 2
572 162 3
576 162 2
579 162 1
580 162 3
586 162 1
587 162 3
591 162 1
593 162 3
598 162 2
599 162 1
601 162 2
602 162 1
604 162 3
608 162 2
610 162 3
616 162 2
617 162 2
618 162 2
622 162 2
625 162 2
629 162 3
631 162 3
636 162 3
640 162 3
643 162 3
644 162 1
645 162 3
648 162 3
650 162 1
651 162 1
652 162 3
654 162 3
655 162 3
660 162 2
666 162 2
670 162 3
673 162 1
680 162 3
682 162 2
685 162 1
691 162 3
692 162 3
693 162 2
696 162 2
699 162 2
700 162 1
705 162 2
707 162 1
708 162 1
715 162 2
720 162 1
722 162 1
723 162 2
725 162 3
729 162 1
730 162 1
731 162 3
733 162 2
736 162 3
738 162 3
740 162 3
741 162 2
743 162 1
744 162 1
745 162 1
749 162 3
750 162 1
753 162 3
754 162 1
756 162 2
758 162 2
759 162 3
764 162 3
766 162 2
767 162 1
771 162 3
772 162 2
775 162 3
776 162 1
777 162 1
778 162 3
779 162 2
781 162 3
786 162 3
794 162 2
797 162 2
800 162 3
808 162 2
809 162 2
811 162 3
813 162 3
816 162 1
817 162 2
820 162 3
828 162 3
832 162 3
836 162 1
838 162 2
841 162 1
842 162 2
844 162 2
845 162 2
846 162 3
849 162 1
851 162 1
854 162 1
867 162 3
868 162 1
869 162 2
872 162 2
875 162 1
879 162 3
880 162 3
894 162 2
898 162 3
899 162 3
901 162 3
905 162 2
907 162 1
911 162 3
913 162 3
916 162 3
918 162 1
921 162 1
925 162 1
928 162 1
929 162 2
933 162 1
939 162 1
941 162 1
942 162 2
946 162 1
947 162 1
955 162 3
956 162 1
958 162 3
961 162 1
963 162 3
965 162 2
972 162 1
973 162 2
977 162 3
981 162 3
982 162 1
989 162 2
993 162 3
996 162 3
0 163 2
4 163 2
6 163 2
7 163 1
12 163 2
15 163 1
18 163 2
23 163 2
26 163 2
27 163 1
28 163 3
29 163 2
34 163 3
35 163 1
38 163 1
39 163 1
43 163 2
44 163 3
46 163 3
50 163 2
52 163 2
54 163 1
55 163 1
56 163 3
60 163 1
62 163 2
64 163 2
74 163 1
75 163 3
79 163 3
83 163 2
84 163 2
87 163 1
92 163 1
93 163 2
97 163 2
99 163 2
100 163 3
103 163 2
104 163 3
105 163 1
106 163 3
107 163 2
119 163 1
121 163 1
126 163 3
127 163 1
128 163 2
129 163 2
130 163 3
133 163 3
139 163 3
145 163 1
148 163 2
149 163 3
162 163 1
163 163 3
165 163 2
166 163 2
169 163 2
181 163 1
183 163 1
186 163 3
187 163 3
188 163 2
193 163 1
195 163 3
196 163 2
199 163 1
200 163 2
205 163 3
206 163 3
209 163 2
210 163 1
213 163 2
214 163 1
218 163 3
219 163 1
222 163 2
224 163 1
225 163 3
226 163 1
227 163 2
234 163 2
235 163 3
237 163 3
239 163 3
240 163 2
246 163 3
247 163 1
248 163 2
252 163 1
256 163 2
257 163 3
262 163 1
263 163 3
265 163 2
266 163 1
269 163 3
271 163 3
272 163 1
275 163 3
288 163 2
290 163 1
294 163 3
297 163 3
299 163 3
305 163 2
306 163 1
310 163 3
314 163 3
318 163 2
322 163 2
324 163 2
332 163 1
335 163 2
340 163 1
341 163 2
345 163 1
348 163 1
353 163 2
354 163 1
358 163 1
359 163 3
361 163 2
371 163 1
372 163 2
378 163 3
379 163 1
383 163 2
384 163 2
387 163 1
388 163 3
390 163 1
401 163 1
402 163 3
407 163 3
410 163 1
411 163 2
425 163 3
426 163 3
430 163 3
431 163 1
434 163 1
441 163 3
449 163 1
452 163 3
460 163 3
464 163 2
467 163 2
468 163 2
471 163 1
472 163 2
473 163 1
480 163 3
481 163 1
482 163 1
486 163 2
488 163 2
490 163 3
492 163 3
493 163 3
494 163 3
497 163 3
501 163 1
503 163 1
505 163 3
510 163 2
522 163 2
523 163 1
531 163 3
532 163 2
535 163 1
536 163 2
538 163 1
541 163 3
542 163 2
543 163 3
550 163 1
554 163 2
557 163 2
560 163 2
562 163 3
564 163 3
566 163 3
567 163 3
568 163 1
571 163 3
575 163 3
586 163 2
593 163 2
595 163 3
602 163 2
604 163 1
605 163 1
607 163 2
608 163 2
610 163 2
613 163 3
614 163 2
616 163 1
625 163 3
626 163 2
630 163 3
633 163 1
638 163 2
640 163 2
641 163 1
644 163 2
647 163 2
649 163 2
651 163 3
658 163 2
659 163 1
660 163 2
661 163 1
665 163 3
669 163 1
679 163 3
690 163 2
692 163 2
693 163 2
694 163 3
695 163 2
696 163 3
697 163 2
698 163 2
700 163 3
702 163 1
703 163 3
708 163 1
