519 858 3
521 858 2
523 858 1
524 858 2
526 858 2
534 858 3
540 858 1
544 858 3
546 858 3
551 858 2
554 858 1
557 858 3
559 858 3
562 858 2
564 858 3
568 858 2
570 858 3
571 858 2
574 858 3
576 858 3
577 858 2
579 858 1
581 858 2
584 858 2
595 858 2
599 858 3
601 858 2
602 858 2
605 858 2
609 858 2
611 858 1
614 858 1
618 858 2
625 858 1
627 858 2
629 858 3
631 858 1
632 858 2
636 858 3
640 858 3
644 858 2
647 858 2
648 858 3
652 858 3
653 858 2
660 858 2
665 858 1
666 858 1
667 858 1
669 858 1
670 858 3
672 858 2
673 858 2
678 858 1
681 858 1
684 858 2
685 858 1
688 858 1
690 858 1
694 858 1
695 858 1
697 858 1
702 858 2
708 858 2
710 858 3
713 858 1
715 858 3
721 858 3
722 858 3
727 858 2
729 858 1
730 858 2
732 858 2
736 858 2
740 858 1
743 858 1
752 858 2
754 858 3
757 858 2
762 858 2
764 858 2
765 858 3
767 858 3
769 858 3
771 858 1
772 858 1
777 858 3
781 858 2
784 858 2
785 858 3
786 858 3
788 858 2
798 858 2
800 858 3
801 858 3
806 858 2
808 858 3
810 858 1
811 858 1
812 858 1
815 858 2
817 858 1
818 858 3
819 858 1
823 858 3
829 858 1
830 858 1
832 858 2
839 858 3
840 858 3
841 858 1
847 858 1
852 858 3
856 858 3
857 858 3
862 858 3
868 858 3
869 858 3
873 858 2
874 858 2
876 858 2
878 858 3
884 858 2
887 858 1
890 858 1
894 858 1
897 858 2
903 858 2
906 858 2
909 858 1
910 858 2
913 858 1
914 858 1
919 858 3
920 858 2
921 858 2
922 858 3
926 858 2
927 858 3
928 858 1
929 858 1
931 858 1
935 858 2
940 858 3
944 858 3
946 858 2
954 858 3
955 858 1
959 858 1
963 858 2
964 858 2
970 858 2
971 858 2
972 858 3
979 858 3
980 858 2
982 858 1
984 858 1
985 858 1
986 858 3
991 858 1
999 858 1
3 859 1
12 859 2
16 859 1
17 859 3
20 859 1
22 859 3
24 859 1
27 859 3
30 859 1
31 859 3
32 859 3
34 859 3
39 859 1
41 859 3
42 859 2
47 859 1
49 859 3
55 859 2
56 859 1
57 859 3
62 859 3
63 859 1
65 859 3
66 859 1
68 859 3
71 859 1
72 859 1
75 859 3
77 859 3
79 859 3
80 859 3
81 859 2
90 859 2
99 859 3
100 859 2
105 859 2
108 859 3
115 859 1
116 859 2
118 859 2
126 859 3
130 859 3
133 859 2
135 859 1
136 859 3
137 859 3
138 859 1
140 859 1
143 859 2
144 859 1
145 859 3
147 859 1
149 859 3
150 859 3
151 859 1
152 859 1
153 859 3
155 859 3
157 859 2
158 859 1
160 859 2
161 859 2
163 859 2
167 859 3
168 859 2
169 859 2
170 859 2
172 859 1
175 859 2
176 859 3
177 859 1
178 859 1
184 859 2
185 859 2
187 859 2
188 859 2
189 859 2
190 859 2
194 859 3
195 859 2
196 859 1
197 859 3
202 859 2
206 859 2
208 859 3
210 859 3
211 859 2
212 859 3
213 859 3
215 859 1
223 859 1
224 859 1
225 859 3
235 859 1
236 859 3
240 859 3
242 859 1
253 859 3
256 859 3
257 859 3
259 859 1
271 859 2
272 859 2
273 859 3
275 859 2
278 859 3
281 859 3
284 859 2
285 859 3
287 859 1
289 859 3
292 859 3
298 859 3
299 859 1
301 859 3
303 859 1
304 859 3
307 859 2
309 859 3
312 859 3
314 859 2
315 859 1
316 859 3
320 859 3
321 859 2
323 859 2
325 859 3
326 859 1
330 859 3
334 859 1
338 859 1
342 859 1
346 859 3
353 859 1
354 859 3
356 859 3
357 859 3
359 859 1
360 859 3
362 859 3
364 859 3
366 859 1
370 859 3
376 859 1
377 859 3
378 859 2
384 859 1
387 859 1
388 859 3
390 859 1
396 859 3
397 859 2
398 859 2
399 859 2
402 859 1
404 859 1
409 859 2
411 859 1
416 859 2
421 859 3
427 859 2
431 859 1
434 859 2
435 859 3
436 859 1
440 859 3
442 859 2
445 859 3
450 859 1
452 859 1
454 859 1
461 859 1
465 859 2
477 859 2
487 859 2
492 859 1
493 859 1
494 859 1
496 859 2
500 859 1
501 859 1
502 859 1
505 859 2
508 859 2
511 859 1
513 859 2
516 859 2
518 859 2
519 859 2
521 859 2
523 859 1
525 859 3
531 859 2
533 859 2
534 859 3
536 859 1
544 859 2
548 859 1
558 859 2
560 859 3
562 859 3
564 859 1
565 859 1
569 859 1
570 859 3
571 859 3
575 859 1
576 859 3
578 859 2
579 859 2
583 859 1
584 859 3
586 859 1
589 859 2
593 859 3
595 859 2
597 859 2
600 859 1
602 859 1
604 859 3
605 859 3
606 859 3
611 859 3
613 859 2
615 859 3
616 859 1
620 859 1
621 859 1
626 859 1
629 859 1
631 859 1
632 859 3
637 859 1
639 859 2
640 859 2
648 859 2
653 859 3
654 859 2
657 859 1
658 859 1
659 859 1
660 859 2
665 859 2
667 859 2
668 859 2
670 859 2
671 859 1
675 859 3
676 859 2
677 859 2
682 859 1
686 859 2
689 859 3
693 859 2
695 859 2
696 859 3
697 859 2
699 859 1
700 859 1
703 859 2
708 859 1
709 859 3
711 859 3
712 859 2
714 859 1
715 859 2
719 859 1
725 859 3
726 859 1
728 859 2
729 859 2
734 859 2
738 859 1
740 859 2
741 859 3
742 859 1
744 859 2
746 859 1
747 859 1
748 859 3
759 859 2
767 859 2
769 859 2
776 859 2
777 859 1
779 859 1
783 859 1
784 859 3
786 859 3
789 859 3
793 859 2
795 859 3
796 859 2
804 859 3
808 859 3
809 859 2
812 859 3
813 859 1
814 859 3
816 859 2
819 859 2
820 859 3
822 859 1
824 859 3
825 859 1
826 859 1
828 859 3
830 859 3
831 859 3
832 859 3
833 859 3
835 859 2
839 859 2
843 859 2
848 859 1
851 859 1
857 859 2
860 859 1
863 859 1
864 859 2
866 859 3
867 859 2
868 859 1
870 859 1
872 859 2
878 859 1
884 859 1
888 859 2
891 859 2
892 859 1
896 859 1
897 859 3
898 859 3
901 859 3
903 859 2
907 859 2
908 859 3
910 859 1
913 859 1
914 859 3
915 859 3
917 859 2
918 859 3
919 859 2
920 859 1
922 859 2
925 859 3
926 859 1
928 859 1
930 859 1
931 859 2
932 859 3
933 859 2
935 859 3
938 859 1
941 859 3
944 859 3
946 859 2
950 859 1
951 859 3
952 859 3
955 859 3
956 859 2
958 859 2
959 859 3
962 859 1
965 859 3
968 859 3
972 859 2
974 859 3
975 859 3
976 859 1
979 859 3
980 859 3
981 859 1
985 859 1
990 859 1
992 859 1
995 859 3
996 859 1
997 859 3
0 860 1
2 860 2
4 860 2
5 860 1
6 860 2
9 860 1
10 860 3
11 860 2
16 860 3
28 860 1
29 860 1
33 860 1
37 860 2
40 860 3
44 860 1
51 860 1
52 860 3
54 860 2
56 860 3
57 860 2
58 860 3
64 860 2
66 860 3
67 860 3
70 860 1
72 860 3
75 860 3
78 860 1
81 860 3
86 860 3
99 860 1
100 860 3
101 860 2
103 860 2
104 860 2
107 860 3
112 860 1
113 860 2
116 860 1
118 860 3
119 860 1
122 860 1
124 860 1
127 860 2
133 860 3
136 860 3
138 860 2
139 860 3
144 860 3
146 860 2
148 860 3
152 860 3
156 860 3
158 860 2
159 860 2
161 860 1
162 860 1
163 860 3
164 860 2
169 860 2
171 860 3
172 860 1
175 860 2
183 860 3
184 860 3
190 860 1
198 860 3
199 860 2
204 860 3
211 860 3
217 860 2
219 860 3
222 860 1
223 860 3
228 860 2
229 860 1
230 860 3
241 860 3
246 860 1
250 860 3
251 860 1
252 860 1
255 860 2
258 860 2
260 860 1
261 860 2
262 860 2
263 860 3
267 860 2
272 860 1
277 860 2
289 860 2
290 860 1
292 860 2
298 860 3
299 860 3
310 860 3
311 860 3
312 860 3
315 860 3
318 860 3
324 860 1
326 860 1
332 860 2
335 860 1
339 860 3
341 860 1
343 860 1
348 860 2
349 860 1
351 860 3
354 860 1
357 860 2
358 860 3
359 860 2
367 860 2
368 860 2
376 860 1
379 860 1
382 860 3
392 860 1
400 860 3
402 860 2
