345 448 1
347 448 1
348 448 1
359 448 2
362 448 2
365 448 2
366 448 2
370 448 1
381 448 3
382 448 2
384 448 1
391 448 2
392 448 1
393 448 3
394 448 3
401 448 3
402 448 1
409 448 3
410 448 2
414 448 1
415 448 1
417 448 1
419 448 3
424 448 1
427 448 1
439 448 1
444 448 2
445 448 3
448 448 1
450 448 1
451 448 1
453 448 2
455 448 3
459 448 3
460 448 1
461 448 2
463 448 1
464 448 2
467 448 3
468 448 2
470 448 3
472 448 1
474 448 1
475 448 2
476 448 1
478 448 2
480 448 1
484 448 1
485 448 2
487 448 2
491 448 2
497 448 2
498 448 3
500 448 3
501 448 3
502 448 2
503 448 2
505 448 1
508 448 2
514 448 2
517 448 1
519 448 3
524 448 3
529 448 3
532 448 1
537 448 2
538 448 3
540 448 3
543 448 1
550 448 3
552 448 2
555 448 3
556 448 1
557 448 2
558 448 2
559 448 3
561 448 1
562 448 3
566 448 1
569 448 1
570 448 2
576 448 1
579 448 3
587 448 3
591 448 1
594 448 3
598 448 2
602 448 1
608 448 3
611 448 3
612 448 1
613 448 3
616 448 3
622 448 3
625 448 1
626 448 1
627 448 3
630 448 2
631 448 3
635 448 3
643 448 1
647 448 3
648 448 2
650 448 3
653 448 1
655 448 3
658 448 1
663 448 1
664 448 3
666 448 2
669 448 1
670 448 2
671 448 1
673 448 3
674 448 2
683 448 1
690 448 1
701 448 1
703 448 2
704 448 3
706 448 1
708 448 3
711 448 3
717 448 3
718 448 3
721 448 3
722 448 2
723 448 1
727 448 2
729 448 2
734 448 2
739 448 3
741 448 3
742 448 1
744 448 3
746 448 3
747 448 2
749 448 3
750 448 3
752 448 3
753 448 3
755 448 2
761 448 1
763 448 3
767 448 2
768 448 1
771 448 3
773 448 2
775 448 3
777 448 2
780 448 3
782 448 3
784 448 3
785 448 1
787 448 2
792 448 1
794 448 3
795 448 2
796 448 2
798 448 1
801 448 2
805 448 1
808 448 3
809 448 1
810 448 2
811 448 2
814 448 2
818 448 2
821 448 1
823 448 1
824 448 2
827 448 1
831 448 1
838 448 1
842 448 1
847 448 1
849 448 2
851 448 1
856 448 3
857 448 3
858 448 1
862 448 3
863 448 3
865 448 3
872 448 1
878 448 3
882 448 1
885 448 1
886 448 1
891 448 1
895 448 1
898 448 3
899 448 2
905 448 3
906 448 1
908 448 3
916 448 3
918 448 3
920 448 3
923 448 2
924 448 1
926 448 2
930 448 3
931 448 3
932 448 1
939 448 2
940 448 3
943 448 3
944 448 1
951 448 2
952 448 2
957 448 1
959 448 3
960 448 3
961 448 3
963 448 3
967 448 3
968 448 3
972 448 3
973 448 1
975 448 3
978 448 1
983 448 2
984 448 3
985 448 2
986 448 2
988 448 2
994 448 2
998 448 3
10 449 3
15 449 3
21 449 1
23 449 2
28 449 2
30 449 2
31 449 3
39 449 3
40 449 3
43 449 1
46 449 2
54 449 3
55 449 3
62 449 1
63 449 2
64 449 2
67 449 1
68 449 1
69 449 2
74 449 3
75 449 3
80 449 2
83 449 2
84 449 2
87 449 1
88 449 1
90 449 3
95 449 3
97 449 3
98 449 2
99 449 1
105 449 1
108 449 2
109 449 2
112 449 2
115 449 1
116 449 2
118 449 3
119 449 3
120 449 1
123 449 3
124 449 2
125 449 1
126 449 2
127 449 2
129 449 2
131 449 1
146 449 3
150 449 1
151 449 3
152 449 3
157 449 1
158 449 2
162 449 2
164 449 1
166 449 3
171 449 2
172 449 3
173 449 3
177 449 2
179 449 1
180 449 3
182 449 1
188 449 2
189 449 3
190 449 3
194 449 1
204 449 2
205 449 1
206 449 1
208 449 1
210 449 3
212 449 1
214 449 1
216 449 1
218 449 3
220 449 3
221 449 2
222 449 1
225 449 2
228 449 2
230 449 2
232 449 1
234 449 2
238 449 2
239 449 2
240 449 1
241 449 1
248 449 3
250 449 3
254 449 3
256 449 3
258 449 1
260 449 3
263 449 3
265 449 3
268 449 1
273 449 2
274 449 1
275 449 1
276 449 3
282 449 1
285 449 3
288 449 2
294 449 1
295 449 3
299 449 1
304 449 3
306 449 2
318 449 3
319 449 1
326 449 3
328 449 1
329 449 1
330 449 2
334 449 2
335 449 3
342 449 3
347 449 2
348 449 2
350 449 1
351 449 1
353 449 2
355 449 3
356 449 3
358 449 1
361 449 2
362 449 2
366 449 2
367 449 1
371 449 3
374 449 3
381 449 2
384 449 1
390 449 3
392 449 2
393 449 2
396 449 3
399 449 3
406 449 2
410 449 2
412 449 2
417 449 2
422 449 2
425 449 3
427 449 1
431 449 3
436 449 3
440 449 1
441 449 1
446 449 3
450 449 1
452 449 2
453 449 3
456 449 1
457 449 1
460 449 1
463 449 1
466 449 2
472 449 3
475 449 1
477 449 3
480 449 1
485 449 2
490 449 2
498 449 3
499 449 3
503 449 3
508 449 2
510 449 1
515 449 2
521 449 1
523 449 1
525 449 1
527 449 3
530 449 2
532 449 2
533 449 1
534 449 2
536 449 3
543 449 3
545 449 1
546 449 1
550 449 1
551 449 1
552 449 1
555 449 2
556 449 2
560 449 3
561 449 3
562 449 2
563 449 1
567 449 3
572 449 1
573 449 3
578 449 1
580 449 1
582 449 3
590 449 2
592 449 3
594 449 3
598 449 2
600 449 2
601 449 1
602 449 3
608 449 3
611 449 2
613 449 1
616 449 3
617 449 2
619 449 3
621 449 2
625 449 2
626 449 2
627 449 3
628 449 3
634 449 2
636 449 2
637 449 2
638 449 1
640 449 1
643 449 1
645 449 3
648 449 3
649 449 1
652 449 2
657 449 2
662 449 2
664 449 2
666 449 3
671 449 3
678 449 3
679 449 1
681 449 1
689 449 3
691 449 3
694 449 3
697 449 1
698 449 2
700 449 1
702 449 1
703 449 1
705 449 3
719 449 2
720 449 3
723 449 2
736 449 3
738 449 2
740 449 3
741 449 2
742 449 2
746 449 1
749 449 2
750 449 3
753 449 3
757 449 3
759 449 3
766 449 3
768 449 2
770 449 3
771 449 2
774 449 3
777 449 2
781 449 2
783 449 3
784 449 1
785 449 1
788 449 1
790 449 1
798 449 3
799 449 1
811 449 3
813 449 1
816 449 1
817 449 2
818 449 1
821 449 2
822 449 3
823 449 1
824 449 3
826 449 2
827 449 2
832 449 1
835 449 1
836 449 3
838 449 3
840 449 3
842 449 2
844 449 3
851 449 1
863 449 3
869 449 1
870 449 1
875 449 3
876 449 3
878 449 2
882 449 3
883 449 3
887 449 2
893 449 3
894 449 3
898 449 1
899 449 3
902 449 1
905 449 2
908 449 1
912 449 1
914 449 1
919 449 1
921 449 1
925 449 2
926 449 3
928 449 2
930 449 3
943 449 1
947 449 3
952 449 2
953 449 3
956 449 1
960 449 1
961 449 3
965 449 3
967 449 1
973 449 2
977 449 3
978 449 2
982 449 3
984 449 3
987 449 1
989 449 2
992 449 2
994 449 3
995 449 3
997 449 1
0 450 1
14 450 3
15 450 3
18 450 3
22 450 1
26 450 2
30 450 2
37 450 2
44 450 1
47 450 2
53 450 2
54 450 2
56 450 2
57 450 1
61 450 3
68 450 2
71 450 2
72 450 1
83 450 3
87 450 3
89 450 3
96 450 3
99 450 1
103 450 1
112 450 3
115 450 2
117 450 3
124 450 3
125 450 1
127 450 1
130 450 1
132 450 2
137 450 1
138 450 1
145 450 2
146 450 2
147 450 3
148 450 3
149 450 3
150 450 2
157 450 2
162 450 1
164 450 3
166 450 1
173 450 1
175 450 3
181 450 3
182 450 3
184 450 2
187 450 2
189 450 1
190 450 2
191 450 1
192 450 3
196 450 3
199 450 3
203 450 3
205 450 1
206 450 1
212 450 3
219 450 2
221 450 3
223 450 1
224 450 3
225 450 3
232 450 1
234 450 1
237 450 2
240 450 2
241 450 2
247 450 1
250 450 1
252 450 1
253 450 3
256 450 3
257 450 1
260 450 3
262 450 3
265 450 2
266 450 3
270 450 1
273 450 2
277 450 3
279 450 2
286 450 3
288 450 2
290 450 3
296 450 3
299 450 1
303 450 2
304 450 1
306 450 3
309 450 2
311 450 3
313 450 3
314 450 3
317 450 2
322 450 1
323 450 1
325 450 1
326 450 1
328 450 1
329 450 3
