523 662 3
526 662 3
528 662 2
529 662 2
539 662 1
540 662 3
543 662 3
546 662 3
547 662 3
550 662 1
552 662 2
553 662 2
556 662 3
557 662 2
558 662 2
570 662 1
574 662 3
583 662 1
596 662 2
599 662 3
603 662 2
607 662 1
609 662 3
611 662 2
612 662 2
616 662 1
619 662 2
624 662 2
626 662 2
627 662 3
628 662 3
630 662 1
635 662 3
637 662 3
646 662 1
649 662 3
655 662 3
657 662 3
659 662 3
661 662 2
668 662 3
669 662 1
670 662 2
672 662 1
674 662 1
675 662 3
679 662 2
681 662 3
683 662 1
684 662 2
685 662 3
687 662 3
690 662 3
693 662 3
694 662 3
695 662 2
697 662 1
704 662 1
715 662 1
717 662 1
718 662 1
726 662 1
727 662 1
729 662 1
732 662 1
734 662 1
739 662 3
746 662 3
750 662 1
758 662 2
764 662 1
768 662 3
771 662 1
776 662 1
777 662 2
784 662 2
785 662 2
787 662 3
788 662 3
790 662 1
806 662 1
809 662 2
812 662 3
820 662 2
821 662 1
827 662 1
829 662 3
830 662 3
831 662 1
833 662 3
834 662 1
838 662 3
840 662 2
841 662 2
842 662 1
843 662 2
855 662 3
860 662 2
861 662 2
862 662 3
865 662 2
866 662 1
868 662 3
870 662 1
872 662 3
874 662 2
877 662 3
879 662 1
881 662 1
882 662 1
886 662 2
887 662 1
892 662 1
897 662 3
901 662 3
903 662 2
909 662 2
911 662 2
913 662 3
921 662 2
922 662 1
923 662 1
924 662 2
927 662 3
928 662 1
931 662 1
940 662 1
942 662 1
943 662 3
944 662 2
947 662 1
949 662 2
950 662 2
958 662 2
960 662 2
961 662 2
967 662 2
969 662 3
970 662 2
973 662 3
978 662 3
982 662 1
984 662 3
985 662 1
989 662 1
993 662 3
998 662 2
999 662 2
0 663 2
4 663 2
11 663 3
15 663 3
16 663 1
17 663 2
18 663 2
20 663 2
21 663 2
25 663 1
31 663 1
33 663 2
35 663 2
36 663 3
39 663 2
44 663 1
46 663 3
47 663 2
52 663 3
53 663 3
55 663 1
57 663 3
58 663 1
59 663 1
61 663 3
66 663 1
67 663 2
71 663 2
81 663 2
82 663 2
83 663 3
85 663 2
87 663 2
89 663 1
92 663 2
95 663 2
96 663 2
100 663 2
101 663 1
106 663 1
110 663 1
113 663 2
128 663 2
134 663 1
136 663 2
140 663 3
143 663 2
144 663 3
145 663 2
147 663 2
148 663 2
149 663 3
151 663 1
152 663 1
158 663 1
160 663 3
161 663 3
166 663 2
173 663 3
178 663 2
184 663 1
192 663 1
195 663 1
198 663 2
199 663 3
201 663 3
203 663 1
207 663 2
209 663 2
212 663 1
219 663 2
220 663 2
221 663 2
225 663 2
228 663 2
229 663 2
238 663 2
239 663 1
241 663 3
242 663 2
243 663 1
246 663 1
247 663 3
255 663 1
256 663 1
257 663 1
258 663 1
260 663 1
263 663 1
266 663 2
268 663 2
269 663 1
273 663 3
274 663 1
276 663 2
280 663 1
282 663 2
283 663 2
285 663 3
286 663 3
287 663 1
290 663 1
291 663 1
292 663 1
294 663 1
296 663 1
297 663 3
300 663 2
302 663 2
313 663 2
318 663 2
321 663 1
325 663 3
327 663 3
329 663 2
332 663 2
334 663 1
336 663 3
339 663 3
342 663 1
348 663 1
349 663 1
353 663 3
354 663 1
363 663 3
365 663 3
369 663 1
376 663 1
380 663 2
385 663 3
387 663 1
390 663 3
392 663 3
393 663 3
399 663 1
402 663 2
406 663 1
407 663 1
408 663 2
409 663 2
410 663 3
411 663 2
413 663 2
414 663 3
417 663 3
418 663 1
420 663 3
426 663 1
427 663 3
430 663 2
431 663 3
434 663 1
436 663 1
437 663 1
438 663 3
444 663 3
447 663 3
450 663 2
451 663 2
452 663 2
456 663 3
459 663 1
460 663 1
464 663 1
465 663 3
469 663 2
473 663 2
476 663 3
479 663 3
482 663 1
487 663 3
488 663 3
490 663 2
491 663 1
492 663 2
496 663 1
500 663 1
502 663 3
507 663 3
512 663 2
515 663 3
520 663 1
527 663 1
528 663 1
529 663 2
530 663 3
535 663 1
537 663 2
540 663 1
541 663 1
545 663 3
554 663 2
555 663 3
556 663 1
557 663 3
559 663 3
561 663 3
562 663 2
563 663 3
572 663 2
577 663 2
579 663 2
580 663 2
581 663 3
582 663 3
584 663 2
586 663 1
587 663 3
593 663 1
595 663 3
597 663 1
599 663 3
603 663 1
605 663 1
606 663 1
609 663 2
610 663 1
611 663 3
612 663 1
613 663 2
614 663 2
615 663 3
618 663 3
619 663 3
625 663 3
630 663 1
631 663 2
639 663 1
642 663 3
644 663 3
652 663 1
654 663 3
658 663 3
659 663 1
660 663 3
662 663 1
663 663 1
665 663 3
670 663 2
672 663 2
674 663 3
675 663 3
677 663 2
678 663 3
679 663 1
681 663 2
682 663 2
683 663 1
693 663 2
694 663 2
700 663 1
706 663 3
708 663 2
709 663 2
710 663 1
711 663 2
712 663 2
715 663 2
717 663 2
718 663 3
722 663 3
725 663 2
727 663 2
728 663 2
733 663 2
737 663 2
739 663 2
741 663 3
743 663 1
746 663 3
751 663 2
752 663 2
756 663 1
761 663 2
762 663 3
764 663 2
767 663 3
769 663 3
770 663 1
774 663 1
777 663 1
779 663 1
784 663 2
787 663 2
788 663 1
789 663 3
792 663 3
794 663 1
795 663 1
797 663 1
803 663 3
805 663 3
809 663 1
816 663 2
817 663 2
818 663 2
819 663 3
820 663 2
821 663 1
830 663 2
832 663 2
833 663 1
835 663 2
837 663 3
839 663 3
840 663 3
841 663 2
843 663 1
844 663 2
851 663 3
853 663 2
857 663 2
864 663 3
865 663 2
867 663 1
875 663 1
876 663 2
879 663 1
882 663 1
887 663 3
888 663 2
895 663 1
897 663 3
908 663 2
914 663 2
918 663 3
921 663 2
922 663 2
923 663 3
925 663 2
933 663 3
935 663 1
936 663 2
941 663 1
944 663 1
945 663 2
949 663 1
950 663 2
951 663 1
956 663 2
958 663 2
959 663 3
961 663 3
963 663 1
964 663 2
972 663 3
981 663 1
982 663 1
985 663 2
988 663 1
990 663 3
993 663 2
996 663 1
998 663 1
1 664 2
6 664 1
7 664 1
8 664 3
9 664 3
11 664 2
14 664 2
18 664 2
20 664 1
22 664 1
23 664 3
25 664 3
28 664 1
31 664 3
38 664 1
44 664 2
45 664 2
54 664 3
55 664 3
61 664 1
62 664 2
63 664 1
66 664 3
67 664 1
72 664 2
75 664 2
76 664 2
77 664 2
78 664 3
79 664 2
85 664 3
90 664 2
91 664 3
93 664 3
98 664 1
99 664 2
103 664 2
104 664 2
109 664 3
111 664 1
116 664 2
117 664 3
118 664 3
120 664 1
123 664 3
127 664 2
131 664 2
136 664 2
138 664 3
140 664 1
141 664 3
145 664 1
146 664 2
151 664 2
152 664 3
157 664 1
163 664 3
164 664 3
167 664 2
172 664 3
173 664 3
178 664 2
179 664 2
180 664 1
184 664 3
186 664 3
189 664 3
194 664 3
196 664 3
198 664 1
199 664 2
204 664 2
206 664 2
208 664 2
209 664 2
211 664 2
212 664 3
213 664 3
215 664 3
220 664 2
221 664 1
222 664 1
238 664 3
241 664 1
243 664 2
245 664 2
246 664 1
250 664 2
253 664 1
258 664 3
262 664 2
266 664 2
270 664 1
275 664 1
281 664 1
283 664 1
285 664 3
287 664 1
291 664 3
301 664 2
304 664 1
305 664 3
308 664 1
319 664 1
322 664 1
327 664 2
335 664 1
336 664 2
337 664 1
340 664 1
342 664 1
343 664 3
352 664 1
356 664 1
357 664 3
358 664 1
359 664 1
360 664 1
361 664 1
363 664 2
369 664 3
370 664 3
376 664 1
377 664 1
379 664 2
381 664 2
382 664 3
387 664 3
388 664 1
391 664 2
393 664 2
398 664 2
399 664 1
400 664 2
405 664 3
406 664 1
408 664 1
416 664 2
417 664 1
424 664 1
426 664 1
430 664 2
434 664 3
435 664 3
439 664 2
442 664 1
443 664 1
448 664 3
450 664 1
451 664 1
461 664 2
463 664 2
468 664 2
473 664 1
482 664 3
484 664 3
485 664 2
487 664 3
488 664 3
494 664 1
495 664 3
496 664 3
502 664 1
504 664 2
