754 602 1
756 602 2
760 602 3
765 602 3
766 602 3
770 602 3
776 602 2
778 602 1
779 602 1
781 602 3
783 602 1
784 602 3
785 602 2
797 602 2
804 602 3
807 602 3
809 602 1
811 602 2
814 602 2
816 602 3
818 602 1
826 602 3
828 602 1
829 602 3
836 602 3
837 602 2
850 602 3
851 602 3
856 602 2
859 602 2
860 602 1
861 602 1
862 602 3
863 602 3
870 602 1
871 602 2
872 602 1
875 602 2
877 602 2
881 602 1
885 602 3
888 602 3
896 602 2
898 602 2
900 602 1
905 602 2
908 602 2
914 602 3
915 602 1
921 602 3
925 602 2
926 602 3
933 602 2
936 602 1
937 602 2
938 602 3
939 602 1
941 602 1
943 602 1
944 602 1
946 602 2
952 602 3
953 602 2
959 602 2
961 602 2
966 602 3
967 602 3
972 602 1
974 602 3
978 602 3
988 602 2
989 602 2
994 602 2
996 602 2
997 602 2
3 603 3
4 603 3
8 603 3
9 603 1
11 603 3
12 603 1
13 603 1
17 603 2
23 603 2
32 603 2
41 603 1
42 603 2
46 603 2
49 603 1
52 603 3
53 603 3
54 603 2
55 603 3
58 603 3
59 603 1
62 603 3
65 603 3
68 603 2
74 603 3
76 603 1
77 603 1
81 603 1
84 603 3
88 603 3
89 603 2
90 603 3
91 603 1
92 603 1
96 603 2
101 603 1
108 603 3
109 603 3
113 603 3
114 603 3
116 603 2
117 603 1
119 603 1
123 603 3
125 603 3
128 603 3
131 603 2
134 603 1
138 603 1
145 603 3
150 603 3
152 603 1
154 603 2
165 603 3
167 603 2
171 603 1
173 603 3
175 603 1
176 603 1
178 603 3
180 603 1
181 603 3
184 603 2
185 603 2
190 603 1
193 603 2
195 603 1
199 603 2
202 603 1
204 603 3
218 603 2
223 603 2
227 603 3
228 603 3
229 603 1
232 603 1
234 603 3
235 603 3
236 603 2
237 603 2
239 603 3
240 603 3
244 603 1
250 603 2
251 603 2
252 603 1
254 603 3
255 603 3
258 603 3
264 603 2
274 603 1
276 603 3
277 603 1
279 603 1
280 603 2
283 603 2
284 603 2
292 603 1
294 603 1
298 603 3
299 603 2
300 603 3
303 603 3
308 603 2
310 603 3
311 603 3
312 603 3
313 603 1
315 603 1
318 603 1
319 603 1
320 603 3
324 603 3
325 603 1
333 603 2
335 603 2
336 603 1
344 603 3
348 603 2
355 603 1
356 603 2
357 603 1
358 603 2
360 603 1
366 603 2
368 603 1
377 603 1
379 603 2
383 603 2
384 603 1
385 603 3
390 603 1
393 603 2
394 603 2
395 603 1
397 603 3
401 603 1
403 603 1
405 603 2
406 603 1
407 603 3
414 603 1
418 603 2
420 603 3
421 603 3
424 603 3
426 603 1
431 603 2
432 603 3
434 603 3
440 603 1
443 603 3
446 603 1
448 603 3
449 603 2
450 603 3
459 603 2
462 603 2
464 603 2
466 603 3
469 603 2
470 603 1
471 603 3
472 603 1
481 603 1
483 603 2
488 603 1
489 603 3
493 603 2
501 603 1
508 603 3
519 603 2
522 603 3
529 603 2
531 603 2
532 603 1
537 603 1
538 603 3
540 603 1
543 603 1
546 603 2
547 603 3
549 603 2
558 603 1
565 603 3
579 603 1
581 603 2
582 603 1
584 603 1
590 603 3
596 603 1
600 603 1
601 603 2
607 603 3
611 603 2
612 603 3
615 603 2
620 603 2
622 603 3
624 603 3
625 603 2
627 603 1
632 603 3
634 603 1
638 603 1
641 603 3
642 603 2
646 603 1
648 603 3
651 603 2
653 603 2
659 603 2
660 603 1
667 603 3
672 603 2
674 603 2
675 603 1
677 603 1
679 603 3
683 603 3
688 603 2
691 603 1
697 603 1
699 603 1
702 603 1
703 603 2
705 603 1
706 603 3
710 603 1
711 603 3
716 603 2
718 603 3
719 603 3
722 603 1
724 603 1
730 603 2
742 603 3
743 603 2
748 603 3
755 603 2
757 603 1
758 603 3
761 603 2
763 603 3
767 603 3
769 603 3
772 603 2
773 603 1
775 603 2
779 603 1
780 603 3
781 603 3
782 603 3
786 603 2
787 603 2
788 603 2
790 603 2
792 603 2
798 603 1
805 603 1
808 603 1
809 603 3
810 603 2
812 603 3
813 603 3
814 603 2
818 603 1
820 603 1
821 603 3
822 603 2
826 603 1
827 603 3
832 603 2
834 603 3
836 603 3
845 603 1
852 603 3
860 603 1
862 603 1
863 603 3
864 603 2
865 603 3
869 603 2
875 603 2
877 603 2
879 603 1
880 603 2
885 603 3
886 603 2
889 603 2
890 603 2
893 603 1
894 603 3
895 603 3
906 603 2
910 603 2
921 603 3
922 603 3
925 603 3
927 603 3
928 603 1
930 603 2
932 603 3
935 603 3
938 603 1
941 603 3
942 603 3
943 603 3
946 603 3
947 603 1
951 603 3
954 603 2
957 603 2
958 603 2
960 603 3
961 603 1
964 603 3
971 603 2
974 603 3
977 603 2
978 603 1
980 603 3
981 603 3
984 603 2
985 603 3
989 603 1
991 603 2
994 603 2
996 603 3
998 603 3
5 604 2
7 604 1
9 604 2
10 604 3
12 604 3
13 604 2
14 604 3
17 604 1
18 604 3
21 604 2
25 604 2
27 604 3
28 604 1
29 604 3
31 604 3
34 604 2
36 604 3
37 604 1
39 604 3
46 604 2
47 604 1
50 604 1
51 604 3
54 604 1
58 604 2
60 604 3
63 604 3
64 604 1
66 604 2
68 604 3
70 604 2
71 604 2
72 604 1
78 604 1
84 604 2
85 604 1
86 604 3
88 604 1
90 604 2
97 604 2
99 604 2
108 604 1
109 604 3
111 604 2
112 604 3
113 604 3
114 604 3
120 604 2
125 604 1
127 604 3
130 604 1
131 604 1
138 604 1
140 604 2
147 604 3
148 604 3
149 604 1
152 604 1
156 604 1
157 604 1
158 604 3
164 604 2
165 604 1
166 604 2
167 604 1
172 604 3
176 604 3
178 604 2
179 604 1
180 604 2
188 604 2
189 604 3
194 604 1
199 604 3
200 604 1
203 604 2
205 604 3
206 604 3
208 604 2
213 604 3
214 604 2
215 604 3
216 604 1
217 604 1
218 604 3
221 604 1
222 604 3
224 604 3
227 604 3
228 604 1
232 604 2
233 604 2
237 604 1
240 604 3
244 604 1
245 604 3
249 604 1
250 604 3
252 604 1
254 604 2
264 604 3
269 604 3
283 604 3
286 604 2
287 604 1
289 604 1
290 604 2
292 604 3
294 604 2
296 604 3
299 604 3
305 604 1
311 604 3
313 604 3
321 604 3
326 604 1
328 604 2
331 604 3
334 604 2
335 604 2
336 604 2
337 604 1
339 604 3
343 604 1
344 604 3
346 604 2
349 604 1
353 604 1
356 604 2
360 604 2
364 604 2
366 604 3
369 604 2
370 604 3
371 604 1
375 604 2
380 604 2
382 604 3
383 604 3
387 604 1
388 604 3
389 604 2
390 604 2
397 604 1
401 604 2
407 604 3
412 604 2
413 604 3
415 604 1
416 604 2
421 604 2
422 604 2
423 604 1
424 604 2
428 604 2
432 604 1
434 604 1
439 604 1
440 604 1
441 604 1
442 604 3
443 604 2
445 604 3
447 604 3
448 604 3
451 604 1
453 604 1
463 604 2
464 604 3
465 604 3
471 604 2
473 604 1
482 604 1
485 604 1
486 604 1
488 604 2
489 604 2
490 604 1
493 604 1
495 604 2
505 604 2
507 604 2
511 604 3
512 604 3
514 604 3
515 604 1
516 604 1
517 604 1
519 604 3
521 604 2
522 604 3
523 604 2
524 604 3
527 604 3
528 604 2
529 604 1
533 604 3
535 604 1
536 604 1
537 604 2
538 604 3
540 604 1
548 604 3
553 604 2
555 604 1
560 604 2
562 604 2
566 604 1
567 604 1
568 604 1
569 604 1
570 604 1
575 604 2
579 604 2
580 604 1
581 604 1
585 604 1
588 604 3
592 604 2
595 604 1
596 604 1
598 604 3
600 604 2
601 604 3
603 604 3
604 604 3
611 604 3
613 604 3
621 604 3
624 604 2
628 604 2
634 604 2
639 604 3
641 604 2
642 604 3
644 604 3
647 604 3
649 604 3
650 604 2
651 604 2
654 604 3
657 604 2
659 604 1
660 604 1
661 604 3
662 604 1
664 604 2
669 604 1
672 604 1
676 604 1
677 604 1
678 604 3
680 604 1
681 604 3
682 604 2
690 604 1
691 604 1
694 604 3
698 604 3
699 604 2
703 604 2
706 604 2
