462 564 3
474 564 1
477 564 2
478 564 1
479 564 1
483 564 1
495 564 2
498 564 3
499 564 1
503 564 3
507 564 3
509 564 1
510 564 1
511 564 3
514 564 3
516 564 2
519 564 3
522 564 1
525 564 3
528 564 2
535 564 1
537 564 1
539 564 3
544 564 3
545 564 3
550 564 1
551 564 2
556 564 1
558 564 3
563 564 1
565 564 3
568 564 3
573 564 2
574 564 1
581 564 1
582 564 3
583 564 3
586 564 2
588 564 2
592 564 2
595 564 3
596 564 1
597 564 3
598 564 2
606 564 2
607 564 2
609 564 3
611 564 1
614 564 1
622 564 2
631 564 2
639 564 1
648 564 1
649 564 1
650 564 2
651 564 2
653 564 2
654 564 3
658 564 2
659 564 3
664 564 1
668 564 3
670 564 2
672 564 1
680 564 1
681 564 3
682 564 3
684 564 2
691 564 2
692 564 1
693 564 1
698 564 3
699 564 3
701 564 1
704 564 3
710 564 1
712 564 2
718 564 2
723 564 3
726 564 1
731 564 2
739 564 3
742 564 3
743 564 1
745 564 3
752 564 1
754 564 1
756 564 2
757 564 2
758 564 2
761 564 1
765 564 3
767 564 1
771 564 3
772 564 3
780 564 3
781 564 1
785 564 3
786 564 2
787 564 1
790 564 2
791 564 3
792 564 1
794 564 3
804 564 3
806 564 1
810 564 2
811 564 1
812 564 1
818 564 3
821 564 1
824 564 1
829 564 3
832 564 3
835 564 2
838 564 1
841 564 1
843 564 2
844 564 3
853 564 1
861 564 3
863 564 1
869 564 3
873 564 3
874 564 2
877 564 3
880 564 1
890 564 2
894 564 1
898 564 2
900 564 3
904 564 1
908 564 2
909 564 3
913 564 2
914 564 3
915 564 2
921 564 3
923 564 3
927 564 2
934 564 2
938 564 3
941 564 2
945 564 1
949 564 1
958 564 1
960 564 2
961 564 2
967 564 1
968 564 1
969 564 1
973 564 2
981 564 1
982 564 3
984 564 1
986 564 1
987 564 3
988 564 3
993 564 3
995 564 1
996 564 1
997 564 1
998 564 2
2 565 1
5 565 2
7 565 1
11 565 1
12 565 2
13 565 3
14 565 1
29 565 2
33 565 3
38 565 2
40 565 1
44 565 2
45 565 1
48 565 3
49 565 2
53 565 3
55 565 1
58 565 3
59 565 1
62 565 3
63 565 1
66 565 3
67 565 1
74 565 3
80 565 3
87 565 3
90 565 1
91 565 3
92 565 2
93 565 3
95 565 3
99 565 3
100 565 3
101 565 1
102 565 3
109 565 3
111 565 1
113 565 1
117 565 1
122 565 3
123 565 3
125 565 1
130 565 3
133 565 1
134 565 3
136 565 1
137 565 2
139 565 2
141 565 2
142 565 2
147 565 1
150 565 1
151 565 1
153 565 1
155 565 2
156 565 3
158 565 2
159 565 1
160 565 1
161 565 2
167 565 1
171 565 2
172 565 1
174 565 3
176 565 2
178 565 1
179 565 2
183 565 3
184 565 1
185 565 3
187 565 1
192 565 3
193 565 3
200 565 2
202 565 2
204 565 2
205 565 2
206 565 3
207 565 3
212 565 1
213 565 3
218 565 1
220 565 3
221 565 1
223 565 1
227 565 1
239 565 2
241 565 1
243 565 1
244 565 3
246 565 2
249 565 3
254 565 1
259 565 1
261 565 2
262 565 1
263 565 3
265 565 3
269 565 1
274 565 1
279 565 3
280 565 3
281 565 2
283 565 2
286 565 3
299 565 3
300 565 3
301 565 2
307 565 3
309 565 3
316 565 2
317 565 2
320 565 3
322 565 2
324 565 1
327 565 2
330 565 3
331 565 2
334 565 3
335 565 1
336 565 2
344 565 2
345 565 1
346 565 1
352 565 3
355 565 2
356 565 3
357 565 1
359 565 2
360 565 2
362 565 1
364 565 2
365 565 1
368 565 3
371 565 1
372 565 1
374 565 3
378 565 3
381 565 1
388 565 3
390 565 1
396 565 2
397 565 2
400 565 3
404 565 1
408 565 1
411 565 1
414 565 2
415 565 1
417 565 1
419 565 3
430 565 2
434 565 2
436 565 2
441 565 2
445 565 2
446 565 3
447 565 2
451 565 3
454 565 3
456 565 2
457 565 1
462 565 1
463 565 2
466 565 2
469 565 1
470 565 3
475 565 3
476 565 1
477 565 1
480 565 3
482 565 2
483 565 3
484 565 3
485 565 1
490 565 2
491 565 2
494 565 1
502 565 1
511 565 1
513 565 3
514 565 1
517 565 3
519 565 2
529 565 3
534 565 2
540 565 2
542 565 2
543 565 3
544 565 2
548 565 3
549 565 3
553 565 3
556 565 3
557 565 3
558 565 1
563 565 2
564 565 3
566 565 1
568 565 1
574 565 2
575 565 1
576 565 2
579 565 2
580 565 3
582 565 2
584 565 3
586 565 1
587 565 3
588 565 2
593 565 1
595 565 1
597 565 2
599 565 2
600 565 3
605 565 2
606 565 3
610 565 2
617 565 1
619 565 1
620 565 2
638 565 2
639 565 3
641 565 1
642 565 3
643 565 1
647 565 1
649 565 1
650 565 3
652 565 1
654 565 1
655 565 1
657 565 3
664 565 1
665 565 3
667 565 1
669 565 2
671 565 3
673 565 3
676 565 2
677 565 3
680 565 2
682 565 2
685 565 1
686 565 2
688 565 3
690 565 1
704 565 2
706 565 2
708 565 2
711 565 1
714 565 3
717 565 1
720 565 2
721 565 2
723 565 2
728 565 2
732 565 3
740 565 3
741 565 3
744 565 1
745 565 3
749 565 1
750 565 3
751 565 3
752 565 2
754 565 1
756 565 3
761 565 2
764 565 1
765 565 1
767 565 1
772 565 2
779 565 1
785 565 3
787 565 2
789 565 1
790 565 3
791 565 1
793 565 3
798 565 3
799 565 1
802 565 2
803 565 3
810 565 2
812 565 1
815 565 2
817 565 1
819 565 3
820 565 2
824 565 3
825 565 3
830 565 3
834 565 2
835 565 3
839 565 3
841 565 2
842 565 2
843 565 3
844 565 2
845 565 3
847 565 1
849 565 2
850 565 3
851 565 3
852 565 2
853 565 1
858 565 3
860 565 1
861 565 2
868 565 1
869 565 1
873 565 1
876 565 1
877 565 2
885 565 2
887 565 1
892 565 3
896 565 1
902 565 2
907 565 1
912 565 3
914 565 1
917 565 1
920 565 2
926 565 3
927 565 3
933 565 3
937 565 1
938 565 1
941 565 2
944 565 1
945 565 3
948 565 1
949 565 3
957 565 1
960 565 3
964 565 2
972 565 2
973 565 3
974 565 3
978 565 1
980 565 3
984 565 1
994 565 3
5 566 1
6 566 1
7 566 2
10 566 1
11 566 2
12 566 3
21 566 2
23 566 3
28 566 3
29 566 1
30 566 1
31 566 3
32 566 3
37 566 3
38 566 1
41 566 2
43 566 1
48 566 1
49 566 1
56 566 2
59 566 1
60 566 3
61 566 3
64 566 2
69 566 1
72 566 2
74 566 1
77 566 2
80 566 2
85 566 3
87 566 2
94 566 1
98 566 1
100 566 2
107 566 1
112 566 2
118 566 1
122 566 3
130 566 3
131 566 1
134 566 2
135 566 1
137 566 3
140 566 2
158 566 1
164 566 1
167 566 3
170 566 1
175 566 1
180 566 3
181 566 3
182 566 2
183 566 2
186 566 3
187 566 2
189 566 2
192 566 2
196 566 1
197 566 2
202 566 2
203 566 3
204 566 3
207 566 2
212 566 2
217 566 1
221 566 1
226 566 2
229 566 2
239 566 1
241 566 3
242 566 1
243 566 1
244 566 2
245 566 2
246 566 2
251 566 2
257 566 3
261 566 3
266 566 2
267 566 2
269 566 1
276 566 3
280 566 3
281 566 3
283 566 3
284 566 2
288 566 1
291 566 3
292 566 3
295 566 2
296 566 3
301 566 2
305 566 3
306 566 2
308 566 2
312 566 1
314 566 1
316 566 3
317 566 2
318 566 3
326 566 1
329 566 1
331 566 3
334 566 2
335 566 1
337 566 3
339 566 1
343 566 2
344 566 3
350 566 2
354 566 3
359 566 3
364 566 2
369 566 3
372 566 1
376 566 2
377 566 1
379 566 1
382 566 2
383 566 2
384 566 3
385 566 3
389 566 1
394 566 1
400 566 3
401 566 2
406 566 3
408 566 1
411 566 2
412 566 1
413 566 3
415 566 3
425 566 2
428 566 1
431 566 1
435 566 2
438 566 1
440 566 2
443 566 2
454 566 2
456 566 2
457 566 3
466 566 3
474 566 2
476 566 3
483 566 2
485 566 2
487 566 2
490 566 2
491 566 2
494 566 1
498 566 2
501 566 1
505 566 1
510 566 3
511 566 3
512 566 1
514 566 2
