701 320 1
702 320 1
704 320 2
712 320 3
713 320 1
719 320 1
721 320 1
722 320 3
723 320 1
724 320 3
733 320 2
736 320 3
737 320 3
740 320 1
744 320 2
747 320 1
749 320 3
750 320 1
759 320 3
764 320 2
766 320 1
767 320 2
779 320 2
785 320 2
793 320 2
794 320 3
795 320 3
797 320 1
798 320 3
800 320 2
804 320 1
805 320 2
806 320 1
807 320 1
808 320 1
812 320 3
815 320 2
816 320 2
818 320 1
820 320 1
830 320 2
833 320 2
837 320 3
839 320 3
843 320 1
845 320 3
853 320 1
855 320 1
856 320 1
867 320 2
871 320 3
873 320 3
875 320 3
876 320 1
877 320 1
879 320 1
880 320 2
883 320 2
888 320 2
889 320 1
890 320 3
891 320 3
893 320 1
896 320 2
897 320 1
904 320 3
910 320 2
916 320 2
917 320 2
920 320 1
923 320 1
925 320 2
926 320 2
928 320 1
932 320 3
936 320 3
937 320 2
941 320 2
948 320 3
949 320 2
954 320 2
960 320 1
962 320 2
963 320 2
967 320 2
972 320 2
974 320 1
975 320 3
977 320 1
978 320 1
981 320 2
983 320 1
990 320 2
991 320 3
993 320 1
994 320 3
995 320 1
0 321 2
5 321 1
13 321 2
21 321 1
23 321 1
28 321 1
29 321 1
30 321 2
41 321 1
42 321 3
47 321 1
49 321 3
50 321 1
53 321 1
55 321 1
56 321 2
59 321 1
61 321 1
64 321 2
71 321 3
73 321 2
74 321 1
79 321 2
80 321 2
83 321 2
86 321 3
89 321 3
90 321 2
100 321 2
101 321 1
102 321 2
103 321 3
107 321 1
110 321 2
112 321 1
115 321 2
119 321 1
120 321 2
121 321 3
122 321 1
124 321 3
128 321 2
131 321 3
137 321 1
138 321 3
144 321 1
145 321 2
147 321 2
149 321 3
150 321 1
152 321 3
154 321 2
156 321 1
159 321 1
161 321 2
163 321 1
165 321 1
170 321 3
175 321 3
177 321 2
179 321 1
183 321 3
185 321 2
186 321 1
188 321 1
194 321 3
196 321 1
197 321 2
200 321 3
201 321 3
205 321 1
206 321 3
208 321 1
212 321 1
216 321 2
220 321 1
229 321 3
233 321 2
234 321 2
237 321 1
241 321 2
244 321 1
247 321 2
248 321 2
254 321 3
255 321 3
258 321 1
264 321 2
266 321 3
277 321 3
279 321 1
290 321 1
292 321 3
294 321 1
298 321 1
307 321 1
311 321 1
314 321 2
315 321 3
320 321 2
322 321 3
323 321 2
324 321 2
328 321 1
329 321 2
335 321 3
338 321 1
340 321 2
347 321 1
350 321 2
352 321 2
359 321 3
360 321 2
361 321 3
364 321 1
365 321 2
369 321 1
370 321 3
374 321 3
381 321 2
387 321 2
389 321 1
396 321 3
398 321 2
399 321 3
400 321 2
403 321 3
406 321 3
409 321 2
410 321 1
414 321 1
415 321 3
418 321 2
419 321 2
421 321 3
422 321 1
423 321 2
425 321 3
428 321 3
431 321 3
433 321 2
435 321 1
436 321 1
438 321 1
443 321 3
444 321 1
445 321 3
446 321 1
448 321 1
455 321 2
457 321 3
458 321 2
459 321 1
462 321 1
464 321 3
470 321 1
475 321 1
478 321 2
481 321 3
483 321 3
486 321 1
488 321 2
489 321 1
492 321 2
494 321 3
495 321 1
496 321 1
502 321 2
507 321 1
510 321 1
512 321 1
515 321 1
517 321 2
521 321 1
525 321 2
526 321 3
528 321 3
529 321 2
535 321 2
537 321 1
539 321 1
543 321 1
544 321 3
553 321 1
555 321 2
556 321 3
557 321 1
558 321 1
561 321 1
562 321 1
563 321 3
567 321 1
568 321 1
572 321 2
574 321 3
575 321 2
577 321 1
578 321 1
580 321 2
581 321 3
583 321 3
589 321 2
592 321 1
593 321 1
599 321 1
609 321 3
613 321 3
614 321 3
621 321 1
623 321 1
625 321 3
626 321 2
631 321 2
641 321 2
646 321 1
649 321 1
650 321 1
653 321 3
654 321 2
658 321 1
663 321 3
664 321 3
665 321 2
672 321 3
673 321 2
674 321 3
675 321 2
682 321 3
692 321 1
693 321 1
695 321 3
698 321 1
703 321 1
707 321 1
708 321 1
713 321 3
716 321 2
722 321 2
723 321 3
724 321 1
727 321 3
728 321 3
729 321 1
730 321 2
739 321 3
740 321 1
741 321 3
747 321 2
748 321 3
750 321 2
754 321 3
755 321 1
760 321 1
761 321 1
762 321 3
763 321 2
764 321 2
769 321 2
775 321 3
780 321 3
781 321 1
784 321 3
786 321 1
792 321 3
795 321 1
805 321 3
807 321 1
811 321 1
812 321 3
813 321 3
814 321 1
816 321 3
817 321 2
819 321 3
823 321 2
828 321 1
832 321 3
833 321 2
836 321 3
838 321 1
841 321 1
847 321 3
849 321 1
858 321 2
860 321 2
864 321 2
872 321 1
877 321 1
878 321 1
888 321 3
890 321 3
891 321 2
894 321 2
896 321 2
899 321 1
903 321 1
904 321 2
906 321 1
908 321 2
913 321 3
914 321 2
917 321 3
918 321 3
919 321 3
921 321 3
924 321 2
931 321 1
935 321 2
936 321 3
939 321 1
941 321 2
942 321 2
944 321 2
949 321 3
954 321 1
956 321 2
958 321 3
964 321 1
965 321 1
973 321 3
974 321 3
975 321 2
978 321 2
979 321 3
983 321 3
985 321 2
987 321 2
993 321 3
994 321 1
995 321 3
998 321 1
999 321 2
2 322 2
3 322 2
4 322 1
6 322 1
7 322 3
8 322 1
11 322 2
12 322 3
19 322 1
20 322 2
22 322 1
26 322 1
29 322 1
32 322 2
35 322 2
36 322 2
40 322 1
47 322 1
56 322 1
59 322 2
60 322 1
63 322 3
66 322 2
67 322 3
72 322 2
73 322 1
75 322 1
77 322 2
83 322 1
93 322 2
99 322 2
101 322 3
103 322 3
105 322 2
108 322 1
111 322 2
116 322 1
118 322 2
122 322 3
124 322 1
126 322 1
130 322 3
133 322 2
134 322 3
141 322 1
144 322 1
146 322 3
148 322 1
149 322 3
150 322 3
153 322 1
157 322 1
158 322 1
160 322 1
161 322 2
163 322 1
166 322 3
168 322 1
169 322 2
173 322 3
179 322 3
180 322 3
183 322 1
184 322 1
186 322 1
189 322 3
192 322 2
195 322 2
196 322 3
197 322 1
201 322 2
207 322 1
208 322 2
209 322 3
216 322 1
219 322 1
221 322 1
225 322 1
231 322 1
233 322 2
236 322 3
237 322 1
238 322 1
240 322 1
248 322 3
252 322 1
253 322 1
254 322 3
255 322 1
261 322 2
262 322 1
265 322 1
271 322 2
274 322 3
279 322 2
284 322 2
288 322 2
294 322 1
295 322 3
300 322 3
302 322 3
303 322 2
306 322 2
307 322 2
318 322 2
323 322 2
326 322 2
327 322 3
332 322 2
333 322 2
334 322 2
335 322 3
336 322 2
339 322 2
342 322 3
343 322 1
344 322 2
345 322 2
346 322 3
347 322 1
348 322 2
349 322 2
353 322 2
375 322 2
377 322 3
381 322 3
386 322 2
388 322 1
389 322 2
392 322 1
393 322 1
397 322 1
399 322 2
400 322 2
401 322 3
405 322 1
407 322 3
411 322 2
414 322 2
415 322 3
417 322 1
424 322 1
425 322 2
428 322 3
431 322 2
432 322 3
437 322 2
439 322 1
440 322 1
442 322 2
444 322 3
446 322 2
447 322 2
458 322 1
462 322 2
465 322 3
466 322 1
471 322 2
475 322 2
478 322 3
479 322 3
480 322 2
484 322 3
487 322 3
491 322 2
492 322 1
493 322 3
494 322 1
495 322 2
497 322 3
498 322 2
499 322 1
500 322 3
503 322 1
505 322 1
509 322 1
511 322 2
513 322 2
515 322 1
516 322 1
518 322 3
521 322 1
522 322 2
524 322 3
527 322 1
531 322 1
534 322 2
535 322 3
537 322 1
541 322 3
544 322 3
546 322 2
550 322 2
552 322 1
554 322 2
555 322 1
558 322 1
563 322 3
566 322 1
567 322 3
568 322 2
572 322 1
575 322 1
578 322 2
581 322 3
582 322 3
584 322 2
586 322 3
588 322 2
591 322 2
595 322 1
598 322 3
599 322 2
605 322 3
608 322 3
609 322 1
610 322 1
615 322 3
618 322 1
630 322 3
632 322 2
635 322 3
637 322 2
638 322 3
639 322 2
641 322 2
642 322 2
644 322 2
646 322 2
650 322 1
652 322 2
656 322 1
660 322 3
666 322 1
667 322 3
669 322 3
671 322 1
