483 686 3
486 686 3
487 686 1
496 686 1
497 686 2
499 686 2
500 686 3
501 686 3
503 686 2
505 686 2
509 686 1
511 686 1
512 686 3
514 686 3
523 686 1
524 686 1
530 686 1
533 686 1
534 686 2
536 686 3
545 686 3
550 686 1
552 686 3
553 686 3
554 686 2
555 686 2
559 686 3
560 686 3
561 686 2
563 686 1
564 686 1
567 686 2
568 686 2
570 686 1
574 686 2
578 686 3
580 686 1
585 686 3
586 686 1
588 686 1
590 686 3
593 686 2
600 686 3
601 686 3
609 686 1
613 686 1
614 686 3
616 686 1
618 686 1
620 686 1
622 686 1
623 686 3
624 686 3
626 686 2
629 686 1
631 686 3
632 686 3
634 686 3
637 686 1
638 686 2
642 686 3
643 686 1
646 686 1
649 686 1
654 686 2
664 686 3
665 686 1
666 686 1
675 686 3
678 686 3
683 686 1
692 686 2
696 686 1
701 686 1
705 686 1
706 686 2
707 686 2
708 686 2
714 686 3
715 686 3
720 686 2
723 686 2
724 686 1
728 686 3
729 686 2
732 686 3
740 686 2
746 686 1
748 686 2
755 686 3
756 686 2
757 686 1
768 686 3
783 686 1
785 686 1
787 686 3
789 686 1
791 686 1
795 686 1
798 686 1
806 686 3
809 686 3
811 686 2
812 686 1
816 686 3
817 686 2
820 686 1
821 686 3
822 686 2
824 686 1
827 686 1
829 686 2
832 686 3
836 686 2
840 686 3
841 686 2
848 686 1
849 686 1
850 686 3
855 686 2
860 686 2
861 686 3
862 686 1
863 686 1
864 686 3
867 686 2
873 686 2
876 686 3
878 686 1
879 686 3
885 686 3
886 686 2
887 686 3
896 686 2
897 686 1
904 686 3
907 686 1
909 686 1
910 686 1
912 686 3
913 686 3
918 686 2
919 686 2
921 686 2
926 686 2
929 686 1
932 686 2
935 686 3
943 686 2
951 686 1
952 686 3
953 686 3
955 686 3
958 686 2
960 686 3
961 686 1
965 686 1
968 686 1
970 686 3
978 686 2
981 686 3
983 686 2
984 686 1
989 686 3
990 686 1
993 686 1
994 686 2
995 686 3
998 686 2
0 687 1
3 687 2
9 687 3
15 687 3
16 687 1
17 687 3
19 687 2
25 687 2
28 687 2
31 687 1
34 687 1
37 687 3
38 687 1
40 687 2
41 687 2
44 687 3
45 687 2
46 687 2
47 687 2
50 687 3
52 687 3
53 687 3
54 687 1
55 687 1
56 687 1
59 687 2
61 687 2
62 687 3
65 687 1
69 687 1
71 687 3
76 687 2
77 687 3
86 687 2
88 687 1
90 687 1
93 687 1
94 687 1
120 687 3
123 687 3
124 687 1
126 687 3
127 687 3
134 687 2
137 687 3
139 687 2
144 687 1
153 687 2
155 687 2
156 687 3
157 687 1
160 687 2
162 687 2
163 687 1
165 687 1
166 687 3
170 687 1
171 687 1
179 687 1
181 687 2
183 687 2
185 687 1
188 687 1
191 687 3
192 687 1
198 687 3
199 687 3
202 687 2
204 687 2
209 687 3
210 687 1
211 687 3
212 687 1
214 687 3
221 687 3
222 687 3
226 687 2
232 687 1
234 687 1
235 687 1
237 687 1
238 687 2
243 687 1
246 687 3
249 687 1
251 687 3
252 687 2
253 687 2
254 687 1
255 687 2
257 687 3
260 687 2
266 687 1
268 687 2
274 687 3
288 687 2
291 687 2
298 687 3
302 687 3
315 687 3
320 687 2
324 687 3
326 687 3
329 687 2
330 687 1
331 687 3
336 687 1
339 687 1
342 687 2
343 687 2
354 687 1
358 687 1
361 687 2
362 687 3
370 687 3
372 687 2
376 687 2
381 687 1
384 687 3
385 687 3
387 687 3
389 687 3
396 687 3
399 687 1
400 687 3
403 687 1
404 687 3
406 687 3
407 687 2
409 687 1
410 687 1
422 687 1
428 687 2
429 687 2
432 687 1
434 687 1
436 687 1
447 687 1
449 687 3
451 687 2
454 687 1
462 687 3
465 687 1
470 687 3
471 687 2
472 687 1
473 687 3
474 687 1
475 687 3
477 687 3
482 687 3
488 687 3
489 687 3
491 687 3
493 687 3
496 687 2
497 687 2
500 687 3
502 687 2
505 687 3
507 687 1
509 687 1
514 687 3
515 687 2
518 687 1
519 687 3
528 687 2
539 687 3
543 687 3
546 687 3
548 687 2
550 687 1
552 687 1
553 687 3
555 687 3
558 687 1
559 687 1
571 687 1
574 687 3
575 687 3
579 687 2
581 687 3
582 687 2
584 687 3
588 687 1
590 687 3
591 687 1
592 687 2
604 687 3
605 687 2
609 687 2
613 687 2
614 687 3
620 687 3
622 687 1
624 687 3
629 687 2
634 687 3
635 687 3
641 687 3
643 687 3
648 687 1
649 687 2
654 687 1
657 687 3
659 687 2
663 687 1
666 687 2
673 687 1
674 687 2
678 687 1
682 687 2
683 687 3
687 687 1
693 687 1
697 687 3
703 687 2
706 687 1
708 687 3
715 687 3
719 687 1
721 687 3
731 687 1
735 687 2
738 687 3
746 687 3
749 687 1
752 687 3
754 687 1
760 687 2
761 687 1
762 687 3
763 687 3
772 687 1
773 687 3
775 687 2
776 687 2
777 687 1
778 687 3
779 687 3
780 687 3
781 687 1
783 687 1
791 687 1
794 687 3
797 687 3
798 687 3
799 687 1
800 687 1
803 687 2
808 687 3
811 687 3
812 687 2
821 687 3
825 687 1
828 687 3
829 687 2
830 687 2
832 687 2
833 687 3
839 687 2
841 687 2
842 687 3
845 687 1
848 687 3
850 687 1
852 687 3
853 687 1
856 687 2
857 687 1
858 687 1
859 687 2
862 687 1
864 687 3
865 687 2
870 687 1
874 687 2
878 687 1
879 687 1
880 687 3
884 687 1
885 687 2
887 687 1
889 687 1
890 687 2
898 687 2
900 687 1
901 687 2
905 687 2
907 687 3
908 687 1
909 687 3
913 687 1
914 687 2
916 687 2
918 687 3
927 687 1
930 687 2
934 687 2
936 687 1
938 687 3
942 687 2
943 687 2
953 687 3
954 687 2
956 687 3
959 687 2
960 687 1
964 687 3
965 687 3
966 687 1
968 687 1
970 687 3
972 687 2
973 687 2
975 687 1
976 687 2
982 687 2
993 687 3
996 687 2
998 687 3
999 687 3
2 688 2
5 688 3
6 688 3
9 688 1
10 688 2
14 688 3
16 688 1
17 688 2
20 688 3
22 688 1
23 688 2
25 688 1
27 688 2
28 688 2
33 688 2
35 688 1
37 688 2
39 688 2
40 688 1
41 688 2
43 688 2
44 688 3
48 688 2
50 688 1
51 688 2
52 688 2
57 688 3
58 688 2
61 688 3
63 688 1
65 688 1
67 688 3
68 688 1
69 688 2
70 688 3
76 688 3
92 688 1
97 688 1
99 688 2
103 688 3
104 688 3
105 688 1
106 688 2
108 688 1
112 688 1
118 688 1
119 688 2
120 688 2
122 688 3
127 688 1
139 688 2
142 688 3
147 688 2
150 688 1
152 688 1
156 688 3
158 688 3
159 688 1
160 688 1
162 688 1
163 688 2
164 688 3
168 688 1
169 688 2
170 688 1
174 688 3
178 688 1
180 688 1
181 688 1
185 688 1
186 688 1
190 688 3
193 688 2
198 688 3
204 688 3
205 688 3
213 688 1
215 688 3
219 688 1
220 688 1
223 688 2
227 688 3
231 688 2
235 688 1
236 688 3
238 688 3
239 688 3
245 688 3
247 688 3
248 688 1
250 688 2
252 688 1
256 688 2
258 688 2
263 688 1
264 688 1
269 688 2
273 688 1
274 688 1
282 688 1
284 688 2
285 688 1
291 688 2
294 688 2
295 688 3
297 688 1
300 688 3
302 688 2
305 688 3
309 688 3
310 688 1
311 688 3
312 688 3
317 688 2
320 688 1
326 688 3
330 688 2
334 688 1
335 688 3
337 688 1
339 688 1
344 688 3
345 688 1
349 688 2
351 688 2
356 688 1
358 688 3
360 688 2
365 688 2
372 688 2
376 688 2
380 688 1
382 688 1
385 688 3
387 688 1
393 688 3
396 688 1
399 688 1
400 688 1
408 688 1
411 688 2
420 688 2
422 688 2
424 688 1
427 688 2
428 688 1
432 688 3
433 688 3
435 688 3
436 688 2
438 688 3
439 688 3
440 688 3
441 688 2
442 688 2
443 688 2
445 688 1
448 688 1
450 688 3
451 688 2
455 688 1
456 688 1
457 688 3
459 688 3
460 688 2
465 688 3
466 688 2
468 688 1
471 688 3
475 688 3
476 688 1
478 688 3
479 688 1
481 688 1
483 688 3
