451 460 1
457 460 2
458 460 1
464 460 1
468 460 3
471 460 2
474 460 1
476 460 1
488 460 1
490 460 2
491 460 3
493 460 2
500 460 2
503 460 1
504 460 2
508 460 2
509 460 1
510 460 1
511 460 1
514 460 2
516 460 2
517 460 3
518 460 2
523 460 2
528 460 1
533 460 2
534 460 1
541 460 3
550 460 3
554 460 3
556 460 3
558 460 1
566 460 1
567 460 2
569 460 2
570 460 2
572 460 3
575 460 2
580 460 3
588 460 3
594 460 1
595 460 1
597 460 1
598 460 3
602 460 2
603 460 2
604 460 1
611 460 1
612 460 2
617 460 1
618 460 1
622 460 3
624 460 3
627 460 2
630 460 2
631 460 3
632 460 3
633 460 3
644 460 1
646 460 2
647 460 1
648 460 2
650 460 3
652 460 2
657 460 1
658 460 3
659 460 1
668 460 2
670 460 3
671 460 1
672 460 3
673 460 3
679 460 1
682 460 3
696 460 2
698 460 1
699 460 3
700 460 1
707 460 3
710 460 2
711 460 1
714 460 2
716 460 1
723 460 1
729 460 3
735 460 3
736 460 3
738 460 3
739 460 1
742 460 3
745 460 2
746 460 3
747 460 3
748 460 2
749 460 3
750 460 2
752 460 2
753 460 2
758 460 2
761 460 1
769 460 1
778 460 3
779 460 2
780 460 1
781 460 1
787 460 3
788 460 2
793 460 1
798 460 2
799 460 1
802 460 1
806 460 2
808 460 2
817 460 2
822 460 3
823 460 3
824 460 2
825 460 1
827 460 2
838 460 1
841 460 3
845 460 3
856 460 1
858 460 1
859 460 2
863 460 3
864 460 2
865 460 3
867 460 3
869 460 1
871 460 1
872 460 2
883 460 2
885 460 2
887 460 1
888 460 2
891 460 2
892 460 1
897 460 2
898 460 2
901 460 2
902 460 3
903 460 2
907 460 3
909 460 3
915 460 1
916 460 2
919 460 1
921 460 2
925 460 1
927 460 1
929 460 1
932 460 2
933 460 1
936 460 2
937 460 2
939 460 2
943 460 1
944 460 3
949 460 1
953 460 2
959 460 1
963 460 2
965 460 2
966 460 1
967 460 3
969 460 1
977 460 3
987 460 2
989 460 2
997 460 2
1 461 1
3 461 3
4 461 3
9 461 1
15 461 1
17 461 3
20 461 3
23 461 3
31 461 2
34 461 3
36 461 1
39 461 1
40 461 1
43 461 1
46 461 3
47 461 2
51 461 2
52 461 1
53 461 2
57 461 1
59 461 1
60 461 2
63 461 1
69 461 1
70 461 1
74 461 3
75 461 2
77 461 1
79 461 1
83 461 1
86 461 3
92 461 1
94 461 3
99 461 1
100 461 3
103 461 3
104 461 1
106 461 3
110 461 2
117 461 2
118 461 3
119 461 1
120 461 1
122 461 2
125 461 3
126 461 3
132 461 1
134 461 2
135 461 1
137 461 1
138 461 1
140 461 2
143 461 3
145 461 3
147 461 3
148 461 3
149 461 3
151 461 2
153 461 2
154 461 2
155 461 2
159 461 2
162 461 1
163 461 2
165 461 1
170 461 3
171 461 2
174 461 1
176 461 2
177 461 3
180 461 3
181 461 3
183 461 3
184 461 3
186 461 3
193 461 1
194 461 2
197 461 1
210 461 1
212 461 1
213 461 1
217 461 3
220 461 1
221 461 3
222 461 1
223 461 1
231 461 3
234 461 3
237 461 1
241 461 2
242 461 2
244 461 3
245 461 2
250 461 3
253 461 1
261 461 3
267 461 3
279 461 2
280 461 2
281 461 1
284 461 3
286 461 1
295 461 2
299 461 1
302 461 1
305 461 1
307 461 2
308 461 1
314 461 3
315 461 1
316 461 3
317 461 2
318 461 1
324 461 3
325 461 2
330 461 3
336 461 2
338 461 2
346 461 3
352 461 2
353 461 2
354 461 1
355 461 3
357 461 1
358 461 2
362 461 2
365 461 3
367 461 2
368 461 2
369 461 2
370 461 2
378 461 2
379 461 2
381 461 2
386 461 2
387 461 2
393 461 2
398 461 3
400 461 2
405 461 3
413 461 1
416 461 1
417 461 3
420 461 2
423 461 1
424 461 3
425 461 1
430 461 2
432 461 3
437 461 3
438 461 3
439 461 1
441 461 2
445 461 3
449 461 2
454 461 2
456 461 3
457 461 1
460 461 2
461 461 3
463 461 3
468 461 3
470 461 1
471 461 1
474 461 3
475 461 1
476 461 2
480 461 1
481 461 3
484 461 2
486 461 2
490 461 2
493 461 3
495 461 2
498 461 1
507 461 2
508 461 3
509 461 3
510 461 2
513 461 3
515 461 2
516 461 2
517 461 2
518 461 1
520 461 1
521 461 2
522 461 2
524 461 2
525 461 3
530 461 3
533 461 1
534 461 3
540 461 3
543 461 3
544 461 3
557 461 2
558 461 3
560 461 2
561 461 1
564 461 2
566 461 2
568 461 1
576 461 3
577 461 1
581 461 3
582 461 1
583 461 3
584 461 1
587 461 3
588 461 3
590 461 2
591 461 2
595 461 2
598 461 1
600 461 2
602 461 2
606 461 1
609 461 2
610 461 3
612 461 2
618 461 2
619 461 1
622 461 1
624 461 3
628 461 3
633 461 2
638 461 1
642 461 1
643 461 3
644 461 3
646 461 3
647 461 2
648 461 2
652 461 1
664 461 2
669 461 3
670 461 1
672 461 2
676 461 1
677 461 3
678 461 1
682 461 2
683 461 3
684 461 2
685 461 3
686 461 3
688 461 2
689 461 3
693 461 1
703 461 1
704 461 3
709 461 2
721 461 1
725 461 2
727 461 3
729 461 3
734 461 3
736 461 3
739 461 2
740 461 1
742 461 2
743 461 1
749 461 3
759 461 1
762 461 1
763 461 1
764 461 3
767 461 3
768 461 1
771 461 2
776 461 1
779 461 2
782 461 2
785 461 3
790 461 1
791 461 2
795 461 1
800 461 2
801 461 1
805 461 1
806 461 1
807 461 1
808 461 2
810 461 1
811 461 1
812 461 2
814 461 2
815 461 2
817 461 1
820 461 2
824 461 2
826 461 1
834 461 2
835 461 3
836 461 2
838 461 1
840 461 1
842 461 3
844 461 2
845 461 3
849 461 3
854 461 2
855 461 3
860 461 3
861 461 2
870 461 2
875 461 3
886 461 2
888 461 2
891 461 3
896 461 3
900 461 3
916 461 2
917 461 2
920 461 3
921 461 1
924 461 3
926 461 3
930 461 2
931 461 2
938 461 3
941 461 3
942 461 1
948 461 1
951 461 1
953 461 1
954 461 3
955 461 1
960 461 1
961 461 3
962 461 2
966 461 3
967 461 1
971 461 2
973 461 1
975 461 3
978 461 2
980 461 1
984 461 1
987 461 1
988 461 2
991 461 2
999 461 2
4 462 1
5 462 1
7 462 2
8 462 1
10 462 2
16 462 2
17 462 2
18 462 3
25 462 1
30 462 3
31 462 1
32 462 2
35 462 2
36 462 2
37 462 2
38 462 2
39 462 2
43 462 3
45 462 3
46 462 2
53 462 3
54 462 1
57 462 1
59 462 3
61 462 2
62 462 2
64 462 2
65 462 2
66 462 2
67 462 3
69 462 1
75 462 1
76 462 1
77 462 3
80 462 1
82 462 1
83 462 3
90 462 3
94 462 2
95 462 3
99 462 1
102 462 3
103 462 1
105 462 2
107 462 1
113 462 3
114 462 3
115 462 1
118 462 2
122 462 2
123 462 1
124 462 2
125 462 3
126 462 3
131 462 2
132 462 1
134 462 2
135 462 3
140 462 3
141 462 2
144 462 2
146 462 3
148 462 3
152 462 3
153 462 1
156 462 1
159 462 1
160 462 1
163 462 3
168 462 2
169 462 2
170 462 1
171 462 3
182 462 2
184 462 1
188 462 3
193 462 2
196 462 1
198 462 2
207 462 2
208 462 3
209 462 3
215 462 2
218 462 2
226 462 1
228 462 2
230 462 1
262 462 1
263 462 3
270 462 1
274 462 2
279 462 2
281 462 2
284 462 3
285 462 1
286 462 1
288 462 2
289 462 3
293 462 1
295 462 3
297 462 2
298 462 2
299 462 2
301 462 2
307 462 1
310 462 3
312 462 1
314 462 1
320 462 1
324 462 1
326 462 1
328 462 1
329 462 2
334 462 3
339 462 1
340 462 2
342 462 1
346 462 3
348 462 1
353 462 1
354 462 2
355 462 3
356 462 3
357 462 3
358 462 1
367 462 2
369 462 1
370 462 2
372 462 1
375 462 3
377 462 1
378 462 3
383 462 1
384 462 3
386 462 1
388 462 2
389 462 3
392 462 2
394 462 1
403 462 2
404 462 3
409 462 1
410 462 2
414 462 2
420 462 3
422 462 3
423 462 2
424 462 2
429 462 2
430 462 1
431 462 2
435 462 2
