429 452 1
430 452 1
432 452 3
433 452 2
435 452 3
436 452 3
439 452 2
440 452 3
441 452 3
442 452 3
443 452 1
444 452 1
445 452 2
446 452 2
455 452 2
458 452 3
459 452 1
461 452 2
463 452 2
466 452 2
469 452 1
472 452 2
473 452 2
480 452 2
483 452 2
487 452 1
489 452 1
494 452 2
495 452 3
503 452 3
505 452 3
506 452 3
516 452 2
517 452 2
523 452 3
534 452 1
535 452 1
546 452 3
551 452 2
552 452 2
553 452 1
558 452 1
561 452 1
563 452 3
566 452 3
568 452 2
575 452 1
578 452 1
583 452 3
585 452 1
586 452 3
587 452 2
589 452 1
591 452 3
593 452 2
594 452 2
599 452 1
605 452 3
606 452 1
610 452 3
611 452 2
617 452 3
619 452 3
620 452 2
622 452 2
623 452 2
624 452 1
626 452 1
627 452 3
629 452 1
637 452 1
639 452 1
642 452 3
643 452 1
645 452 2
646 452 1
647 452 1
648 452 3
660 452 1
661 452 1
662 452 1
665 452 2
669 452 1
671 452 1
674 452 1
679 452 2
681 452 1
683 452 1
686 452 3
688 452 3
690 452 1
692 452 3
697 452 1
698 452 1
700 452 3
701 452 1
703 452 1
707 452 1
716 452 3
722 452 3
724 452 2
725 452 1
726 452 3
727 452 2
734 452 2
735 452 3
739 452 2
742 452 3
745 452 3
748 452 3
750 452 3
751 452 1
753 452 1
758 452 3
767 452 2
770 452 1
773 452 2
776 452 1
777 452 2
779 452 3
780 452 3
783 452 2
786 452 3
787 452 2
795 452 2
799 452 1
800 452 3
803 452 1
805 452 3
806 452 1
814 452 2
817 452 3
819 452 3
824 452 2
830 452 2
835 452 2
837 452 1
842 452 3
844 452 2
846 452 3
848 452 1
849 452 1
850 452 3
855 452 2
857 452 2
858 452 2
859 452 1
860 452 1
861 452 3
862 452 1
863 452 1
865 452 2
868 452 2
870 452 1
871 452 2
873 452 1
886 452 2
887 452 3
891 452 3
892 452 1
895 452 1
896 452 1
903 452 1
906 452 1
911 452 3
918 452 1
920 452 1
921 452 2
923 452 2
925 452 3
928 452 2
929 452 3
930 452 2
931 452 2
936 452 1
938 452 2
945 452 1
946 452 3
947 452 1
948 452 3
953 452 3
954 452 3
958 452 3
959 452 1
960 452 1
965 452 2
969 452 3
971 452 3
980 452 2
983 452 1
986 452 2
987 452 1
990 452 2
993 452 1
997 452 1
998 452 3
999 452 2
6 453 1
7 453 1
8 453 2
11 453 1
13 453 2
16 453 2
18 453 1
19 453 1
25 453 2
30 453 1
32 453 3
34 453 2
39 453 2
41 453 2
46 453 3
48 453 1
50 453 2
52 453 3
54 453 3
56 453 3
59 453 3
65 453 1
67 453 2
70 453 1
74 453 1
78 453 1
86 453 2
88 453 2
89 453 2
95 453 1
96 453 1
97 453 3
103 453 1
107 453 3
112 453 2
113 453 1
115 453 2
116 453 2
117 453 3
121 453 2
122 453 2
128 453 3
132 453 2
134 453 3
138 453 1
142 453 2
146 453 2
147 453 3
148 453 2
157 453 3
163 453 1
164 453 1
172 453 3
179 453 2
182 453 2
184 453 2
187 453 2
196 453 3
197 453 2
199 453 2
200 453 3
203 453 1
204 453 3
206 453 1
208 453 2
210 453 2
211 453 3
212 453 3
213 453 2
217 453 2
223 453 2
224 453 1
225 453 2
226 453 2
229 453 1
230 453 3
232 453 3
233 453 1
235 453 3
238 453 3
240 453 3
243 453 3
245 453 1
246 453 3
247 453 2
258 453 2
262 453 2
263 453 1
264 453 2
265 453 2
269 453 2
270 453 3
274 453 1
276 453 2
280 453 1
295 453 1
297 453 2
298 453 2
299 453 3
301 453 3
304 453 1
309 453 2
310 453 1
314 453 1
316 453 2
325 453 3
330 453 1
331 453 1
335 453 1
337 453 3
346 453 2
347 453 1
353 453 1
362 453 1
368 453 2
372 453 1
374 453 1
378 453 2
385 453 3
386 453 1
389 453 3
391 453 2
392 453 1
397 453 2
398 453 1
401 453 3
405 453 3
414 453 3
415 453 2
418 453 1
421 453 2
425 453 2
428 453 3
436 453 2
442 453 1
446 453 1
447 453 2
450 453 2
453 453 2
462 453 1
466 453 2
468 453 3
474 453 3
475 453 1
479 453 2
485 453 2
489 453 1
494 453 1
498 453 3
503 453 1
506 453 2
509 453 1
512 453 3
513 453 3
516 453 3
518 453 2
521 453 1
522 453 3
526 453 1
531 453 3
535 453 3
541 453 3
551 453 3
555 453 3
558 453 1
560 453 2
563 453 2
564 453 1
565 453 3
566 453 3
576 453 2
577 453 2
580 453 2
581 453 3
584 453 2
586 453 2
587 453 2
588 453 3
591 453 1
593 453 3
594 453 3
595 453 3
597 453 2
598 453 3
602 453 3
605 453 3
606 453 1
607 453 2
609 453 1
611 453 1
613 453 1
617 453 1
621 453 2
622 453 2
626 453 3
627 453 3
630 453 2
635 453 3
639 453 2
641 453 1
642 453 2
644 453 2
645 453 2
648 453 1
649 453 3
655 453 3
656 453 1
659 453 1
664 453 1
667 453 1
671 453 3
677 453 2
684 453 1
685 453 3
686 453 1
689 453 3
690 453 2
691 453 3
692 453 3
693 453 3
696 453 3
697 453 3
699 453 1
702 453 3
705 453 3
706 453 1
709 453 1
711 453 1
712 453 2
724 453 3
725 453 3
731 453 3
733 453 3
738 453 1
745 453 3
753 453 1
756 453 1
760 453 3
764 453 1
765 453 3
767 453 1
771 453 1
773 453 3
778 453 2
780 453 2
783 453 2
793 453 2
797 453 2
799 453 1
801 453 1
803 453 2
807 453 3
815 453 2
816 453 3
817 453 3
821 453 1
822 453 3
838 453 1
839 453 3
848 453 3
852 453 1
854 453 2
855 453 3
856 453 1
857 453 1
862 453 2
865 453 2
869 453 3
870 453 1
871 453 2
873 453 3
876 453 3
877 453 3
878 453 1
885 453 2
886 453 2
889 453 3
891 453 3
894 453 3
899 453 2
902 453 2
903 453 3
907 453 1
908 453 2
909 453 3
916 453 3
918 453 1
919 453 3
921 453 2
923 453 3
924 453 2
927 453 1
929 453 3
933 453 2
934 453 3
936 453 2
937 453 1
941 453 2
944 453 1
945 453 1
946 453 2
947 453 3
949 453 3
952 453 3
954 453 2
956 453 3
957 453 2
958 453 1
961 453 2
966 453 3
968 453 1
969 453 3
979 453 2
981 453 1
982 453 2
991 453 3
992 453 2
996 453 2
4 454 3
6 454 3
9 454 1
11 454 2
12 454 1
14 454 3
15 454 3
16 454 2
21 454 2
22 454 2
24 454 2
25 454 3
30 454 2
32 454 2
34 454 1
35 454 2
38 454 3
59 454 3
65 454 2
72 454 1
74 454 1
75 454 2
78 454 2
80 454 1
81 454 3
83 454 2
84 454 3
86 454 2
89 454 3
91 454 2
99 454 1
107 454 2
109 454 1
110 454 1
117 454 3
118 454 2
123 454 3
126 454 3
128 454 3
129 454 1
136 454 3
138 454 3
148 454 3
152 454 2
154 454 2
155 454 3
156 454 3
157 454 3
158 454 2
159 454 1
160 454 1
166 454 3
167 454 1
172 454 1
174 454 2
175 454 1
176 454 3
180 454 3
186 454 2
188 454 1
192 454 1
199 454 2
204 454 3
207 454 3
209 454 2
212 454 2
213 454 2
216 454 2
217 454 2
222 454 2
225 454 1
227 454 2
228 454 1
235 454 3
236 454 2
237 454 1
249 454 3
253 454 1
257 454 2
262 454 2
263 454 2
265 454 3
267 454 2
269 454 1
271 454 3
272 454 1
273 454 2
274 454 3
276 454 2
285 454 2
290 454 3
294 454 2
295 454 2
297 454 1
302 454 1
305 454 3
306 454 1
308 454 1
309 454 3
317 454 3
319 454 2
320 454 1
322 454 3
325 454 1
327 454 1
329 454 2
330 454 3
334 454 2
338 454 3
341 454 3
342 454 2
345 454 2
347 454 2
350 454 3
355 454 2
357 454 2
361 454 2
362 454 1
364 454 1
369 454 1
371 454 2
372 454 3
374 454 2
377 454 2
378 454 2
385 454 3
386 454 2
387 454 2
389 454 2
394 454 3
396 454 2
398 454 1
401 454 2
403 454 3
405 454 2
412 454 2
413 454 2
414 454 2
417 454 3
418 454 3
421 454 3
425 454 1
427 454 1
430 454 2
431 454 1
435 454 3
440 454 3
441 454 1
446 454 1
449 454 3
456 454 3
