373 782 2
374 782 1
386 782 2
387 782 1
388 782 2
390 782 2
400 782 2
403 782 1
406 782 3
409 782 2
412 782 1
413 782 1
418 782 3
425 782 1
427 782 3
435 782 2
438 782 3
443 782 3
444 782 1
446 782 1
449 782 1
452 782 2
454 782 3
455 782 1
457 782 3
459 782 2
460 782 1
465 782 1
466 782 2
469 782 3
476 782 3
479 782 1
482 782 2
486 782 1
487 782 1
495 782 2
496 782 1
497 782 3
504 782 3
509 782 3
514 782 1
515 782 1
516 782 1
517 782 1
520 782 2
521 782 1
522 782 1
531 782 3
533 782 1
535 782 3
536 782 1
542 782 1
546 782 2
547 782 3
549 782 3
552 782 3
553 782 2
556 782 3
560 782 1
563 782 3
571 782 1
572 782 2
575 782 3
577 782 2
579 782 3
594 782 3
596 782 2
598 782 2
600 782 2
610 782 2
611 782 3
614 782 1
616 782 1
618 782 2
620 782 1
623 782 3
626 782 3
628 782 3
629 782 1
632 782 2
633 782 1
636 782 1
642 782 1
651 782 1
654 782 3
658 782 2
660 782 1
661 782 2
663 782 2
665 782 3
668 782 3
670 782 2
671 782 3
673 782 2
675 782 2
676 782 2
677 782 3
683 782 1
686 782 3
687 782 1
688 782 2
689 782 1
690 782 2
697 782 3
706 782 3
714 782 1
715 782 1
717 782 3
726 782 3
728 782 1
730 782 1
731 782 1
733 782 1
737 782 1
738 782 3
741 782 1
743 782 2
745 782 2
746 782 2
756 782 2
759 782 3
761 782 1
763 782 1
767 782 3
775 782 2
778 782 3
782 782 1
789 782 2
790 782 1
800 782 2
801 782 3
804 782 2
805 782 1
806 782 3
807 782 1
812 782 2
813 782 2
820 782 2
824 782 1
826 782 1
829 782 1
839 782 2
842 782 2
844 782 2
850 782 3
853 782 2
863 782 1
866 782 1
868 782 3
874 782 2
876 782 2
879 782 3
883 782 1
886 782 1
888 782 1
889 782 3
892 782 1
894 782 3
897 782 2
899 782 1
903 782 2
904 782 3
905 782 1
919 782 2
920 782 1
922 782 2
926 782 2
930 782 2
932 782 3
935 782 2
942 782 2
944 782 3
949 782 3
952 782 3
954 782 1
955 782 3
956 782 2
958 782 2
960 782 2
966 782 2
967 782 2
969 782 1
974 782 1
981 782 3
991 782 3
992 782 3
996 782 2
999 782 1
2 783 1
7 783 3
8 783 2
9 783 2
15 783 2
18 783 2
19 783 3
24 783 3
30 783 2
32 783 2
36 783 3
39 783 3
45 783 3
47 783 1
48 783 1
52 783 3
58 783 3
60 783 1
62 783 1
63 783 3
64 783 2
65 783 3
71 783 2
73 783 2
75 783 2
77 783 2
78 783 3
80 783 3
82 783 3
85 783 2
86 783 1
87 783 3
88 783 1
89 783 3
93 783 1
95 783 2
97 783 2
99 783 3
100 783 1
102 783 2
106 783 1
107 783 1
121 783 3
122 783 2
124 783 2
125 783 1
126 783 3
128 783 3
132 783 1
134 783 2
151 783 1
152 783 3
154 783 2
157 783 2
160 783 3
161 783 1
164 783 2
165 783 1
167 783 3
168 783 2
170 783 2
172 783 1
174 783 2
175 783 3
178 783 3
180 783 2
183 783 1
186 783 1
187 783 1
188 783 3
191 783 1
197 783 1
201 783 2
205 783 2
211 783 3
215 783 2
218 783 2
220 783 2
221 783 3
226 783 2
228 783 2
230 783 3
231 783 3
235 783 3
237 783 1
241 783 2
250 783 2
255 783 3
256 783 2
260 783 3
261 783 1
262 783 3
263 783 2
264 783 2
268 783 2
271 783 2
272 783 3
273 783 1
274 783 1
277 783 1
280 783 3
281 783 2
282 783 2
284 783 3
285 783 2
288 783 3
290 783 2
292 783 3
293 783 3
295 783 1
303 783 1
304 783 1
310 783 2
313 783 2
316 783 3
318 783 2
326 783 3
328 783 3
331 783 1
336 783 2
337 783 3
339 783 2
346 783 3
347 783 3
350 783 2
352 783 2
353 783 1
354 783 2
355 783 3
357 783 2
362 783 3
363 783 3
364 783 2
365 783 3
371 783 2
374 783 3
375 783 1
379 783 1
386 783 1
387 783 3
390 783 2
391 783 1
399 783 2
406 783 2
407 783 1
409 783 1
415 783 3
417 783 2
419 783 2
420 783 3
422 783 3
429 783 1
430 783 3
438 783 3
439 783 3
440 783 2
442 783 3
449 783 3
451 783 2
452 783 2
456 783 2
457 783 2
461 783 3
464 783 3
466 783 2
472 783 2
477 783 3
478 783 3
482 783 3
486 783 2
488 783 2
490 783 3
491 783 1
492 783 2
501 783 3
504 783 3
505 783 1
510 783 2
514 783 2
516 783 2
521 783 3
523 783 2
524 783 3
531 783 3
538 783 2
539 783 2
542 783 2
546 783 2
549 783 1
560 783 1
561 783 2
565 783 1
570 783 1
572 783 1
577 783 2
581 783 1
584 783 1
591 783 2
600 783 2
604 783 2
605 783 1
607 783 3
610 783 1
612 783 3
617 783 2
618 783 1
621 783 1
622 783 1
623 783 1
626 783 1
628 783 3
629 783 3
645 783 2
649 783 1
652 783 3
657 783 3
660 783 3
664 783 3
668 783 3
669 783 2
674 783 2
676 783 1
677 783 2
680 783 3
683 783 1
693 783 2
694 783 1
695 783 3
700 783 1
703 783 3
704 783 3
708 783 1
714 783 2
715 783 3
716 783 2
719 783 3
723 783 2
726 783 2
727 783 1
729 783 1
730 783 1
733 783 2
734 783 1
736 783 3
740 783 2
747 783 3
750 783 3
751 783 2
752 783 1
755 783 2
757 783 1
771 783 1
773 783 3
775 783 1
779 783 3
781 783 3
788 783 2
796 783 3
799 783 1
813 783 1
818 783 1
829 783 3
830 783 1
831 783 2
840 783 3
843 783 3
844 783 1
847 783 3
848 783 2
851 783 3
852 783 3
853 783 2
855 783 1
856 783 3
859 783 2
860 783 2
863 783 3
864 783 3
865 783 2
866 783 2
872 783 1
877 783 3
882 783 2
883 783 3
890 783 2
891 783 1
892 783 2
894 783 3
899 783 1
910 783 1
912 783 2
919 783 3
923 783 3
925 783 2
926 783 2
930 783 2
931 783 1
933 783 2
935 783 3
936 783 2
939 783 1
941 783 2
942 783 2
943 783 2
944 783 1
948 783 3
950 783 2
954 783 3
957 783 1
958 783 3
959 783 2
965 783 1
966 783 1
968 783 2
971 783 3
973 783 2
976 783 2
986 783 3
988 783 1
991 783 3
995 783 1
0 784 3
9 784 3
11 784 3
13 784 3
17 784 2
18 784 2
19 784 2
24 784 2
25 784 3
31 784 1
32 784 3
35 784 3
40 784 3
41 784 2
44 784 2
51 784 3
52 784 3
55 784 3
57 784 1
58 784 2
59 784 3
62 784 3
65 784 2
66 784 3
69 784 3
70 784 1
72 784 1
74 784 1
76 784 1
77 784 3
79 784 1
84 784 2
86 784 2
87 784 1
88 784 2
89 784 2
91 784 1
100 784 3
102 784 3
103 784 3
104 784 1
109 784 2
112 784 1
118 784 1
120 784 1
123 784 2
126 784 1
134 784 3
141 784 2
144 784 3
146 784 2
156 784 1
157 784 1
160 784 1
161 784 1
162 784 1
165 784 2
170 784 2
172 784 2
174 784 1
175 784 3
182 784 3
183 784 3
191 784 1
195 784 1
200 784 3
202 784 3
205 784 2
206 784 1
208 784 2
209 784 2
214 784 1
218 784 2
223 784 1
227 784 2
231 784 2
238 784 2
248 784 3
255 784 3
256 784 3
258 784 3
265 784 2
266 784 2
267 784 1
273 784 1
274 784 2
276 784 2
279 784 1
289 784 1
290 784 3
293 784 3
296 784 3
297 784 3
301 784 2
304 784 1
309 784 1
313 784 3
319 784 3
320 784 2
321 784 3
322 784 2
325 784 2
328 784 1
329 784 1
334 784 2
336 784 2
337 784 1
338 784 1
343 784 1
348 784 2
352 784 1
356 784 1
357 784 2
359 784 2
364 784 1
366 784 3
371 784 1
374 784 3
376 784 1
379 784 2
380 784 1
385 784 3
389 784 1
390 784 3
391 784 2
392 784 3
396 784 2
399 784 2
400 784 1
401 784 3
410 784 1
411 784 1
413 784 1
414 784 3
415 784 2
417 784 2
418 784 2
419 784 3
423 784 1
424 784 2
425 784 3
427 784 1
428 784 1
430 784 2
432 784 1
433 784 3
435 784 1
437 784 1
439 784 3
441 784 2
446 784 1
454 784 2
461 784 1
463 784 2
465 784 1
472 784 1
477 784 2
