250 205 2
252 205 2
253 205 1
255 205 2
257 205 2
261 205 3
262 205 1
266 205 2
269 205 2
272 205 1
277 205 1
278 205 3
279 205 2
280 205 1
282 205 3
285 205 2
286 205 2
291 205 1
293 205 2
295 205 1
300 205 2
307 205 3
309 205 2
314 205 1
318 205 2
320 205 3
321 205 1
322 205 2
323 205 3
329 205 1
331 205 3
335 205 1
336 205 1
339 205 3
340 205 1
343 205 1
344 205 2
353 205 3
356 205 2
364 205 1
367 205 3
370 205 1
373 205 3
374 205 2
378 205 2
379 205 1
381 205 2
384 205 1
385 205 1
387 205 3
388 205 2
390 205 1
393 205 2
396 205 1
400 205 1
401 205 1
414 205 1
417 205 1
425 205 3
427 205 3
429 205 2
431 205 1
439 205 2
444 205 1
449 205 2
450 205 2
455 205 1
460 205 1
461 205 1
463 205 1
465 205 3
471 205 3
479 205 3
485 205 2
487 205 1
488 205 1
489 205 3
493 205 2
495 205 2
496 205 1
503 205 1
507 205 1
508 205 1
509 205 2
515 205 2
518 205 1
524 205 1
534 205 3
536 205 2
543 205 3
544 205 1
546 205 1
549 205 2
550 205 1
552 205 3
556 205 3
560 205 3
563 205 2
566 205 3
569 205 3
582 205 1
583 205 2
585 205 1
588 205 3
596 205 1
599 205 1
603 205 2
605 205 2
606 205 3
607 205 2
610 205 3
611 205 1
616 205 1
617 205 3
618 205 2
623 205 3
624 205 1
625 205 2
626 205 1
627 205 2
632 205 3
639 205 2
644 205 2
649 205 3
650 205 2
651 205 3
652 205 2
654 205 3
655 205 2
657 205 1
658 205 1
662 205 1
663 205 1
665 205 2
667 205 1
670 205 1
671 205 2
672 205 2
674 205 1
675 205 1
676 205 3
678 205 2
680 205 3
684 205 2
688 205 3
689 205 3
693 205 1
701 205 3
705 205 3
706 205 2
711 205 2
712 205 1
719 205 2
720 205 1
722 205 2
724 205 3
726 205 1
729 205 1
731 205 1
734 205 1
738 205 3
740 205 1
741 205 1
742 205 2
743 205 3
748 205 2
749 205 3
753 205 3
756 205 2
757 205 3
761 205 3
765 205 3
766 205 2
767 205 3
771 205 2
775 205 2
779 205 3
780 205 2
785 205 3
786 205 3
789 205 3
792 205 2
799 205 2
800 205 2
801 205 2
803 205 1
813 205 2
816 205 2
821 205 3
822 205 1
825 205 3
827 205 3
828 205 2
831 205 3
835 205 3
839 205 2
850 205 1
853 205 1
854 205 1
855 205 1
856 205 1
858 205 2
862 205 1
869 205 2
874 205 3
877 205 3
882 205 1
886 205 1
888 205 3
901 205 3
905 205 1
908 205 2
909 205 3
910 205 1
912 205 2
915 205 1
917 205 1
919 205 2
920 205 1
924 205 3
929 205 1
940 205 1
943 205 3
946 205 3
952 205 3
954 205 3
955 205 3
958 205 1
961 205 3
963 205 2
964 205 3
965 205 2
967 205 1
968 205 2
969 205 2
973 205 2
974 205 3
975 205 1
980 205 2
981 205 1
986 205 1
990 205 1
993 205 2
1 206 1
4 206 3
5 206 2
6 206 1
8 206 1
11 206 3
17 206 1
18 206 2
21 206 3
22 206 1
23 206 1
26 206 1
28 206 1
29 206 2
35 206 3
38 206 2
39 206 3
40 206 2
41 206 1
45 206 3
47 206 2
48 206 2
49 206 1
53 206 1
54 206 3
61 206 3
68 206 3
69 206 2
73 206 1
80 206 1
82 206 1
84 206 1
97 206 3
98 206 3
103 206 2
104 206 3
108 206 1
115 206 2
116 206 1
117 206 2
119 206 3
125 206 1
126 206 1
130 206 2
135 206 2
138 206 1
140 206 2
144 206 3
148 206 2
151 206 3
154 206 1
155 206 2
159 206 1
162 206 3
168 206 3
169 206 3
170 206 1
174 206 3
176 206 2
179 206 3
181 206 3
183 206 2
184 206 1
188 206 2
190 206 1
193 206 2
194 206 2
196 206 3
201 206 2
211 206 3
214 206 3
215 206 1
217 206 1
226 206 2
230 206 2
231 206 1
253 206 1
254 206 1
257 206 3
263 206 3
266 206 2
267 206 2
280 206 2
286 206 2
290 206 3
291 206 2
293 206 2
298 206 2
303 206 1
312 206 3
313 206 1
314 206 1
315 206 1
328 206 3
329 206 3
330 206 2
332 206 2
334 206 2
335 206 3
336 206 2
339 206 2
343 206 2
348 206 3
351 206 1
352 206 1
353 206 1
355 206 2
362 206 1
363 206 3
367 206 2
369 206 2
371 206 2
375 206 3
377 206 3
378 206 3
380 206 1
388 206 3
392 206 2
393 206 3
401 206 3
403 206 1
405 206 3
406 206 3
408 206 2
410 206 2
411 206 3
412 206 3
413 206 2
415 206 2
423 206 3
434 206 1
435 206 2
439 206 2
443 206 1
444 206 3
447 206 3
449 206 3
450 206 2
456 206 2
458 206 1
465 206 1
469 206 3
470 206 2
471 206 3
472 206 2
477 206 2
479 206 2
480 206 1
485 206 3
486 206 2
489 206 1
490 206 3
492 206 3
493 206 2
495 206 3
502 206 1
504 206 2
505 206 2
506 206 1
507 206 3
513 206 2
515 206 3
517 206 3
525 206 1
528 206 1
531 206 2
535 206 1
538 206 3
539 206 3
543 206 2
547 206 2
551 206 1
553 206 3
557 206 3
565 206 3
573 206 1
574 206 1
579 206 2
580 206 2
581 206 1
583 206 2
584 206 2
585 206 2
589 206 3
590 206 2
591 206 3
593 206 2
596 206 1
598 206 2
600 206 3
603 206 2
604 206 3
607 206 1
609 206 2
611 206 1
615 206 1
616 206 2
623 206 3
624 206 3
629 206 3
632 206 1
638 206 1
639 206 3
647 206 3
648 206 3
649 206 2
650 206 2
653 206 1
654 206 2
658 206 3
661 206 3
666 206 1
668 206 2
674 206 3
675 206 1
676 206 2
678 206 2
680 206 3
681 206 1
682 206 3
683 206 2
684 206 3
685 206 2
686 206 1
688 206 1
689 206 3
691 206 2
692 206 3
696 206 3
697 206 2
701 206 3
704 206 2
705 206 1
706 206 3
713 206 3
718 206 3
719 206 2
723 206 1
725 206 3
727 206 1
729 206 2
730 206 1
739 206 1
743 206 1
745 206 2
750 206 3
753 206 3
757 206 3
759 206 1
760 206 3
761 206 3
769 206 3
772 206 2
773 206 1
787 206 3
792 206 1
795 206 1
801 206 2
804 206 1
806 206 2
807 206 2
809 206 3
810 206 1
811 206 2
815 206 2
818 206 2
823 206 1
824 206 2
826 206 1
833 206 2
835 206 1
840 206 3
842 206 3
843 206 3
845 206 3
849 206 2
852 206 3
853 206 3
854 206 1
856 206 3
857 206 1
862 206 3
863 206 1
872 206 1
873 206 1
874 206 1
876 206 2
877 206 1
886 206 3
887 206 3
894 206 3
896 206 2
897 206 2
900 206 3
902 206 2
907 206 3
915 206 3
922 206 1
928 206 3
930 206 3
932 206 1
933 206 1
936 206 1
943 206 2
944 206 2
948 206 1
949 206 2
959 206 1
965 206 1
966 206 3
969 206 3
970 206 2
972 206 3
979 206 1
981 206 3
984 206 3
991 206 1
994 206 1
995 206 3
996 206 1
6 207 2
12 207 1
18 207 2
19 207 3
26 207 1
28 207 2
30 207 2
31 207 3
33 207 2
34 207 3
38 207 3
40 207 3
46 207 2
49 207 3
50 207 2
52 207 1
57 207 2
59 207 3
60 207 1
63 207 2
68 207 3
69 207 3
70 207 1
72 207 1
75 207 1
78 207 3
79 207 1
80 207 2
82 207 3
92 207 3
94 207 1
96 207 2
100 207 1
104 207 3
106 207 2
109 207 2
110 207 1
112 207 1
115 207 2
116 207 2
117 207 3
119 207 3
123 207 2
128 207 3
133 207 2
134 207 3
140 207 2
141 207 1
149 207 3
152 207 2
154 207 1
156 207 2
159 207 3
162 207 1
165 207 1
172 207 1
173 207 2
181 207 2
184 207 2
198 207 1
206 207 3
207 207 1
208 207 2
209 207 1
212 207 3
213 207 2
214 207 3
215 207 1
220 207 3
221 207 3
222 207 2
223 207 1
227 207 1
229 207 3
232 207 2
235 207 1
244 207 2
245 207 2
251 207 1
257 207 1
259 207 1
264 207 1
266 207 3
270 207 1
271 207 1
278 207 1
283 207 1
287 207 3
289 207 1
292 207 3
293 207 2
294 207 3
302 207 1
304 207 1
306 207 1
308 207 3
310 207 2
312 207 2
314 207 3
315 207 1
319 207 2
322 207 2
338 207 2
