217 900 1
218 900 3
225 900 2
226 900 3
230 900 1
241 900 1
251 900 3
257 900 3
259 900 2
262 900 1
264 900 2
266 900 2
267 900 2
269 900 3
270 900 1
271 900 3
272 900 3
280 900 3
289 900 1
292 900 3
295 900 3
300 900 3
301 900 1
305 900 1
311 900 2
313 900 2
317 900 1
318 900 1
320 900 3
321 900 2
326 900 1
330 900 1
337 900 1
338 900 1
341 900 3
342 900 1
344 900 2
345 900 2
347 900 2
351 900 2
354 900 2
359 900 1
363 900 1
368 900 3
372 900 3
373 900 3
375 900 2
376 900 1
378 900 1
380 900 3
391 900 2
404 900 3
411 900 3
422 900 3
427 900 2
434 900 1
437 900 2
438 900 3
439 900 1
444 900 1
445 900 1
446 900 3
448 900 2
450 900 3
452 900 1
453 900 1
454 900 2
456 900 2
457 900 3
459 900 2
462 900 2
463 900 1
465 900 2
468 900 1
469 900 2
470 900 3
471 900 2
473 900 1
474 900 1
476 900 1
477 900 2
481 900 3
485 900 2
486 900 1
487 900 1
493 900 3
502 900 3
506 900 2
511 900 3
513 900 1
515 900 1
517 900 3
524 900 1
525 900 1
529 900 1
530 900 2
533 900 3
541 900 3
542 900 1
544 900 1
546 900 1
547 900 2
553 900 2
556 900 3
557 900 3
558 900 1
559 900 1
560 900 1
563 900 3
567 900 2
574 900 3
575 900 2
576 900 3
580 900 3
581 900 2
583 900 3
584 900 2
591 900 1
592 900 1
594 900 1
601 900 2
603 900 1
613 900 3
620 900 2
622 900 2
625 900 3
637 900 2
642 900 2
643 900 1
646 900 3
656 900 1
657 900 2
659 900 2
663 900 2
665 900 3
666 900 2
667 900 3
677 900 3
679 900 1
684 900 1
685 900 2
689 900 2
692 900 1
693 900 1
694 900 3
696 900 1
698 900 2
699 900 2
704 900 2
705 900 2
711 900 1
715 900 2
716 900 3
721 900 1
724 900 1
727 900 3
728 900 1
730 900 2
736 900 3
742 900 1
744 900 1
748 900 3
755 900 3
757 900 2
759 900 1
760 900 3
761 900 1
762 900 3
766 900 1
767 900 2
768 900 1
773 900 3
783 900 1
787 900 1
789 900 3
791 900 1
792 900 1
796 900 2
798 900 1
802 900 3
805 900 2
807 900 1
810 900 3
811 900 3
814 900 1
815 900 2
818 900 2
820 900 2
823 900 1
825 900 3
827 900 3
829 900 2
837 900 1
839 900 3
842 900 3
844 900 3
845 900 2
849 900 1
851 900 1
854 900 2
856 900 3
861 900 2
863 900 2
871 900 2
873 900 1
876 900 2
877 900 2
879 900 3
880 900 2
885 900 2
888 900 3
889 900 1
892 900 1
896 900 2
902 900 2
909 900 2
912 900 1
913 900 1
919 900 3
920 900 3
922 900 1
924 900 3
925 900 3
926 900 1
928 900 3
929 900 2
937 900 2
940 900 3
946 900 3
948 900 3
950 900 3
952 900 3
954 900 1
959 900 2
961 900 1
965 900 2
967 900 3
973 900 2
975 900 1
983 900 3
987 900 3
988 900 2
994 900 3
997 900 3
0 901 2
2 901 1
5 901 2
8 901 1
13 901 2
15 901 1
17 901 1
18 901 1
19 901 1
29 901 1
30 901 2
33 901 2
34 901 3
35 901 3
38 901 1
39 901 3
42 901 3
43 901 2
46 901 3
48 901 2
49 901 1
51 901 1
53 901 3
54 901 3
60 901 2
65 901 3
66 901 1
67 901 1
71 901 1
73 901 2
74 901 3
84 901 3
90 901 3
94 901 2
102 901 1
104 901 2
105 901 2
108 901 3
109 901 2
111 901 2
113 901 1
114 901 2
116 901 1
117 901 3
123 901 3
126 901 1
128 901 2
135 901 2
136 901 2
137 901 3
138 901 2
139 901 2
140 901 1
142 901 2
144 901 2
148 901 2
150 901 1
153 901 2
156 901 3
163 901 2
166 901 3
167 901 1
170 901 2
173 901 1
174 901 3
176 901 2
178 901 2
182 901 2
184 901 3
189 901 1
198 901 3
201 901 2
202 901 1
205 901 3
206 901 2
207 901 3
208 901 1
209 901 2
220 901 3
221 901 1
223 901 3
225 901 1
227 901 2
230 901 2
233 901 3
238 901 3
239 901 2
248 901 3
251 901 2
252 901 1
253 901 2
255 901 1
259 901 1
261 901 2
263 901 1
265 901 3
270 901 1
271 901 3
273 901 1
281 901 3
285 901 1
286 901 3
291 901 3
292 901 3
295 901 2
301 901 3
302 901 2
307 901 1
308 901 2
310 901 1
316 901 3
322 901 3
324 901 1
328 901 2
334 901 2
335 901 3
338 901 1
343 901 1
345 901 1
348 901 1
352 901 1
354 901 3
358 901 3
359 901 2
361 901 3
364 901 1
366 901 2
371 901 3
372 901 3
373 901 2
375 901 1
379 901 1
382 901 2
384 901 2
393 901 3
394 901 3
396 901 1
397 901 2
400 901 3
401 901 1
406 901 3
412 901 3
413 901 1
414 901 3
416 901 2
425 901 2
428 901 1
435 901 2
436 901 3
437 901 1
438 901 1
447 901 2
450 901 3
451 901 2
454 901 2
455 901 2
456 901 3
463 901 2
466 901 3
467 901 3
471 901 1
473 901 3
477 901 2
479 901 3
481 901 1
484 901 1
485 901 3
490 901 3
496 901 2
497 901 2
499 901 2
501 901 3
505 901 3
508 901 3
511 901 2
512 901 2
514 901 1
515 901 1
518 901 3
519 901 2
528 901 2
529 901 3
537 901 1
545 901 1
546 901 1
549 901 2
552 901 1
554 901 2
558 901 1
563 901 1
564 901 1
567 901 3
570 901 2
571 901 1
579 901 2
584 901 2
587 901 2
589 901 3
591 901 2
592 901 3
596 901 2
597 901 2
599 901 2
605 901 2
609 901 1
618 901 2
625 901 2
628 901 2
631 901 2
632 901 2
634 901 1
641 901 3
643 901 3
654 901 1
656 901 2
662 901 2
666 901 1
669 901 3
670 901 2
672 901 2
673 901 2
674 901 2
677 901 2
678 901 2
679 901 3
682 901 1
690 901 1
695 901 2
696 901 3
698 901 1
699 901 1
700 901 2
705 901 3
706 901 3
707 901 1
710 901 2
714 901 3
716 901 2
718 901 2
725 901 2
727 901 1
728 901 2
730 901 1
733 901 2
734 901 2
739 901 2
741 901 3
743 901 1
746 901 3
747 901 3
750 901 1
752 901 2
754 901 2
757 901 1
758 901 1
765 901 1
774 901 3
782 901 3
793 901 1
795 901 1
796 901 1
799 901 3
804 901 2
807 901 3
811 901 2
814 901 1
816 901 2
828 901 1
833 901 3
835 901 2
842 901 1
846 901 1
852 901 2
857 901 3
859 901 3
863 901 1
867 901 3
868 901 3
872 901 1
876 901 2
877 901 2
882 901 1
884 901 2
887 901 3
889 901 3
890 901 2
891 901 1
892 901 1
893 901 3
896 901 3
904 901 3
910 901 3
916 901 2
919 901 1
923 901 3
927 901 2
928 901 3
929 901 2
932 901 3
934 901 3
936 901 3
943 901 1
946 901 3
949 901 3
950 901 3
952 901 2
958 901 1
966 901 3
972 901 1
973 901 3
975 901 1
976 901 3
977 901 2
978 901 2
985 901 3
987 901 2
998 901 3
999 901 1
7 902 2
11 902 1
12 902 3
14 902 3
16 902 3
21 902 3
26 902 2
28 902 2
29 902 1
30 902 3
33 902 1
36 902 2
38 902 1
39 902 3
40 902 3
41 902 1
52 902 2
56 902 3
57 902 1
59 902 2
61 902 2
64 902 1
65 902 1
69 902 3
70 902 3
71 902 3
73 902 2
75 902 3
76 902 3
77 902 1
83 902 1
90 902 2
92 902 1
93 902 3
94 902 3
95 902 1
96 902 3
97 902 2
98 902 2
99 902 3
101 902 2
103 902 2
104 902 2
105 902 3
106 902 3
114 902 3
124 902 1
135 902 3
136 902 3
138 902 2
141 902 1
143 902 3
145 902 2
151 902 3
153 902 1
154 902 3
160 902 3
161 902 1
163 902 1
165 902 3
168 902 2
170 902 2
172 902 2
173 902 1
174 902 1
175 902 3
180 902 2
187 902 3
190 902 3
191 902 1
192 902 1
193 902 1
194 902 3
196 902 3
199 902 2
203 902 2
211 902 1
213 902 1
225 902 2
226 902 1
230 902 1
233 902 1
234 902 2
235 902 3
237 902 1
243 902 3
245 902 2
246 902 1
247 902 3
249 902 3
250 902 1
254 902 3
256 902 2
259 902 3
261 902 2
263 902 1
264 902 2
274 902 3
276 902 1
277 902 1
278 902 3
280 902 1
285 902 1
289 902 2
