138 722 2
140 722 3
143 722 3
146 722 2
147 722 1
148 722 2
151 722 3
152 722 1
153 722 3
160 722 3
167 722 3
170 722 2
175 722 2
179 722 3
181 722 2
186 722 3
191 722 2
192 722 3
193 722 2
196 722 3
198 722 1
199 722 2
205 722 2
206 722 3
208 722 2
209 722 2
210 722 2
214 722 1
220 722 3
227 722 2
228 722 1
230 722 2
231 722 3
232 722 2
234 722 2
235 722 3
239 722 3
242 722 3
244 722 1
246 722 2
248 722 3
251 722 3
252 722 1
254 722 3
258 722 3
259 722 3
266 722 3
268 722 2
272 722 2
273 722 1
277 722 3
279 722 2
284 722 3
287 722 3
292 722 3
297 722 2
299 722 3
303 722 1
307 722 2
308 722 1
310 722 1
314 722 3
316 722 3
319 722 3
322 722 3
330 722 3
331 722 1
335 722 1
337 722 2
341 722 3
343 722 1
353 722 2
355 722 2
357 722 2
361 722 2
362 722 2
369 722 1
370 722 1
379 722 3
380 722 2
381 722 2
382 722 3
386 722 1
390 722 1
392 722 2
393 722 2
394 722 2
396 722 2
398 722 3
401 722 3
402 722 3
408 722 3
414 722 2
415 722 2
418 722 2
419 722 1
421 722 1
422 722 3
424 722 2
426 722 3
427 722 1
431 722 1
433 722 2
442 722 1
445 722 2
448 722 1
450 722 2
461 722 1
462 722 1
464 722 3
465 722 2
467 722 1
468 722 2
470 722 3
471 722 3
477 722 1
484 722 3
492 722 1
496 722 1
500 722 2
508 722 3
509 722 1
510 722 2
516 722 1
520 722 2
521 722 2
524 722 3
527 722 3
528 722 1
530 722 3
533 722 2
534 722 1
535 722 1
536 722 3
538 722 3
540 722 1
550 722 3
551 722 2
554 722 2
557 722 2
558 722 3
561 722 2
565 722 3
567 722 1
572 722 2
573 722 2
575 722 3
576 722 1
577 722 1
583 722 3
588 722 3
589 722 1
591 722 1
597 722 2
598 722 2
603 722 2
604 722 3
606 722 3
607 722 1
612 722 2
613 722 3
616 722 3
617 722 2
620 722 3
621 722 3
628 722 1
631 722 1
636 722 3
637 722 2
642 722 3
644 722 2
649 722 2
651 722 3
652 722 2
654 722 2
655 722 2
656 722 2
657 722 3
662 722 1
663 722 1
668 722 2
670 722 3
672 722 2
673 722 3
675 722 3
681 722 3
684 722 2
688 722 1
689 722 3
690 722 1
698 722 1
699 722 2
700 722 1
704 722 2
707 722 3
708 722 3
710 722 2
711 722 2
712 722 2
713 722 1
715 722 2
716 722 3
718 722 2
720 722 3
729 722 2
730 722 2
735 722 2
739 722 2
742 722 2
746 722 3
748 722 3
752 722 3
755 722 1
762 722 1
763 722 2
764 722 1
767 722 3
770 722 2
771 722 1
775 722 1
777 722 3
780 722 2
781 722 2
783 722 2
788 722 2
792 722 2
795 722 3
798 722 1
799 722 1
801 722 3
806 722 2
807 722 3
814 722 1
815 722 3
816 722 3
823 722 1
825 722 3
828 722 1
831 722 3
834 722 1
835 722 2
837 722 3
838 722 1
844 722 1
846 722 1
847 722 1
854 722 1
858 722 1
859 722 3
864 722 1
865 722 2
866 722 3
867 722 1
872 722 3
873 722 1
879 722 3
881 722 2
885 722 2
886 722 2
887 722 3
889 722 3
892 722 3
896 722 3
902 722 3
903 722 2
908 722 3
911 722 3
918 722 3
919 722 3
922 722 3
924 722 1
926 722 3
934 722 2
935 722 2
936 722 1
938 722 2
941 722 3
948 722 3
950 722 2
954 722 1
956 722 2
957 722 3
958 722 1
962 722 1
965 722 1
968 722 3
978 722 2
979 722 3
982 722 2
985 722 2
988 722 3
989 722 3
990 722 1
992 722 2
994 722 2
995 722 3
996 722 1
998 722 2
0 723 2
2 723 2
3 723 1
4 723 2
6 723 2
7 723 1
8 723 1
10 723 3
12 723 2
16 723 3
20 723 1
23 723 1
24 723 1
25 723 3
27 723 3
39 723 2
42 723 1
46 723 3
47 723 3
49 723 3
55 723 1
59 723 1
67 723 3
76 723 1
77 723 1
82 723 2
83 723 2
85 723 1
89 723 2
96 723 1
100 723 3
103 723 3
104 723 3
108 723 3
109 723 1
110 723 1
112 723 3
113 723 2
115 723 2
117 723 1
119 723 2
121 723 2
122 723 3
123 723 1
124 723 3
125 723 3
126 723 1
131 723 2
133 723 3
136 723 2
137 723 1
139 723 3
140 723 3
143 723 1
147 723 2
149 723 2
151 723 3
152 723 1
154 723 2
159 723 2
163 723 2
164 723 2
166 723 3
171 723 2
176 723 2
179 723 1
185 723 3
189 723 2
194 723 1
198 723 3
200 723 3
201 723 3
203 723 3
204 723 2
205 723 2
212 723 3
213 723 2
215 723 1
223 723 3
224 723 3
228 723 1
232 723 2
235 723 2
236 723 3
238 723 1
240 723 2
243 723 3
244 723 2
248 723 1
249 723 3
252 723 3
260 723 3
262 723 2
268 723 1
269 723 2
276 723 3
277 723 1
285 723 3
288 723 1
293 723 2
295 723 3
297 723 3
300 723 3
306 723 2
308 723 2
312 723 1
316 723 1
317 723 3
318 723 1
320 723 1
321 723 2
324 723 3
325 723 2
326 723 3
327 723 3
330 723 1
331 723 3
333 723 3
336 723 2
337 723 1
338 723 3
342 723 2
344 723 3
346 723 2
348 723 1
357 723 1
359 723 2
361 723 1
364 723 1
366 723 2
374 723 1
375 723 1
378 723 1
380 723 1
383 723 3
384 723 3
386 723 1
388 723 2
389 723 3
390 723 1
393 723 3
394 723 1
398 723 1
399 723 3
400 723 2
401 723 1
405 723 1
408 723 3
409 723 3
412 723 3
416 723 2
417 723 1
419 723 2
420 723 1
423 723 2
427 723 3
435 723 2
437 723 3
441 723 2
444 723 2
445 723 1
449 723 1
450 723 3
454 723 2
456 723 2
458 723 3
462 723 2
463 723 3
464 723 3
472 723 3
474 723 2
478 723 3
480 723 3
486 723 2
494 723 2
495 723 3
496 723 3
497 723 2
498 723 2
500 723 3
502 723 1
504 723 3
508 723 1
511 723 1
513 723 2
517 723 1
518 723 1
520 723 3
522 723 3
527 723 1
528 723 2
533 723 3
536 723 2
538 723 3
539 723 2
541 723 2
544 723 3
546 723 1
550 723 1
561 723 2
572 723 3
574 723 1
579 723 3
580 723 3
581 723 2
582 723 3
584 723 1
587 723 1
590 723 3
596 723 3
614 723 1
620 723 3
633 723 3
634 723 3
635 723 1
646 723 3
648 723 1
649 723 1
652 723 3
655 723 1
656 723 1
657 723 1
659 723 1
661 723 2
664 723 1
667 723 1
668 723 1
677 723 2
679 723 3
683 723 3
685 723 3
686 723 1
687 723 2
688 723 1
692 723 2
699 723 2
700 723 3
705 723 3
706 723 2
707 723 3
711 723 1
714 723 1
718 723 1
719 723 3
722 723 1
725 723 1
737 723 1
740 723 1
744 723 3
747 723 3
749 723 1
754 723 2
757 723 2
760 723 2
764 723 3
769 723 2
772 723 2
773 723 2
775 723 3
778 723 3
780 723 3
781 723 3
782 723 3
788 723 3
794 723 3
797 723 1
799 723 3
800 723 1
805 723 2
810 723 3
815 723 1
827 723 3
828 723 2
829 723 2
833 723 1
834 723 2
840 723 3
844 723 2
847 723 2
848 723 2
852 723 3
855 723 1
856 723 1
858 723 3
862 723 1
864 723 2
867 723 1
868 723 1
869 723 3
877 723 2
878 723 2
884 723 1
886 723 1
889 723 2
893 723 1
894 723 2
896 723 3
897 723 1
898 723 2
899 723 3
900 723 3
905 723 3
918 723 3
919 723 1
926 723 2
930 723 2
933 723 1
941 723 2
943 723 2
944 723 1
946 723 2
951 723 1
952 723 3
953 723 1
954 723 1
955 723 1
957 723 1
968 723 2
971 723 2
972 723 3
973 723 3
974 723 1
979 723 3
981 723 2
982 723 2
983 723 3
985 723 3
991 723 3
994 723 2
999 723 1
1 724 1
4 724 2
5 724 2
7 724 3
8 724 3
11 724 2
16 724 2
17 724 3
21 724 3
24 724 3
25 724 3
29 724 2
33 724 2
43 724 2
44 724 3
46 724 2
51 724 2
53 724 1
54 724 1
58 724 3
60 724 2
62 724 1
64 724 3
65 724 3
66 724 3
70 724 1
71 724 1
74 724 1
75 724 2
81 724 1
82 724 1
83 724 1
85 724 2
91 724 3
92 724 1
95 724 3
97 724 3
98 724 1
