332 46 1
333 46 3
336 46 3
341 46 3
343 46 1
345 46 3
346 46 2
353 46 1
354 46 3
357 46 3
363 46 2
365 46 1
366 46 3
369 46 1
370 46 2
375 46 2
377 46 1
382 46 2
386 46 2
390 46 3
394 46 1
398 46 1
399 46 3
400 46 1
401 46 2
404 46 1
406 46 2
414 46 1
416 46 3
421 46 3
422 46 2
424 46 1
425 46 2
432 46 3
435 46 1
440 46 3
446 46 2
448 46 1
450 46 2
451 46 1
452 46 3
455 46 1
463 46 1
466 46 2
468 46 3
475 46 1
478 46 1
480 46 2
484 46 1
487 46 1
488 46 2
490 46 2
492 46 2
493 46 1
494 46 3
497 46 2
505 46 3
507 46 1
510 46 3
526 46 3
528 46 1
532 46 2
538 46 3
542 46 2
543 46 3
549 46 2
550 46 1
552 46 1
553 46 3
554 46 2
558 46 2
559 46 1
564 46 1
566 46 3
567 46 3
568 46 1
569 46 2
570 46 3
572 46 3
576 46 2
583 46 3
590 46 2
593 46 2
595 46 2
597 46 2
600 46 3
602 46 3
608 46 2
611 46 1
612 46 1
613 46 2
619 46 2
620 46 3
622 46 2
624 46 3
631 46 1
633 46 1
634 46 2
638 46 2
639 46 2
643 46 3
646 46 3
651 46 1
653 46 3
654 46 1
659 46 1
660 46 3
667 46 3
671 46 1
674 46 3
675 46 2
678 46 2
679 46 3
682 46 3
683 46 3
690 46 2
693 46 1
694 46 3
700 46 2
703 46 1
704 46 3
708 46 2
717 46 2
718 46 3
720 46 1
727 46 2
729 46 3
732 46 1
736 46 3
737 46 1
738 46 3
739 46 1
743 46 1
744 46 3
747 46 2
752 46 1
759 46 2
761 46 2
765 46 2
770 46 1
773 46 3
774 46 2
776 46 2
779 46 3
781 46 3
783 46 2
788 46 1
791 46 3
793 46 3
797 46 2
799 46 2
801 46 2
804 46 1
808 46 1
811 46 2
814 46 3
816 46 3
818 46 3
822 46 1
828 46 2
832 46 1
833 46 1
834 46 1
836 46 1
838 46 2
839 46 3
843 46 1
846 46 2
847 46 3
848 46 3
849 46 3
854 46 1
855 46 3
856 46 2
865 46 1
868 46 3
869 46 3
874 46 1
877 46 3
878 46 3
879 46 1
882 46 2
901 46 2
902 46 3
905 46 1
907 46 2
911 46 1
912 46 3
913 46 1
915 46 3
916 46 1
918 46 3
919 46 3
921 46 2
923 46 2
924 46 1
925 46 3
929 46 3
932 46 1
934 46 3
936 46 3
941 46 2
942 46 3
943 46 2
948 46 1
949 46 3
955 46 3
956 46 3
961 46 2
962 46 1
964 46 3
969 46 2
971 46 1
972 46 3
986 46 2
987 46 3
991 46 3
993 46 1
994 46 2
997 46 1
1 47 3
2 47 1
4 47 1
8 47 1
9 47 1
13 47 1
15 47 3
17 47 2
21 47 3
23 47 2
27 47 2
28 47 1
30 47 2
32 47 3
36 47 3
37 47 3
38 47 1
43 47 1
44 47 3
51 47 1
52 47 1
67 47 2
69 47 3
73 47 1
74 47 2
75 47 1
78 47 1
81 47 3
82 47 2
87 47 3
89 47 2
95 47 2
100 47 3
101 47 1
104 47 2
108 47 2
111 47 1
118 47 3
121 47 3
123 47 3
125 47 1
135 47 3
137 47 1
139 47 1
141 47 1
145 47 1
148 47 3
152 47 1
153 47 3
154 47 1
155 47 2
158 47 1
176 47 1
180 47 1
181 47 2
184 47 3
190 47 2
197 47 1
199 47 2
200 47 2
201 47 2
206 47 3
212 47 2
214 47 3
219 47 3
221 47 1
223 47 2
227 47 1
229 47 3
236 47 3
240 47 1
248 47 3
254 47 3
259 47 3
260 47 1
261 47 3
262 47 1
264 47 3
265 47 3
268 47 2
271 47 3
272 47 2
274 47 2
277 47 2
279 47 1
281 47 3
288 47 3
289 47 2
290 47 3
298 47 2
300 47 1
301 47 1
304 47 2
305 47 3
308 47 3
313 47 1
314 47 1
321 47 1
322 47 1
328 47 1
331 47 3
335 47 2
337 47 2
341 47 1
344 47 2
351 47 2
353 47 1
358 47 3
360 47 2
362 47 3
364 47 1
372 47 3
373 47 3
375 47 2
377 47 3
378 47 2
382 47 2
384 47 3
386 47 3
387 47 1
389 47 1
390 47 1
391 47 2
394 47 3
396 47 2
398 47 3
399 47 3
400 47 1
401 47 1
408 47 3
412 47 2
421 47 1
423 47 3
428 47 3
429 47 3
433 47 1
434 47 3
435 47 3
439 47 2
443 47 1
446 47 3
450 47 2
456 47 1
472 47 2
476 47 2
478 47 2
481 47 2
482 47 2
483 47 2
491 47 2
495 47 2
500 47 1
501 47 2
504 47 1
505 47 3
508 47 1
511 47 1
514 47 2
515 47 2
519 47 1
521 47 2
526 47 3
533 47 1
535 47 2
537 47 3
539 47 3
541 47 1
545 47 2
546 47 2
548 47 3
549 47 1
550 47 2
551 47 3
554 47 1
556 47 2
558 47 3
559 47 1
560 47 2
561 47 1
562 47 1
568 47 1
572 47 1
574 47 2
575 47 3
579 47 2
584 47 1
590 47 3
594 47 1
596 47 1
600 47 3
601 47 1
603 47 2
607 47 1
608 47 1
616 47 3
618 47 2
621 47 3
627 47 2
630 47 3
635 47 3
638 47 2
639 47 3
640 47 2
642 47 1
647 47 3
650 47 2
652 47 2
656 47 3
662 47 2
665 47 2
666 47 3
668 47 1
670 47 3
679 47 1
689 47 2
690 47 3
699 47 2
702 47 3
703 47 3
704 47 3
705 47 3
710 47 3
712 47 1
716 47 3
719 47 1
727 47 2
732 47 2
734 47 3
740 47 1
745 47 2
746 47 2
752 47 2
756 47 2
757 47 2
759 47 2
764 47 1
767 47 3
770 47 3
775 47 3
782 47 3
787 47 1
790 47 2
795 47 3
798 47 1
799 47 1
800 47 2
802 47 3
803 47 3
808 47 3
813 47 1
817 47 3
823 47 2
825 47 1
830 47 3
831 47 2
833 47 2
835 47 1
837 47 2
839 47 3
841 47 3
843 47 3
850 47 1
852 47 2
853 47 2
861 47 2
863 47 3
869 47 3
871 47 1
872 47 1
878 47 3
879 47 1
881 47 3
882 47 3
883 47 3
892 47 3
897 47 1
898 47 2
899 47 2
900 47 2
903 47 1
908 47 3
909 47 1
910 47 2
911 47 3
913 47 2
915 47 2
918 47 2
922 47 1
923 47 2
924 47 2
930 47 3
931 47 1
934 47 2
936 47 3
938 47 3
939 47 3
940 47 1
941 47 1
943 47 1
945 47 3
947 47 3
949 47 3
954 47 3
960 47 2
963 47 1
966 47 1
968 47 2
970 47 3
972 47 2
976 47 3
980 47 3
982 47 2
983 47 3
985 47 3
989 47 1
998 47 1
0 48 3
3 48 3
6 48 3
9 48 3
10 48 2
11 48 1
14 48 1
20 48 2
22 48 2
25 48 1
26 48 2
28 48 3
31 48 2
33 48 2
34 48 1
39 48 3
40 48 2
42 48 1
44 48 2
47 48 2
49 48 2
53 48 1
56 48 2
57 48 1
58 48 2
61 48 3
63 48 1
64 48 2
74 48 3
75 48 2
76 48 1
78 48 2
84 48 1
88 48 1
91 48 1
98 48 1
100 48 2
104 48 3
109 48 1
118 48 1
121 48 3
122 48 2
125 48 1
128 48 3
132 48 3
136 48 3
137 48 2
138 48 3
139 48 2
141 48 1
143 48 1
144 48 3
145 48 1
157 48 3
158 48 3
161 48 2
163 48 3
164 48 3
165 48 1
166 48 1
167 48 1
168 48 1
170 48 1
172 48 1
173 48 2
174 48 2
176 48 2
177 48 2
178 48 3
183 48 3
186 48 2
188 48 3
192 48 3
194 48 2
196 48 1
197 48 2
200 48 2
201 48 3
207 48 3
211 48 3
212 48 3
213 48 2
220 48 1
224 48 1
228 48 2
232 48 2
234 48 1
246 48 2
247 48 1
251 48 3
253 48 2
255 48 2
259 48 2
260 48 1
265 48 3
269 48 1
274 48 2
276 48 3
283 48 1
285 48 2
292 48 1
294 48 3
297 48 2
298 48 1
308 48 1
311 48 3
312 48 3
313 48 1
319 48 2
321 48 2
326 48 2
328 48 1
330 48 1
331 48 3
335 48 2
338 48 1
342 48 1
343 48 2
344 48 1
345 48 3
346 48 3
347 48 3
351 48 1
355 48 1
358 48 1
359 48 2
362 48 1
373 48 1
375 48 1
376 48 1
