324 932 2
327 932 3
334 932 1
339 932 1
343 932 2
345 932 1
348 932 1
356 932 2
358 932 1
359 932 2
362 932 2
364 932 1
365 932 3
367 932 2
368 932 2
379 932 2
381 932 3
385 932 2
387 932 3
391 932 2
398 932 2
400 932 1
403 932 2
405 932 1
406 932 3
411 932 3
414 932 3
416 932 1
419 932 2
420 932 3
422 932 1
423 932 3
425 932 3
426 932 1
433 932 3
436 932 1
442 932 1
443 932 1
446 932 1
453 932 2
462 932 1
463 932 3
466 932 3
467 932 2
469 932 2
473 932 1
475 932 2
479 932 3
482 932 3
483 932 3
484 932 3
490 932 3
491 932 3
492 932 3
495 932 3
496 932 3
499 932 3
500 932 2
501 932 3
504 932 1
507 932 3
511 932 3
516 932 3
517 932 1
518 932 2
525 932 1
530 932 1
531 932 1
532 932 1
537 932 3
542 932 2
543 932 2
544 932 3
553 932 2
554 932 1
559 932 2
561 932 2
563 932 1
566 932 1
567 932 2
568 932 2
572 932 1
573 932 1
575 932 2
576 932 3
577 932 2
587 932 2
588 932 2
591 932 3
594 932 1
602 932 3
603 932 2
604 932 1
607 932 1
610 932 1
611 932 3
612 932 3
615 932 1
616 932 2
625 932 2
626 932 2
633 932 2
636 932 1
637 932 3
638 932 3
640 932 1
642 932 2
647 932 1
648 932 3
654 932 3
656 932 1
658 932 1
662 932 3
664 932 2
670 932 1
671 932 3
679 932 2
680 932 3
683 932 1
686 932 1
689 932 2
691 932 3
693 932 1
695 932 3
699 932 1
701 932 3
702 932 3
703 932 2
707 932 1
708 932 2
709 932 1
712 932 1
715 932 2
717 932 1
720 932 1
721 932 2
725 932 1
726 932 1
727 932 2
732 932 1
742 932 3
747 932 3
748 932 1
749 932 3
750 932 1
752 932 1
756 932 2
757 932 2
758 932 1
759 932 2
760 932 3
761 932 2
762 932 3
765 932 2
766 932 1
768 932 3
772 932 1
775 932 2
778 932 3
779 932 1
787 932 2
791 932 1
793 932 3
795 932 1
811 932 2
813 932 3
817 932 2
828 932 1
829 932 3
834 932 3
836 932 2
839 932 1
840 932 1
843 932 1
847 932 1
852 932 2
860 932 2
861 932 2
865 932 3
867 932 2
870 932 2
872 932 2
873 932 3
875 932 3
876 932 3
877 932 1
884 932 1
885 932 1
886 932 3
898 932 3
903 932 2
913 932 1
915 932 2
917 932 1
919 932 3
923 932 3
925 932 2
929 932 3
932 932 1
935 932 1
938 932 1
941 932 2
943 932 2
945 932 2
947 932 3
952 932 2
954 932 1
957 932 3
963 932 1
964 932 3
969 932 3
970 932 1
971 932 1
972 932 3
978 932 3
980 932 3
985 932 1
987 932 1
990 932 2
996 932 1
0 933 2
2 933 2
5 933 2
7 933 3
8 933 3
10 933 3
14 933 1
15 933 1
17 933 1
18 933 3
20 933 2
21 933 3
25 933 1
28 933 1
31 933 1
33 933 3
36 933 3
37 933 1
39 933 3
40 933 3
43 933 1
45 933 3
50 933 2
51 933 3
52 933 1
53 933 2
54 933 1
64 933 1
66 933 1
67 933 2
78 933 3
80 933 1
82 933 2
88 933 1
90 933 3
98 933 1
99 933 1
103 933 3
104 933 3
109 933 3
115 933 1
116 933 3
117 933 2
120 933 1
129 933 2
130 933 2
131 933 1
132 933 2
134 933 3
136 933 2
142 933 1
145 933 2
146 933 1
147 933 2
148 933 1
149 933 3
150 933 1
151 933 2
152 933 1
155 933 2
157 933 2
159 933 3
160 933 2
161 933 1
163 933 3
166 933 2
175 933 2
176 933 2
178 933 2
182 933 2
183 933 3
189 933 1
196 933 2
203 933 1
207 933 2
216 933 1
218 933 1
219 933 3
221 933 1
222 933 2
223 933 3
228 933 1
230 933 1
233 933 3
235 933 3
237 933 1
241 933 1
242 933 1
244 933 1
247 933 2
250 933 2
253 933 2
254 933 1
256 933 1
259 933 1
260 933 2
265 933 1
266 933 2
267 933 2
268 933 1
270 933 1
271 933 1
273 933 2
276 933 1
278 933 3
279 933 3
282 933 3
290 933 2
293 933 1
296 933 1
301 933 3
303 933 3
305 933 1
306 933 2
312 933 3
313 933 2
314 933 2
315 933 1
317 933 2
319 933 2
327 933 3
329 933 1
331 933 2
332 933 1
335 933 2
343 933 3
347 933 3
350 933 1
354 933 2
355 933 2
357 933 1
361 933 2
366 933 1
368 933 3
370 933 1
378 933 3
379 933 1
381 933 3
385 933 2
391 933 2
392 933 3
395 933 2
396 933 3
397 933 1
399 933 3
402 933 1
403 933 3
405 933 3
407 933 3
408 933 2
409 933 3
411 933 3
415 933 1
416 933 3
419 933 3
420 933 3
422 933 1
424 933 3
425 933 2
430 933 3
431 933 3
434 933 1
437 933 3
441 933 1
442 933 3
446 933 3
448 933 1
452 933 2
454 933 1
464 933 1
466 933 2
468 933 2
472 933 2
476 933 1
477 933 3
478 933 1
479 933 3
480 933 2
488 933 2
492 933 1
499 933 3
505 933 2
508 933 3
512 933 3
516 933 3
518 933 2
521 933 1
523 933 3
524 933 2
529 933 2
532 933 3
535 933 1
547 933 2
548 933 2
552 933 3
553 933 2
554 933 3
557 933 2
560 933 1
561 933 2
562 933 1
563 933 1
564 933 2
565 933 3
567 933 1
568 933 3
569 933 2
570 933 3
572 933 3
576 933 2
578 933 3
579 933 3
583 933 2
584 933 2
592 933 3
598 933 3
600 933 2
607 933 1
612 933 2
613 933 1
618 933 1
620 933 3
622 933 2
625 933 3
635 933 2
637 933 3
640 933 2
643 933 3
645 933 1
651 933 3
655 933 2
660 933 1
663 933 3
664 933 2
667 933 2
670 933 1
672 933 3
673 933 3
676 933 2
684 933 2
690 933 3
691 933 1
692 933 3
693 933 3
695 933 1
699 933 1
706 933 1
709 933 2
713 933 2
714 933 2
718 933 2
720 933 3
726 933 1
727 933 1
728 933 3
729 933 3
733 933 1
734 933 1
735 933 2
738 933 3
739 933 3
740 933 3
747 933 1
748 933 2
751 933 1
752 933 3
754 933 3
760 933 3
762 933 2
764 933 3
768 933 3
779 933 2
781 933 3
782 933 1
783 933 1
784 933 3
788 933 2
794 933 3
795 933 1
797 933 3
799 933 1
803 933 1
806 933 1
807 933 1
812 933 3
813 933 1
815 933 1
817 933 2
822 933 3
824 933 3
825 933 2
826 933 1
827 933 1
828 933 1
829 933 1
831 933 3
832 933 1
836 933 1
837 933 3
843 933 2
844 933 2
845 933 1
846 933 1
848 933 1
854 933 3
855 933 1
858 933 1
860 933 1
862 933 1
865 933 1
866 933 3
869 933 2
872 933 2
873 933 1
874 933 2
875 933 2
880 933 1
884 933 1
888 933 3
889 933 1
897 933 2
898 933 1
902 933 1
903 933 3
904 933 3
906 933 3
911 933 1
913 933 1
914 933 3
916 933 1
917 933 3
921 933 3
922 933 2
923 933 1
932 933 2
934 933 3
941 933 2
943 933 1
945 933 2
948 933 3
949 933 3
950 933 1
953 933 2
956 933 3
958 933 1
961 933 3
970 933 1
972 933 1
974 933 1
975 933 2
977 933 1
979 933 2
986 933 1
987 933 2
988 933 1
993 933 3
994 933 3
995 933 1
996 933 2
1 934 1
6 934 1
12 934 2
16 934 3
19 934 2
20 934 1
27 934 1
28 934 3
29 934 3
30 934 2
33 934 1
40 934 2
47 934 3
48 934 3
50 934 1
51 934 2
54 934 1
55 934 3
56 934 2
61 934 2
64 934 1
67 934 3
68 934 3
71 934 3
72 934 1
73 934 3
74 934 1
76 934 3
81 934 2
86 934 2
88 934 1
92 934 3
103 934 2
106 934 1
107 934 1
108 934 3
110 934 1
122 934 1
127 934 3
135 934 1
141 934 2
146 934 2
153 934 3
157 934 1
162 934 1
164 934 2
166 934 1
168 934 2
169 934 1
170 934 3
174 934 1
179 934 3
187 934 2
189 934 2
192 934 2
193 934 2
198 934 3
201 934 3
205 934 2
208 934 2
209 934 1
210 934 2
213 934 3
214 934 3
217 934 1
218 934 2
221 934 3
224 934 1
225 934 3
227 934 3
228 934 1
229 934 1
234 934 2
240 934 2
246 934 1
247 934 1
249 934 1
251 934 2
258 934 1
259 934 2
263 934 3
264 934 3
276 934 2
281 934 3
282 934 2
284 934 3
289 934 3
