317 552 2
318 552 1
324 552 1
325 552 2
326 552 2
331 552 2
333 552 1
338 552 1
339 552 3
341 552 2
344 552 3
345 552 2
347 552 2
359 552 1
361 552 2
370 552 3
371 552 2
372 552 3
373 552 2
375 552 3
378 552 1
379 552 2
381 552 3
382 552 1
385 552 3
388 552 3
390 552 2
392 552 2
394 552 2
399 552 3
405 552 1
406 552 1
407 552 1
409 552 3
410 552 2
411 552 1
417 552 1
424 552 2
428 552 2
430 552 1
438 552 1
443 552 1
445 552 3
452 552 3
453 552 1
454 552 2
457 552 1
458 552 1
461 552 2
464 552 2
468 552 3
471 552 3
472 552 2
475 552 1
476 552 1
477 552 1
479 552 1
480 552 2
483 552 3
486 552 2
489 552 1
490 552 1
493 552 3
497 552 1
501 552 1
505 552 1
507 552 2
514 552 3
518 552 1
520 552 2
523 552 1
527 552 2
529 552 3
533 552 2
534 552 2
535 552 1
539 552 1
540 552 2
541 552 3
551 552 1
554 552 3
555 552 3
559 552 3
561 552 1
562 552 2
567 552 3
568 552 1
569 552 2
573 552 3
574 552 3
576 552 2
577 552 1
593 552 1
594 552 3
595 552 3
596 552 3
600 552 1
601 552 1
602 552 2
605 552 3
608 552 3
610 552 3
613 552 2
614 552 2
624 552 2
626 552 2
627 552 1
629 552 3
631 552 2
636 552 2
638 552 2
640 552 2
641 552 1
643 552 3
644 552 1
647 552 3
649 552 1
651 552 2
658 552 1
663 552 2
665 552 3
666 552 3
667 552 3
668 552 1
672 552 2
675 552 1
678 552 2
679 552 2
681 552 3
682 552 3
684 552 1
685 552 1
692 552 2
693 552 3
695 552 2
696 552 3
702 552 1
704 552 1
705 552 1
706 552 3
711 552 1
713 552 1
716 552 2
720 552 3
722 552 1
724 552 3
726 552 3
727 552 2
730 552 2
731 552 1
733 552 3
737 552 1
739 552 2
743 552 2
745 552 2
751 552 2
758 552 1
759 552 3
762 552 3
766 552 3
767 552 2
769 552 2
772 552 3
781 552 3
783 552 3
786 552 2
789 552 2
791 552 1
793 552 3
795 552 2
797 552 2
801 552 1
805 552 1
807 552 1
809 552 1
813 552 3
816 552 3
822 552 1
823 552 3
824 552 3
826 552 1
827 552 2
828 552 2
829 552 1
830 552 1
831 552 1
833 552 2
835 552 3
839 552 1
842 552 1
843 552 3
848 552 3
849 552 3
857 552 2
863 552 2
864 552 2
866 552 2
868 552 1
872 552 2
874 552 3
880 552 2
881 552 1
882 552 1
885 552 2
888 552 1
889 552 1
892 552 2
895 552 2
896 552 1
898 552 3
900 552 3
902 552 2
905 552 2
906 552 2
907 552 1
910 552 3
917 552 2
918 552 1
921 552 3
924 552 2
928 552 3
929 552 3
930 552 3
933 552 3
936 552 2
938 552 1
943 552 2
944 552 3
946 552 2
955 552 2
957 552 3
960 552 2
962 552 2
963 552 2
966 552 3
967 552 2
971 552 2
975 552 3
978 552 2
979 552 2
980 552 2
986 552 2
987 552 3
990 552 1
996 552 2
9 553 2
17 553 2
20 553 2
21 553 3
26 553 2
27 553 2
30 553 1
32 553 2
33 553 3
35 553 3
36 553 3
42 553 3
45 553 3
48 553 2
52 553 3
53 553 1
57 553 3
58 553 3
62 553 1
63 553 3
64 553 3
65 553 3
67 553 1
68 553 3
69 553 1
72 553 1
74 553 2
76 553 3
77 553 1
78 553 2
79 553 2
80 553 1
84 553 2
85 553 2
87 553 2
90 553 2
95 553 1
96 553 2
97 553 3
98 553 1
101 553 1
102 553 3
103 553 3
105 553 1
107 553 1
109 553 2
114 553 3
119 553 2
123 553 2
128 553 3
129 553 1
131 553 2
140 553 1
145 553 3
147 553 2
152 553 1
154 553 1
158 553 2
161 553 3
166 553 3
169 553 2
170 553 2
171 553 1
173 553 3
175 553 2
176 553 3
177 553 3
181 553 3
186 553 3
188 553 2
191 553 3
194 553 3
198 553 1
199 553 1
200 553 3
201 553 3
203 553 2
209 553 1
213 553 3
214 553 3
215 553 3
217 553 2
219 553 1
223 553 3
226 553 3
229 553 1
234 553 2
235 553 2
236 553 1
244 553 3
246 553 3
247 553 3
251 553 2
255 553 3
256 553 2
259 553 2
262 553 1
264 553 3
265 553 3
266 553 2
268 553 1
271 553 3
279 553 1
281 553 3
282 553 1
289 553 3
292 553 3
297 553 3
305 553 3
308 553 2
311 553 1
315 553 1
317 553 1
318 553 2
321 553 2
331 553 2
332 553 3
335 553 3
336 553 3
340 553 3
342 553 2
344 553 2
350 553 2
352 553 3
355 553 2
357 553 2
361 553 2
365 553 1
366 553 2
374 553 3
375 553 1
376 553 1
379 553 2
380 553 3
384 553 3
385 553 2
388 553 1
394 553 3
396 553 2
400 553 2
402 553 1
403 553 2
407 553 1
409 553 2
411 553 1
415 553 1
420 553 3
423 553 3
431 553 1
432 553 1
435 553 3
436 553 2
441 553 2
442 553 3
447 553 3
454 553 2
457 553 3
460 553 2
463 553 1
464 553 2
466 553 1
467 553 1
471 553 2
479 553 3
481 553 1
483 553 2
488 553 3
491 553 3
495 553 1
496 553 1
497 553 2
499 553 3
500 553 2
503 553 1
506 553 2
508 553 3
516 553 1
518 553 3
520 553 2
522 553 2
524 553 2
525 553 3
527 553 3
528 553 1
531 553 1
534 553 2
535 553 1
541 553 3
542 553 3
545 553 3
546 553 2
547 553 2
550 553 2
551 553 1
554 553 1
555 553 1
557 553 1
560 553 3
563 553 3
564 553 1
565 553 3
569 553 1
577 553 2
578 553 3
580 553 2
584 553 2
586 553 3
590 553 3
591 553 2
592 553 2
596 553 2
598 553 1
602 553 2
613 553 3
615 553 2
617 553 1
622 553 1
627 553 2
628 553 1
634 553 3
635 553 2
638 553 3
639 553 3
640 553 1
642 553 2
645 553 2
649 553 1
651 553 3
654 553 1
661 553 1
665 553 2
667 553 1
669 553 3
671 553 1
672 553 3
676 553 3
677 553 1
681 553 1
684 553 3
687 553 1
694 553 2
700 553 3
703 553 1
707 553 2
709 553 1
712 553 2
718 553 1
720 553 2
723 553 3
733 553 3
736 553 3
740 553 1
743 553 1
745 553 2
746 553 3
747 553 1
748 553 1
749 553 2
753 553 2
762 553 2
763 553 3
767 553 2
769 553 3
773 553 1
774 553 1
775 553 2
776 553 3
779 553 3
785 553 1
786 553 2
787 553 2
788 553 1
791 553 3
799 553 1
804 553 3
806 553 3
807 553 1
810 553 3
811 553 1
812 553 1
814 553 2
817 553 2
820 553 2
824 553 2
826 553 2
829 553 3
831 553 1
832 553 3
834 553 2
838 553 2
840 553 2
841 553 2
850 553 2
853 553 3
856 553 3
861 553 2
862 553 1
863 553 1
865 553 1
868 553 2
869 553 2
875 553 3
879 553 1
885 553 3
895 553 2
898 553 3
899 553 3
901 553 3
903 553 1
904 553 3
910 553 3
911 553 1
912 553 3
914 553 2
917 553 3
919 553 2
920 553 2
925 553 2
929 553 2
931 553 2
934 553 2
936 553 3
938 553 3
939 553 2
941 553 1
944 553 3
945 553 3
952 553 2
953 553 1
954 553 3
956 553 2
959 553 2
961 553 1
963 553 1
966 553 1
971 553 3
972 553 1
973 553 2
979 553 2
982 553 1
986 553 3
989 553 2
992 553 2
995 553 2
998 553 3
4 554 1
11 554 2
13 554 2
14 554 1
15 554 1
16 554 1
17 554 2
20 554 3
25 554 3
26 554 2
29 554 2
34 554 3
38 554 3
39 554 1
44 554 1
51 554 3
56 554 3
60 554 2
61 554 1
62 554 1
63 554 1
64 554 3
67 554 1
74 554 3
75 554 1
76 554 2
79 554 1
80 554 3
83 554 2
89 554 1
108 554 2
113 554 2
116 554 2
122 554 2
123 554 2
124 554 2
127 554 1
130 554 3
132 554 1
139 554 3
141 554 1
145 554 3
146 554 3
154 554 2
155 554 1
157 554 3
161 554 1
164 554 1
165 554 2
168 554 3
173 554 1
177 554 3
180 554 1
183 554 2
186 554 2
187 554 3
188 554 1
192 554 1
193 554 1
194 554 3
200 554 2
205 554 2
208 554 1
209 554 1
212 554 3
213 554 1
217 554 3
220 554 1
232 554 3
237 554 1
239 554 2
242 554 1
245 554 2
246 554 2
248 554 3
250 554 3
