277 550 2
280 550 3
282 550 1
283 550 2
286 550 2
288 550 1
289 550 1
296 550 1
299 550 2
300 550 2
302 550 3
306 550 3
308 550 1
314 550 3
319 550 2
323 550 2
324 550 3
325 550 2
329 550 3
331 550 3
333 550 3
334 550 2
336 550 1
337 550 2
341 550 1
344 550 1
345 550 2
347 550 1
352 550 3
353 550 3
354 550 3
355 550 1
356 550 2
358 550 1
359 550 1
366 550 1
367 550 3
369 550 1
373 550 3
374 550 1
380 550 2
381 550 1
382 550 3
386 550 3
394 550 3
395 550 2
398 550 2
399 550 1
400 550 1
401 550 2
402 550 3
404 550 1
406 550 3
408 550 2
413 550 1
414 550 2
418 550 2
421 550 2
425 550 2
427 550 2
428 550 2
429 550 3
430 550 1
432 550 2
433 550 2
434 550 3
438 550 1
443 550 3
449 550 2
451 550 1
454 550 2
456 550 1
458 550 2
459 550 2
460 550 3
461 550 2
462 550 3
464 550 1
466 550 3
467 550 1
473 550 2
475 550 2
477 550 2
480 550 1
482 550 2
483 550 1
484 550 3
486 550 1
487 550 1
490 550 3
491 550 1
506 550 3
507 550 2
509 550 1
511 550 1
515 550 3
516 550 1
529 550 1
532 550 3
534 550 1
535 550 2
536 550 1
538 550 2
540 550 2
548 550 3
552 550 3
554 550 3
556 550 1
559 550 2
561 550 3
563 550 3
565 550 1
567 550 3
568 550 1
572 550 1
573 550 3
574 550 1
576 550 1
578 550 1
580 550 3
593 550 2
594 550 2
600 550 1
601 550 2
609 550 3
611 550 1
614 550 2
616 550 1
618 550 3
619 550 3
620 550 3
626 550 3
627 550 2
628 550 3
630 550 2
631 550 2
633 550 1
636 550 3
638 550 1
640 550 1
641 550 2
645 550 1
647 550 1
649 550 3
651 550 1
652 550 2
654 550 3
656 550 3
661 550 2
663 550 3
664 550 2
665 550 2
672 550 2
675 550 3
677 550 1
680 550 1
682 550 1
688 550 2
692 550 2
693 550 2
696 550 3
702 550 2
704 550 3
706 550 1
707 550 2
708 550 2
709 550 2
712 550 2
714 550 3
715 550 3
724 550 2
726 550 1
731 550 1
732 550 1
736 550 1
744 550 2
745 550 1
747 550 3
749 550 1
755 550 1
757 550 3
758 550 2
760 550 3
764 550 3
766 550 3
768 550 1
771 550 1
776 550 2
786 550 1
787 550 2
788 550 2
790 550 3
791 550 3
792 550 3
793 550 2
794 550 2
796 550 1
800 550 2
801 550 3
806 550 2
808 550 2
815 550 1
817 550 2
819 550 1
822 550 2
826 550 1
833 550 1
836 550 3
837 550 3
838 550 1
839 550 1
840 550 1
843 550 2
851 550 2
853 550 2
854 550 2
856 550 3
858 550 1
859 550 1
863 550 2
864 550 2
865 550 1
867 550 3
868 550 2
873 550 2
874 550 2
875 550 2
877 550 1
888 550 3
893 550 2
898 550 3
900 550 1
902 550 2
904 550 2
907 550 2
912 550 1
918 550 3
922 550 3
926 550 1
927 550 1
933 550 1
934 550 1
935 550 3
943 550 2
945 550 3
953 550 2
954 550 1
958 550 2
961 550 1
962 550 1
963 550 1
967 550 3
968 550 3
971 550 2
972 550 1
973 550 2
974 550 3
977 550 3
978 550 3
979 550 3
982 550 2
985 550 2
988 550 2
989 550 3
992 550 2
997 550 2
999 550 1
0 551 3
9 551 2
11 551 3
12 551 1
18 551 1
21 551 2
22 551 1
24 551 3
25 551 2
29 551 1
32 551 2
34 551 2
36 551 1
40 551 1
44 551 3
46 551 1
51 551 1
52 551 2
55 551 2
60 551 1
61 551 3
62 551 1
63 551 1
65 551 3
68 551 3
74 551 2
75 551 3
76 551 2
77 551 2
80 551 3
85 551 3
87 551 3
88 551 2
89 551 1
90 551 2
95 551 1
97 551 3
99 551 2
100 551 2
102 551 3
109 551 2
116 551 3
119 551 3
120 551 2
123 551 3
125 551 2
126 551 1
131 551 3
134 551 2
142 551 2
146 551 1
148 551 1
154 551 3
155 551 3
160 551 1
165 551 3
169 551 3
170 551 1
173 551 3
175 551 1
182 551 2
187 551 3
190 551 3
192 551 2
194 551 1
196 551 1
199 551 2
203 551 3
204 551 3
205 551 2
206 551 1
210 551 2
212 551 1
213 551 2
214 551 1
216 551 2
221 551 3
222 551 2
227 551 3
235 551 3
237 551 3
240 551 3
244 551 3
245 551 1
247 551 3
250 551 2
252 551 3
255 551 3
257 551 1
258 551 1
259 551 1
262 551 2
264 551 2
269 551 1
278 551 1
280 551 3
289 551 3
294 551 3
304 551 1
305 551 2
307 551 2
309 551 2
316 551 2
321 551 3
322 551 1
328 551 2
330 551 1
332 551 1
336 551 3
337 551 2
339 551 3
340 551 3
342 551 2
344 551 3
345 551 3
352 551 2
353 551 1
355 551 1
359 551 1
362 551 1
364 551 2
376 551 3
380 551 2
381 551 1
387 551 3
390 551 2
396 551 1
402 551 2
409 551 1
410 551 1
417 551 3
419 551 1
420 551 2
424 551 3
428 551 3
429 551 2
430 551 3
436 551 3
441 551 1
448 551 2
449 551 2
460 551 3
461 551 3
467 551 2
475 551 3
484 551 2
487 551 3
489 551 1
493 551 3
496 551 2
503 551 1
509 551 2
513 551 2
514 551 3
516 551 1
517 551 3
523 551 3
524 551 3
525 551 3
529 551 2
530 551 3
535 551 3
538 551 1
540 551 1
547 551 2
548 551 3
550 551 2
556 551 1
557 551 2
558 551 2
560 551 1
563 551 3
567 551 3
569 551 3
573 551 1
575 551 1
576 551 2
580 551 1
583 551 2
584 551 1
585 551 2
587 551 1
589 551 3
597 551 2
600 551 1
601 551 2
604 551 2
606 551 3
607 551 2
611 551 2
613 551 3
614 551 1
618 551 1
619 551 1
620 551 2
621 551 1
626 551 3
631 551 1
634 551 3
637 551 3
640 551 2
641 551 1
642 551 1
644 551 3
645 551 1
652 551 2
653 551 3
658 551 2
661 551 1
662 551 1
668 551 3
670 551 1
676 551 3
678 551 1
681 551 2
684 551 3
687 551 1
690 551 2
691 551 3
692 551 2
697 551 1
702 551 2
706 551 2
710 551 2
712 551 1
713 551 1
717 551 1
721 551 3
722 551 1
723 551 3
724 551 1
727 551 2
732 551 2
733 551 2
737 551 3
741 551 1
744 551 1
745 551 3
746 551 1
748 551 3
750 551 2
755 551 3
761 551 1
762 551 3
765 551 2
766 551 2
767 551 2
768 551 1
770 551 2
771 551 2
775 551 3
780 551 3
786 551 2
787 551 1
789 551 2
791 551 1
792 551 1
798 551 3
807 551 3
808 551 2
813 551 3
820 551 2
823 551 2
825 551 2
829 551 3
830 551 1
834 551 2
836 551 2
837 551 3
838 551 2
839 551 3
840 551 3
842 551 2
845 551 2
850 551 1
856 551 1
857 551 1
862 551 1
864 551 2
865 551 2
870 551 2
871 551 2
875 551 2
879 551 2
888 551 3
894 551 3
896 551 1
899 551 1
900 551 2
902 551 2
903 551 1
906 551 2
914 551 2
919 551 1
922 551 3
925 551 1
929 551 1
931 551 1
932 551 1
936 551 3
943 551 1
945 551 1
946 551 2
952 551 3
955 551 3
960 551 2
962 551 3
966 551 1
969 551 1
974 551 1
987 551 2
993 551 2
997 551 2
0 552 3
1 552 3
4 552 3
6 552 2
17 552 1
18 552 2
19 552 1
22 552 1
26 552 1
30 552 1
38 552 2
44 552 3
45 552 1
49 552 1
53 552 1
61 552 1
62 552 2
68 552 3
78 552 3
82 552 3
86 552 2
95 552 3
98 552 3
101 552 2
103 552 1
105 552 2
106 552 1
111 552 1
112 552 3
114 552 3
115 552 2
116 552 3
129 552 3
139 552 2
140 552 3
141 552 1
146 552 2
154 552 2
156 552 2
157 552 3
161 552 2
165 552 2
170 552 3
176 552 3
178 552 3
183 552 3
184 552 3
193 552 3
198 552 2
201 552 1
205 552 1
209 552 3
210 552 2
214 552 3
218 552 3
225 552 1
228 552 2
232 552 3
233 552 1
234 552 3
237 552 2
238 552 2
239 552 2
245 552 2
246 552 1
247 552 3
250 552 3
253 552 2
255 552 3
256 552 3
258 552 2
260 552 2
263 552 1
266 552 1
270 552 3
271 552 1
277 552 2
278 552 3
288 552 1
294 552 1
295 552 2
296 552 3
305 552 1
306 552 1
312 552 3
314 552 1
