35 720 2
36 720 3
37 720 2
39 720 3
40 720 2
41 720 3
43 720 2
44 720 1
45 720 1
46 720 3
54 720 2
61 720 3
63 720 1
65 720 3
67 720 2
69 720 3
82 720 3
84 720 2
85 720 2
91 720 2
97 720 2
101 720 1
103 720 1
109 720 2
110 720 1
111 720 1
114 720 3
115 720 3
117 720 2
122 720 1
124 720 3
127 720 3
130 720 1
132 720 1
136 720 1
140 720 1
143 720 3
145 720 1
146 720 1
147 720 1
152 720 3
154 720 1
157 720 2
158 720 1
159 720 2
162 720 2
164 720 3
165 720 1
169 720 1
172 720 1
178 720 1
181 720 1
183 720 1
185 720 2
186 720 3
189 720 1
190 720 3
191 720 2
192 720 2
196 720 2
197 720 1
199 720 3
204 720 3
207 720 3
209 720 2
212 720 2
218 720 3
220 720 1
222 720 1
226 720 1
236 720 2
242 720 1
251 720 1
254 720 1
258 720 1
259 720 2
262 720 2
263 720 3
267 720 1
272 720 1
275 720 1
281 720 3
284 720 2
289 720 3
291 720 1
295 720 2
296 720 3
297 720 1
299 720 2
301 720 2
302 720 2
307 720 2
323 720 2
324 720 3
329 720 3
341 720 2
344 720 1
345 720 2
346 720 3
354 720 3
358 720 1
376 720 1
379 720 2
383 720 1
386 720 2
387 720 3
391 720 2
399 720 1
401 720 2
403 720 2
407 720 3
408 720 2
410 720 2
414 720 1
415 720 1
418 720 1
419 720 2
426 720 3
434 720 1
439 720 1
441 720 2
442 720 3
449 720 2
453 720 1
455 720 2
468 720 1
470 720 2
474 720 3
475 720 3
480 720 3
489 720 2
496 720 1
498 720 1
499 720 2
510 720 2
512 720 2
530 720 3
539 720 1
540 720 1
543 720 2
545 720 1
553 720 1
554 720 3
555 720 2
563 720 2
564 720 3
566 720 2
567 720 3
569 720 2
570 720 1
571 720 3
572 720 2
575 720 3
576 720 3
587 720 2
589 720 2
593 720 3
598 720 1
599 720 2
600 720 2
603 720 2
605 720 3
608 720 2
613 720 1
616 720 3
617 720 2
618 720 2
620 720 3
621 720 2
624 720 2
628 720 2
630 720 3
635 720 1
637 720 1
639 720 2
640 720 3
641 720 2
646 720 1
650 720 3
653 720 2
657 720 2
661 720 3
662 720 2
666 720 2
669 720 1
675 720 3
678 720 3
681 720 1
683 720 1
685 720 1
689 720 3
690 720 3
693 720 2
696 720 1
697 720 3
703 720 2
704 720 3
707 720 3
710 720 1
711 720 3
713 720 1
720 720 3
722 720 2
725 720 3
727 720 2
729 720 3
732 720 3
733 720 3
735 720 1
737 720 1
738 720 3
739 720 2
744 720 1
752 720 3
755 720 3
758 720 1
759 720 2
761 720 2
765 720 1
766 720 2
768 720 2
769 720 3
770 720 1
772 720 3
774 720 2
775 720 2
783 720 1
784 720 2
785 720 3
790 720 3
791 720 1
792 720 3
793 720 1
795 720 2
799 720 1
802 720 1
803 720 3
807 720 2
808 720 3
809 720 2
810 720 2
811 720 1
813 720 2
816 720 2
820 720 1
827 720 2
829 720 3
830 720 3
831 720 3
835 720 1
837 720 3
838 720 1
839 720 2
840 720 1
847 720 3
851 720 3
852 720 2
853 720 2
855 720 1
857 720 3
858 720 2
859 720 1
868 720 2
869 720 1
881 720 1
893 720 3
898 720 1
899 720 2
902 720 3
903 720 1
907 720 2
908 720 3
910 720 1
918 720 2
919 720 3
926 720 2
932 720 2
935 720 2
937 720 2
938 720 2
946 720 2
947 720 2
948 720 1
949 720 1
954 720 2
961 720 3
964 720 3
966 720 3
968 720 1
969 720 3
970 720 2
973 720 1
976 720 3
978 720 1
979 720 3
982 720 1
983 720 2
986 720 3
988 720 3
990 720 2
992 720 3
994 720 2
996 720 2
998 720 1
999 720 2
5 721 3
11 721 3
12 721 1
17 721 2
19 721 2
21 721 1
22 721 1
34 721 3
40 721 3
42 721 2
44 721 3
45 721 1
48 721 1
50 721 3
51 721 2
52 721 1
54 721 1
58 721 2
63 721 1
65 721 2
66 721 2
70 721 1
77 721 3
79 721 2
82 721 3
84 721 3
85 721 3
87 721 3
89 721 2
91 721 3
93 721 2
94 721 2
95 721 3
97 721 3
100 721 1
102 721 3
103 721 3
107 721 3
110 721 3
111 721 2
118 721 2
120 721 3
121 721 2
126 721 2
127 721 1
129 721 2
134 721 2
140 721 3
148 721 2
159 721 1
165 721 1
168 721 2
169 721 1
171 721 1
175 721 2
176 721 1
178 721 3
179 721 2
180 721 1
182 721 1
183 721 2
186 721 3
189 721 2
190 721 1
198 721 2
199 721 2
202 721 2
204 721 2
205 721 3
210 721 2
212 721 2
216 721 1
217 721 3
225 721 2
226 721 1
240 721 2
245 721 1
248 721 2
249 721 3
250 721 2
251 721 2
254 721 2
257 721 1
258 721 2
261 721 1
263 721 2
264 721 1
268 721 1
270 721 2
277 721 3
280 721 2
281 721 1
284 721 2
285 721 2
288 721 1
291 721 1
293 721 1
297 721 3
299 721 3
305 721 3
307 721 3
309 721 2
310 721 1
311 721 2
312 721 3
313 721 3
316 721 3
317 721 2
319 721 2
320 721 1
321 721 2
322 721 3
323 721 2
329 721 3
331 721 3
333 721 1
334 721 2
336 721 3
341 721 1
342 721 1
344 721 1
348 721 2
350 721 1
353 721 2
357 721 2
358 721 2
365 721 2
366 721 1
368 721 3
372 721 2
376 721 1
380 721 2
381 721 3
383 721 3
389 721 1
392 721 1
397 721 2
399 721 1
402 721 3
407 721 1
408 721 3
410 721 3
411 721 3
412 721 3
414 721 1
417 721 3
418 721 2
425 721 3
427 721 2
428 721 3
430 721 1
431 721 2
432 721 2
433 721 1
436 721 1
442 721 2
453 721 2
454 721 2
457 721 1
463 721 2
464 721 3
468 721 3
469 721 2
472 721 1
474 721 2
475 721 1
481 721 2
485 721 3
487 721 2
489 721 2
490 721 1
491 721 1
492 721 2
493 721 3
495 721 3
498 721 3
500 721 2
501 721 3
502 721 3
506 721 3
524 721 1
526 721 3
531 721 1
536 721 2
537 721 1
538 721 2
542 721 1
544 721 2
552 721 2
553 721 1
554 721 3
557 721 2
559 721 2
564 721 1
570 721 3
571 721 3
572 721 2
574 721 1
578 721 2
585 721 1
587 721 1
591 721 2
596 721 1
598 721 1
599 721 2
600 721 2
603 721 2
608 721 3
613 721 2
615 721 3
620 721 2
622 721 3
628 721 3
634 721 2
635 721 1
636 721 3
642 721 3
643 721 3
649 721 2
653 721 2
659 721 2
660 721 1
666 721 3
668 721 3
671 721 3
674 721 2
679 721 2
680 721 1
685 721 3
686 721 2
687 721 3
689 721 3
692 721 1
693 721 3
695 721 2
707 721 1
708 721 3
711 721 1
713 721 3
719 721 1
721 721 2
726 721 1
729 721 1
737 721 1
740 721 3
745 721 3
749 721 1
752 721 2
756 721 3
759 721 1
763 721 3
765 721 2
767 721 1
775 721 3
781 721 2
782 721 3
785 721 1
789 721 1
794 721 3
806 721 3
808 721 3
809 721 1
811 721 3
812 721 3
813 721 3
821 721 1
828 721 1
829 721 2
833 721 1
834 721 1
837 721 3
840 721 1
842 721 2
844 721 3
847 721 1
849 721 1
855 721 2
856 721 2
862 721 3
863 721 2
864 721 1
870 721 3
873 721 3
875 721 1
876 721 2
878 721 1
879 721 1
880 721 2
882 721 2
883 721 3
891 721 2
897 721 2
904 721 3
905 721 3
908 721 3
910 721 2
912 721 1
915 721 1
916 721 1
918 721 2
921 721 1
924 721 1
926 721 1
927 721 2
928 721 1
933 721 1
938 721 1
944 721 2
946 721 2
949 721 1
950 721 1
952 721 3
960 721 1
965 721 2
966 721 2
968 721 3
970 721 1
972 721 2
973 721 1
975 721 2
978 721 3
979 721 1
981 721 2
3 722 3
4 722 2
7 722 3
9 722 1
12 722 1
24 722 3
27 722 1
29 722 2
32 722 3
36 722 2
37 722 1
38 722 3
39 722 1
40 722 3
41 722 1
45 722 1
49 722 2
51 722 2
61 722 3
65 722 1
69 722 2
72 722 3
73 722 3
82 722 2
84 722 1
91 722 2
95 722 2
100 722 3
103 722 2
106 722 2
108 722 3
111 722 1
112 722 3
114 722 3
118 722 3
122 722 3
129 722 3
130 722 3
