527 874 2
534 874 1
536 874 1
538 874 3
549 874 1
556 874 2
558 874 2
559 874 1
560 874 3
561 874 1
566 874 1
574 874 1
575 874 3
576 874 1
577 874 2
578 874 3
580 874 2
587 874 3
588 874 2
591 874 2
593 874 3
597 874 3
602 874 2
606 874 2
610 874 1
614 874 3
615 874 3
616 874 1
620 874 2
621 874 3
625 874 1
628 874 2
632 874 1
636 874 3
637 874 2
645 874 2
646 874 1
651 874 2
653 874 1
655 874 2
667 874 3
672 874 2
677 874 1
682 874 1
683 874 2
684 874 3
690 874 1
691 874 2
696 874 2
699 874 3
700 874 2
701 874 1
714 874 2
721 874 3
727 874 2
728 874 3
732 874 2
733 874 2
736 874 1
737 874 2
739 874 3
740 874 2
742 874 2
750 874 1
751 874 1
752 874 1
753 874 2
754 874 1
755 874 2
757 874 3
758 874 2
763 874 3
765 874 1
769 874 3
771 874 1
772 874 1
774 874 1
775 874 3
778 874 3
779 874 2
781 874 1
783 874 2
784 874 1
785 874 1
786 874 2
792 874 3
793 874 2
797 874 1
798 874 1
803 874 1
806 874 3
808 874 2
811 874 1
814 874 3
816 874 1
819 874 2
823 874 1
826 874 1
827 874 3
829 874 2
831 874 1
833 874 3
834 874 3
837 874 1
841 874 1
846 874 3
849 874 2
851 874 3
858 874 3
859 874 3
860 874 3
861 874 1
862 874 3
865 874 1
866 874 1
877 874 3
884 874 3
888 874 2
899 874 3
903 874 3
909 874 3
910 874 3
912 874 1
915 874 2
917 874 1
918 874 1
922 874 3
924 874 1
926 874 2
931 874 3
933 874 1
937 874 2
943 874 2
946 874 3
953 874 2
956 874 1
961 874 1
964 874 1
966 874 1
969 874 1
971 874 3
972 874 1
973 874 3
976 874 3
982 874 1
983 874 2
986 874 2
988 874 1
993 874 2
994 874 1
995 874 1
2 875 1
4 875 2
11 875 1
12 875 1
14 875 2
15 875 2
18 875 3
19 875 2
21 875 1
23 875 1
26 875 1
29 875 2
34 875 2
36 875 2
52 875 2
55 875 3
57 875 2
59 875 2
67 875 3
69 875 2
70 875 2
71 875 1
72 875 2
75 875 3
76 875 1
91 875 3
92 875 3
94 875 2
95 875 1
100 875 1
114 875 1
117 875 2
129 875 1
131 875 1
132 875 2
136 875 2
137 875 1
140 875 2
143 875 3
145 875 1
148 875 3
152 875 2
154 875 2
155 875 3
160 875 2
162 875 1
163 875 1
164 875 3
168 875 2
171 875 1
172 875 3
175 875 3
177 875 1
180 875 2
183 875 3
184 875 1
188 875 2
190 875 3
193 875 3
198 875 2
199 875 1
203 875 3
204 875 1
206 875 2
210 875 2
216 875 3
217 875 3
218 875 3
220 875 1
223 875 1
224 875 3
229 875 1
231 875 3
232 875 2
233 875 2
234 875 3
235 875 2
237 875 2
240 875 1
241 875 1
244 875 1
247 875 3
248 875 2
249 875 1
253 875 2
256 875 3
263 875 1
268 875 1
271 875 1
277 875 2
279 875 2
280 875 3
287 875 3
295 875 3
296 875 2
299 875 3
301 875 2
302 875 1
304 875 1
305 875 1
308 875 3
310 875 2
311 875 2
313 875 1
317 875 3
318 875 3
324 875 2
331 875 2
334 875 3
335 875 3
344 875 3
345 875 3
350 875 3
351 875 1
353 875 1
357 875 2
359 875 1
360 875 3
364 875 2
370 875 3
373 875 1
377 875 3
378 875 1
382 875 1
383 875 3
386 875 3
388 875 2
393 875 2
396 875 1
398 875 3
402 875 2
403 875 3
407 875 3
409 875 2
415 875 2
416 875 1
417 875 2
419 875 3
422 875 3
423 875 3
424 875 3
426 875 2
427 875 3
432 875 2
438 875 2
439 875 3
443 875 3
444 875 2
446 875 2
448 875 3
454 875 2
457 875 2
459 875 1
460 875 3
464 875 1
465 875 2
467 875 2
468 875 3
469 875 2
471 875 2
473 875 2
474 875 2
478 875 1
479 875 1
483 875 3
485 875 2
494 875 3
497 875 3
500 875 3
501 875 3
503 875 1
505 875 3
507 875 3
508 875 2
509 875 2
515 875 2
521 875 2
523 875 1
524 875 1
525 875 1
527 875 3
534 875 2
536 875 1
539 875 1
548 875 2
560 875 2
562 875 1
565 875 2
569 875 2
570 875 1
574 875 1
575 875 1
577 875 3
578 875 3
587 875 2
589 875 3
593 875 3
595 875 1
597 875 1
604 875 1
607 875 3
615 875 1
617 875 1
619 875 2
623 875 2
626 875 3
627 875 2
632 875 1
635 875 3
636 875 1
638 875 3
639 875 2
643 875 2
647 875 1
650 875 2
657 875 2
658 875 2
661 875 1
663 875 1
667 875 2
668 875 2
671 875 1
673 875 1
675 875 3
685 875 2
689 875 1
693 875 3
694 875 3
698 875 1
702 875 3
708 875 3
710 875 3
711 875 1
715 875 3
721 875 1
727 875 2
729 875 3
731 875 3
732 875 2
733 875 3
738 875 3
742 875 2
744 875 1
745 875 1
746 875 1
754 875 1
757 875 2
760 875 2
761 875 1
763 875 3
764 875 2
766 875 2
767 875 1
768 875 1
775 875 3
779 875 1
781 875 1
782 875 1
785 875 2
790 875 2
791 875 1
793 875 3
798 875 2
800 875 1
802 875 2
804 875 2
814 875 1
815 875 1
818 875 1
820 875 1
821 875 2
822 875 2
823 875 3
826 875 3
827 875 2
831 875 1
843 875 3
844 875 1
849 875 2
852 875 3
856 875 1
857 875 3
862 875 1
863 875 1
865 875 1
866 875 2
869 875 1
870 875 3
871 875 2
874 875 3
875 875 2
877 875 2
881 875 2
885 875 3
886 875 1
890 875 2
893 875 2
895 875 1
901 875 3
903 875 2
906 875 2
911 875 1
912 875 1
920 875 3
928 875 3
931 875 2
932 875 1
933 875 2
935 875 3
939 875 3
940 875 3
942 875 3
943 875 1
945 875 1
946 875 1
949 875 3
952 875 3
954 875 3
955 875 2
957 875 3
960 875 2
961 875 2
963 875 2
969 875 2
970 875 3
971 875 3
975 875 3
976 875 1
979 875 1
980 875 2
986 875 2
988 875 2
989 875 2
990 875 1
992 875 2
994 875 3
998 875 1
3 876 3
6 876 2
7 876 1
8 876 1
10 876 2
12 876 1
17 876 1
19 876 1
20 876 1
23 876 2
24 876 2
25 876 1
30 876 1
32 876 1
41 876 1
45 876 2
47 876 3
49 876 1
50 876 1
51 876 1
52 876 3
53 876 3
55 876 2
56 876 1
57 876 2
65 876 2
70 876 2
71 876 2
79 876 1
81 876 2
82 876 1
83 876 2
86 876 3
90 876 3
91 876 1
95 876 2
99 876 2
100 876 3
102 876 1
104 876 1
106 876 2
112 876 1
114 876 3
115 876 1
121 876 1
124 876 3
128 876 3
137 876 3
141 876 2
143 876 3
146 876 2
147 876 3
148 876 2
149 876 1
154 876 2
158 876 1
162 876 1
164 876 1
165 876 3
173 876 2
178 876 2
179 876 2
183 876 1
187 876 3
199 876 3
200 876 2
201 876 2
208 876 3
212 876 3
213 876 2
220 876 3
221 876 2
222 876 2
223 876 1
224 876 1
226 876 1
228 876 2
231 876 3
232 876 3
234 876 3
240 876 2
246 876 1
248 876 2
249 876 1
251 876 3
259 876 1
265 876 2
268 876 3
283 876 2
290 876 3
294 876 2
297 876 1
298 876 1
301 876 3
304 876 2
305 876 2
307 876 1
308 876 3
310 876 3
314 876 1
316 876 1
317 876 2
318 876 3
319 876 1
321 876 3
323 876 2
330 876 3
332 876 3
334 876 2
335 876 2
336 876 1
338 876 2
339 876 3
343 876 3
347 876 1
352 876 3
355 876 3
358 876 2
359 876 3
363 876 1
367 876 3
368 876 1
370 876 1
375 876 2
380 876 2
383 876 1
387 876 3
390 876 2
393 876 3
395 876 3
397 876 1
399 876 3
400 876 1
402 876 1
406 876 2
407 876 2
408 876 1
409 876 1
411 876 2
414 876 1
415 876 3
420 876 2
421 876 3
425 876 2
428 876 2
443 876 2
447 876 1
449 876 2
451 876 1
455 876 2
456 876 3
460 876 1
472 876 1
473 876 2
474 876 3
480 876 2
486 876 1
487 876 3
490 876 2
496 876 2
500 876 3
504 876 3
506 876 1
511 876 1
512 876 1
513 876 2
514 876 2
517 876 1
519 876 1
521 876 1
524 876 3
525 876 3
526 876 1
531 876 2
532 876 2
535 876 3
539 876 1
545 876 2
