773 155 3
777 155 3
780 155 3
781 155 3
783 155 1
785 155 1
786 155 1
792 155 3
795 155 3
796 155 3
799 155 1
803 155 3
804 155 3
805 155 1
807 155 3
809 155 3
811 155 3
816 155 2
817 155 3
823 155 2
830 155 2
831 155 3
832 155 3
836 155 3
838 155 3
842 155 2
843 155 2
845 155 1
846 155 1
851 155 1
852 155 1
853 155 3
855 155 1
856 155 3
857 155 3
861 155 2
862 155 1
864 155 2
871 155 1
872 155 1
873 155 3
876 155 2
880 155 2
881 155 2
885 155 2
887 155 2
889 155 2
891 155 1
892 155 2
895 155 1
898 155 3
899 155 3
904 155 2
908 155 3
910 155 1
914 155 1
916 155 3
920 155 3
922 155 2
924 155 2
927 155 2
929 155 3
931 155 3
932 155 3
934 155 1
938 155 1
939 155 3
942 155 2
944 155 2
948 155 3
949 155 1
954 155 2
955 155 1
964 155 1
965 155 2
966 155 1
967 155 1
969 155 1
970 155 2
971 155 1
972 155 2
978 155 3
980 155 3
989 155 2
993 155 3
996 155 2
998 155 3
0 156 2
3 156 2
5 156 1
6 156 2
8 156 1
10 156 2
13 156 2
14 156 3
19 156 2
22 156 2
23 156 3
25 156 2
27 156 1
28 156 2
30 156 2
33 156 1
37 156 2
38 156 3
39 156 2
42 156 1
43 156 1
45 156 3
47 156 2
49 156 2
51 156 3
54 156 1
57 156 2
59 156 1
60 156 1
63 156 3
67 156 3
68 156 2
70 156 3
75 156 1
81 156 2
82 156 1
84 156 1
90 156 3
91 156 3
92 156 1
95 156 2
99 156 2
100 156 3
102 156 2
103 156 2
108 156 3
111 156 3
118 156 1
120 156 1
121 156 3
126 156 3
130 156 2
132 156 3
133 156 1
134 156 1
138 156 1
140 156 2
141 156 2
146 156 2
148 156 1
151 156 1
152 156 1
156 156 2
158 156 2
160 156 2
161 156 2
168 156 3
173 156 1
174 156 1
179 156 2
186 156 1
187 156 3
188 156 3
191 156 2
193 156 2
194 156 3
195 156 2
198 156 1
199 156 2
207 156 2
209 156 1
219 156 1
220 156 3
222 156 3
223 156 2
224 156 3
227 156 3
228 156 1
232 156 1
245 156 2
247 156 1
249 156 3
250 156 1
252 156 3
253 156 1
260 156 1
262 156 3
263 156 3
264 156 3
265 156 1
272 156 2
274 156 2
277 156 3
278 156 2
279 156 3
282 156 2
283 156 1
291 156 2
295 156 3
304 156 2
305 156 1
306 156 2
307 156 3
308 156 1
310 156 1
312 156 1
314 156 2
316 156 3
318 156 3
319 156 3
320 156 2
323 156 1
324 156 1
326 156 2
327 156 2
334 156 2
337 156 1
339 156 3
341 156 2
342 156 2
346 156 1
347 156 2
348 156 1
355 156 3
359 156 3
362 156 3
365 156 3
367 156 2
375 156 2
376 156 2
383 156 1
387 156 2
388 156 1
392 156 3
399 156 3
400 156 2
403 156 3
404 156 2
405 156 2
406 156 2
407 156 3
408 156 2
412 156 3
417 156 3
422 156 1
432 156 3
433 156 3
434 156 3
436 156 1
437 156 1
438 156 2
443 156 1
447 156 1
453 156 1
454 156 3
458 156 3
461 156 1
462 156 3
463 156 1
465 156 2
469 156 2
472 156 1
476 156 1
481 156 2
482 156 2
483 156 2
486 156 2
487 156 3
488 156 2
497 156 2
499 156 3
500 156 3
501 156 2
502 156 3
507 156 2
508 156 3
509 156 3
512 156 2
513 156 3
514 156 2
519 156 2
526 156 2
533 156 3
535 156 1
542 156 2
548 156 2
549 156 2
550 156 1
552 156 2
555 156 3
559 156 3
561 156 2
563 156 3
564 156 2
566 156 2
568 156 2
570 156 1
573 156 1
574 156 1
576 156 1
577 156 1
580 156 1
585 156 1
587 156 1
588 156 3
589 156 3
590 156 3
593 156 3
597 156 3
601 156 1
602 156 1
604 156 1
609 156 1
615 156 3
626 156 2
629 156 2
630 156 2
631 156 1
632 156 1
633 156 3
637 156 1
639 156 2
647 156 3
651 156 1
652 156 1
656 156 2
658 156 3
659 156 1
661 156 2
667 156 3
670 156 1
671 156 2
673 156 1
675 156 2
677 156 2
678 156 3
685 156 1
688 156 2
695 156 1
698 156 3
701 156 3
703 156 2
706 156 1
709 156 1
713 156 2
714 156 2
720 156 2
725 156 2
728 156 1
730 156 2
731 156 3
734 156 2
735 156 2
736 156 1
737 156 2
743 156 2
744 156 1
751 156 1
752 156 1
754 156 3
758 156 1
761 156 3
764 156 2
771 156 3
772 156 2
775 156 3
778 156 3
782 156 3
783 156 1
785 156 1
789 156 1
790 156 3
794 156 3
796 156 1
797 156 3
806 156 3
810 156 3
814 156 3
818 156 3
821 156 1
822 156 1
832 156 3
834 156 2
835 156 2
860 156 2
861 156 3
866 156 1
868 156 3
869 156 3
874 156 3
877 156 3
881 156 1
882 156 2
883 156 1
885 156 2
886 156 3
887 156 2
895 156 1
898 156 2
903 156 1
904 156 2
911 156 3
913 156 2
916 156 2
919 156 2
920 156 3
922 156 3
923 156 3
925 156 1
927 156 1
928 156 2
929 156 3
932 156 3
935 156 3
937 156 2
938 156 1
946 156 1
947 156 1
949 156 2
951 156 1
953 156 1
959 156 3
960 156 3
971 156 2
972 156 2
974 156 2
975 156 3
976 156 1
978 156 1
981 156 2
983 156 2
986 156 3
989 156 1
996 156 3
997 156 2
999 156 2
1 157 1
2 157 2
3 157 3
6 157 3
12 157 3
14 157 2
15 157 2
18 157 1
19 157 3
20 157 1
23 157 3
29 157 2
30 157 2
32 157 1
35 157 1
38 157 1
49 157 3
50 157 1
53 157 2
59 157 2
61 157 1
63 157 2
64 157 2
67 157 3
68 157 2
69 157 1
73 157 1
75 157 1
77 157 2
79 157 1
81 157 2
83 157 3
84 157 1
86 157 2
88 157 1
90 157 2
96 157 3
97 157 3
98 157 1
102 157 2
109 157 3
111 157 3
112 157 1
114 157 1
116 157 1
117 157 1
118 157 1
122 157 2
126 157 1
131 157 3
132 157 1
134 157 2
136 157 3
139 157 1
141 157 3
142 157 1
144 157 1
145 157 2
147 157 3
148 157 3
150 157 2
152 157 1
154 157 2
155 157 2
157 157 3
159 157 3
161 157 1
165 157 3
166 157 1
167 157 2
168 157 1
169 157 2
173 157 2
175 157 1
179 157 1
180 157 2
181 157 3
184 157 1
187 157 2
194 157 3
195 157 2
197 157 2
198 157 3
199 157 1
210 157 3
212 157 3
213 157 1
215 157 1
216 157 3
221 157 2
224 157 1
225 157 1
226 157 2
227 157 2
230 157 1
235 157 2
237 157 2
242 157 3
243 157 2
245 157 2
254 157 1
256 157 3
270 157 2
273 157 1
278 157 1
280 157 2
282 157 3
283 157 3
289 157 2
290 157 3
291 157 2
302 157 1
306 157 1
307 157 2
311 157 2
314 157 2
321 157 2
325 157 2
332 157 3
335 157 2
336 157 1
340 157 2
344 157 1
347 157 3
349 157 3
356 157 2
360 157 1
362 157 3
380 157 3
381 157 1
382 157 1
389 157 1
390 157 3
393 157 1
394 157 3
396 157 2
399 157 3
402 157 1
404 157 1
413 157 2
414 157 3
418 157 3
419 157 1
421 157 3
423 157 2
425 157 1
428 157 3
434 157 1
438 157 3
439 157 1
444 157 1
445 157 2
449 157 1
450 157 1
451 157 2
455 157 1
461 157 3
462 157 3
464 157 3
465 157 1
467 157 2
469 157 3
474 157 1
478 157 2
480 157 2
482 157 1
485 157 3
488 157 2
489 157 1
490 157 1
491 157 1
492 157 2
495 157 1
501 157 1
502 157 3
507 157 3
508 157 2
510 157 1
515 157 3
525 157 3
526 157 2
531 157 3
532 157 2
537 157 1
538 157 3
540 157 2
548 157 2
552 157 1
555 157 3
557 157 3
558 157 2
559 157 2
560 157 3
561 157 3
568 157 3
569 157 3
570 157 1
574 157 1
576 157 1
577 157 3
584 157 1
587 157 1
588 157 3
590 157 3
592 157 1
595 157 2
598 157 3
601 157 2
605 157 2
606 157 2
612 157 2
614 157 2
617 157 3
619 157 1
621 157 3
623 157 2
626 157 2
627 157 2
628 157 2
629 157 2
637 157 3
649 157 3
650 157 2
651 157 1
655 157 1
657 157 3
658 157 2
663 157 2
665 157 3
669 157 2
671 157 3
677 157 2
694 157 3
