91 227 3
93 227 3
96 227 1
100 227 1
104 227 2
105 227 2
108 227 2
110 227 3
111 227 2
116 227 1
117 227 2
124 227 1
125 227 2
129 227 1
130 227 2
137 227 1
140 227 2
141 227 3
143 227 3
144 227 3
149 227 1
152 227 3
154 227 1
155 227 1
159 227 3
161 227 2
162 227 1
165 227 1
167 227 3
171 227 3
172 227 2
175 227 3
176 227 2
180 227 1
184 227 1
191 227 1
196 227 3
200 227 2
203 227 1
206 227 1
209 227 3
210 227 1
211 227 2
213 227 2
214 227 2
215 227 1
222 227 1
225 227 2
228 227 2
229 227 3
230 227 1
231 227 1
236 227 3
237 227 2
238 227 2
249 227 2
253 227 2
257 227 3
263 227 3
264 227 3
266 227 3
267 227 1
271 227 3
274 227 3
279 227 1
280 227 2
282 227 2
283 227 2
291 227 2
293 227 2
296 227 1
298 227 2
317 227 1
324 227 1
325 227 1
326 227 2
327 227 2
330 227 2
331 227 3
335 227 2
336 227 1
338 227 1
340 227 1
341 227 1
344 227 2
346 227 1
353 227 2
354 227 3
363 227 2
365 227 3
368 227 1
371 227 1
372 227 3
373 227 1
374 227 1
379 227 2
384 227 1
387 227 1
392 227 1
396 227 1
397 227 3
405 227 2
410 227 2
414 227 2
418 227 2
419 227 3
422 227 1
423 227 1
425 227 2
427 227 1
428 227 3
431 227 3
435 227 3
436 227 3
438 227 2
440 227 3
441 227 2
447 227 3
452 227 1
453 227 1
454 227 3
456 227 1
458 227 2
460 227 3
468 227 2
471 227 2
475 227 3
479 227 3
480 227 2
481 227 3
484 227 1
485 227 1
486 227 1
487 227 1
489 227 1
491 227 3
492 227 2
493 227 2
496 227 1
499 227 2
509 227 2
511 227 1
512 227 1
513 227 2
520 227 1
522 227 1
525 227 3
533 227 1
536 227 3
541 227 2
542 227 3
544 227 1
545 227 2
546 227 1
549 227 3
550 227 1
560 227 2
570 227 2
572 227 2
574 227 1
580 227 3
585 227 1
589 227 2
597 227 1
598 227 2
602 227 2
605 227 2
606 227 2
607 227 2
611 227 1
613 227 3
618 227 2
621 227 3
622 227 2
625 227 3
633 227 2
637 227 1
639 227 2
640 227 3
644 227 2
648 227 3
650 227 2
651 227 1
652 227 2
653 227 2
658 227 3
662 227 2
666 227 3
668 227 3
681 227 2
683 227 1
686 227 1
693 227 2
697 227 2
702 227 2
705 227 2
706 227 3
710 227 2
712 227 1
727 227 3
729 227 1
730 227 3
739 227 2
741 227 1
746 227 2
748 227 1
753 227 3
755 227 3
761 227 1
765 227 2
772 227 2
777 227 3
779 227 2
788 227 1
789 227 1
790 227 3
793 227 3
796 227 3
801 227 2
802 227 3
805 227 2
810 227 2
816 227 2
817 227 1
818 227 1
819 227 3
820 227 3
824 227 1
827 227 1
830 227 2
831 227 3
832 227 3
833 227 2
835 227 2
836 227 2
837 227 1
842 227 3
843 227 1
846 227 3
857 227 2
861 227 2
863 227 3
868 227 3
870 227 2
872 227 3
873 227 2
884 227 2
885 227 1
886 227 1
887 227 1
889 227 1
895 227 3
896 227 3
898 227 3
901 227 3
902 227 2
903 227 2
904 227 3
906 227 2
907 227 3
908 227 2
909 227 2
910 227 2
911 227 3
913 227 1
916 227 3
917 227 3
918 227 2
921 227 2
927 227 1
932 227 3
941 227 2
943 227 2
945 227 1
949 227 3
951 227 2
955 227 3
957 227 2
962 227 2
967 227 1
968 227 3
975 227 3
976 227 2
977 227 3
978 227 1
980 227 2
981 227 3
983 227 3
986 227 3
990 227 1
991 227 3
992 227 1
995 227 3
996 227 2
997 227 3
998 227 2
3 228 2
12 228 3
14 228 2
17 228 3
19 228 3
23 228 1
26 228 1
27 228 2
30 228 1
32 228 2
33 228 1
36 228 2
39 228 1
40 228 1
41 228 1
46 228 3
50 228 2
52 228 1
55 228 3
59 228 2
64 228 2
66 228 3
68 228 3
69 228 1
75 228 3
78 228 3
80 228 1
81 228 3
83 228 3
89 228 3
91 228 2
94 228 3
95 228 2
99 228 3
105 228 1
106 228 3
107 228 2
109 228 1
110 228 3
112 228 3
114 228 1
118 228 3
123 228 2
124 228 3
125 228 3
127 228 2
128 228 3
130 228 1
133 228 2
137 228 2
139 228 1
140 228 3
141 228 1
147 228 1
148 228 1
156 228 1
158 228 1
159 228 1
165 228 1
170 228 1
173 228 2
179 228 3
185 228 1
191 228 1
193 228 1
194 228 1
199 228 1
205 228 2
209 228 3
210 228 1
212 228 2
213 228 1
214 228 1
215 228 3
217 228 3
219 228 1
220 228 2
224 228 3
227 228 2
228 228 1
230 228 2
232 228 3
238 228 2
241 228 1
242 228 2
245 228 2
247 228 3
248 228 2
253 228 3
256 228 2
260 228 3
273 228 2
275 228 1
277 228 3
278 228 2
280 228 2
282 228 1
284 228 1
285 228 1
287 228 2
304 228 2
306 228 3
311 228 1
312 228 1
313 228 1
315 228 3
323 228 2
324 228 2
325 228 1
334 228 2
344 228 1
345 228 3
347 228 2
348 228 2
349 228 2
350 228 1
354 228 2
357 228 2
359 228 2
365 228 2
367 228 1
368 228 2
369 228 1
372 228 1
375 228 3
376 228 2
383 228 2
384 228 2
385 228 1
386 228 1
387 228 1
394 228 1
395 228 3
398 228 1
401 228 2
403 228 1
405 228 1
406 228 3
408 228 2
409 228 3
411 228 2
412 228 3
418 228 2
423 228 2
426 228 3
428 228 3
429 228 3
433 228 3
437 228 1
438 228 2
445 228 2
447 228 2
449 228 3
463 228 3
466 228 2
472 228 2
473 228 1
478 228 3
484 228 3
485 228 3
491 228 1
496 228 1
499 228 1
500 228 2
501 228 3
508 228 2
512 228 3
513 228 2
514 228 2
517 228 2
519 228 1
521 228 1
522 228 2
526 228 3
527 228 3
528 228 3
534 228 2
536 228 2
537 228 2
541 228 2
542 228 2
546 228 3
547 228 3
548 228 1
549 228 3
550 228 3
556 228 3
557 228 3
558 228 2
559 228 3
565 228 2
566 228 2
568 228 1
570 228 1
573 228 2
574 228 2
575 228 2
576 228 2
580 228 3
582 228 1
584 228 2
586 228 3
589 228 2
590 228 1
594 228 1
595 228 1
600 228 1
601 228 1
608 228 2
611 228 3
613 228 1
616 228 3
620 228 2
622 228 3
624 228 1
626 228 1
630 228 2
631 228 1
639 228 3
641 228 3
642 228 2
644 228 1
646 228 3
651 228 2
653 228 2
656 228 2
657 228 2
661 228 1
663 228 2
667 228 1
669 228 2
676 228 1
679 228 2
682 228 2
693 228 2
696 228 2
698 228 2
703 228 1
704 228 1
705 228 2
707 228 3
709 228 1
711 228 3
714 228 1
721 228 1
723 228 3
724 228 2
725 228 3
728 228 2
734 228 1
735 228 2
737 228 2
738 228 2
739 228 3
743 228 1
744 228 3
747 228 3
748 228 1
753 228 3
755 228 1
757 228 2
763 228 1
764 228 1
767 228 1
772 228 3
774 228 2
775 228 3
777 228 3
782 228 2
783 228 3
789 228 1
792 228 1
797 228 2
799 228 2
800 228 3
805 228 2
812 228 2
813 228 1
814 228 3
815 228 1
816 228 1
818 228 1
819 228 1
823 228 2
825 228 2
831 228 1
837 228 1
838 228 2
843 228 3
844 228 3
860 228 2
862 228 1
864 228 2
870 228 2
871 228 1
872 228 2
874 228 1
875 228 3
876 228 1
877 228 2
879 228 1
885 228 1
887 228 3
888 228 3
891 228 2
895 228 2
897 228 2
898 228 2
899 228 1
905 228 1
906 228 1
910 228 3
912 228 3
918 228 2
920 228 2
931 228 2
937 228 3
938 228 2
940 228 3
945 228 1
946 228 2
949 228 2
952 228 3
953 228 3
954 228 2
956 228 1
959 228 2
964 228 3
969 228 3
973 228 1
976 228 2
978 228 2
979 228 2
982 228 1
984 228 2
985 228 3
987 228 3
989 228 2
992 228 2
998 228 3
999 228 2
2 229 2
4 229 3
7 229 2
8 229 3
9 229 2
18 229 2
19 229 3
20 229 3
22 229 2
23 229 2
25 229 3
28 229 3
33 229 3
37 229 2
51 229 1
53 229 2
54 229 2
56 229 1
57 229 1
58 229 3
64 229 2
67 229 2
76 229 2
81 229 2
84 229 3
85 229 3
88 229 1
93 229 1
98 229 3
