162 890 2
165 890 3
169 890 2
172 890 3
173 890 1
175 890 3
176 890 3
177 890 1
179 890 2
181 890 3
182 890 1
188 890 3
192 890 1
193 890 3
195 890 2
196 890 2
201 890 1
203 890 3
204 890 2
205 890 3
206 890 2
208 890 2
210 890 2
211 890 2
215 890 2
216 890 2
217 890 3
219 890 1
220 890 3
221 890 1
222 890 3
223 890 2
225 890 3
227 890 3
228 890 2
230 890 1
236 890 3
238 890 2
242 890 1
246 890 1
259 890 3
260 890 2
261 890 2
263 890 1
267 890 3
268 890 2
270 890 3
273 890 3
275 890 2
278 890 3
281 890 3
282 890 1
284 890 2
286 890 3
296 890 3
305 890 3
307 890 1
309 890 3
311 890 2
316 890 2
322 890 3
323 890 1
327 890 2
334 890 1
335 890 3
341 890 1
343 890 2
345 890 3
352 890 2
354 890 1
356 890 1
357 890 2
358 890 3
364 890 1
368 890 1
369 890 1
370 890 3
371 890 1
372 890 3
373 890 1
374 890 1
378 890 3
383 890 2
384 890 1
388 890 3
389 890 1
391 890 2
395 890 1
398 890 1
399 890 2
405 890 1
406 890 1
408 890 3
410 890 3
417 890 2
418 890 3
420 890 2
423 890 2
425 890 2
430 890 2
431 890 2
437 890 2
438 890 3
439 890 1
440 890 2
442 890 1
443 890 1
448 890 1
456 890 3
458 890 3
459 890 2
460 890 1
463 890 1
464 890 2
468 890 2
473 890 3
474 890 2
475 890 3
484 890 1
485 890 1
489 890 1
491 890 2
492 890 3
493 890 1
495 890 1
496 890 2
499 890 2
500 890 2
501 890 1
505 890 3
508 890 2
512 890 1
514 890 3
516 890 3
518 890 1
526 890 2
528 890 1
529 890 1
531 890 1
539 890 2
545 890 1
548 890 3
553 890 3
555 890 3
557 890 1
558 890 3
559 890 1
567 890 2
571 890 1
572 890 2
574 890 1
579 890 3
585 890 1
586 890 1
591 890 1
597 890 2
600 890 1
602 890 1
604 890 3
605 890 3
609 890 2
611 890 2
613 890 1
616 890 1
618 890 2
623 890 3
625 890 3
626 890 3
628 890 2
635 890 1
643 890 2
645 890 3
649 890 3
650 890 3
654 890 1
655 890 3
656 890 1
658 890 2
667 890 2
669 890 3
672 890 1
682 890 3
684 890 2
685 890 1
686 890 1
687 890 2
688 890 1
690 890 1
695 890 1
698 890 2
705 890 3
708 890 3
714 890 1
715 890 1
716 890 1
718 890 1
723 890 3
724 890 1
725 890 1
732 890 2
733 890 3
745 890 3
746 890 1
760 890 1
763 890 3
764 890 1
766 890 2
768 890 2
769 890 3
776 890 2
777 890 1
782 890 1
783 890 3
786 890 1
787 890 1
788 890 3
790 890 3
791 890 3
793 890 2
795 890 1
799 890 2
802 890 3
809 890 3
830 890 1
834 890 1
837 890 1
838 890 3
841 890 1
842 890 3
846 890 3
853 890 2
855 890 2
858 890 3
861 890 1
863 890 2
864 890 1
865 890 1
867 890 3
872 890 1
877 890 2
878 890 1
880 890 2
887 890 3
894 890 3
897 890 3
900 890 3
903 890 2
905 890 2
907 890 1
910 890 1
913 890 3
916 890 2
925 890 1
931 890 1
933 890 1
936 890 1
940 890 2
942 890 1
943 890 1
948 890 2
949 890 2
950 890 3
951 890 2
956 890 1
959 890 1
960 890 2
964 890 2
965 890 3
968 890 3
969 890 2
970 890 3
973 890 3
976 890 3
979 890 3
982 890 2
984 890 2
986 890 1
996 890 2
998 890 1
999 890 1
1 891 1
3 891 2
6 891 3
8 891 3
9 891 2
11 891 1
26 891 1
28 891 1
29 891 3
30 891 3
34 891 2
39 891 3
44 891 2
45 891 2
46 891 1
47 891 3
49 891 2
54 891 1
56 891 3
62 891 1
69 891 2
73 891 2
76 891 2
77 891 3
83 891 3
84 891 3
85 891 1
89 891 2
94 891 1
101 891 2
103 891 2
106 891 3
109 891 2
113 891 1
114 891 2
115 891 2
116 891 2
118 891 1
131 891 1
135 891 3
142 891 3
145 891 3
161 891 3
163 891 1
166 891 1
171 891 1
181 891 3
184 891 2
193 891 2
194 891 1
198 891 3
199 891 1
200 891 2
201 891 2
206 891 1
207 891 1
208 891 1
209 891 3
212 891 1
213 891 3
214 891 3
215 891 2
218 891 1
219 891 2
220 891 3
223 891 3
234 891 2
247 891 3
248 891 1
249 891 1
250 891 2
253 891 3
254 891 2
255 891 2
260 891 1
262 891 3
263 891 3
272 891 1
275 891 1
276 891 1
278 891 2
279 891 2
282 891 3
283 891 1
284 891 1
289 891 1
291 891 1
293 891 1
294 891 1
296 891 2
303 891 2
307 891 3
309 891 3
311 891 2
312 891 3
314 891 1
316 891 2
317 891 3
318 891 3
321 891 2
322 891 2
323 891 1
325 891 1
326 891 3
330 891 1
334 891 3
335 891 3
336 891 1
350 891 1
351 891 1
352 891 3
354 891 2
356 891 3
357 891 2
359 891 2
362 891 3
364 891 3
365 891 3
372 891 1
379 891 2
380 891 2
381 891 2
385 891 2
386 891 1
387 891 3
391 891 1
394 891 1
398 891 1
399 891 3
400 891 2
404 891 3
405 891 3
406 891 1
411 891 1
413 891 3
414 891 1
418 891 3
425 891 2
426 891 2
428 891 2
429 891 3
430 891 1
437 891 2
440 891 1
442 891 2
451 891 3
452 891 1
460 891 2
464 891 1
469 891 2
470 891 2
472 891 1
473 891 3
475 891 3
476 891 1
479 891 3
481 891 3
484 891 1
486 891 1
488 891 1
491 891 2
493 891 2
495 891 2
499 891 2
500 891 1
501 891 2
505 891 1
507 891 3
508 891 2
513 891 3
515 891 2
518 891 3
524 891 3
525 891 1
527 891 1
528 891 2
530 891 3
531 891 1
537 891 2
538 891 1
539 891 2
542 891 1
543 891 3
544 891 2
546 891 2
547 891 3
549 891 2
559 891 3
561 891 3
564 891 3
565 891 2
567 891 2
571 891 3
574 891 1
578 891 1
580 891 3
581 891 2
582 891 1
590 891 2
592 891 3
595 891 3
598 891 2
602 891 2
603 891 2
606 891 2
609 891 2
610 891 2
611 891 3
613 891 3
632 891 2
633 891 3
635 891 1
636 891 3
638 891 2
640 891 2
641 891 2
644 891 1
645 891 1
646 891 2
647 891 2
653 891 3
654 891 2
655 891 1
658 891 3
659 891 3
661 891 2
662 891 3
668 891 2
670 891 3
675 891 1
680 891 1
684 891 1
686 891 2
691 891 2
694 891 1
695 891 3
696 891 3
697 891 3
701 891 1
703 891 1
704 891 2
707 891 2
708 891 2
710 891 2
712 891 3
713 891 1
718 891 2
725 891 1
731 891 1
737 891 3
744 891 2
747 891 1
748 891 3
749 891 3
753 891 3
755 891 2
757 891 2
758 891 1
766 891 1
767 891 1
768 891 1
769 891 3
772 891 1
774 891 3
776 891 2
780 891 3
783 891 3
784 891 3
785 891 1
786 891 3
790 891 3
794 891 3
795 891 2
798 891 2
799 891 3
801 891 1
802 891 2
803 891 3
806 891 3
807 891 2
809 891 1
810 891 3
812 891 2
815 891 2
816 891 3
819 891 3
821 891 2
824 891 1
830 891 3
839 891 1
850 891 3
852 891 1
854 891 1
855 891 3
857 891 3
858 891 2
861 891 2
862 891 3
864 891 1
866 891 1
869 891 2
873 891 1
874 891 2
878 891 2
880 891 3
882 891 3
890 891 2
895 891 2
896 891 3
908 891 3
910 891 3
912 891 3
914 891 3
915 891 3
916 891 3
918 891 1
920 891 3
925 891 1
926 891 3
935 891 2
938 891 3
942 891 2
953 891 1
957 891 1
960 891 3
961 891 1
966 891 2
968 891 2
972 891 1
976 891 2
980 891 2
981 891 1
982 891 2
983 891 1
987 891 1
989 891 1
994 891 2
996 891 1
0 892 1
4 892 2
9 892 3
10 892 2
13 892 1
17 892 2
18 892 2
22 892 1
24 892 3
25 892 1
27 892 2
30 892 3
34 892 2
35 892 2
36 892 2
37 892 1
38 892 3
39 892 1
40 892 3
41 892 2
44 892 3
52 892 2
54 892 2
56 892 3
58 892 3
59 892 3
61 892 2
68 892 1
69 892 2
71 892 3
73 892 1
74 892 2
76 892 1
80 892 1
82 892 2
97 892 3
100 892 2
101 892 1
102 892 3
106 892 1
116 892 2
125 892 2
126 892 3
130 892 1
139 892 1
140 892 2
148 892 3
149 892 2
