521 169 2
523 169 3
524 169 3
525 169 3
527 169 1
530 169 3
534 169 3
537 169 2
548 169 3
550 169 2
551 169 1
556 169 2
557 169 3
559 169 1
560 169 2
562 169 3
569 169 1
573 169 2
578 169 1
583 169 1
588 169 2
594 169 2
597 169 1
602 169 2
603 169 2
607 169 3
609 169 1
612 169 3
615 169 3
616 169 3
618 169 3
619 169 2
620 169 2
621 169 1
624 169 2
625 169 3
626 169 3
628 169 1
630 169 1
631 169 3
632 169 2
633 169 1
635 169 2
637 169 2
639 169 3
641 169 2
643 169 3
648 169 2
649 169 1
654 169 3
655 169 3
657 169 3
660 169 1
661 169 1
671 169 1
674 169 3
675 169 1
680 169 3
681 169 2
682 169 3
683 169 3
686 169 3
687 169 2
695 169 1
700 169 3
701 169 3
704 169 2
705 169 1
706 169 2
709 169 1
712 169 2
714 169 2
715 169 1
716 169 2
718 169 3
719 169 1
725 169 3
727 169 1
728 169 2
730 169 3
739 169 3
743 169 3
744 169 1
749 169 2
755 169 1
760 169 1
761 169 2
762 169 3
763 169 1
764 169 3
766 169 2
770 169 3
774 169 2
775 169 3
779 169 1
782 169 3
783 169 2
784 169 3
789 169 2
791 169 2
803 169 1
805 169 1
806 169 1
807 169 1
809 169 1
811 169 1
818 169 1
819 169 3
822 169 1
823 169 2
830 169 1
831 169 3
832 169 1
841 169 3
846 169 1
850 169 2
853 169 1
859 169 3
860 169 3
861 169 1
862 169 1
869 169 3
871 169 2
873 169 3
874 169 1
879 169 3
881 169 3
882 169 1
891 169 3
893 169 3
894 169 2
895 169 3
896 169 1
898 169 2
904 169 3
907 169 3
909 169 1
911 169 1
917 169 2
920 169 1
921 169 1
926 169 3
929 169 3
931 169 1
934 169 1
936 169 2
940 169 2
941 169 2
943 169 3
944 169 1
947 169 1
951 169 3
954 169 1
955 169 3
956 169 3
957 169 2
960 169 2
961 169 3
963 169 1
965 169 3
966 169 1
969 169 3
970 169 2
971 169 2
977 169 1
982 169 3
983 169 3
986 169 1
990 169 2
991 169 1
994 169 2
996 169 2
997 169 1
998 169 1
2 170 2
4 170 3
6 170 2
8 170 2
9 170 2
11 170 2
17 170 2
18 170 3
20 170 2
31 170 3
36 170 3
37 170 2
38 170 2
39 170 2
42 170 3
47 170 3
48 170 1
53 170 1
56 170 3
65 170 3
66 170 3
69 170 1
70 170 2
75 170 1
78 170 1
79 170 2
80 170 3
85 170 1
87 170 1
88 170 2
90 170 2
91 170 3
92 170 3
96 170 2
102 170 3
104 170 2
106 170 2
108 170 1
111 170 2
113 170 2
119 170 1
121 170 3
126 170 3
129 170 1
130 170 3
131 170 1
135 170 2
136 170 2
137 170 2
139 170 3
140 170 3
143 170 3
144 170 2
148 170 3
151 170 2
152 170 1
154 170 1
157 170 2
159 170 2
161 170 3
163 170 3
164 170 1
166 170 1
167 170 2
168 170 3
172 170 1
173 170 3
179 170 1
189 170 2
190 170 2
192 170 1
197 170 2
198 170 2
202 170 2
203 170 2
204 170 3
205 170 3
206 170 3
209 170 2
213 170 1
214 170 1
215 170 3
217 170 2
220 170 3
221 170 3
223 170 3
225 170 2
226 170 1
227 170 3
228 170 2
229 170 1
232 170 3
234 170 3
236 170 3
237 170 1
245 170 1
246 170 3
252 170 3
255 170 1
258 170 1
261 170 3
262 170 1
267 170 1
268 170 3
269 170 3
271 170 2
274 170 2
275 170 2
276 170 3
279 170 3
281 170 3
287 170 2
290 170 3
291 170 1
292 170 2
298 170 1
303 170 2
305 170 2
307 170 2
311 170 2
313 170 3
314 170 2
315 170 1
331 170 1
332 170 1
333 170 2
334 170 1
338 170 2
343 170 2
344 170 3
348 170 2
355 170 1
360 170 3
363 170 2
376 170 1
377 170 3
379 170 2
385 170 2
388 170 1
391 170 3
394 170 3
397 170 3
400 170 1
402 170 3
406 170 3
410 170 1
412 170 2
416 170 2
417 170 3
420 170 2
422 170 2
425 170 3
427 170 2
428 170 2
432 170 3
436 170 3
440 170 3
441 170 3
443 170 3
444 170 2
446 170 1
448 170 3
450 170 1
451 170 2
452 170 2
459 170 1
464 170 2
470 170 1
476 170 1
477 170 2
485 170 1
488 170 1
500 170 2
505 170 2
509 170 3
510 170 3
516 170 2
518 170 3
524 170 3
527 170 3
529 170 3
535 170 3
540 170 2
541 170 2
545 170 3
550 170 2
552 170 2
554 170 3
555 170 1
562 170 1
565 170 2
570 170 1
571 170 2
575 170 3
578 170 3
579 170 1
583 170 3
584 170 2
589 170 3
591 170 2
598 170 3
600 170 2
601 170 3
607 170 2
608 170 1
611 170 1
612 170 3
614 170 2
617 170 1
618 170 3
624 170 3
628 170 1
632 170 2
637 170 2
638 170 2
642 170 3
649 170 3
658 170 1
662 170 3
663 170 2
664 170 1
666 170 3
667 170 1
668 170 1
671 170 3
673 170 3
680 170 1
682 170 2
683 170 3
684 170 1
686 170 1
693 170 1
695 170 1
697 170 3
702 170 3
703 170 3
706 170 2
709 170 1
711 170 3
713 170 1
714 170 3
718 170 2
720 170 3
724 170 2
725 170 3
726 170 1
729 170 1
734 170 3
736 170 2
740 170 2
742 170 2
743 170 1
745 170 2
750 170 3
751 170 2
752 170 2
755 170 3
760 170 3
762 170 2
767 170 1
769 170 1
770 170 1
771 170 3
772 170 1
774 170 2
777 170 1
779 170 3
782 170 3
786 170 3
792 170 1
793 170 1
795 170 3
798 170 3
799 170 1
809 170 2
810 170 3
814 170 3
815 170 2
819 170 3
823 170 1
825 170 3
826 170 2
829 170 3
832 170 1
835 170 1
836 170 3
839 170 1
844 170 2
847 170 2
848 170 1
852 170 2
854 170 2
873 170 1
875 170 1
876 170 3
878 170 1
882 170 2
883 170 2
884 170 3
886 170 2
887 170 2
892 170 2
893 170 2
895 170 3
896 170 2
899 170 1
900 170 2
902 170 3
903 170 1
905 170 1
909 170 2
910 170 1
911 170 2
912 170 3
915 170 3
918 170 1
919 170 3
920 170 3
921 170 1
925 170 3
926 170 2
937 170 2
939 170 2
940 170 1
943 170 3
944 170 1
945 170 3
947 170 3
951 170 1
961 170 1
962 170 2
963 170 1
964 170 3
967 170 1
977 170 2
984 170 2
986 170 1
990 170 1
991 170 2
994 170 3
997 170 3
999 170 3
4 171 2
6 171 2
10 171 1
16 171 3
18 171 2
27 171 3
31 171 1
32 171 2
33 171 1
35 171 1
38 171 1
47 171 3
50 171 3
51 171 2
54 171 3
59 171 2
63 171 2
64 171 3
67 171 1
68 171 3
73 171 2
76 171 2
77 171 2
85 171 1
97 171 3
102 171 2
104 171 3
106 171 2
111 171 3
123 171 2
124 171 3
126 171 2
127 171 2
129 171 3
135 171 3
139 171 1
143 171 1
144 171 1
145 171 2
147 171 3
148 171 1
153 171 2
155 171 2
158 171 2
160 171 1
163 171 2
164 171 1
166 171 3
167 171 3
171 171 2
176 171 2
183 171 2
185 171 2
186 171 2
191 171 3
192 171 1
193 171 3
196 171 3
200 171 3
204 171 3
207 171 1
210 171 3
216 171 2
218 171 3
219 171 2
221 171 1
222 171 2
223 171 2
226 171 3
227 171 1
238 171 3
240 171 2
241 171 1
242 171 2
245 171 3
247 171 3
250 171 2
253 171 1
254 171 1
261 171 1
262 171 2
264 171 2
267 171 1
268 171 1
269 171 2
271 171 3
274 171 1
276 171 2
281 171 3
282 171 3
286 171 1
287 171 2
288 171 1
289 171 3
292 171 2
296 171 1
297 171 2
300 171 3
306 171 2
308 171 2
315 171 1
316 171 2
320 171 3
322 171 3
323 171 1
327 171 1
330 171 2
332 171 3
333 171 1
343 171 1
344 171 1
345 171 2
349 171 3
353 171 3
357 171 3
358 171 2
359 171 1
360 171 3
361 171 2
366 171 2
371 171 1
374 171 1
377 171 2
379 171 1
382 171 2
386 171 3
390 171 1
397 171 1
398 171 2
401 171 2
404 171 1
405 171 3
409 171 1
412 171 2
414 171 3
415 171 3
421 171 1
424 171 1
432 171 2
437 171 2
438 171 2
439 171 3
440 171 1
442 171 1
444 171 3
447 171 1
448 171 3
450 171 2
452 171 2
454 171 2
