759 107 1
761 107 2
764 107 3
765 107 3
770 107 2
778 107 1
779 107 1
783 107 2
784 107 1
790 107 2
791 107 2
792 107 2
795 107 1
796 107 1
800 107 2
801 107 1
802 107 1
803 107 2
805 107 2
806 107 1
809 107 2
812 107 3
814 107 3
816 107 1
817 107 2
820 107 3
823 107 2
824 107 2
826 107 3
828 107 1
829 107 3
831 107 1
832 107 2
833 107 3
834 107 1
841 107 2
842 107 2
844 107 3
846 107 3
852 107 2
853 107 1
855 107 3
856 107 2
863 107 3
865 107 2
871 107 1
873 107 3
875 107 3
879 107 1
880 107 2
881 107 3
882 107 3
884 107 2
886 107 1
889 107 3
892 107 3
894 107 1
895 107 2
896 107 2
905 107 3
911 107 2
916 107 3
918 107 1
923 107 1
926 107 3
931 107 2
933 107 3
934 107 3
935 107 1
937 107 2
940 107 1
942 107 1
943 107 2
950 107 3
953 107 3
954 107 3
957 107 2
960 107 3
961 107 3
965 107 3
970 107 2
972 107 3
974 107 1
977 107 3
979 107 1
982 107 2
987 107 1
988 107 2
989 107 2
990 107 1
997 107 3
998 107 3
2 108 2
3 108 1
5 108 2
6 108 3
13 108 2
15 108 3
16 108 2
18 108 3
19 108 2
21 108 3
26 108 1
31 108 3
38 108 3
41 108 2
45 108 3
49 108 2
53 108 1
56 108 2
58 108 2
59 108 1
63 108 3
65 108 3
66 108 2
68 108 1
70 108 1
74 108 2
75 108 1
77 108 2
81 108 3
84 108 3
93 108 1
95 108 3
96 108 1
102 108 1
105 108 2
111 108 1
112 108 1
113 108 1
116 108 1
118 108 2
124 108 2
131 108 2
137 108 2
138 108 1
141 108 2
144 108 1
148 108 3
151 108 2
152 108 2
153 108 3
158 108 3
159 108 1
161 108 3
164 108 1
167 108 3
171 108 1
173 108 3
179 108 2
181 108 2
182 108 2
187 108 2
195 108 1
197 108 1
202 108 3
208 108 3
209 108 1
211 108 1
212 108 1
215 108 1
216 108 2
222 108 1
224 108 1
226 108 1
227 108 3
229 108 3
231 108 3
237 108 1
242 108 1
245 108 1
247 108 3
250 108 2
253 108 1
254 108 2
258 108 1
263 108 2
264 108 1
267 108 1
268 108 1
269 108 3
278 108 1
281 108 2
282 108 2
283 108 2
284 108 1
287 108 1
288 108 2
291 108 3
296 108 2
300 108 2
306 108 1
309 108 3
310 108 3
311 108 3
312 108 2
313 108 2
316 108 1
317 108 3
318 108 3
319 108 3
325 108 2
326 108 3
329 108 2
332 108 2
333 108 2
337 108 1
340 108 3
341 108 3
342 108 1
349 108 1
368 108 2
369 108 2
373 108 2
374 108 3
378 108 2
384 108 1
385 108 1
390 108 3
393 108 3
394 108 3
397 108 2
401 108 1
405 108 1
409 108 2
415 108 3
417 108 1
418 108 1
421 108 1
422 108 2
426 108 2
432 108 1
438 108 2
439 108 2
440 108 1
443 108 3
447 108 2
449 108 3
452 108 3
457 108 2
459 108 3
460 108 2
462 108 2
464 108 2
465 108 2
469 108 2
470 108 1
471 108 3
475 108 1
476 108 3
478 108 3
479 108 2
484 108 1
485 108 1
491 108 1
492 108 1
493 108 3
498 108 1
499 108 1
506 108 2
508 108 2
509 108 3
517 108 1
522 108 1
523 108 1
524 108 3
525 108 1
526 108 3
529 108 1
532 108 1
533 108 2
534 108 2
535 108 3
536 108 3
537 108 3
543 108 2
544 108 1
548 108 3
549 108 1
551 108 1
552 108 1
554 108 2
557 108 3
558 108 1
565 108 2
566 108 3
567 108 1
570 108 3
577 108 3
581 108 2
585 108 3
586 108 3
590 108 1
591 108 1
593 108 2
599 108 3
601 108 2
605 108 1
607 108 2
608 108 2
610 108 1
612 108 1
615 108 1
617 108 1
619 108 3
621 108 3
626 108 3
632 108 2
635 108 3
636 108 3
641 108 2
643 108 2
646 108 2
650 108 1
653 108 1
658 108 2
659 108 2
663 108 3
671 108 3
677 108 1
680 108 1
685 108 3
689 108 3
690 108 3
691 108 2
694 108 2
698 108 1
699 108 3
700 108 1
702 108 2
704 108 3
706 108 1
707 108 3
709 108 1
711 108 2
712 108 1
714 108 1
717 108 1
727 108 2
733 108 1
734 108 2
735 108 1
736 108 2
740 108 3
741 108 1
744 108 3
752 108 2
753 108 2
759 108 2
763 108 1
764 108 1
772 108 1
780 108 1
781 108 1
786 108 2
787 108 2
789 108 2
796 108 3
805 108 3
808 108 2
809 108 1
812 108 3
813 108 1
820 108 3
822 108 2
823 108 1
824 108 2
831 108 1
832 108 3
835 108 3
836 108 3
845 108 3
846 108 3
857 108 3
859 108 3
860 108 3
864 108 2
869 108 1
872 108 2
873 108 2
879 108 3
880 108 2
882 108 3
884 108 3
885 108 1
886 108 2
887 108 2
889 108 3
893 108 1
899 108 2
901 108 1
903 108 3
905 108 3
906 108 2
907 108 2
908 108 3
910 108 3
912 108 3
914 108 3
915 108 1
918 108 2
919 108 1
920 108 3
923 108 2
924 108 2
928 108 3
929 108 3
931 108 3
934 108 3
937 108 1
942 108 2
944 108 3
945 108 3
946 108 3
947 108 2
949 108 2
950 108 2
956 108 2
961 108 1
962 108 1
965 108 3
966 108 3
967 108 3
971 108 3
975 108 1
986 108 1
987 108 2
993 108 2
994 108 2
2 109 2
3 109 1
10 109 1
18 109 3
21 109 3
32 109 3
33 109 2
34 109 1
36 109 3
38 109 2
53 109 3
54 109 3
57 109 2
58 109 2
60 109 2
72 109 1
75 109 2
77 109 1
78 109 1
80 109 2
84 109 2
89 109 2
91 109 1
92 109 1
93 109 3
94 109 3
106 109 2
109 109 2
114 109 1
117 109 1
123 109 3
126 109 2
129 109 2
136 109 3
137 109 3
138 109 1
140 109 1
142 109 1
145 109 3
146 109 1
149 109 1
150 109 1
152 109 2
161 109 3
163 109 2
166 109 3
168 109 2
169 109 1
170 109 1
171 109 1
174 109 3
176 109 1
178 109 1
189 109 2
191 109 3
193 109 1
198 109 1
200 109 1
201 109 3
202 109 2
204 109 2
207 109 2
209 109 2
211 109 3
212 109 3
213 109 3
215 109 2
217 109 3
222 109 2
223 109 1
224 109 2
225 109 3
226 109 2
234 109 2
238 109 1
246 109 3
249 109 3
251 109 3
254 109 3
256 109 2
261 109 3
263 109 3
272 109 3
273 109 3
276 109 1
278 109 2
279 109 1
281 109 1
282 109 2
285 109 1
293 109 2
296 109 1
297 109 2
301 109 2
304 109 1
306 109 3
311 109 2
319 109 3
322 109 3
329 109 1
331 109 3
334 109 3
336 109 2
340 109 1
342 109 3
348 109 2
353 109 3
355 109 1
356 109 3
357 109 2
358 109 3
362 109 2
364 109 3
365 109 2
368 109 2
370 109 2
372 109 2
377 109 2
378 109 2
386 109 3
392 109 2
399 109 3
403 109 3
406 109 1
410 109 3
416 109 2
417 109 3
418 109 2
420 109 1
422 109 3
428 109 3
439 109 2
440 109 1
442 109 1
443 109 3
444 109 3
445 109 3
446 109 3
450 109 2
451 109 2
453 109 1
463 109 1
464 109 3
465 109 3
467 109 2
474 109 3
476 109 3
483 109 3
484 109 3
485 109 2
497 109 1
500 109 2
502 109 3
503 109 2
504 109 3
505 109 1
513 109 2
515 109 3
517 109 1
518 109 1
522 109 3
528 109 1
531 109 3
533 109 2
535 109 2
540 109 1
544 109 1
549 109 1
551 109 2
552 109 1
554 109 3
555 109 2
562 109 3
571 109 2
572 109 2
573 109 1
577 109 2
578 109 1
579 109 2
586 109 2
587 109 3
591 109 1
593 109 3
594 109 1
595 109 1
596 109 1
598 109 1
605 109 1
608 109 3
609 109 1
612 109 2
614 109 2
616 109 1
618 109 3
620 109 3
626 109 1
627 109 1
630 109 1
631 109 1
634 109 3
635 109 1
640 109 3
644 109 3
646 109 2
647 109 3
649 109 1
651 109 1
654 109 1
656 109 2
658 109 2
659 109 3
660 109 1
662 109 1
673 109 2
677 109 3
678 109 1
679 109 1
680 109 3
681 109 3
683 109 1
685 109 1
689 109 1
693 109 1
694 109 3
697 109 2
698 109 3
701 109 1
706 109 3
713 109 2
716 109 3
724 109 1
734 109 3
736 109 1
739 109 3
741 109 1
742 109 1
744 109 3
