392 560 2
393 560 2
394 560 3
395 560 1
396 560 1
397 560 3
398 560 3
401 560 3
403 560 1
404 560 1
406 560 2
407 560 1
409 560 1
410 560 2
414 560 1
418 560 1
429 560 1
436 560 2
441 560 2
443 560 1
444 560 2
449 560 3
450 560 2
451 560 1
457 560 2
459 560 2
460 560 3
465 560 2
468 560 2
472 560 2
473 560 1
478 560 1
480 560 3
481 560 1
487 560 3
490 560 3
498 560 3
499 560 3
501 560 1
503 560 1
504 560 1
510 560 1
512 560 2
514 560 1
515 560 2
519 560 1
524 560 3
525 560 2
528 560 2
532 560 1
534 560 1
537 560 3
539 560 3
542 560 3
548 560 1
549 560 2
550 560 2
551 560 2
553 560 2
554 560 3
558 560 3
562 560 3
564 560 3
568 560 3
573 560 2
577 560 3
578 560 2
582 560 3
584 560 3
590 560 3
591 560 1
599 560 3
602 560 3
603 560 3
609 560 3
610 560 3
614 560 1
615 560 3
616 560 2
620 560 2
627 560 1
629 560 1
635 560 2
644 560 2
648 560 2
653 560 1
657 560 3
666 560 1
668 560 3
672 560 1
678 560 3
680 560 1
683 560 1
686 560 2
687 560 2
695 560 1
698 560 2
699 560 3
700 560 2
701 560 1
705 560 2
708 560 1
710 560 2
713 560 3
724 560 3
728 560 3
741 560 2
744 560 1
745 560 2
746 560 1
749 560 3
750 560 3
751 560 1
756 560 3
758 560 1
760 560 1
761 560 2
763 560 3
766 560 1
768 560 2
770 560 2
772 560 1
773 560 3
775 560 1
778 560 2
785 560 3
786 560 3
787 560 2
788 560 1
790 560 2
793 560 1
795 560 3
797 560 2
798 560 2
799 560 3
802 560 3
803 560 2
806 560 1
814 560 2
815 560 1
818 560 1
821 560 1
822 560 1
823 560 3
824 560 2
825 560 2
827 560 1
831 560 3
832 560 3
833 560 1
837 560 1
840 560 2
841 560 1
842 560 3
849 560 3
851 560 3
853 560 2
859 560 1
872 560 1
873 560 3
877 560 1
879 560 1
883 560 1
885 560 1
886 560 1
892 560 1
893 560 1
894 560 2
895 560 3
896 560 2
901 560 1
902 560 1
907 560 3
909 560 2
910 560 2
919 560 1
931 560 2
932 560 2
934 560 2
935 560 2
936 560 3
938 560 3
941 560 3
947 560 3
948 560 2
951 560 2
953 560 1
956 560 3
957 560 3
961 560 2
965 560 2
967 560 1
973 560 2
974 560 3
981 560 2
983 560 2
985 560 1
988 560 3
991 560 3
992 560 1
998 560 1
2 561 3
3 561 1
4 561 2
5 561 1
8 561 2
10 561 3
11 561 3
17 561 1
20 561 3
22 561 1
29 561 3
34 561 3
35 561 1
38 561 1
39 561 2
40 561 3
42 561 1
48 561 1
49 561 2
54 561 1
56 561 2
69 561 3
70 561 1
71 561 2
75 561 3
77 561 3
81 561 3
82 561 1
86 561 3
90 561 1
92 561 3
95 561 2
96 561 3
97 561 1
106 561 3
112 561 1
116 561 2
118 561 1
126 561 2
127 561 1
129 561 1
132 561 2
135 561 3
137 561 1
148 561 3
151 561 1
153 561 1
156 561 1
159 561 2
161 561 3
169 561 1
174 561 3
176 561 2
179 561 2
183 561 3
184 561 1
185 561 3
186 561 1
187 561 2
191 561 1
193 561 3
196 561 2
197 561 2
198 561 1
199 561 1
200 561 1
205 561 3
206 561 1
209 561 2
211 561 3
212 561 3
219 561 1
220 561 3
221 561 1
224 561 1
225 561 1
234 561 3
239 561 3
240 561 3
244 561 1
246 561 3
251 561 1
253 561 1
255 561 3
256 561 1
258 561 1
260 561 3
264 561 1
268 561 3
271 561 2
274 561 2
276 561 1
277 561 2
278 561 1
279 561 3
280 561 2
281 561 1
293 561 1
295 561 2
300 561 2
303 561 3
304 561 1
305 561 1
310 561 1
311 561 3
317 561 2
318 561 1
319 561 1
321 561 1
323 561 1
324 561 2
327 561 2
333 561 3
335 561 1
341 561 3
343 561 2
347 561 2
350 561 2
351 561 1
352 561 3
357 561 3
358 561 2
359 561 1
360 561 3
361 561 3
365 561 1
367 561 2
369 561 1
376 561 1
388 561 1
390 561 3
397 561 1
399 561 3
401 561 2
402 561 3
406 561 3
411 561 2
412 561 1
413 561 2
414 561 1
417 561 3
420 561 3
424 561 3
425 561 2
427 561 3
428 561 1
429 561 3
437 561 3
438 561 1
445 561 3
451 561 3
455 561 1
458 561 1
459 561 1
460 561 1
461 561 3
463 561 2
466 561 3
470 561 3
477 561 3
478 561 3
481 561 1
486 561 1
488 561 3
491 561 1
492 561 1
493 561 1
494 561 2
498 561 3
499 561 3
500 561 2
502 561 2
504 561 2
507 561 3
508 561 2
509 561 3
513 561 3
522 561 1
524 561 3
525 561 1
526 561 2
528 561 1
530 561 2
536 561 2
544 561 3
545 561 3
551 561 2
553 561 3
561 561 3
563 561 3
567 561 2
570 561 1
572 561 2
575 561 1
576 561 3
577 561 3
584 561 3
586 561 1
588 561 3
595 561 1
599 561 2
601 561 2
602 561 3
605 561 1
606 561 2
608 561 2
613 561 2
619 561 1
625 561 1
627 561 1
630 561 2
632 561 2
633 561 3
634 561 1
638 561 2
644 561 1
645 561 3
653 561 1
654 561 3
658 561 1
661 561 3
662 561 3
663 561 1
666 561 2
668 561 2
670 561 1
673 561 2
676 561 3
677 561 1
683 561 2
685 561 3
691 561 1
692 561 1
695 561 3
697 561 3
704 561 3
719 561 1
725 561 1
731 561 3
733 561 1
736 561 3
739 561 2
742 561 3
749 561 2
750 561 1
754 561 2
758 561 1
759 561 2
764 561 1
765 561 2
769 561 3
771 561 3
774 561 2
784 561 1
794 561 2
800 561 3
809 561 1
812 561 1
816 561 1
820 561 3
824 561 3
828 561 1
829 561 2
834 561 1
835 561 2
838 561 1
839 561 2
840 561 2
841 561 1
842 561 1
844 561 2
848 561 2
849 561 3
854 561 3
857 561 2
863 561 1
867 561 2
869 561 2
870 561 1
873 561 3
876 561 2
877 561 3
879 561 3
880 561 2
881 561 1
882 561 3
883 561 1
888 561 2
889 561 3
890 561 2
892 561 1
893 561 1
895 561 2
898 561 3
900 561 3
904 561 1
918 561 3
922 561 2
926 561 1
927 561 3
929 561 1
934 561 3
935 561 2
936 561 1
937 561 1
942 561 3
944 561 1
945 561 2
948 561 2
951 561 2
952 561 1
953 561 2
955 561 2
956 561 2
962 561 3
967 561 1
972 561 2
976 561 1
977 561 2
979 561 3
980 561 2
990 561 1
993 561 2
995 561 3
999 561 2
0 562 3
1 562 1
6 562 2
7 562 3
11 562 2
13 562 1
15 562 2
19 562 2
22 562 1
24 562 2
26 562 3
28 562 2
29 562 2
31 562 2
38 562 2
40 562 2
43 562 1
45 562 3
46 562 3
48 562 2
55 562 3
57 562 3
61 562 1
62 562 1
63 562 2
65 562 2
69 562 3
70 562 1
76 562 1
80 562 1
81 562 3
86 562 3
93 562 3
94 562 1
95 562 2
96 562 1
98 562 1
100 562 3
111 562 3
114 562 1
118 562 2
121 562 1
122 562 1
123 562 3
126 562 3
131 562 2
132 562 1
134 562 3
144 562 2
157 562 3
161 562 2
163 562 1
166 562 1
167 562 2
170 562 3
173 562 3
174 562 2
176 562 1
177 562 1
181 562 2
183 562 1
185 562 1
190 562 1
192 562 1
199 562 3
200 562 3
201 562 2
204 562 3
207 562 1
209 562 3
210 562 1
217 562 3
221 562 1
230 562 2
235 562 3
237 562 2
249 562 2
250 562 1
252 562 2
254 562 1
259 562 3
260 562 2
261 562 1
265 562 1
266 562 2
273 562 2
276 562 3
278 562 3
284 562 3
288 562 3
291 562 1
293 562 3
294 562 1
296 562 3
297 562 1
298 562 2
299 562 3
302 562 3
303 562 1
307 562 1
312 562 1
328 562 1
329 562 2
335 562 3
339 562 1
347 562 3
348 562 2
356 562 3
357 562 1
361 562 3
363 562 2
364 562 2
368 562 1
369 562 3
371 562 3
374 562 2
375 562 3
381 562 3
385 562 3
388 562 1
390 562 1
392 562 3
396 562 1
401 562 1
404 562 3
407 562 2
413 562 1
417 562 3
419 562 1
421 562 3
422 562 1
423 562 2
428 562 1
431 562 2
432 562 1
435 562 1
439 562 1
444 562 1
445 562 3
447 562 1
