524 982 1
527 982 3
531 982 1
532 982 3
533 982 2
534 982 2
540 982 2
541 982 1
542 982 2
543 982 1
544 982 1
546 982 3
547 982 1
548 982 1
550 982 2
551 982 1
553 982 1
554 982 1
556 982 3
557 982 2
559 982 3
572 982 2
574 982 1
575 982 1
577 982 3
578 982 1
583 982 3
584 982 3
585 982 1
589 982 3
593 982 1
594 982 2
596 982 1
597 982 2
598 982 3
601 982 1
603 982 2
604 982 1
606 982 2
609 982 3
611 982 2
613 982 3
618 982 3
619 982 2
622 982 2
626 982 3
628 982 1
633 982 2
637 982 1
638 982 2
644 982 1
645 982 3
649 982 3
650 982 1
651 982 2
659 982 1
660 982 2
662 982 3
665 982 1
670 982 2
672 982 1
673 982 3
678 982 3
679 982 2
680 982 1
681 982 1
682 982 2
687 982 1
693 982 2
698 982 1
700 982 1
702 982 1
703 982 3
706 982 2
708 982 2
709 982 3
711 982 1
712 982 3
713 982 3
714 982 1
721 982 1
724 982 3
725 982 1
727 982 1
730 982 3
731 982 2
736 982 2
737 982 2
739 982 2
740 982 2
741 982 1
744 982 3
747 982 2
756 982 2
764 982 3
767 982 3
768 982 3
770 982 1
772 982 2
773 982 2
774 982 3
776 982 1
777 982 1
778 982 1
783 982 2
784 982 1
785 982 3
787 982 3
801 982 3
802 982 3
804 982 2
806 982 2
807 982 3
810 982 3
811 982 1
813 982 1
816 982 3
818 982 3
821 982 1
823 982 3
826 982 2
828 982 1
829 982 2
836 982 3
837 982 2
838 982 1
841 982 1
842 982 2
844 982 1
847 982 1
849 982 3
852 982 3
854 982 1
855 982 1
859 982 1
862 982 2
864 982 3
865 982 2
877 982 1
884 982 2
889 982 2
891 982 1
894 982 2
895 982 2
896 982 3
897 982 3
898 982 1
900 982 2
901 982 2
903 982 3
906 982 2
908 982 1
909 982 3
912 982 3
917 982 1
918 982 3
919 982 2
922 982 2
932 982 1
939 982 3
944 982 3
946 982 3
947 982 1
948 982 2
951 982 2
955 982 1
956 982 1
958 982 3
960 982 2
964 982 2
966 982 2
968 982 1
970 982 3
971 982 3
973 982 3
975 982 3
976 982 1
977 982 2
979 982 3
980 982 3
981 982 2
984 982 1
995 982 1
997 982 1
0 983 3
1 983 3
3 983 3
6 983 3
10 983 3
11 983 1
12 983 3
17 983 2
20 983 1
22 983 3
25 983 3
26 983 3
28 983 1
30 983 2
34 983 2
36 983 1
38 983 1
40 983 1
41 983 1
48 983 3
49 983 2
52 983 1
53 983 1
54 983 2
56 983 1
59 983 2
60 983 1
65 983 2
68 983 2
69 983 3
70 983 2
75 983 1
77 983 1
78 983 1
79 983 1
81 983 3
82 983 2
87 983 3
96 983 1
99 983 3
106 983 2
109 983 3
110 983 1
111 983 2
114 983 1
115 983 1
117 983 1
120 983 3
122 983 1
125 983 3
128 983 3
130 983 1
131 983 3
139 983 1
149 983 1
160 983 2
162 983 1
163 983 3
165 983 2
168 983 1
171 983 1
172 983 3
174 983 3
179 983 3
181 983 1
185 983 2
186 983 1
187 983 2
191 983 3
192 983 1
201 983 3
202 983 3
205 983 3
207 983 2
209 983 3
211 983 2
217 983 1
218 983 3
223 983 1
224 983 1
227 983 3
228 983 2
230 983 2
237 983 1
241 983 2
246 983 1
250 983 1
251 983 1
252 983 1
255 983 3
260 983 3
266 983 1
267 983 2
270 983 1
273 983 1
274 983 2
275 983 2
278 983 3
281 983 3
284 983 1
285 983 2
286 983 1
288 983 1
290 983 3
292 983 2
295 983 1
296 983 3
302 983 2
309 983 1
310 983 2
314 983 1
317 983 3
318 983 1
323 983 1
329 983 1
331 983 1
332 983 1
334 983 3
336 983 1
338 983 2
341 983 2
349 983 3
351 983 2
352 983 2
353 983 2
357 983 2
363 983 3
368 983 1
373 983 3
376 983 2
379 983 2
382 983 2
385 983 3
386 983 2
389 983 3
391 983 1
392 983 2
398 983 2
408 983 2
411 983 1
414 983 1
420 983 3
421 983 3
425 983 1
431 983 1
441 983 3
444 983 1
445 983 3
447 983 2
448 983 3
455 983 1
457 983 2
459 983 1
463 983 1
464 983 2
466 983 1
467 983 1
468 983 1
469 983 2
470 983 2
473 983 3
474 983 1
478 983 3
479 983 3
481 983 1
482 983 3
491 983 1
499 983 1
500 983 1
505 983 3
507 983 2
508 983 3
509 983 1
512 983 2
513 983 1
518 983 2
524 983 1
530 983 2
535 983 3
537 983 2
540 983 3
548 983 2
557 983 3
559 983 2
574 983 1
583 983 3
585 983 2
587 983 3
588 983 3
592 983 1
598 983 3
602 983 1
603 983 1
610 983 1
614 983 3
615 983 3
622 983 1
623 983 1
624 983 1
626 983 2
628 983 1
629 983 3
631 983 2
633 983 2
635 983 3
637 983 3
640 983 1
641 983 3
643 983 2
648 983 2
652 983 2
653 983 1
656 983 1
664 983 2
665 983 1
670 983 2
673 983 3
682 983 2
683 983 2
686 983 1
693 983 3
697 983 2
700 983 3
707 983 3
710 983 3
712 983 1
719 983 2
731 983 1
733 983 3
736 983 1
737 983 3
739 983 2
743 983 2
750 983 2
753 983 2
755 983 1
759 983 1
761 983 2
766 983 3
768 983 3
769 983 3
770 983 2
772 983 3
777 983 2
780 983 3
781 983 3
782 983 1
783 983 1
786 983 1
792 983 1
809 983 3
816 983 2
817 983 2
825 983 1
828 983 2
829 983 3
831 983 2
832 983 3
836 983 2
837 983 2
840 983 1
845 983 2
848 983 2
849 983 1
852 983 2
854 983 2
855 983 3
858 983 2
863 983 3
866 983 1
869 983 1
873 983 1
875 983 1
876 983 2
878 983 1
883 983 3
888 983 1
890 983 2
899 983 2
901 983 1
914 983 1
918 983 2
925 983 2
927 983 1
928 983 1
931 983 3
933 983 3
935 983 2
937 983 2
940 983 1
942 983 1
943 983 2
946 983 3
950 983 2
954 983 1
960 983 1
963 983 3
965 983 1
967 983 2
968 983 3
972 983 2
973 983 2
977 983 2
987 983 2
991 983 3
995 983 2
997 983 2
0 984 2
2 984 3
5 984 2
6 984 2
7 984 3
9 984 1
11 984 1
13 984 3
14 984 3
18 984 2
21 984 1
27 984 2
28 984 3
32 984 2
37 984 1
38 984 1
40 984 2
45 984 2
47 984 3
49 984 2
52 984 2
57 984 3
62 984 1
66 984 1
72 984 3
73 984 3
75 984 3
77 984 2
87 984 3
88 984 3
91 984 1
93 984 2
99 984 1
100 984 3
101 984 2
102 984 2
103 984 3
104 984 3
105 984 1
106 984 3
116 984 2
118 984 3
119 984 3
120 984 3
121 984 2
123 984 1
126 984 1
128 984 3
130 984 3
135 984 2
136 984 1
140 984 1
153 984 3
156 984 1
159 984 3
166 984 1
167 984 1
168 984 3
169 984 3
173 984 2
174 984 2
175 984 3
178 984 2
185 984 2
186 984 1
190 984 1
194 984 2
198 984 1
201 984 3
202 984 1
205 984 3
210 984 2
211 984 3
212 984 1
215 984 1
216 984 1
223 984 1
224 984 2
228 984 1
230 984 1
232 984 2
236 984 1
241 984 2
245 984 1
246 984 3
249 984 1
251 984 3
254 984 2
258 984 1
261 984 1
265 984 1
267 984 1
271 984 2
277 984 1
279 984 3
281 984 3
293 984 3
295 984 1
305 984 3
306 984 1
308 984 2
309 984 3
310 984 3
313 984 1
319 984 3
322 984 3
330 984 3
331 984 3
332 984 1
335 984 3
336 984 3
337 984 1
343 984 1
344 984 2
346 984 1
347 984 1
349 984 1
351 984 2
352 984 1
353 984 2
354 984 2
355 984 2
360 984 3
363 984 3
368 984 1
374 984 3
377 984 1
381 984 3
383 984 1
386 984 2
388 984 1
394 984 2
396 984 1
399 984 3
405 984 3
411 984 1
413 984 1
415 984 1
419 984 1
421 984 3
427 984 1
433 984 3
438 984 2
441 984 1
442 984 3
446 984 1
448 984 1
450 984 1
453 984 3
454 984 2
455 984 3
456 984 3
458 984 1
462 984 2
464 984 3
466 984 2
472 984 1
473 984 1
474 984 1
476 984 3
480 984 1
485 984 2
487 984 2
489 984 3
493 984 2
495 984 1
496 984 3
501 984 3
504 984 1
506 984 3
507 984 3
509 984 1
511 984 1
513 984 1
514 984 1
