381 926 3
385 926 3
392 926 1
397 926 2
402 926 2
415 926 3
417 926 2
421 926 2
424 926 1
427 926 2
430 926 1
431 926 1
434 926 1
435 926 3
438 926 2
439 926 2
440 926 3
442 926 1
447 926 1
449 926 2
451 926 3
452 926 2
456 926 3
460 926 2
464 926 3
467 926 3
472 926 1
474 926 1
476 926 3
478 926 3
483 926 3
486 926 2
491 926 3
496 926 3
497 926 1
498 926 1
500 926 3
501 926 3
508 926 3
510 926 2
511 926 2
513 926 2
522 926 2
523 926 3
533 926 2
534 926 1
537 926 3
539 926 1
542 926 3
544 926 2
547 926 2
548 926 1
551 926 1
554 926 3
559 926 1
563 926 3
565 926 3
567 926 2
569 926 2
571 926 3
573 926 3
574 926 2
578 926 3
580 926 3
582 926 3
583 926 2
591 926 3
603 926 1
607 926 3
609 926 2
610 926 2
612 926 2
616 926 1
619 926 3
621 926 2
627 926 2
635 926 2
636 926 3
638 926 3
639 926 2
641 926 1
644 926 1
648 926 1
653 926 1
654 926 2
658 926 1
660 926 3
661 926 2
668 926 1
673 926 1
675 926 1
682 926 3
683 926 3
684 926 3
686 926 3
691 926 2
693 926 2
695 926 2
697 926 2
702 926 3
704 926 3
716 926 1
717 926 3
719 926 1
720 926 1
724 926 3
730 926 2
732 926 2
734 926 1
736 926 3
738 926 1
742 926 1
744 926 1
745 926 1
749 926 1
751 926 3
752 926 1
755 926 2
759 926 2
765 926 1
767 926 2
768 926 3
785 926 3
787 926 1
792 926 1
794 926 1
796 926 2
801 926 3
802 926 3
803 926 2
805 926 2
813 926 2
815 926 2
816 926 2
819 926 3
821 926 1
823 926 2
824 926 2
833 926 3
836 926 3
838 926 2
844 926 1
845 926 3
846 926 1
847 926 1
854 926 3
855 926 1
857 926 3
859 926 1
861 926 1
862 926 2
865 926 3
867 926 2
869 926 1
870 926 2
875 926 2
884 926 1
886 926 1
887 926 1
889 926 3
892 926 2
893 926 2
894 926 2
895 926 1
900 926 2
902 926 3
905 926 3
908 926 2
910 926 1
911 926 3
914 926 1
915 926 3
919 926 3
925 926 2
926 926 2
928 926 1
929 926 2
931 926 3
932 926 3
934 926 2
939 926 3
944 926 1
948 926 1
950 926 2
958 926 3
959 926 1
961 926 1
962 926 3
966 926 1
967 926 1
969 926 1
970 926 1
973 926 1
974 926 1
983 926 1
987 926 1
988 926 2
989 926 1
990 926 3
991 926 2
993 926 1
994 926 2
996 926 1
999 926 1
0 927 1
1 927 2
3 927 2
4 927 2
5 927 1
7 927 3
9 927 2
12 927 2
16 927 1
20 927 2
22 927 3
24 927 3
25 927 2
26 927 3
30 927 3
38 927 2
40 927 3
48 927 3
56 927 3
59 927 1
65 927 1
66 927 2
67 927 1
73 927 3
74 927 3
78 927 3
85 927 2
86 927 1
89 927 3
95 927 2
101 927 2
106 927 3
107 927 1
108 927 2
110 927 2
112 927 2
114 927 2
115 927 3
116 927 3
117 927 2
118 927 2
119 927 1
120 927 3
123 927 2
124 927 2
126 927 3
127 927 3
133 927 3
134 927 1
135 927 1
140 927 2
146 927 3
149 927 3
154 927 3
159 927 1
160 927 3
162 927 1
164 927 2
172 927 2
177 927 3
179 927 2
181 927 2
182 927 1
183 927 1
184 927 1
189 927 2
198 927 1
204 927 2
207 927 1
209 927 2
212 927 1
213 927 3
214 927 2
219 927 3
220 927 1
223 927 3
224 927 2
226 927 2
229 927 1
231 927 3
233 927 2
234 927 3
237 927 1
238 927 2
245 927 3
251 927 1
255 927 1
259 927 1
260 927 3
261 927 1
266 927 1
267 927 2
269 927 2
273 927 2
275 927 1
277 927 2
283 927 1
284 927 2
288 927 1
293 927 1
295 927 2
296 927 3
298 927 2
300 927 2
310 927 2
311 927 2
312 927 1
314 927 1
318 927 3
324 927 3
328 927 2
329 927 1
335 927 3
339 927 2
340 927 3
344 927 3
345 927 2
347 927 3
351 927 2
353 927 1
364 927 1
367 927 3
368 927 1
371 927 1
372 927 2
374 927 3
375 927 1
379 927 1
381 927 1
383 927 1
385 927 3
389 927 1
390 927 1
391 927 2
392 927 3
394 927 1
395 927 2
401 927 3
405 927 1
407 927 2
408 927 1
413 927 2
414 927 3
415 927 2
422 927 1
424 927 1
426 927 2
427 927 3
428 927 2
430 927 3
432 927 3
435 927 3
436 927 3
437 927 3
439 927 1
440 927 1
444 927 2
446 927 3
448 927 3
450 927 2
451 927 1
453 927 1
454 927 1
459 927 1
462 927 2
465 927 2
466 927 3
469 927 3
470 927 2
479 927 1
481 927 3
488 927 1
490 927 1
491 927 1
495 927 3
499 927 1
500 927 2
503 927 1
505 927 3
509 927 2
515 927 1
519 927 3
521 927 3
525 927 1
526 927 2
533 927 2
539 927 3
541 927 3
543 927 2
546 927 2
547 927 3
550 927 3
551 927 1
552 927 1
553 927 2
556 927 1
557 927 2
562 927 3
566 927 1
570 927 1
574 927 1
575 927 3
581 927 3
584 927 2
585 927 1
586 927 1
588 927 2
599 927 1
602 927 1
604 927 1
608 927 2
609 927 2
612 927 1
614 927 3
626 927 1
627 927 1
636 927 3
638 927 2
642 927 2
645 927 1
647 927 3
648 927 2
649 927 2
650 927 3
657 927 3
659 927 2
664 927 2
665 927 3
675 927 3
680 927 1
685 927 3
687 927 2
690 927 1
696 927 2
698 927 3
699 927 1
702 927 3
705 927 1
708 927 3
711 927 1
712 927 1
716 927 2
720 927 3
722 927 2
723 927 2
726 927 3
729 927 3
731 927 1
733 927 2
735 927 2
737 927 1
741 927 3
746 927 1
749 927 3
750 927 3
751 927 2
755 927 2
757 927 2
760 927 3
761 927 1
762 927 1
765 927 2
767 927 2
769 927 3
770 927 3
772 927 2
773 927 2
777 927 3
778 927 1
780 927 3
783 927 3
784 927 1
785 927 3
787 927 2
790 927 2
794 927 2
795 927 2
797 927 2
799 927 1
801 927 1
804 927 3
806 927 2
807 927 2
813 927 2
814 927 2
815 927 3
822 927 3
823 927 1
824 927 1
828 927 2
831 927 3
832 927 3
835 927 3
839 927 2
845 927 3
848 927 2
850 927 2
851 927 2
855 927 3
858 927 3
860 927 1
861 927 1
864 927 2
865 927 1
866 927 2
868 927 2
869 927 1
870 927 2
872 927 3
874 927 2
877 927 3
883 927 1
884 927 2
887 927 1
892 927 3
904 927 3
905 927 2
909 927 1
914 927 3
915 927 1
917 927 2
919 927 2
923 927 2
932 927 1
933 927 2
936 927 1
937 927 2
938 927 3
946 927 3
952 927 3
954 927 2
956 927 2
958 927 1
959 927 1
960 927 3
962 927 3
963 927 1
964 927 3
967 927 1
968 927 2
970 927 1
973 927 3
975 927 2
977 927 3
978 927 3
985 927 2
988 927 2
990 927 1
992 927 2
995 927 2
996 927 2
999 927 1
0 928 3
5 928 2
6 928 2
7 928 1
13 928 2
25 928 2
27 928 3
28 928 2
31 928 3
33 928 1
36 928 1
37 928 3
38 928 2
39 928 2
43 928 2
44 928 1
45 928 2
48 928 3
49 928 1
52 928 3
55 928 3
64 928 3
67 928 1
70 928 1
73 928 3
74 928 2
75 928 1
81 928 2
85 928 2
86 928 2
90 928 1
95 928 1
97 928 2
98 928 2
103 928 1
107 928 1
108 928 3
110 928 2
111 928 3
113 928 2
117 928 2
118 928 2
119 928 2
121 928 2
123 928 2
125 928 1
132 928 2
135 928 3
136 928 3
141 928 2
142 928 3
147 928 2
151 928 1
154 928 1
158 928 1
160 928 3
162 928 2
164 928 3
168 928 3
169 928 2
170 928 3
172 928 3
174 928 2
177 928 1
178 928 2
179 928 3
188 928 3
195 928 3
202 928 2
205 928 1
208 928 3
210 928 3
213 928 1
215 928 3
216 928 1
217 928 3
219 928 1
221 928 1
233 928 3
236 928 2
237 928 2
246 928 1
248 928 1
251 928 1
254 928 2
255 928 3
256 928 2
257 928 2
259 928 2
262 928 2
270 928 3
272 928 1
276 928 3
277 928 2
280 928 3
290 928 2
295 928 3
297 928 3
299 928 3
300 928 1
302 928 3
304 928 2
306 928 2
307 928 1
310 928 1
312 928 1
314 928 3
316 928 2
318 928 2
321 928 3
