277 50 1
280 50 3
281 50 3
283 50 2
284 50 2
292 50 1
293 50 3
294 50 2
296 50 1
300 50 1
301 50 2
303 50 1
305 50 2
306 50 3
307 50 1
310 50 2
311 50 3
312 50 3
316 50 2
319 50 1
324 50 3
326 50 2
327 50 2
328 50 2
329 50 2
330 50 1
334 50 1
335 50 3
336 50 3
337 50 3
341 50 3
344 50 1
346 50 3
348 50 1
351 50 2
352 50 1
356 50 2
357 50 2
359 50 3
362 50 3
366 50 2
367 50 3
368 50 1
371 50 3
374 50 2
375 50 1
384 50 2
387 50 1
388 50 2
389 50 1
393 50 1
394 50 1
395 50 2
396 50 3
398 50 2
400 50 3
403 50 3
411 50 1
412 50 3
413 50 1
419 50 2
423 50 2
426 50 2
428 50 1
429 50 1
431 50 2
432 50 3
433 50 3
438 50 3
440 50 1
441 50 2
447 50 2
452 50 3
454 50 2
455 50 3
456 50 2
461 50 1
462 50 3
465 50 3
470 50 1
472 50 1
476 50 1
478 50 1
481 50 1
482 50 1
483 50 1
487 50 2
488 50 3
499 50 3
505 50 2
512 50 3
517 50 3
521 50 1
523 50 3
526 50 3
531 50 2
538 50 1
541 50 3
543 50 2
545 50 3
546 50 2
548 50 2
550 50 1
554 50 3
555 50 2
557 50 3
559 50 2
564 50 1
571 50 3
573 50 1
576 50 1
577 50 3
579 50 3
581 50 3
583 50 2
588 50 2
589 50 2
590 50 3
593 50 3
594 50 2
595 50 3
597 50 2
600 50 2
601 50 2
604 50 3
605 50 1
606 50 3
608 50 1
610 50 2
613 50 2
614 50 3
620 50 3
621 50 3
624 50 3
627 50 1
628 50 3
636 50 2
637 50 2
639 50 1
640 50 3
641 50 2
644 50 3
645 50 3
647 50 1
650 50 2
651 50 2
654 50 1
655 50 3
656 50 3
657 50 1
659 50 3
661 50 3
678 50 3
680 50 3
684 50 1
686 50 1
688 50 3
689 50 2
690 50 3
698 50 1
699 50 1
700 50 3
701 50 1
703 50 1
713 50 1
716 50 1
717 50 2
718 50 2
719 50 2
724 50 2
725 50 3
726 50 2
728 50 2
730 50 2
734 50 1
737 50 2
738 50 2
743 50 3
746 50 2
752 50 3
754 50 1
760 50 3
763 50 1
770 50 3
772 50 2
774 50 3
776 50 1
779 50 1
783 50 3
786 50 3
787 50 1
790 50 2
793 50 2
801 50 3
803 50 2
806 50 1
811 50 2
813 50 2
814 50 2
816 50 2
818 50 3
819 50 1
820 50 3
822 50 1
823 50 1
825 50 1
826 50 1
828 50 1
829 50 2
831 50 3
839 50 1
848 50 2
849 50 2
861 50 1
865 50 3
866 50 1
869 50 3
874 50 1
877 50 1
881 50 2
888 50 2
892 50 2
893 50 1
896 50 1
897 50 1
902 50 1
905 50 1
906 50 3
907 50 1
908 50 2
911 50 3
913 50 3
916 50 1
919 50 2
920 50 1
921 50 2
924 50 2
927 50 3
928 50 3
929 50 3
930 50 2
931 50 1
933 50 1
934 50 2
936 50 2
939 50 2
943 50 3
944 50 2
945 50 2
946 50 2
949 50 3
951 50 1
952 50 1
956 50 1
957 50 2
959 50 1
963 50 3
965 50 1
966 50 2
969 50 2
970 50 2
972 50 3
974 50 1
975 50 1
976 50 3
981 50 1
985 50 1
988 50 2
993 50 1
0 51 1
2 51 2
4 51 3
11 51 3
12 51 2
15 51 3
16 51 2
18 51 3
19 51 1
21 51 1
29 51 2
31 51 1
33 51 3
36 51 2
39 51 1
40 51 1
41 51 3
42 51 3
43 51 3
52 51 1
53 51 2
54 51 3
56 51 1
57 51 1
59 51 1
60 51 3
61 51 3
72 51 2
75 51 2
78 51 1
79 51 3
84 51 3
85 51 2
89 51 3
94 51 3
100 51 1
102 51 1
106 51 3
107 51 3
109 51 3
112 51 1
115 51 1
118 51 1
124 51 2
126 51 2
131 51 3
134 51 2
137 51 3
138 51 2
140 51 1
144 51 3
146 51 3
147 51 3
148 51 1
152 51 1
153 51 3
154 51 3
158 51 2
164 51 1
170 51 2
171 51 2
174 51 3
175 51 3
178 51 1
179 51 1
181 51 2
185 51 2
191 51 2
194 51 1
195 51 2
202 51 2
204 51 3
205 51 1
207 51 1
209 51 3
210 51 2
211 51 3
212 51 2
213 51 1
216 51 2
217 51 2
220 51 2
223 51 2
224 51 3
225 51 1
227 51 2
231 51 3
232 51 3
235 51 2
241 51 1
242 51 3
243 51 3
244 51 3
246 51 3
248 51 2
250 51 3
251 51 1
252 51 1
255 51 3
258 51 3
262 51 2
263 51 3
266 51 3
268 51 3
269 51 2
271 51 2
274 51 3
279 51 3
280 51 3
281 51 1
284 51 1
286 51 2
287 51 3
291 51 3
292 51 1
293 51 3
297 51 3
301 51 3
304 51 2
305 51 2
306 51 1
307 51 2
311 51 2
313 51 3
314 51 3
315 51 3
319 51 3
323 51 3
331 51 1
333 51 2
334 51 3
337 51 1
340 51 3
343 51 3
346 51 2
350 51 1
352 51 2
353 51 3
354 51 2
357 51 1
358 51 3
364 51 2
365 51 1
367 51 2
369 51 3
371 51 3
372 51 3
374 51 3
375 51 2
376 51 2
378 51 1
380 51 3
383 51 1
385 51 3
386 51 3
395 51 1
396 51 1
397 51 1
398 51 3
399 51 1
400 51 2
401 51 2
402 51 1
409 51 3
410 51 2
411 51 1
412 51 1
413 51 2
418 51 1
425 51 1
426 51 3
430 51 1
438 51 2
439 51 1
441 51 3
442 51 3
443 51 3
449 51 2
451 51 1
452 51 3
468 51 2
471 51 3
472 51 2
475 51 3
481 51 2
487 51 2
490 51 2
493 51 1
498 51 1
502 51 1
504 51 2
505 51 1
506 51 3
507 51 1
510 51 1
512 51 2
513 51 3
514 51 1
518 51 2
519 51 1
522 51 2
525 51 2
526 51 2
527 51 1
528 51 1
530 51 3
531 51 2
535 51 1
543 51 1
546 51 3
550 51 3
551 51 3
553 51 2
554 51 1
556 51 1
561 51 3
562 51 2
566 51 1
567 51 1
568 51 1
569 51 2
572 51 2
573 51 3
574 51 1
576 51 2
577 51 3
579 51 1
580 51 2
584 51 3
587 51 1
590 51 1
593 51 1
594 51 1
601 51 1
602 51 2
605 51 2
607 51 3
608 51 3
609 51 2
611 51 2
612 51 1
614 51 1
615 51 1
619 51 2
622 51 1
634 51 3
636 51 2
637 51 2
639 51 2
641 51 1
643 51 3
646 51 1
647 51 1
648 51 1
650 51 2
651 51 3
655 51 2
656 51 3
658 51 1
665 51 3
677 51 1
680 51 1
681 51 2
683 51 1
684 51 1
694 51 3
697 51 3
701 51 3
712 51 2
714 51 3
715 51 2
717 51 3
720 51 3
722 51 1
724 51 1
725 51 1
728 51 2
732 51 2
742 51 2
746 51 2
748 51 2
749 51 2
750 51 3
753 51 3
758 51 3
762 51 1
765 51 3
768 51 1
770 51 1
771 51 2
774 51 2
780 51 3
781 51 2
786 51 1
787 51 1
789 51 1
792 51 3
795 51 3
800 51 2
801 51 3
802 51 1
809 51 3
816 51 2
820 51 3
823 51 1
824 51 3
830 51 3
832 51 3
834 51 3
837 51 2
838 51 1
839 51 2
840 51 3
841 51 2
845 51 3
852 51 1
855 51 3
856 51 2
857 51 1
861 51 1
862 51 2
867 51 1
870 51 2
873 51 2
875 51 3
880 51 1
881 51 1
883 51 1
884 51 3
887 51 3
892 51 1
894 51 3
895 51 3
897 51 3
901 51 3
903 51 1
906 51 3
908 51 2
909 51 1
914 51 2
915 51 2
917 51 3
919 51 2
920 51 1
926 51 3
928 51 1
931 51 1
932 51 1
934 51 3
937 51 2
938 51 1
939 51 1
940 51 2
941 51 2
945 51 1
946 51 3
949 51 2
951 51 1
955 51 1
957 51 1
959 51 2
960 51 1
961 51 2
963 51 3
964 51 1
967 51 1
970 51 3
972 51 1
974 51 3
976 51 2
979 51 3
983 51 3
985 51 2
990 51 3
991 51 2
993 51 1
994 51 1
995 51 1
996 51 2
998 51 1
0 52 2
2 52 1
6 52 3
7 52 3
10 52 3
19 52 1
20 52 3
23 52 2
24 52 3
26 52 3
29 52 3
32 52 2
34 52 3
38 52 3
39 52 3
40 52 3
42 52 1
