542 123 2
545 123 3
546 123 2
553 123 2
554 123 1
558 123 1
559 123 1
561 123 3
562 123 3
563 123 2
564 123 3
567 123 1
568 123 1
569 123 2
570 123 2
571 123 2
572 123 3
574 123 3
582 123 2
583 123 1
584 123 1
588 123 1
599 123 1
604 123 2
606 123 2
610 123 1
613 123 1
614 123 3
617 123 3
622 123 3
623 123 3
624 123 3
630 123 1
631 123 3
633 123 1
634 123 3
636 123 3
641 123 1
644 123 3
650 123 1
652 123 2
656 123 3
657 123 1
658 123 2
659 123 1
660 123 3
661 123 1
665 123 3
666 123 3
669 123 2
671 123 2
672 123 2
673 123 2
676 123 3
684 123 2
689 123 3
692 123 2
693 123 1
694 123 2
695 123 3
697 123 1
699 123 1
700 123 3
701 123 1
702 123 3
711 123 3
712 123 1
713 123 1
714 123 2
718 123 3
722 123 1
724 123 3
726 123 2
729 123 2
733 123 3
737 123 2
740 123 2
743 123 3
750 123 3
756 123 2
758 123 1
759 123 2
760 123 1
762 123 1
764 123 1
766 123 1
769 123 1
771 123 2
772 123 3
779 123 1
782 123 1
784 123 3
787 123 3
796 123 3
797 123 1
799 123 2
802 123 1
803 123 1
804 123 1
806 123 1
810 123 2
812 123 3
814 123 3
816 123 2
817 123 2
821 123 2
825 123 1
828 123 3
829 123 1
832 123 1
836 123 2
838 123 1
839 123 1
840 123 2
841 123 3
849 123 1
852 123 1
853 123 1
857 123 1
858 123 2
867 123 3
871 123 3
873 123 1
874 123 1
877 123 3
886 123 1
890 123 2
892 123 2
895 123 3
898 123 3
904 123 2
908 123 3
910 123 1
912 123 2
914 123 2
915 123 2
918 123 3
920 123 2
921 123 1
924 123 1
928 123 3
934 123 3
946 123 1
947 123 2
953 123 3
955 123 2
958 123 2
966 123 2
967 123 3
968 123 2
974 123 3
976 123 1
979 123 2
980 123 2
989 123 1
999 123 1
2 124 1
3 124 2
7 124 2
9 124 1
10 124 3
17 124 2
19 124 1
20 124 2
25 124 2
27 124 1
32 124 1
37 124 2
40 124 3
42 124 2
43 124 3
51 124 1
54 124 3
58 124 1
61 124 1
64 124 1
68 124 1
69 124 2
71 124 2
75 124 3
84 124 1
85 124 3
87 124 2
91 124 1
96 124 2
97 124 2
100 124 1
103 124 1
105 124 2
106 124 1
111 124 2
119 124 2
121 124 2
122 124 2
124 124 3
127 124 3
129 124 1
130 124 1
133 124 2
138 124 3
139 124 1
141 124 3
144 124 1
147 124 2
148 124 1
149 124 2
153 124 3
157 124 2
158 124 3
160 124 3
165 124 2
172 124 3
173 124 1
176 124 1
179 124 1
181 124 2
182 124 1
184 124 2
187 124 3
188 124 3
198 124 3
199 124 2
202 124 1
216 124 1
218 124 3
224 124 2
229 124 3
230 124 1
233 124 3
239 124 2
240 124 1
241 124 3
242 124 2
243 124 1
250 124 2
251 124 2
258 124 1
263 124 2
266 124 2
269 124 2
271 124 2
273 124 2
275 124 2
277 124 3
281 124 3
282 124 1
293 124 1
297 124 3
300 124 3
305 124 3
309 124 3
312 124 3
315 124 3
322 124 1
324 124 1
331 124 2
336 124 2
343 124 3
351 124 3
352 124 2
355 124 2
356 124 1
361 124 3
371 124 2
372 124 1
374 124 2
375 124 3
376 124 1
379 124 3
381 124 2
390 124 3
396 124 1
398 124 2
400 124 1
403 124 1
404 124 3
406 124 3
409 124 2
413 124 1
420 124 3
422 124 1
425 124 1
426 124 3
433 124 1
436 124 1
438 124 1
439 124 3
442 124 2
443 124 3
445 124 1
446 124 3
448 124 1
449 124 2
453 124 3
456 124 1
458 124 2
460 124 3
463 124 2
465 124 3
467 124 1
475 124 1
478 124 3
480 124 3
483 124 1
485 124 3
487 124 1
489 124 3
496 124 2
497 124 3
500 124 1
501 124 2
503 124 1
513 124 1
515 124 3
516 124 2
517 124 3
519 124 2
523 124 3
526 124 3
528 124 2
529 124 2
530 124 2
531 124 1
532 124 3
536 124 2
538 124 2
540 124 2
541 124 2
544 124 2
547 124 1
550 124 3
552 124 1
555 124 2
557 124 1
561 124 3
564 124 2
565 124 1
567 124 3
573 124 2
574 124 1
578 124 2
579 124 1
580 124 3
581 124 2
585 124 2
589 124 2
591 124 2
594 124 1
597 124 1
598 124 2
601 124 3
604 124 1
605 124 3
609 124 3
615 124 1
617 124 3
619 124 2
621 124 1
623 124 3
627 124 3
631 124 3
632 124 2
636 124 2
637 124 3
639 124 2
645 124 1
649 124 1
652 124 3
656 124 2
658 124 1
660 124 3
661 124 2
662 124 1
664 124 3
669 124 3
673 124 2
680 124 1
685 124 3
687 124 3
693 124 2
695 124 1
699 124 2
709 124 1
710 124 1
712 124 2
715 124 3
716 124 3
719 124 1
721 124 2
723 124 2
724 124 1
725 124 3
733 124 2
734 124 3
743 124 2
745 124 2
766 124 1
768 124 2
769 124 1
771 124 2
772 124 1
773 124 1
774 124 3
776 124 1
778 124 1
779 124 1
781 124 2
782 124 3
783 124 3
785 124 3
786 124 3
790 124 1
795 124 2
800 124 3
801 124 2
803 124 1
813 124 1
816 124 3
821 124 2
822 124 3
823 124 2
824 124 2
827 124 1
828 124 3
834 124 2
836 124 3
838 124 2
840 124 3
841 124 2
846 124 3
849 124 3
851 124 2
853 124 2
854 124 2
855 124 3
858 124 1
870 124 1
871 124 2
872 124 1
873 124 2
876 124 1
879 124 3
880 124 2
885 124 3
887 124 2
889 124 2
891 124 2
898 124 2
899 124 2
905 124 1
908 124 1
914 124 2
916 124 1
919 124 2
927 124 3
930 124 1
933 124 3
940 124 2
946 124 1
949 124 3
952 124 3
956 124 1
957 124 2
959 124 2
960 124 3
961 124 2
963 124 1
964 124 3
972 124 3
979 124 2
980 124 2
981 124 2
983 124 1
988 124 3
989 124 3
990 124 3
991 124 2
992 124 2
996 124 1
997 124 3
998 124 1
2 125 3
3 125 1
10 125 3
11 125 3
14 125 2
18 125 1
19 125 2
23 125 3
24 125 2
26 125 1
31 125 1
32 125 3
33 125 1
34 125 1
39 125 2
41 125 3
42 125 2
44 125 1
48 125 2
51 125 1
52 125 2
56 125 3
60 125 2
64 125 1
65 125 3
67 125 3
68 125 2
77 125 1
78 125 2
80 125 1
82 125 2
84 125 1
85 125 2
89 125 2
90 125 3
92 125 1
95 125 1
107 125 3
111 125 3
112 125 1
117 125 3
119 125 1
123 125 2
125 125 2
127 125 2
128 125 3
132 125 1
134 125 3
135 125 1
137 125 2
138 125 2
140 125 1
141 125 2
142 125 2
145 125 1
146 125 1
148 125 3
149 125 2
154 125 3
159 125 1
163 125 2
168 125 2
170 125 3
172 125 2
177 125 1
179 125 2
180 125 1
184 125 3
189 125 3
199 125 1
209 125 2
211 125 1
213 125 2
219 125 2
222 125 3
226 125 2
227 125 3
228 125 1
235 125 3
238 125 3
245 125 1
246 125 2
251 125 3
252 125 2
253 125 1
254 125 2
259 125 3
261 125 2
262 125 3
263 125 2
267 125 3
278 125 3
279 125 3
280 125 2
282 125 2
297 125 3
301 125 1
304 125 1
308 125 2
311 125 3
312 125 2
314 125 1
315 125 3
316 125 2
317 125 1
321 125 1
323 125 2
326 125 3
329 125 1
336 125 3
342 125 3
343 125 2
350 125 3
357 125 3
359 125 3
362 125 2
370 125 1
371 125 2
373 125 2
382 125 3
383 125 1
386 125 3
390 125 1
404 125 1
408 125 2
410 125 2
411 125 3
412 125 2
415 125 2
429 125 1
430 125 2
433 125 1
434 125 3
435 125 2
436 125 2
437 125 2
438 125 3
441 125 3
442 125 1
444 125 1
445 125 1
447 125 2
449 125 1
453 125 2
459 125 3
461 125 1
462 125 1
469 125 3
471 125 3
473 125 3
478 125 3
480 125 3
481 125 2
483 125 3
491 125 1
498 125 3
499 125 1
505 125 2
506 125 1
510 125 2
514 125 2
517 125 2
523 125 3
527 125 3
529 125 2
530 125 3
533 125 3
535 125 1
536 125 1
540 125 3
542 125 1
543 125 3
544 125 2
545 125 2
550 125 2
553 125 3
554 125 1
558 125 3
561 125 1
566 125 2
567 125 3
570 125 3
579 125 1
582 125 2
585 125 2
