467 764 3
468 764 1
471 764 2
474 764 1
480 764 3
481 764 2
486 764 2
489 764 1
491 764 1
501 764 3
502 764 3
503 764 1
504 764 2
506 764 2
510 764 3
513 764 1
517 764 3
522 764 2
523 764 1
528 764 1
532 764 1
533 764 3
538 764 1
555 764 2
556 764 2
558 764 2
560 764 3
561 764 3
565 764 3
569 764 1
570 764 1
573 764 3
577 764 3
578 764 1
579 764 3
580 764 1
582 764 2
589 764 1
590 764 1
593 764 2
594 764 1
599 764 2
602 764 3
603 764 2
604 764 3
605 764 2
609 764 3
614 764 3
615 764 2
616 764 1
617 764 1
619 764 1
621 764 1
622 764 1
623 764 1
625 764 3
627 764 1
628 764 3
631 764 3
632 764 1
633 764 1
640 764 1
643 764 2
647 764 1
649 764 2
651 764 1
653 764 2
656 764 1
659 764 1
660 764 1
661 764 3
662 764 2
664 764 3
668 764 2
674 764 2
681 764 3
686 764 3
687 764 1
689 764 1
690 764 3
691 764 3
695 764 3
697 764 3
700 764 3
702 764 3
706 764 2
710 764 1
713 764 1
714 764 3
725 764 3
728 764 1
730 764 3
732 764 2
736 764 2
737 764 1
740 764 1
742 764 2
745 764 1
747 764 2
749 764 2
751 764 3
753 764 2
757 764 3
758 764 2
759 764 1
760 764 3
763 764 3
766 764 3
770 764 1
771 764 1
782 764 3
788 764 2
792 764 1
794 764 3
798 764 2
799 764 3
808 764 1
818 764 3
820 764 1
821 764 2
824 764 1
828 764 1
829 764 1
830 764 1
831 764 2
833 764 1
836 764 1
838 764 1
840 764 3
841 764 3
843 764 3
854 764 3
855 764 3
857 764 2
859 764 2
861 764 3
862 764 2
870 764 2
873 764 2
875 764 3
877 764 3
880 764 1
887 764 2
888 764 1
892 764 3
894 764 2
899 764 3
900 764 1
904 764 1
906 764 1
907 764 2
908 764 1
910 764 3
911 764 3
913 764 1
914 764 1
916 764 3
917 764 2
918 764 3
929 764 2
935 764 2
936 764 1
944 764 2
946 764 2
952 764 3
953 764 2
956 764 2
957 764 1
964 764 1
971 764 2
973 764 2
978 764 3
988 764 2
990 764 2
991 764 3
992 764 1
999 764 3
0 765 3
8 765 1
15 765 2
18 765 1
19 765 2
20 765 3
23 765 3
24 765 3
27 765 3
29 765 1
32 765 3
33 765 1
41 765 1
42 765 2
51 765 2
54 765 3
56 765 1
57 765 1
58 765 2
61 765 1
74 765 2
77 765 1
78 765 2
79 765 3
80 765 2
83 765 3
89 765 2
93 765 3
94 765 1
95 765 2
101 765 3
102 765 3
106 765 1
107 765 1
108 765 3
113 765 1
114 765 3
115 765 1
119 765 3
125 765 3
127 765 2
133 765 3
137 765 3
138 765 1
139 765 3
140 765 1
143 765 2
145 765 3
151 765 3
155 765 3
157 765 3
159 765 3
161 765 3
164 765 1
165 765 2
168 765 2
171 765 1
177 765 3
194 765 1
198 765 2
203 765 2
204 765 2
206 765 1
207 765 1
211 765 3
212 765 1
213 765 2
218 765 1
229 765 1
230 765 3
233 765 1
245 765 2
253 765 2
258 765 1
259 765 1
263 765 2
266 765 2
269 765 2
273 765 1
274 765 2
281 765 1
282 765 3
287 765 1
291 765 2
297 765 2
298 765 3
300 765 2
307 765 1
309 765 1
311 765 1
314 765 1
316 765 3
317 765 3
318 765 1
321 765 2
323 765 1
325 765 2
326 765 3
332 765 1
334 765 2
337 765 1
341 765 1
343 765 3
345 765 3
348 765 1
349 765 2
351 765 1
364 765 1
365 765 3
368 765 1
370 765 1
373 765 1
374 765 2
377 765 2
382 765 1
385 765 1
391 765 2
395 765 1
396 765 2
399 765 1
401 765 2
413 765 3
415 765 2
416 765 2
420 765 2
421 765 2
423 765 1
429 765 2
430 765 3
432 765 2
433 765 1
435 765 2
440 765 2
447 765 1
451 765 2
459 765 2
461 765 1
462 765 2
466 765 1
467 765 1
473 765 3
477 765 1
479 765 1
488 765 3
490 765 3
491 765 1
492 765 3
494 765 3
495 765 1
499 765 2
502 765 3
503 765 2
507 765 1
508 765 3
509 765 3
511 765 1
512 765 2
516 765 2
518 765 2
521 765 1
523 765 2
527 765 3
528 765 1
532 765 2
535 765 2
539 765 2
545 765 1
549 765 3
560 765 1
562 765 1
565 765 1
566 765 2
570 765 3
574 765 3
577 765 1
578 765 1
581 765 1
582 765 2
583 765 3
587 765 1
595 765 3
596 765 3
597 765 1
603 765 1
611 765 1
612 765 1
615 765 1
616 765 1
619 765 3
631 765 2
633 765 2
634 765 2
635 765 3
640 765 2
643 765 1
650 765 1
652 765 1
655 765 2
656 765 3
657 765 1
658 765 2
660 765 3
661 765 3
664 765 3
666 765 2
667 765 2
668 765 1
669 765 2
670 765 2
671 765 1
672 765 3
675 765 3
678 765 2
682 765 3
683 765 2
684 765 3
685 765 3
686 765 1
687 765 3
688 765 2
694 765 2
695 765 1
696 765 3
699 765 3
705 765 2
707 765 3
711 765 3
712 765 1
713 765 2
715 765 2
718 765 3
721 765 3
722 765 1
723 765 2
728 765 2
729 765 3
730 765 2
734 765 3
735 765 2
737 765 2
746 765 3
750 765 2
754 765 2
760 765 1
761 765 1
768 765 1
769 765 2
770 765 3
774 765 2
775 765 2
777 765 2
778 765 1
782 765 3
786 765 3
787 765 3
788 765 2
789 765 2
790 765 3
792 765 1
806 765 3
808 765 3
811 765 3
818 765 2
821 765 2
826 765 2
828 765 2
831 765 3
832 765 3
834 765 3
837 765 1
841 765 1
842 765 3
843 765 1
844 765 2
846 765 2
847 765 3
848 765 3
854 765 1
859 765 1
860 765 2
861 765 3
865 765 1
866 765 3
867 765 1
868 765 1
869 765 1
874 765 3
875 765 2
880 765 3
882 765 3
883 765 2
885 765 3
886 765 3
888 765 1
899 765 1
900 765 2
901 765 1
902 765 1
904 765 3
908 765 2
910 765 1
911 765 1
913 765 3
916 765 1
917 765 3
918 765 3
920 765 1
922 765 3
924 765 1
929 765 2
934 765 1
940 765 3
941 765 2
943 765 1
950 765 3
953 765 3
956 765 3
959 765 3
970 765 3
972 765 1
975 765 2
980 765 3
983 765 2
984 765 1
988 765 2
989 765 3
991 765 2
992 765 3
996 765 2
997 765 2
999 765 2
3 766 1
5 766 1
6 766 2
12 766 1
13 766 1
14 766 3
16 766 1
18 766 2
26 766 3
27 766 3
31 766 3
41 766 2
43 766 1
47 766 1
51 766 2
52 766 3
56 766 2
57 766 2
61 766 2
72 766 3
74 766 1
75 766 2
77 766 1
79 766 3
82 766 3
84 766 3
91 766 1
92 766 3
94 766 1
95 766 2
100 766 2
102 766 1
107 766 1
108 766 2
112 766 2
122 766 2
123 766 3
124 766 2
126 766 3
127 766 2
134 766 1
136 766 2
137 766 1
139 766 1
140 766 2
143 766 2
145 766 1
147 766 1
149 766 3
153 766 2
157 766 2
161 766 3
162 766 2
163 766 2
170 766 2
173 766 3
177 766 2
183 766 3
185 766 1
186 766 3
187 766 3
188 766 1
193 766 2
198 766 1
199 766 3
201 766 2
204 766 2
205 766 3
206 766 1
209 766 3
211 766 3
214 766 1
215 766 3
217 766 3
222 766 3
225 766 2
228 766 1
229 766 2
230 766 3
233 766 1
236 766 3
242 766 2
245 766 2
248 766 2
249 766 1
258 766 2
259 766 3
260 766 3
262 766 1
264 766 2
265 766 1
281 766 1
285 766 2
289 766 1
296 766 2
301 766 2
305 766 3
307 766 2
309 766 3
311 766 1
317 766 1
320 766 1
321 766 1
322 766 3
323 766 1
324 766 2
332 766 2
333 766 1
335 766 2
338 766 3
341 766 1
344 766 2
348 766 1
351 766 3
355 766 1
359 766 3
360 766 1
362 766 1
364 766 1
366 766 2
369 766 3
370 766 2
373 766 2
374 766 3
377 766 2
378 766 1
379 766 1
381 766 3
386 766 2
388 766 1
392 766 1
394 766 2
399 766 2
400 766 1
402 766 1
403 766 3
408 766 2
411 766 3
417 766 3
420 766 2
422 766 3
423 766 3
424 766 3
428 766 1
432 766 2
444 766 1
445 766 1
446 766 1
450 766 3
456 766 3
469 766 3
473 766 2
477 766 3
478 766 2
482 766 3
484 766 1
485 766 3
490 766 2
