316 520 1
318 520 1
322 520 1
326 520 2
336 520 3
337 520 3
341 520 1
342 520 1
345 520 2
346 520 1
347 520 3
349 520 2
351 520 3
353 520 2
354 520 2
361 520 2
365 520 1
368 520 2
372 520 2
376 520 3
378 520 1
379 520 2
381 520 2
382 520 3
383 520 2
385 520 1
394 520 3
395 520 3
399 520 3
401 520 3
402 520 1
403 520 3
406 520 1
407 520 3
409 520 2
410 520 2
412 520 3
413 520 1
425 520 3
430 520 3
433 520 3
437 520 1
440 520 2
442 520 1
444 520 2
445 520 2
448 520 2
449 520 1
453 520 2
457 520 1
459 520 2
461 520 2
462 520 3
465 520 3
466 520 2
469 520 1
471 520 3
472 520 3
473 520 2
474 520 3
476 520 1
480 520 3
481 520 1
482 520 3
485 520 2
486 520 3
488 520 1
489 520 3
490 520 1
494 520 1
495 520 3
498 520 2
499 520 3
503 520 1
505 520 1
513 520 3
516 520 2
522 520 3
524 520 1
525 520 2
526 520 3
527 520 3
528 520 3
532 520 2
533 520 3
536 520 1
538 520 3
540 520 1
541 520 3
543 520 3
549 520 2
550 520 3
551 520 3
552 520 2
558 520 2
562 520 3
566 520 2
573 520 2
577 520 2
578 520 1
579 520 3
583 520 3
584 520 2
588 520 3
589 520 3
592 520 1
593 520 2
595 520 2
597 520 3
598 520 1
601 520 2
602 520 2
606 520 3
608 520 2
609 520 2
617 520 2
622 520 1
625 520 3
628 520 1
630 520 2
636 520 3
639 520 2
649 520 3
652 520 1
655 520 2
656 520 3
663 520 2
674 520 1
675 520 3
682 520 1
687 520 2
690 520 3
691 520 2
692 520 2
700 520 2
704 520 3
705 520 1
706 520 2
707 520 1
709 520 1
710 520 3
711 520 1
712 520 1
713 520 1
722 520 2
723 520 3
725 520 1
726 520 3
728 520 1
733 520 2
734 520 2
735 520 1
737 520 2
738 520 1
739 520 1
742 520 3
743 520 3
744 520 3
745 520 1
748 520 1
752 520 3
753 520 1
754 520 3
760 520 2
763 520 1
766 520 1
768 520 3
772 520 1
775 520 1
776 520 3
777 520 1
778 520 1
786 520 3
789 520 2
791 520 3
796 520 3
797 520 3
798 520 2
799 520 3
800 520 3
801 520 2
808 520 1
809 520 3
816 520 1
819 520 2
821 520 1
825 520 1
831 520 1
836 520 3
839 520 1
844 520 3
846 520 2
849 520 2
858 520 2
859 520 3
863 520 1
872 520 3
878 520 2
880 520 1
882 520 1
886 520 1
887 520 3
888 520 3
894 520 1
895 520 2
897 520 1
901 520 2
903 520 3
910 520 1
912 520 1
916 520 3
920 520 1
931 520 2
935 520 1
936 520 2
939 520 3
941 520 2
942 520 1
944 520 2
946 520 1
952 520 1
954 520 1
956 520 3
959 520 3
963 520 1
964 520 1
966 520 1
971 520 2
972 520 3
977 520 1
982 520 3
983 520 3
985 520 1
987 520 2
989 520 2
990 520 3
996 520 1
999 520 2
3 521 1
5 521 2
10 521 1
11 521 1
18 521 1
20 521 1
21 521 1
22 521 2
23 521 2
24 521 2
27 521 2
29 521 2
30 521 3
32 521 2
33 521 1
34 521 2
36 521 2
39 521 3
40 521 1
43 521 2
47 521 2
53 521 1
55 521 3
71 521 1
73 521 1
74 521 1
77 521 1
79 521 1
83 521 1
84 521 3
85 521 1
92 521 2
94 521 3
97 521 2
100 521 2
103 521 1
104 521 1
105 521 3
109 521 1
110 521 1
115 521 1
122 521 2
125 521 3
133 521 3
139 521 3
142 521 1
145 521 3
147 521 1
148 521 1
155 521 1
167 521 2
169 521 1
173 521 1
174 521 1
179 521 3
180 521 3
183 521 2
185 521 3
187 521 2
189 521 1
193 521 2
201 521 1
202 521 2
204 521 3
206 521 1
208 521 2
211 521 1
212 521 3
214 521 2
216 521 3
226 521 2
228 521 1
236 521 2
239 521 1
241 521 1
243 521 2
245 521 1
246 521 3
249 521 3
250 521 2
254 521 1
257 521 1
260 521 2
263 521 3
266 521 3
272 521 2
275 521 2
277 521 2
279 521 2
280 521 3
281 521 2
283 521 1
284 521 2
288 521 1
289 521 2
291 521 1
292 521 3
293 521 3
296 521 2
300 521 2
301 521 2
311 521 3
312 521 2
318 521 2
319 521 1
321 521 1
327 521 3
331 521 3
333 521 2
336 521 1
340 521 3
343 521 1
345 521 1
347 521 2
348 521 2
352 521 1
353 521 3
354 521 3
359 521 3
360 521 2
362 521 2
371 521 1
373 521 2
383 521 1
384 521 3
385 521 3
388 521 2
390 521 3
391 521 2
409 521 1
411 521 3
415 521 1
416 521 3
418 521 2
419 521 2
420 521 1
422 521 1
424 521 2
425 521 1
430 521 3
437 521 1
443 521 3
447 521 2
448 521 3
449 521 2
450 521 1
456 521 3
457 521 1
458 521 1
461 521 1
462 521 2
468 521 3
477 521 2
478 521 1
482 521 3
484 521 1
491 521 1
493 521 2
495 521 3
496 521 3
497 521 1
498 521 1
503 521 1
507 521 3
508 521 2
511 521 1
512 521 1
514 521 3
518 521 3
519 521 1
522 521 1
524 521 1
525 521 3
526 521 3
537 521 3
543 521 2
544 521 2
546 521 2
548 521 1
550 521 3
552 521 2
558 521 3
560 521 2
562 521 1
565 521 3
569 521 3
578 521 3
581 521 2
584 521 2
586 521 3
587 521 2
588 521 1
599 521 3
601 521 2
602 521 2
603 521 3
606 521 3
608 521 2
610 521 1
614 521 3
615 521 2
620 521 2
623 521 3
631 521 1
633 521 3
634 521 1
640 521 1
646 521 2
651 521 3
653 521 2
655 521 3
659 521 2
661 521 3
666 521 2
669 521 3
679 521 1
681 521 2
682 521 1
683 521 3
688 521 2
689 521 3
694 521 1
695 521 1
696 521 3
697 521 1
704 521 2
707 521 2
708 521 2
710 521 3
714 521 1
715 521 2
716 521 2
717 521 1
718 521 3
724 521 2
727 521 2
728 521 2
729 521 1
730 521 1
731 521 2
733 521 3
738 521 1
741 521 3
742 521 1
744 521 2
745 521 3
750 521 1
751 521 1
753 521 3
754 521 3
760 521 3
770 521 1
773 521 2
774 521 1
777 521 2
778 521 2
783 521 2
784 521 1
785 521 2
795 521 1
796 521 1
797 521 3
798 521 1
801 521 3
808 521 1
812 521 2
815 521 3
816 521 1
817 521 3
821 521 1
823 521 3
824 521 3
827 521 2
830 521 2
831 521 1
832 521 2
836 521 1
839 521 2
841 521 2
844 521 2
848 521 2
853 521 2
856 521 3
862 521 2
868 521 1
871 521 3
872 521 1
873 521 2
874 521 2
875 521 3
878 521 3
880 521 1
885 521 3
887 521 2
889 521 3
890 521 1
896 521 3
901 521 1
903 521 2
907 521 3
914 521 3
915 521 1
916 521 1
919 521 3
924 521 2
926 521 2
932 521 1
936 521 3
937 521 3
943 521 1
944 521 1
946 521 1
947 521 3
948 521 3
949 521 1
950 521 1
957 521 1
958 521 3
959 521 3
960 521 3
964 521 3
967 521 3
968 521 3
971 521 2
973 521 1
974 521 2
975 521 1
978 521 1
984 521 2
986 521 3
988 521 2
998 521 1
999 521 1
1 522 3
4 522 3
5 522 2
6 522 3
11 522 3
14 522 2
16 522 1
22 522 3
23 522 1
24 522 3
25 522 1
26 522 3
27 522 1
36 522 2
37 522 3
39 522 3
42 522 1
44 522 1
46 522 2
51 522 2
54 522 3
55 522 1
56 522 1
59 522 3
60 522 2
62 522 2
63 522 3
64 522 3
65 522 3
67 522 2
68 522 1
71 522 2
72 522 3
74 522 1
75 522 3
76 522 2
77 522 2
78 522 1
88 522 2
90 522 1
91 522 3
93 522 1
94 522 2
95 522 3
96 522 2
102 522 1
106 522 2
112 522 2
115 522 2
118 522 2
119 522 2
121 522 3
123 522 3
126 522 1
128 522 2
129 522 1
131 522 1
137 522 1
139 522 1
142 522 3
143 522 3
144 522 3
145 522 2
148 522 3
150 522 3
152 522 2
153 522 2
155 522 3
157 522 3
162 522 1
165 522 1
167 522 2
169 522 2
171 522 2
173 522 2
180 522 1
182 522 1
184 522 3
185 522 2
186 522 3
189 522 1
190 522 2
192 522 1
195 522 3
198 522 1
203 522 2
209 522 2
211 522 1
212 522 2
214 522 1
220 522 3
223 522 2
230 522 2
233 522 1
240 522 3
