999 11 2
0 0 0
0 0 0
1008 0 0
1007 0 0
1006 0 0
1005 0 0
1004 0 0
1003 0 0
1002 0 0
1001 0 0
1000 0 0
999 0 0
998 0 0
997 0 0
996 0 0
995 0 0
994 0 0
993 0 0
992 0 0
991 0 0
990 0 0
989 0 0
988 0 0
987 0 0
986 0 0
985 0 0
984 0 0
983 0 0
982 0 0
981 0 0
980 0 0
979 0 0
978 0 0
977 0 0
976 0 0
975 0 0
974 0 0
973 0 0
972 0 0
971 0 0
970 0 0
969 0 0
968 0 0
967 0 0
966 0 0
965 0 0
964 0 0
963 0 0
962 0 0
961 0 0
960 0 0
959 0 0
958 0 0
957 0 0
956 0 0
955 0 0
954 0 0
953 0 0
952 0 0
951 0 0
950 0 0
949 0 0
948 0 0
947 0 0
946 0 0
945 0 0
944 0 0
943 0 0
942 0 0
941 0 0
940 0 0
939 0 0
938 0 0
937 0 0
936 0 0
935 0 0
934 0 0
933 0 0
932 0 0
931 0 0
930 0 0
929 0 0
928 0 0
927 0 0
926 0 0
925 0 0
924 0 0
923 0 0
922 0 0
921 0 0
920 0 0
919 0 0
918 0 0
917 0 0
916 0 0
915 0 0
914 0 0
913 0 0
912 0 0
911 0 0
910 0 0
909 0 0
908 0 0
907 0 0
906 0 0
905 0 0
904 0 0
903 0 0
902 0 0
901 0 0
900 0 0
899 0 0
898 0 0
897 0 0
896 0 0
895 0 0
894 0 0
893 0 0
892 0 0
891 0 0
890 0 0
889 0 0
888 0 0
887 0 0
886 0 0
885 0 0
884 0 0
883 0 0
882 0 0
881 0 0
880 0 0
879 0 0
878 0 0
877 0 0
876 0 0
875 0 0
874 0 0
873 0 0
872 0 0
871 0 0
870 0 0
869 0 0
868 0 0
867 0 0
866 0 0
865 0 0
864 0 0
863 0 0
862 0 0
861 0 0
860 0 0
859 0 0
858 0 0
857 0 0
856 0 0
855 0 0
854 0 0
853 0 0
852 0 0
851 0 0
850 0 0
849 0 0
848 0 0
847 0 0
846 0 0
845 0 0
844 0 0
843 0 0
842 0 0
841 0 0
840 0 0
839 0 0
838 0 0
837 0 0
836 0 0
835 0 0
834 0 0
833 0 0
832 0 0
831 0 0
830 0 0
829 0 0
828 0 0
827 0 0
826 0 0
825 0 0
824 0 0
823 0 0
822 0 0
821 0 0
820 0 0
819 0 0
818 0 0
817 0 0
816 0 0
815 0 0
814 0 0
813 0 0
812 0 0
811 0 0
810 0 0
809 0 0
808 0 0
807 0 0
806 0 0
805 0 0
804 0 0
803 0 0
802 0 0
801 0 0
800 0 0
799 0 0
798 0 0
797 0 0
796 0 0
795 0 0
794 0 0
793 0 0
792 0 0
791 0 0
790 0 0
789 0 0
788 0 0
787 0 0
786 0 0
785 0 0
784 0 0
783 0 0
782 0 0
781 0 0
780 0 0
779 0 0
778 0 0
777 0 0
776 0 0
775 0 0
774 0 0
773 0 0
772 0 0
771 0 0
770 0 0
769 0 0
768 0 0
767 0 0
766 0 0
765 0 0
764 0 0
763 0 0
762 0 0
761 0 0
760 0 0
759 0 0
758 0 0
757 0 0
756 0 0
755 0 0
754 0 0
753 0 0
752 0 0
751 0 0
750 0 0
749 0 0
748 0 0
747 0 0
746 0 0
745 0 0
744 0 0
743 0 0
742 0 0
741 0 0
740 0 0
739 0 0
738 0 0
737 0 0
736 0 0
735 0 0
734 0 0
733 0 0
732 0 0
731 0 0
730 0 0
729 0 0
728 0 0
727 0 0
726 0 0
725 0 0
724 0 0
723 0 0
722 0 0
721 0 0
720 0 0
719 0 0
718 0 0
717 0 0
716 0 0
715 0 0
714 0 0
713 0 0
712 0 0
711 0 0
710 0 0
709 0 0
708 0 0
707 0 0
706 0 0
705 0 0
704 0 0
703 0 0
702 0 0
701 0 0
700 0 0
699 0 0
698 0 0
697 0 0
696 0 0
695 0 0
694 0 0
693 0 0
692 0 0
691 0 0
690 0 0
171 0 270207451
170 0 270207453
169 0 270207453
168 0 270207453
270205103 1610612736 0
167 0 270207453
166 0 270207454
165 0 270207454
270205102 1610612736 0
270205101 1610612736 0
164 0 270207454
270205100 1610612736 0
163 0 270207456
270205099 1610612736 0
270205098 1610612736 0
162 0 270207457
270205097 1610612736 0
270205096 1610612736 0
270205095 1610612736 0
161 0 270207459
270205094 1610612736 0
160 0 270207462
270205093 1610612736 0
270205092 1610612736 0
159 0 270207463
270205091 1610612736 0
270205090 1610612736 0
158 0 270207465
270205089 1610612736 0
157 0 270207467
156 0 270207468
155 0 270207468
270205088 1879048192 0
154 0 270207468
153 0 270207469
270205087 1879048192 0
270205086 1879048192 0
152 0 270207469
151 0 270207471
150 0 270207471
149 0 270207471
270205085 1879048192 0
148 0 270207471
270205084 1879048192 0
270205083 1879048192 0
270205082 1879048192 0
270205081 1879048192 0
270205080 1879048192 0
270205079 1879048192 0
147 0 270207472
270205078 1879048192 0
146 0 270207478
270205077 1879048192 0
270205076 1879048192 0
145 0 270207479
144 0 270207481
270205075 1879048192 0
143 0 270207481
270205074 1879048192 0
270205073 1879048192 0
270205072 1879048192 0
142 0 270207482
270205071 1879048192 0
270205070 -2147483648 0
141 0 270207485
140 0 270207487
270205069 -2147483648 0
139 0 270207487
270205068 -2147483648 0
138 0 270207488
270205067 -2147483648 0
137 0 270207489
270205066 -2147483648 0
136 0 270207490
135 0 270207491
134 0 270207491
270205065 -2147483648 0
270205064 -2147483648 0
133 0 270207491
270205063 -2147483648 0
132 0 270207493
270205062 -2147483648 0
131 0 270207494
270205061 -2147483648 0
130 0 270207495
129 0 270207496
270205060 -2147483648 0
128 0 270207496
270205059 -2147483648 0
270205058 -2147483648 0
270205057 -2147483648 0
127 0 270207497
126 0 270207500
270205056 -2147483648 0
270205055 -1879048192 0
125 0 270207500
270205054 -1879048192 0
270205053 -1879048192 0
270205052 -1879048192 0
124 0 270207502
270205051 -1879048192 0
270205050 -1879048192 0
270205049 -1879048192 0
123 0 270207505
270205048 -1879048192 0
122 0 270207508
121 0 270207509
120 0 270207509
119 0 270207509
270205047 -1879048192 0
270205046 -1879048192 0
118 0 270207509
270205045 -1879048192 0
117 0 270207511
270205044 -1879048192 0
270205043 -1879048192 0
116 0 270207512
270205042 -1879048192 0
115 0 270207514
270205041 -1879048192 0
114 0 270207515
113 0 270207516
270205040 -1879048192 0
270205039 -1879048192 0
112 0 270207516
111 0 270207518
110 0 270207518
109 0 270207518
270205038 -1879048192 0
108 0 270207518
107 0 270207519
106 0 270207519
270205037 -1610612736 0
105 0 270207519
104 0 270207520
103 0 270207520
102 0 270207520
101 0 270207520
100 0 270207520
99 0 270207520
98 0 270207520
97 0 270207520
96 0 270207520
95 0 270207520
270205036 -1610612736 0
94 0 270207520
270205035 -1610612736 0
93 0 270207521
92 0 270207522
91 0 270207522
270205034 -1342177280 0
90 0 270207522
89 0 270207523
270205033 -1342177280 0
270205032 -1342177280 0
270205031 -1342177280 0
88 0 270207523
87 0 270207526
270205030 -1342177280 0
86 0 270207526
270205029 -1342177280 0
270205028 -1342177280 0
85 0 270207527
270205027 -1342177280 0
84 0 270207529
270205026 -1342177280 0
83 0 270207530
82 0 270207531
270205025 -1342177280 0
270205024 -1342177280 0
81 0 270207531
270205023 -1342177280 0
80 0 270207533
79 0 270207534
270205022 -1342177280 0
270205021 -1342177280 0
78 0 270207534
270205020 -1342177280 0
77 0 270207536
76 0 270207537
270205019 -1073741824 0
270205018 -1073741824 0
75 0 270207537
270205017 -1073741824 0
74 0 270207539
270205016 -1073741824 0
73 0 270207540
72 0 270207541
71 0 270207541
270205015 -1073741824 0
70 0 270207541
69 0 270207542
270205014 -1073741824 0
270205013 -1073741824 0
68 0 270207542
67 0 270207544
270205012 -1073741824 0
270205011 -1073741824 0
66 0 270207544
270205010 -1073741824 0
65 0 270207546
270205009 -1073741824 0
80 0 0
64 0 0
79 0 0
78 0 0
63 0 0
77 0 0
76 0 0
62 0 0
75 0 0
61 0 0
74 0 0
60 0 0
73 0 0
59 0 0
72 0 0
71 0 0
70 0 0
69 0 0
68 0 0
67 0 0
66 0 0
65 0 0
58 0 0
57 0 0
56 0 0
64 0 0
55 0 0
63 0 0
54 0 0
62 0 0
53 0 0
61 0 0
52 0 0
51 0 0
60 0 0
59 0 0
58 0 0
50 0 0
57 0 0
49 0 0
56 0 0
48 0 0
55 0 0
54 0 0
47 0 0
53 0 0
46 0 0
52 0 0
51 0 0
50 0 0
49 0 0
48 0 0
47 0 0
45 0 0
46 0 0
45 0 0
44 0 270207937
44 0 0
43 0 270207585
43 0 0
42 0 0
270204970 -536870912 0
41 0 270207940
40 0 0
41 0 0
39 0 0
38 0 0
40 0 0
37 0 0
36 0 0
35 0 0
39 0 0
38 0 0
37 0 0
36 0 0
34 0 0
35 0 0
34 0 0
33 0 0
270204961 -2147483648 0
32 0 0
270204960 -2147483648 0
31 0 270207597
31 0 0
30 0 0
29 0 0
270204958 -536870912 0
28 0 0
29 0 0
27 0 0
26 0 0
25 0 0
28 0 0
24 0 0
27 0 0
26 0 0
25 0 0
24 0 0
23 0 0
270204951 -268435456 0
22 0 0
21 0 0
20 0 0
19 0 0
18 0 0
270204950 -268435456 0
21 0 0
20 0 0
19 0 0
17 0 0
18 0 0
17 0 0
16 0 0
270204944 -268435456 0
15 0 270207966
14 0 0
15 0 0
14 0 0
13 0 270207615
13 0 0
12 0 270207969
11 0 0
10 0 0
12 0 0
9 0 0
11 0 0
10 0 0
9 0 0
8 0 270207620
7 0 0
8 0 0
7 0 0
6 0 0
270204934 0 0
5 0 0
270204933 0 0
4 0 0
270204932 0 0
3 0 270206628
2 0 0
270204931 0 270206628
2 0 0
